0
0
0.00620918230606634
0.00431972839545581
0.00396502460326183
0.00408742939535143
0.00143198930921145
0.00177792721224992
0.00186464595172986
0.00149203904948968
0.00170266590742163
0.00158392684779685
0.00191760412754142
0.00175458951476716
0.00168118075090994
0.00184230302874493
0.00140083182868294
0.0015302577529286
0.00144369464132964
0.00168320596390814
0.00165403230685724
0.00170837219586904
0.00127055301662503
0.00165876155502877
0.00173618611824486
0.00135745444063773
0.00149336880422303
0.00396786753806261
0.00159494539190074
0.00134553263779243
0.00629286290419975
0.00329519147315503
0.0012746621775783
0.00152637654097062
0.00139884675359741
0.0014332533067121
0.00162185819554265
0.0013456348677829
0.00118615191811222
0.0014193609824654
0.00133567243320355
0.00168195605997325
0.00135623895230591
0.00142329850050236
0.0011487137222423
0.001439150514923
0.00117386779136936
0.00127076510224491
0.00165063547433739
0.00131998207832988
0.00124626466032389
0.00136395713639691
0.00129267035765749
0.00153768915129012
0.00128631129411158
0.00112870446491291
0.00114579573313891
0.00129543494175065
0.00141114869594638
0.00132697076233193
0.00151445407602112
0.00115557828442766
0.00125065057859518
0.00118883939287526
0.0011563776068159
0.00120958801639907
0.00129445805450968
0
0
0
0
0.00254717557221974
0.0012663773323613
0.00132288156840984
0.00104626125976483
0.00118642647051643
0.00129602456972104
0.00133283963893207
0.00103964645198005
0.00151349336412717
0.00117504306194173
0.00136925848450079
0.00115157133946481
0.00119189519235699
0.00102877540990872
0.00115577342470528
0.00113844065421116
0.00114549187626345
0.00102258132895997
0.00113592012864565
0.00128871549069182
0.00116972775959929
0.00115774040089294
0.00136073817557763
0.00125549185190458
0.00105094708793826
0.00114599810680567
0.000994940371928232
0.00115776687261307
0.00122814098548962
0.00104767424949305
0.00111792598245795
0.00152653429227203
0.000948240347839218
0.000994740707974289
0.00114037201957225
0.00127037725993034
0.00137418804908351
0.00123859951217717
0.00103277638416295
0.00106518621023905
0.000934008025288893
0.00127775995479413
0.000954439241129358
0.00115253178925297
0.0013770825009844
0.000990369789159656
0.000993757283685437
0.00141541299545208
0.00117236538009552
0.000966331412325054
0.0010804832890574
0.00167902268546367
0.00136559022220238
0.00126772291885732
0.00125151694293316
0.00120739691159151
0.00138689480895092
0.00104385171356752
0.00105952955519417
0.00110037692433818
0.00106752176193001
0.00108436839385016
0.00118643459335663
0.00131281075396064
0.00105378540958587
0.00108467114234198
0.000995318875533334
0.000948990165610471
0.00105189201258016
0.00125088425798176
0.00103018921947339
0.00113776388242744
0.000923832234040775
0.00102047467992939
0.00128100300976981
0.00107115472965238
0.000948900249423739
0.0011570212386049
0.000896372397210544
0.00117855137013198
0.00126400301013712
0.000985104411351695
0.00118821829806516
0.00105186322377139
0.000952219220022901
0.000947775931340306
0.00105354389422988
0.000931493280837564
0.000961332476217541
0.00109757802788791
0.00114552572843494
0.0010837927972452
0.001070242738925
0.00110438507280981
0.000923839768261358
0.00100833458209344
0.0010193992980288
0.00112682645340648
0.00114838306570782
0.0010268380638125
0.000967636883609145
0.00102811273079469
0.00118246055688583
0.00105250197221882
0.000864997741660701
0.00101213804168098
0.00116861405444528
0.00118895856360843
0.00118814064352169
0.000979005538912486
0.000932038109825598
0.00106009588440667
0.00114478035970774
0.00105262180324499
0.000895291324826843
0.000896388820144689
0.00101851622264905
0.000942232883818514
0.000996415402416147
0.000837654075416623
0.00101373260771167
0.000993086762249277
0.000917808081816886
0.000863728075716734
0.000924803304955213
0.0010640244529982
0.000921499850955915
0.00092777353592804
0.000994636941223541
0.000958403820695113
0.00102864178804757
0.000978945786238321
0.0008702399397225
0.000939269488872807
0.000869424931242068
0.00092512881635161
0.00112643214846069
0.00101889954794405
0.000892688824950485
0.000915519443016701
0.000862000553156597
0.000810010287212844
0.000902076625683037
0.00101095163491431
0.000947833685049548
0.00105009798564605
0.000981250138364467
0.00118347323052315
0.00105977546917912
0.00115078388025373
0.000908218387052474
0.0010203224054141
0.00105097114151743
0.000972432635365726
0.00105569437662688
0.00086011459191224
0.000964970051352243
0.00100020476541014
0.000984729920955852
0.000840260573825821
0.00108885567245292
0.00113576533583233
0.00095697252197653
0.000930425880982007
0.000917162799773033
0.000916920518072592
0.0010406898014555
0.00114453059847808
0.00123004627120751
0.000920845367987988
0.00107569642937155
0.000981403371992988
0.000892335972533567
0.000964756753856862
0.00111286554642498
0.000854782996537885
0.000996608835703959
0.000823628645948924
0.000985016431770846
0.0009894472043617
0.000924662045846458
0.000912089223435571
0.00112381187403066
0.00107608516196565
0.000915916416345871
0.000891224762535628
0.000967134671528036
0.000948317852792643
0.000859562994575971
0.00100356865263835
0.00101149233032583
0.000917903719692026
0.00095610133395317
0.000921054135568537
0.000897069354248115
0.00085592568058427
0.000985939638088939
0.000962243907211446
0.00101526688729207
0.00092244465409455
0.000958849749225617
0.000914128137687976
0.00105011023562807
0.00107608650834491
0.000837483831069303
0.000801989221894396
0.000939733223244844
0.000876436943808131
0.0009766383440391
0.000883720531824353
0.000779084234412904
0.000914593813399818
0.000994017856967237
0.000933561614204147
0.000924132155037731
0.000869866330478018
0.00113923936510537
0.00100249976301783
0.0011385265128327
0.000968085938577657
0.000882371681619088
0.000983129481206089
0.000881542278233263
0.000942148101654422
0.000850874866857736
0.0010131429825949
0.000833118764899141
0.00100736366744915
0.000919360526496594
0.000817260443338585
0.000812441484477051
0.000761824226295088
0.000881210950860999
0.000852294062188439
0.00102646547245238
0.000790611008406618
0.000874263348034032
0.000757965824951028
0.000826816316612034
0.00106395703092308
0.00134595339382108
0.000852942503243577
0.000829764647106684
0.000964422687562304
0.000803642435079992
0.00119825810276037
0.000972613809846783
0.000828356806212635
0.000808392148681499
0.00085968918266027
0.00114158046214696
0.000913716705493139
0.000833771425199468
0.000973901545347521
0.000856896214432241
0.000920298292246226
0.000845516879063742
0.000905041575856133
0.000840922064686075
0.000993379094233493
0.000914310344442243
0.000879419687838285
0.000731305884648014
0.000831391208940184
0.000849144477625617
0.000835367544582367
0.000847956558483987
0.000903854297486422
0.000756309061427153
0.000825276271986071
0.00105201557902015
0.000850116318311357
0.00092375752553449
0.000877423453249782
0.000866472373487028
0.00118041426803589
0.000974915398541573
0.000829432307340273
0.000790450196357411
0.000994752667719551
0.000871067072713236
0.000831098952150043
0.000847041323065969
0.000837761517606726
0.00085374311625458
0.000868063557455678
0.000815484778608524
0.000817278410978039
0.000938401513935503
0.000898605748297822
0.000831608185141762
0.00182049556809084
0.000899832866294128
0.0011014406958926
0.000993446678420026
0.000804483282251849
0.000969371590455527
0.000769227444015175
0.000777070423485402
0.000788665356143387
0.000740103584662943
0.000782000082193781
0.00088617403897217
0.00110120580363283
0.00102288822064276
0.000997343586812745
0.000926948840190945
0.000872919527332662
0.000871480386468404
0.00086072667869293
0.000804872160649689
0.000690648033651951
0.000924451623941854
0.000898859657973263
0.000783067045852582
0.000843127900621928
0.000744200240744242
0.000797942451969085
0.000727860900597783
0.0008397097935275
0.000887738072827198
0.000743149310658312
0.000776997108591184
0.000863368921613846
0.000717246342593927
0.000754941314591649
0.000809462935253236
0.000918664743649017
0.00103750416092998
0.000867759647047582
0.000892172923865106
0.000764800064439071
0.00090847069941529
0.000704339125705358
0.00082808386660923
0.000842719121754968
0.000843956083325697
0.000748202900072398
0.000846528395659004
0.000807361987785394
0.000861865200608057
0.000823193515245702
0.000695952792086046
0.000778930622954638
0.000900787839493485
0.000775255112131498
0.000766728531629916
0.00087051268181054
0.00073815232455525
0.000820407697393198
0.000751651394408077
0.00103648315054516
0.000861419899760901
0.000862085966598219
0.00108107203494703
0.000734952097888414
0.000696587465169872
0.000809735457008792
0.000886510845494081
0.000780088943615178
0.000793553862160694
0.000795376955561263
0.000891276932007472
0.000790827399410529
0.000674069982850179
0.000781660228400473
0.000807645972263177
0.000787036894782457
0.000873430512572519
0.000842524276207376
0.000759112532551474
0.000776397109945193
0.000725923301808748
0.0009582929228975
0.00082717843418916
0.000877344317860268
0.000702434325749396
0.00078637380677139
0.000696076444232386
0.000686130455290104
0.000770998010171113
0.000810238988124198
0.000676483741833001
0.000912543637495941
0.000734670342081161
0.000891897167242103
0.000804180181507841
0.000787543933034629
0.000867873941020586
0.000800515587150355
0.000780387349761722
0.000679698141895409
0.000798697270152998
0.000939739282892
0.000834192265425367
0.000940038528871269
0.000821401990203761
0.000874539881815459
0.00077777567782754
0.00081815400586208
0.00114531855795161
0.000661630479484302
0.000707862702785231
0.000669514834943504
0.000937113257663224
0.000923957872135508
0.00084816355021511
0.000920142559384699
0.000878596895633542
0.000833249480007615
0.00080565559101367
0.000777885578592047
0.000911664826614809
0.00087874267158606
0.000802579717579618
0.000926183485296402
0.000789586196876382
0.00104058010326971
0.000870859579090796
0.000834667854785373
0.000769306402405458
0.000764736543811191
0.000810341582402405
0.000834870465140969
0.000702555908072732
0.000786726314051437
0.000894615483582761
0.000907664172932401
0.000974737706020642
0.000787477412836122
0.000743960834927452
0.000861908835766813
0.000855421962686284
0.000803883903455568
0.000828560729388417
0.000846942965496537
0.000855191819604561
0.000886412498467793
0.000774818997244775
0.000728175284135338
0.000772118264023902
0.000744078555136204
0.000708244630297265
0.000680493479301913
0.000806327544420368
0.000897158178828984
0.000813981623841872
0.00128220169493957
0.00109902199165618
0.000768503058489645
0.000689934636795071
0.00084031036947442
0.00088567147403705
0.000905397745011281
0.00100972353023825
0.000817941879050609
0.000716465483506478
0.000759030138304748
0.000690702476330486
0.000861911412466782
0.0006957626719904
0.000775192865551505
0.000823112633465941
0.000609133773357623
0.000856913236212081
0.000757002386809426
0.000761636430773833
0.000842517758663771
0.000795390475877411
0.000770626382813065
0.000935863657315227
0.000712730480483354
0.000668743494698623
0.000672847261966603
0.000784024250039528
0.000717276230142545
0.000818782733100531
0.000713096061766345
0.000702617468788283
0.00104901740787694
0.00102839953350064
0.000894444196256854
0.000744027488261548
0.000733619166572103
0.000812856625283822
0.000857152825114695
0.000813010500496095
0.000723242940228661
0.000719050527970282
0.00069293988012687
0.000878810609444479
0.000717239066717596
0.000897005096543791
0.000783045728480375
0.000728222750287279
0.000716303851968529
0.000623642869368168
0.000747001851543509
0.000850498282509952
0.000830734520465919
0.000871598014308067
0.000767947968283681
0.00066024763404561
0.00084437155971526
0.000859032583370035
0.000686152081666351
0.000709388114323001
0.000756405793300819
0.000813460702672493
0.000795349031208264
0.000786529433292583
0.000803009971149056
0.0006184087853002
0.000927226189340143
0.000633306848683135
0.000721731630137158
0.000783661241061053
0.000799654119070281
0.000678961455937436
0.000814283716123352
0.00078188698328269
0.000783446978537913
0.000749725691027028
0.000735339453097837
0.000696632263647287
0.000796972858134678
0.000770507394969906
0.00075593819786132
0.000738181401231365
0.000861254830650825
0.000733439925156719
0.000728116707648294
0.000813421706813792
0.000875691069065402
0.000766537764458225
0.000700370572067723
0.000892537513801743
0.000715724559312012
0.000835866896807379
0.000788004212108331
0.000778780621598021
0.000827057670749979
0.000825211330265919
0.000840052544957931
0.000689035980950245
0.000858159772755725
0.000844227029747563
0.00086450410554651
0.000775110120457722
0.000756703184036167
0.000789009874333451
0.000881934131675305
0.000705322329573947
0.000782105166506309
0.000870773260134964
0.000778674446037446
0.000853728488881841
0.000688331631350176
0.000719840519520847
0.000755226121317113
0.00075218100874302
0.000808484263458597
0.000831531144832194
0.000759596016900341
0.000646763735609366
0.000789113550685291
0.000788019949071638
0.000831697463254118
0.000807545545294116
0.000811472649601415
0.000753866388704208
0.000703707007977496
0.00097394057722159
0.000680382963484473
0.000702461558840752
0.000685241991967684
0.000610610890607768
0.0006976984335815
0.000687781794972817
0.000742406473977379
0.000687791839589772
0.000678807497808757
0.00081085499876103
0.000779913021839499
0.00066131659497182
0.000597892223667454
0.000666451871090327
0.000817377232984626
0.000820186154598801
0.000703953012529125
0.000812055597322282
0.000812751605284366
0.000747460386984423
0.000898097210822849
0.000867455380375653
0.000746102288208529
0.000886664764708915
0.000706085475009489
0.000891804100310866
0.000819423406389489
0.000708080214515277
0.000771452845112814
0.000713492080641138
0.000789831668313893
0.000761336949321303
0.000856486612935189
0.000812258537234621
0.000793262336425603
0.000839940468889135
0.000818345486204019
0.000743784476179646
0.000748963552097336
0.000839608761866619
0.000855339604744495
0.000712212615567192
0.000781002374789601
0.000751875782659501
0.00079648596721517
0.000749613307528502
0.000853037721639018
0.000766807041779052
0.000706681013665598
0.000692510768935486
0.00086711646505185
0.000877805363090883
0.00084503027584946
0.000835172935629825
0.000800776556255221
0.000836527063051807
0.000799648676111583
0.000757039141562417
0.000796459981401184
0.000802525262523436
0.000824241303317316
0.000651088874349854
0.000721523824205378
0.000710592734953605
0.000703951060829701
0.000786172183274161
0.000690320161858662
0.000997318670835072
0.000723109785090001
0.000833914195242676
0.000733738365672626
0.00066880815602811
0.000649960954429438
0.000747931607731602
0.000747394373319795
0.000765154265463192
0.000783305914179612
0.000774543548177209
0.000767508657238902
0.00077737395739117
0.000817432178205596
0.000774010943135381
0.000733184946895948
0.000625220621973791
0.000592621471118523
0.000816409410479198
0.00085291126501477
0.000709539138636885
0.000628460797579194
0.00067035160461768
0.000708293133796717
0.000787662541557978
0.000691859283478522
0.000691948876369346
0.000785610261815541
0.000751069795663254
0.00073995488443213
0.000767914113383405
0.000838968560539652
0.00135543266305814
0.000777203478305753
0.000622006376397437
0.000838430643634834
0.000796989500220783
0.000774599518243413
0.000762912059846671
0.00062080098740365
0.000821836591067886
0.000636389670585484
0.000742651840228192
0.000764937787076921
0.000757957112820343
0.000779292885129662
0.00079350338871765
0.000688271235997112
0.000631911360504206
0.000734440731686685
0.000856028880320843
0.000830367248792696
0.00091424330489814
0.000742721474450667
0.000736040281699804
0.000801538962811712
0.000713198344210564
0.000644939694596418
0.000719487484014382
0.000873348517196774
0.0007463698062947
0.00084202357677748
0.000832874395902898
0.000725060816985745
0.000763440361325721
0.0010502008782003
0.000796310082113519
0.000767888664619877
0.000882970347285038
0.000766257687379303
0.000734464601811836
0.0007417357979965
0.000725239902724774
0.00076373621215143
0.00067052724793762
0.000791742312065712
0.000861519067639642
0.000749530625622584
0.000706656491448393
0.000719213929082488
0.000852947223433456
0.000801385183810684
0.00065731237789949
0.000742336107696047
0.00072748364051924
0.0007173676354941
0.000829294437683038
0.000663445192846877
0.000809642538703724
0.000768637028097181
0.000749600985484771
0.000756371573182435
0.000945770650108613
0.000773683891269932
0.000770832815248131
0.000753110783942082
0.000671212420214329
0.000709001156375676
0.000683579969855911
0.00066167076815329
0.000789838686247027
0.000866129525267888
0.000790374191792198
0.000628985092868825
0.000797775492802632
0.000867864154980504
0.000654978006886157
0.000887248395298225
0.000680533723032852
0.000679576313425574
0.000646967993376028
0.000853812484109699
0.000763315999432294
0.000640800229559174
0.000710868734236823
0.000691990827158747
0.000817013845623491
0.000717223880740209
0.000690307797811304
0.000768842259693138
0.000682914473402617
0.000807133740214766
0.000653133269144217
0.000616890665511156
0.000708097053789146
0.000658718801773179
0.000842729060492724
0.000780365562721903
0.000739193569543646
0.000646049462791584
0.00083875526577732
0.000713407621201245
0.000653070276281466
0.000707445730709896
0.000731709316402021
0.000684434335366062
0.000525763559721153
0.00068300539933497
0.000734523771280202
0.000649982501103563
0.00071729668637946
0.000617297537890865
0.000657092209469936
0.000735183939851958
0.000777848115935207
0.000787416838713032
0.000708100477600836
0.000710325060865573
0.000667958134545235
0.000741679026513086
0.000633174181455747
0.000722294155516865
0.000760730607185113
0.000644753869934806
0.000759777543811428
0.000669151114647158
0.000811892281885391
0.000849642182961528
0.000834953827811083
0.000788546301989467
0.000669652471523985
0.000603732417164507
0.000868707105258847
0.000721650908810827
0.000767788082455123
0.000733485685319808
0.00071110207653073
0.000819904490320627
0.000817744089757752
0.000699891662803529
0.000570622335561083
0.000794038046514231
0.000782920528844442
0.000715830545866159
0.00080353323307442
0.00074977003101343
0.000709261436757721
0.000729897912224948
0.000736505616171788
0.000728890614577763
0.000718076103895369
0.000762569567393942
0.000853387203995712
0.00069407268061827
0.000832052236700783
0.000766043138295907
0.000634618482434492
0.000766010851073755
0.000722807026866375
0.000846801205933346
0.000716340480282661
0.000704593069330326
0.000693857428895066
0.000808457597810629
0.000659060871261873
0.000736534382640962
0.000744145327498566
0.000714674576891782
0.000787153831784073
0.000739204092257577
0.000870490288027461
0.000675269116253807
0.000918609755917046
0.000721452932674383
0.000784074441199301
0.00102369024326733
0.000826174866015916
0.000731777674220373
0.000651461686453769
0.000750668069732334
0.000722405647178307
0.000814173021282368
0.000789859100967476
0.000745201674091314
0.000679471860398468
0.000713227138545258
0.000741647985895843
0.000779732700295553
0.00074176129453636
0.000807315471788838
0.000726128984088449
0.000837369280214777
0.000979398104744255
0.000757152153784818
0.000782007795588256
0.000764632886562039
0.000759201539636515
0.000718852750223189
0.000780636183911896
0.000642062125406108
0.000736538606616944
0.00080457160878076
0.000712529364948463
0.000719075117834749
0.00061825608800808
0.000671271828162429
0.000605797869958395
0.000702300782888504
0.000691280264931838
0.000749099664603835
0.000817426668079237
0.00078786012554124
0.000649478431683858
0.000726400732894509
0.000762147523711582
0.000994547087166157
0.000815967469519265
0.000721491578369426
0.000821979818728613
0.00081860519408536
0.000936741549283836
0.000560766016169378
0.000780862241009446
0.000782115400455288
0.000593107181404848
0.000777444671251611
0.000797858261359051
0.000663927403076281
0.000738835120665959
0.000683253711853053
0.000796935857499201
0.000796408938903855
0.000710182028201291
0.000717105036095485
0.000753931473211872
0.000660002680916831
0.000830791455646514
0.000706138741257074
0.000640467135639387
0.000686387027523766
0.000728213036741175
0.00075404211713962
0.000834007729072843
0.000670026586268722
0.000637368240928696
0.000689658535818591
0.000669546132759866
0.000746112429637144
0.000700849821748458
0.000713813366846631
0.000939253377201535
0.000673923082793433
0.000740124171592121
0.000762190072200862
0.000907401063570147
0.000689240211823482
0.000644203358144876
0.000746818295608136
0.000742868400382572
0.000750263404319782
0.000711088848133882
0.000795345759313324
0.000714310124938567
0.000737551672046235
0.000729113045441681
0.000690100975374879
0.000713192806070912
0.000646816889457575
0.000767154351348177
0.000703857653992898
0.000673862375413146
0.000566182804273977
0.000657641033329385
0.000644866252895639
0.00074787890382069
0.000671905969822761
0.00067901215650745
0.000731876380493665
0.000716848052330346
0.000730957477880486
0.000858614853949911
0.000760782191353499
0.000774480104486256
0.000645063924650337
0.000626698861046879
0.000679278006175197
0.000640497360497743
0.000686356638991098
0.000701014301753235
0.000568635824008679
0.000659464414412081
0.000664212292832013
0.000660265161626773
0.000661304377969544
0.000629357778025102
0.00113497515187529
0.000658454554090939
0.000594264321630236
0.000889725330426876
0.000665437377972763
0.000768174408481733
0.000719662334308652
0.000700198919026614
0.000761510928308542
0.000847520588700324
0.000668985352339196
0.000799780628513188
0.000661788793258824
0.000723315122801674
0.000743451542190729
0.000653163167472427
0.000700078590848344
0.00077336289178836
0.000667263833540679
0.000616161941371221
0.000711034777013851
0.000670830725281107
0.000720566070266618
0.000604322776625483
0.000726051136578262
0.000710855187463965
0.000901204943369708
0.000607523117226365
0.000681980303618708
0.000706288959893378
0.000706280089571475
0.000713011899367012
0.000608948339754332
0.000664721448838752
0.000801582540299042
0.000682614077164397
0.000696045065981294
0.000823064238008883
0.000761759716023472
0.000712253356035101
0.000625772335870104
0.000736018466585435
0.000619862790706057
0.000680673153809801
0.00162275806555914
0.000748554646032624
0.000682996015509743
0.000648438412808922
0.00080492919768854
0.000587231586830246
0.000756678990555232
0.000769571558762414
0.000762055913768673
0.000757497154844455
0.000705662543832813
0.00083290929408336
0.000672797282998766
0.000715299228039009
0.000658505931123705
0.000714970544995796
0.000725770582207411
0.000689262448094528
0.000636767387522466
0.000629347395461797
0.000655949409790234
0.000545651773616266
0.000671313611221443
0.000626909851404186
0.000698163657975089
0.000605222245725801
0.000825231058869989
0.00090936329374843
0.000937392095423052
0.000788850310870568
0.000662714312294163
0.000611709298525093
0.000574011823210424
0.000793802344648124
0.00070864327094967
0.000665151314758051
0.00065370097847117
0.000663277656325404
0.000663647510916473
0.000780576026458174
0.000956436690798697
0.000715189547186741
0.000733294575551284
0.000743413902854794
0.000590829087741229
0.000694701527981421
0.000766127994062498
0.000724845277851142
0.000811744457891623
0.000694628798422082
0.000778442607173537
0.000729695440968214
0.000632685565806382
0.00064452446802308
0.000676939353112455
0.00077054845273452
0.000891053604888241
0.000858796621763142
0.000854095006823385
0.000730426483796358
0.000618776883044842
0.000711368836841029
0.000747937065035376
0.000692217825250488
0.000706694451896744
0.000828195304592133
0.000652520005517494
0.000674607078898157
0.000753301108975374
0.000836019562362075
0.000708014993344863
0.000770205240171191
0.000727030208507737
0.000848467857335674
0.000763032742884938
0.000727435807100739
0.000576126953652562
0.000885494002848608
0.000713241537441925
0.000679837783215501
0.000748328006268345
0.000898560228082925
0.00080554825070526
0.000756472691340479
0.000600536657037673
0.000677552755350907
0.000631916216920172
0.000642364324254937
0.000629339079355117
0.00072370682981361
0.000674421815116712
0.000692156535062755
0.000703013602759319
0.000749407984915032
0.000729155085911591
0.000644335586000191
0.000721997999889577
0.000705085518187066
0.000738240857508766
0.000797673618073062
0.000646222743066286
0.000772555804722717
0.00087398850978961
0.000855965016108725
0.000604242034906698
0.000722174519271728
0.000694015908245359
0.000719974136268253
0.000793645105583841
0.000707940002343669
0.000690571967975532
0.000686525357516164
0.000586032690264051
0.000693030818440335
0.000708808380600559
0.000661014929797144
0.000812014472773014
0.000853112775562757
0.000723648706607604
0.000633067419921082
0.000577862984557237
0.000702775707031848
0.000745651777061864
0.000816793852181177
0.00068524056170612
0.000704063967619286
0.000730225335906725
0.000664632914405227
0.000717108301875006
0.00072496593210601
0.000672155187502764
0.000670254226611808
0.000782576886271763
0.000697131593623318
0.00067401342880521
0.000804845205344992
0.000701072157293845
0.000623893885624226
0.000667046992549836
0.000698936753108849
0.000689823122103283
0.00075475160198174
0.000790454601606794
0.000667434780490347
0.000655891361495828
0.000744738251684996
0.000708878885310057
0.000736745512874335
0.000611876505560977
0.000860450755650105
0.000664037222115184
0.00101514579073758
0.000682016992363089
0.000734856399852485
0.000646904819222412
0.000611475356537036
0.000682750729302581
0.000723150907386056
0.000718517227934163
0.000672177519227363
0.000800283585915299
0.000786580574968343
0.000637393412759511
0.000700753155798185
0.000694649542280875
0.000610612055180802
0.00059772499873351
0.000674365519621112
0.000675196444773365
0.000723653923035741
0.00077558660826435
0.000698215030855964
0.00067243858695123
0.000556696771435265
0.000697416238251176
0.000678618044906696
0.000605665259746345
0.000712876003051254
0.000695390457807983
0.000826200606082285
0.000870626622063082
0.000724016258096794
0.000646430303672062
0.000699401126583748
0.000706404392087728
0.000633175171258756
0.000685614243918634
0.000676452664218956
0.000670150444745382
0.000655145302989953
0.000658948555526088
0.000759765688897682
0.000679585924499458
0.000750963091122677
0.000860444094296943
0.000652292249011191
0.000710918106931789
0.00072149218075563
0.000865587109264227
0.000605534097454643
0.000597779823648518
0.00057909505269017
0.000651803519076601
0.000669803018478806
0.00075263279705164
0.000616008129916916
0.000675866678810321
0.000686222454464065
0.000716534513051684
0.000657832314423982
0.000716120567387848
0.000740532722260872
0.000722397023516156
0.000707492760401084
0.000690581195687605
0.000624608879639911
0.000694268612661986
0.000643572403453516
0.000601764641111016
0.000735317959110936
0.000677911814940838
0.000517002005522421
0.000639400313776556
0.000602890170878351
0.00059993944743027
0.000841798367533971
0.000564135169799109
0.000583132845512559
0.000671819087523063
0.000635020603764121
0.000676340219938204
0.000712509821549269
0.000610466936855188
0.000610805951153569
0.000647461123433353
0.000789785284014387
0.000726741802599545
0.000782876768830294
0.000610235520045417
0.000709586450008001
0.000675097107108769
0.000644343926354696
0.000755494656243295
0.000828380107795426
0.000569653157538771
0.000694731363456704
0.000741849005663312
0.000628372151099534
0.000569935127319031
0.000718940189091932
0.000757596623725353
0.000751399540586919
0.000690392756106361
0.000778491756858076
0.0006449330991981
0.000681170207057984
0.000718951789946594
0.000650503429926757
0.000648282065022607
0.00071121337230294
0.00059343462343241
0.000646558251970585
0.000641928404625796
0.000661803877449824
0.000634053722656986
0.000662816951722684
0.00070653806588988
0.000690657967747643
0.000692486224423293
0.00077603823965052
0.000671361781215206
0.000699669662145738
0.00062731310372444
0.000630362940718083
0.000672363400799147
0.000548638670933542
0.000585390186536635
0.000576779152724316
0.000677570498784107
0.000700364990501987
0.000642892115755844
0.000765634799805168
0.000748904880669429
0.000676566094774003
0.000657007135057123
0.000719423389576701
0.000614203407704256
0.000616664251727948
0.000647500514199099
0.000719829751647068
0.000725611809778969
0.000732416797545387
0.00064113633307304
0.000649109391162403
0.000601858545700854
0.000576657736879112
0.000660623453922682
0.000762265738924233
0.000618686136734682
0.000598240648499059
0.00064603671009603
0.00078448544781449
0.000597156344545418
0.000700908674161886
0.000629080962581287
0.000579200840430948
0.000699846130168626
0.00068297360790341
0.000651085523907905
0.000742996805700825
0.000684697169329481
0.00075029276586663
0.000725912222561003
0.000603077640980164
0.000748256252887436
0.000584782846848473
0.00057209955963265
0.000641559286057402
0.000697568281290519
0.000694064042151077
0.000669686709226382
0.000767440479621783
0.00060798798564575
0.000655640750060965
0.000655082748196267
0.000796625600785344
0.000750101450624585
0.00063609932707604
0.000675887505843637
0.000647434924523119
0.000900706911498999
0.000615233005077566
0.000630168372936645
0.000657039266881358
0.000745219189839843
0.000561855996984335
0.000685201540056312
0.000698850688192348
0.000611113491019684
0.000665085032658541
0.000783150954394055
0.000676408629011603
0.000652976330200479
0.000719933424502634
0.000609938922295604
0.00072028836522009
0.000580033113647746
0.0005615807013675
0.000669095548973887
0.000641994037738589
0.000685282953315428
0.000606948457788253
0.000823051180228432
0.000762455884881126
0.000748523886374206
0.00077202783857905
0.000790017923605347
0.000692310435180369
0.000576710545564057
0.000658200115774998
0.000646763853101683
0.000803446059857091
0.000805660529268988
0.00151473145633293
0.000658884148572742
0.000645141817541889
0.000631639199083404
0.000619837767809819
0.000648827234465137
0.000592546026450605
0.000785090047018945
0.000663971114500016
0.000621320006073344
0.000728938738905478
0.000752517807769975
0.00064838203909904
0.000591876000451694
0.000632676704559794
0.00066820344747193
0.000798166227661001
0.000599794621694414
0.000609200440578665
0.000653924640848863
0.000652334541370173
0.000758248827519635
0.000677457008953241
0.000704188550175511
0.00068214078720373
0.000649874301101533
0.000609915225316436
0.00064717693017302
0.000691909676939809
0.000632714227370385
0.000548794416339427
0.000652278845285501
0.000704354630213311
0.000615982672248432
0.000677141157464166
0.000686518052704391
0.000689719966635176
0.000732393431914211
0.00060286498406932
0.000669104540352415
0.000601872585353805
0.0006608568646248
0.00061586337209615
0.000642137570932267
0.000670623214446441
0.000682371477330142
0.000666173174893263
0.000606395752271742
0.000712699498167754
0.000921403320787638
0.000644095425264586
0.00063681563688522
0.000710956082245422
0.00065699095283018
0.000577584344391179
0.000766645611074349
0.000583634092979675
0.000702777215351128
0.00066932473011999
0.000681388162634188
0.000817475739870871
0.000940029286580054
0.000716442878863502
0.000724555235563576
0.000579892404699483
0.000681621652497247
0.000732854623627087
0.000638085245373969
0.000657332479464385
0.00073722871448505
0.00061544001144003
0.000647446364064802
0.000638208377574896
0.000752316290200997
0.000946055089994502
0.00076955049832141
0.000700831729763844
0.000687378122100346
0.000720439003683364
0.000783041759779778
0.000652973558096977
0.000708378717575432
0.00068289436773354
0.000677814416026143
0.000639249307958348
0.000697546142573514
0.000670693834065366
0.000756733334812002
0.000745430840025162
0.000628198145679622
0.000672203524624863
0.000603093653225201
0.000759916181617388
0.000584129249373478
0.000659546146265909
0.000661206089361601
0.000732845233065567
0.000586689036393842
0.000779747515591036
0.000830019836077711
0.000648348220190986
0.000702029247135624
0.000591909168392969
0.000667518498052442
0.000624266348071002
0.000638506254552124
0.000587405866335387
0.000631209784186305
0.000575600464061764
0.000690753331905165
0.000691119390143515
0.000771596830393643
0.000720874982811175
0.000825425321989145
0.000635148772076251
0.000731945492016881
0.000723704116875241
0.000764866985188655
0.000682632351969117
0.000655474852690693
0.000638245777383875
0.000591998557128064
0.000676107154941519
0.000607995210818799
0.00070612372940592
0.000651395055752938
0.000584145457857292
0.000654438577407405
0.000637598000453059
0.000589352488981997
0.000706201943940727
0.00056593399456226
0.000619966451130669
0.000589341907782541
0.000623323939415736
0.00071424927766068
0.000591240268751058
0.000711270156185031
0.000703972823877142
0.000705881623416803
0.000850352118526369
0.000789928847666974
0.000698760966532776
0.000648849264886315
0.000787528119542378
0.000676926515442711
0.000648666507291152
0.000689780353068597
0.000701800630932978
0.000642014965726036
0.000591003174336427
0.000575076233855828
0.000631549282851998
0.000690528504893534
0.000680373873409184
0.000644826639351208
0.000604578722854705
0.000675175190263902
0.000767532473629461
0.000753620669402936
0.000646140291931154
0.0007686431483261
0.000630357546852613
0.000784412354669795
0.00063691069789699
0.000605810988615195
0.000664340833397528
0.000561233620815651
0.000666425255298844
0.000730865440081992
0.000707327597236756
0.000728542219591586
0.000667967485927721
0.000808528983664772
0.000720221355189074
0.00070981024769895
0.000701058386932876
0.000771075568892182
0.000656407471013302
0.000599927666998692
0.000739286170516995
0.00064273516615966
0.000716084458608968
0.000636394536191111
0.000632404715969622
0.000867210759897253
0.000998229086158098
0.000611224546448695
0.00075100748239649
0.000731680150990501
0.000765106742701308
0.000602498219860261
0.00061237139106087
0.000570405014052577
0.000730069121332097
0.000596740500128181
0.000780592052972957
0.000659689230804499
0.000671536321616079
0.00070493817565217
0.000719171229566187
0.000768995750063101
0.000850355821251311
0.000735728624452659
0.000737351183762572
0.000630420438611876
0.000640191118848071
0.00062966092099504
0.000589692345661567
0.000677900060280094
0.000557182548684406
0.000717706978010418
0.000643848524911606
0.000805243885434258
0.000664706084835175
0.000698879189943706
0.000708963460147705
0.000573728823799618
0.000661644295798738
0.000715099594549327
0.000643702111022817
0.000496129378217715
0.000677001109619525
0.000786344450577992
0.000708883448282213
0.000735126119901264
0.000848421147319177
0.000728609064390042
0.000680678196674944
0.000543814280927895
0.00081564293218758
0.00074781142918383
0.000732913774817049
0.000645221493076758
0.000649134632793363
0.000722717899750812
0.000632671303620465
0.00059974698458547
0.000782782808317357
0.000626367270174407
0.000757359785565282
0.00077117394271452
0.000603020575503897
0.000691873985957561
0.000653383210182684
0.00067692983197398
0.000675063260424696
0.000724786789199257
0.000782748083891603
0.000723943362622488
0.000682011869191091
0.000689976364220836
0.000652198404485481
0.000578731519528203
0.0006236820381051
0.000664713456568472
0.000659376204890156
0.000754785031881588
0.0006414727498883
0.00058565721462792
0.000629392708900071
0.000903040799692285
0.000728458481595005
0.000726786468821988
0.000648953688659173
0.000589947154681599
0.000691835847295668
0.000627545297223303
0.000824614349351996
0.000629243850848104
0.000676226565085862
0.000767355323360518
0.00065165499485989
0.000709596642027603
0.000689156676404901
0.00074332582732141
0.000631715149117952
0.000687285519417893
0.000627542462365768
0.000721326706618456
0.000620521178844314
0.000707566352613734
0.000693954393550005
0.000566064656305167
0.000734833983481387
0.000690231654970144
0.000654738827841507
0.000781297642968217
0.000547326338153413
0.000568205012999428
0.000712452672108924
0.000754099491788525
0.000713658927926879
0.000727721038941678
0.000630630532995283
0.000537463887100417
0.000609958394972663
0.00071457515441439
0.000682662802766968
0.000734706169985069
0.000656891146414906
0.000758703297504873
0.000668152631851394
0.000797417298127828
0.000595776485749216
0.000725569831162871
0.000586396428095405
0.000765481664592156
0.000704456708901632
0.000791937130504317
0.000648952404800673
0.000646755636698278
0.000578904499229966
0.00061577233474458
0.00061253769872979
0.000562327061773599
0.000585400296922657
0.000624408775986015
0.000672462131635171
0.000675931977970816
0.000626197785046296
0.000679361652800808
0.000636624477198258
0.000667854563527231
0.000677139409834448
0.000653076523230861
0.000666145456131262
0.000683863344118261
0.000584258087024702
0.000699151426653908
0.000738224763419917
0.0006417022449008
0.000614317531814035
0.000757299667516725
0.00111697229791307
0.000811710959353317
0.00055358311869782
0.000676510049330295
0.000722305297761677
0.000606656642985159
0.000651551239108389
0.000728450236758758
0.000777134856730146
0.000645437899623249
0.000624563617896929
0.000585699247361943
0.000577097827925201
0.000643104697517238
0.000506370132122194
0.000643130869335748
0.000720752166902044
0.000631172925490249
0.00080754208439536
0.00077293159498614
0.000690879410084708
0.000707316881124774
0.000530432673450957
0.000614950606318103
0.00111562890043615
0.0008007391136747
0.000768475132755596
0.000856522948978746
0.000725953453984111
0.000640729756474878
0.000636596158090397
0.000560396465974786
0.000729777669487635
0.000618408384632847
0.000573919142226081
0.000766167472553643
0.000510798948605109
0.000551078593732873
0.000864891615496364
0.000781779551942289
0.000631174459960698
0.000729772737587009
0.000521783548088437
0.000913131013292081
0.0006054191529601
0.000626709413213772
0.000647882077798613
0.000789166231078912
0.0007656743861634
0.000720027283121158
0.00070645242539108
0.000643860047398173
0.000649830677651353
0.000717282840072564
0.000672339074721946
0.000760168505633435
0.000708739683173771
0.000534484229087967
0.000632520886361753
0.000854874911046504
0.000789125586924624
0.000586482615801063
0.000622322443844663
0.000637366650435498
0.000545825515663414
0.0007172348495002
0.000675795534015033
0.000898738372184326
0.000708496362138079
0.000635898771670626
0.000681776695691431
0.000793111794047257
0.000659377639770166
0.000549664533841172
0.000644775299548415
0.000635678351052099
0.000695015932259682
0.000678448648996822
0.000750459562156237
0.000605840268113628
0.000791160213876643
0.00061716211833704
0.000665952753041047
0.0006323042939018
0.000694772638827018
0.000726795175886804
0.000696567043805093
0.000560097173307964
0.000676710134278695
0.000668387484487438
0.000698394758169186
0.000836045639533111
0.000718346946226073
0.000709421286350022
0.000687083361873553
0.000602285676070294
0.00059104856421441
0.000595204303439138
0.000567018568997991
0.000672292018530567
0.000597554197697345
0.000662187630805265
0.000640674619874203
0.0006199566745795
0.000522241041517991
0.000604755644725797
0.000538873202526484
0.000704007716646091
0.000688189258703014
0.000828262073245921
0.000667703404326142
0.000629438149777971
0.000647513094986614
0.000659917877661458
0.000665068007192128
0.000677747110070647
0.000644794823944526
0.000647977943410144
0.000605727630189292
0.000758509768156978
0.000600140874795341
0.000656871490296384
0.000656880100314176
0.000594614193228557
0.000616061804004274
0.000620981757071911
0.000701748298278645
0.000613420882042712
0.000611010139839751
0.000819262824551161
0.000723948118446043
0.000585334509003431
0.000527845973081366
0.000664361757919636
0.000688020825894295
0.000608817214610187
0.000624882558380481
0.000626093834141486
0.000642389363350811
0.000868497028663879
0.000685510032830387
0.000583157225356261
0.000676117074093763
0.000676955417457685
0.000620107498815134
0.000702757994679787
0.000709215511698472
0.000625349218369829
0.000654860480992811
0.000644658288777293
0.000676812554638637
0.000559294484481094
0.000667413590812269
0.000557040175446956
0.000591259496352383
0.00064342951358071
0.000697243889966304
0.000640486273623526
0.000643036531900493
0.000664085237150411
0.00056531336256762
0.000700832343461052
0.000714962723466542
0.000631649414604378
0.000642169192711692
0.000570492002923716
0.000591211757061923
0.000666387152862909
0.000633241841228414
0.000798700686226593
0.000635999005177759
0.00064477843984732
0.000617947740946087
0.000603115293397019
0.000723499722308976
0.000628622039215344
0.000712667471068458
0.000546790145688125
0.000600409061678477
0.00065869146457882
0.000626506829989306
0.000562850464057579
0.000603278584843865
0.000556738444663207
0.00060976214676338
0.00061442413826633
0.000632972973775188
0.000787543305052074
0.000648958892510295
0.000689704206693437
0.000638674156308403
0.000612697795952263
0.000644177206949274
0.000669406616163652
0.000635849055873428
0.000612820580098417
0.000630549427602354
0.000784810722889051
0.000650058952135097
0.000663083445917114
0.000734960505183182
0.000638658572876592
0.000879941828074119
0.000664623410689392
0.000620559357751122
0.000613600995254656
0.000519313936487045
0.000776307640418571
0.000619585152088921
0.000660413359863244
0.000614069740279566
0.000738787192379204
0.000556590426851846
0.000569798051791297
0.000581904799029877
0.000703283580758539
0.000643710522043657
0.000675453388753222
0.000834609727764778
0.00054898622690269
0.000610718837778949
0.000627352547434029
0.000788631688512426
0.000648505001091565
0.000615317238578361
0.000607041404757883
0.000747461498974781
0.000540018929974451
0.000670823058342834
0.00058624423327819
0.00076159019608575
0.000539561514330555
0.000564605995973537
0.000653066911463726
0.000749086017129835
0.000748537526463379
0.000613135290922006
0.000670290858924599
0.000604507813499287
0.000569791586499098
0.000610152019548112
0.000590303589860323
0.000573012254353252
0.000701427052647495
0.000620622911191226
0.000629166185554193
0.000659713424379463
0.000647935164304335
0.000493393229175482
0.000730796518376141
0.000581988453252314
0.000721843111329384
0.000652272649401086
0.000689522179887155
0.000697912341009537
0.000704373613753896
0.000638727916024921
0.000623016438301987
0.00102762843306048
0.000801964493644092
0.000752654469662137
0.000740256500789355
0.000691727528820482
0.000642431363746759
0.00066969777875774
0.000659869731098176
0.000737891131475215
0.000706580167681317
0.000763743955104894
0.000548787013047916
0.000620809214236439
0.000773069011373328
0.000676864329888173
0.00056199169201049
0.0005939284116313
0.00062044448913266
0.000643316970484753
0.000748127807500006
0.000654857058738652
0.000624604771690717
0.000680844233282107
0.000656099461776487
0.000680308724784649
0.000604369003189918
0.000631352321969411
0.000673819561363522
0.000652640043023891
0.000729751400225653
0.000918578121100752
0.00063985058437791
0.000699102977110253
0.000661813675467419
0.000804788152293377
0.000690716369523603
0.000653455299696881
0.000623882209918287
0.000691555033937377
0.000731713115620448
0.000635100415630961
0.000761367374812951
0.000647486927555362
0.000584441840153041
0.000680046846048881
0.000679590199818112
0.000497541605378776
0.000643629587764789
0.000640173784483795
0.000674831234543185
0.000623824024769377
0.000617715229609461
0.00071859053217134
0.000629450648113778
0.000555012460605065
0.000588369181366171
0.000617792286972166
0.000697932045848025
0.000671750450842056
0.00054376658998861
0.000664919771203017
0.000638855858589126
0.000779810389137148
0.000718814837137285
0.000601297784985521
0.000612403624192098
0.000619652456407234
0.000622757152562098
0.0006807465853907
0.000609141167157784
0.000574536499428275
0.000815814203090834
0.00065726416754714
0.000606414153364255
0.000663936262187765
0.000639238044884454
0.000598626787875339
0.000651101327783072
0.000663951483773174
0.000672120170116153
0.000647421427459173
0.000647658725006897
0.000573149015525405
0.000655434829940991
0.00067404432900259
0.000728328394071703
0.000749034738798366
0.000708214047401634
0.000631310221577597
0.00064826568728439
0.000548738550828251
0.000527596016106407
0.000636278576408399
0.000729755442985029
0.000625191542748551
0.000698382759379844
0.000616164617903756
0.000654032503671163
0.000651854732710383
0.000605511865339299
0.000718876218239557
0.000701779299440666
0.000615973819163151
0.000675932455795547
0.000658100777806007
0.000733717495315841
0.000679265751886303
0.000619483207172575
0.000607125557987877
0.000669991746282875
0.000638272468608925
0.000665517283996396
0.000532603077974283
0.000568908814722543
0.000671551215414694
0.000728667949547098
0.000675764868530939
0.000608617435025539
0.000558416763632471
0.000610986900378502
0.000713665295723494
0.000757419381082821
0.00052871261935944
0.000651896965309109
0.000679076383776933
0.000572259737954369
0.000845436797936129
0.000775346733326068
0.000700241214198153
0.000583513328190831
0.000670388803844574
0.000542737871985308
0.000666155123135399
0.000655306632595352
0.000601715638340534
0.000502973739742978
0.000512879615052852
0.000676884585993374
0.000605564672871422
0.000499252140612536
0.000623747827615136
0.000615243796931553
0.00065667913397352
0.000651473108591786
0.000569505657853542
0.000609123737260018
0.000547860891571901
0.000542214319977173
0.000562736437443291
0.000576062293444188
0.000541674200280765
0.000758434792003093
0.000607196908581691
0.000636591861965867
0.000764041393659443
0.000687658173162422
0.000633887288321122
0.000573997468396384
0.000619630086773053
0.000653257303090082
0.000558547281457221
0.000629388414118474
0.000646180874720912
0.0006462971962308
0.00067146555612054
0.000543705831730997
0.000583823731124572
0.000600302810225705
0.000603738216711126
0.000651922780676522
0.000565284507565176
0.000646289510515107
0.000641907785058109
0.000710087288857777
0.000675506118987432
0.000568404154553083
0.000528654769363258
0.000622443256797986
0.000593051776877442
0.00062444252779025
0.000676349654007616
0.000674231466686078
0.000635925184108215
0.00064501333945608
0.000790117159811504
0.000567292180910583
0.000688199642000499
0.000630050963427684
0.000614926260656392
0.0004986282324566
0.000626600034031889
0.000597617067488354
0.000728665480868443
0.000702732721496425
0.000719453211405201
0.000563094092808273
0.00064947271482276
0.000593059115689184
0.00061994079741517
0.000816075257902659
0.000676003969358841
0.000609265305473333
0.000651701777215077
0.000652825689749721
0.000549419624456655
0.000674122269888252
0.000532449911265675
0.000599987861245851
0.00054911432248647
0.00068069650415589
0.00131219440549469
0.00065914601156454
0.000596733810282598
0.000654214223602095
0.000742276708528722
0.000633264800354431
0.000701268702888742
0.000602583389568699
0.000571959263917842
0.000577151534569804
0.000596031199702509
0.000566557937691789
0.000702655104353189
0.000681083823826492
0.000730368029107349
0.000646349710637275
0.000657256246256947
0.000614918370940262
0.0006286347416563
0.000508155837308763
0.000567656132674346
0.000611330710537128
0.000615780273245275
0.000619281859767395
0.00075314001318224
0.000782811525187758
0.000641505599968323
0.000632477501907647
0.000663340268993537
0.00067343831122936
0.000579599890994872
0.00065810676393832
0.000571685346010062
0.000602829389649214
0.000671580690398463
0.000751005855303387
0.000676736848226616
0.000669807435516756
0.000714691060470129
0.000507216463121128
0.000696711684696088
0.000658373921173671
0.000720928621736849
0.000596365093978209
0.000597295408827955
0.000610995261932517
0.000672476427412758
0.000676465260959903
0.000732293300768103
0.000549638480941648
0.000514982256136281
0.000611641769771772
0.000660030240311325
0.000716093429568738
0.000658365970531604
0.000610001168997609
0.000797316272499905
0.000590159053119715
0.000724276919753651
0.000715518608038087
0.000579234065426205
0.000598892372424148
0.000579636646491448
0.000632788621363647
0.00064001243631812
0.000704491565422687
0.000575408871774693
0.000600698922519683
0.000589507927123528
0.000735183440864752
0.000602347996864923
0.000582898320776402
0.000645585569786483
0.000603341976456446
0.000582067654466
0.000642265766424432
0.000673808844153944
0.000632517416015832
0.000559510210424889
0.000558427068355524
0.000581188212530937
0.000634679995397877
0.00062663082364577
0.000574236934213394
0.00066574340460425
0.000550065955891841
0.000580921724532668
0.000566884997839152
0.000634339123615733
0.000572085792909547
0.000654501194956853
0.000532845664907594
0.000575383390185231
0.000734298676236379
0.000486916966511379
0.000781976769571609
0.000611020966889741
0.000530160540136531
0.000707941242688673
0.000595807397452736
0.000610272048578252
0.00060678179653719
0.000625155052081771
0.000645634173151018
0.000653101435671695
0.000553306427035505
0.000498234441339753
0.000558497841261157
0.000602831167600717
0.000531486777851538
0.000490879220340003
0.00055442389477812
0.000534670610867576
0.000591194234756774
0.000578044998241282
0.000608788305668039
0.000647478153607239
0.000579490063791626
0.000589067966884735
0.000577752450231627
0.000601212842305428
0.00055598157106425
0.000581119517014118
0.000540702098458244
0.000556165533353374
0.000665776428342424
0.000679921342161153
0.000591948113288772
0.000557206433081024
0.000713750761342938
0.000555756672711853
0.00073171959718808
0.000551412272709956
0.000663039179950558
0.000515365650954293
0.000590330091772354
0.000610702393560793
0.000596267118989603
0.000678368152770297
0.000545333381066832
0.00061916678666999
0.000581128293793928
0.00062400936343577
0.000683475876373584
0.000619389319181493
0.000663035805760413
0.000591784549216054
0.000615955067786198
0.000663688567989482
0.000643423287734847
0.00060761965295674
0.000522166647395555
0.000529363762688409
0.000629892284753855
0.000530037756716937
0.000587217110854153
0.000830367471061331
0.000610095373356323
0.000642869122745112
0.00059915809818498
0.000624582322526394
0.000593502093937972
0.000661783570899546
0.00060518281171305
0.000549538262796127
0.00062665750790083
0.000622397360942859
0.000671211733766659
0.000762036126456777
0.000550120999746363
0.000545177150156666
0.000507454372544233
0.000584546456477311
0.000665311746920571
0.000769720810678848
0.000600158195595314
0.000535409087631837
0.000683663475000316
0.000646628767671932
0.000635556666091283
0.000650351931925487
0.000800672748087074
0.000778741798984653
0.000666977184972196
0.000591014379915042
0.000647742156163109
0.000696702926379178
0.000577445903599918
0.000660326672172288
0.000559373873453958
0.000567401435979829
0.000730173050416073
0.000619976472058047
0.000693108603980335
0.000647184771470044
0.000565431388992806
0.000648524764931401
0.000710575821993856
0.000652135979485666
0.000556085569962999
0.000497278272166291
0.00062670615457752
0.000633198287535206
0.00064986284321803
0.00062520586526434
0.000488996988943371
0.000684798689972342
0.000638238732045874
0.00056457807731084
0.000722863754728909
0.000652360655174893
0.000534054547873117
0.000693396840551894
0.000627179493345828
0.000620755947284283
0.000630198803265419
0.000662008265212936
0.000580758042859565
0.000625156505364219
0.00071390509572164
0.00062268927668601
0.000719213231636687
0.000668955814186347
0.000670050872311826
0.000676690961669228
0.000943719209032777
0.000737117473652168
0.000561366920674577
0.000661146818964232
0.000525237177873807
0.000557413673638079
0.000559701501253814
0.000582419692742004
0.000637890407390937
0.000602525369850886
0.000708438495784761
0.000693934383292841
0.000634405006937614
0.000703184274639616
0.000830718623030843
0.000662856831036209
0.000672640616536962
0.000609138164857093
0.000704779432158784
0.000705975717488219
0.000635414398704376
0.000714926155843779
0.000814769335323744
0.000607469096604703
0.000629543757944155
0.000669742988303157
0.000721123917893738
0.000683938435773191
0.000591694735907105
0.000510720604010886
0.000672494108578947
0.000601832985242248
0.000580467541748609
0.000582245516988633
0.000603648552179167
0.000655739277084432
0.000762302302728638
0.00065990744176831
0.000546957393988253
0.000755171831516224
0.00062040615025404
0.000614159634759389
0.000602212529890514
0.000630997728121439
0.00060938952573475
0.000750688911388624
0.000674698492920457
0.000623848835598882
0.00105529555358202
0.000597038351575688
0.000589669145014924
0.000682198269585946
0.000685575104756172
0.000691619091979679
0.000564220728564545
0.000670483962135198
0.000687687054163878
0.000666175534146451
0.000620840692784125
0.000627851295847909
0.000584067560274793
0.000574643781547191
0.000630618722872044
0.000740016704073946
0.000616959944368426
0.000652176380335665
0.000619389806841537
0.000639279387422108
0.000699887603499412
0.00053904160796056
0.000624503025180749
0.000583156363450833
0.000716655459678017
0.000586968303525712
0.000616879302168619
0.000544398047941319
0.000673350591866542
0.000719972979789883
0.000694329263947229
0.000635610669400471
0.000637253465067808
0.000688961884245966
0.000776803656395574
0.000675895068895308
0.000537052366583996
0.00068038992771539
0.000591223494581332
0.000595592000675091
0.000630498356931211
0.00062369173288342
0.00052793273601623
0.000686939987861716
0.000789120421275842
0.00059872842741246
0.000623349501592324
0.000686845416120016
0.000638273317458785
0.000693878934135216
0.000679066984985814
0.000557533077998943
0.000621778872730795
0.000569941634459141
0.000698332231517594
0.00066540403867565
0.000654911701893618
0.000646812275216558
0.000529788988006574
0.000563512550702108
0.000586487444811376
0.000699515743321673
0.0006754666782929
0.000597247186580787
0.000625324456527011
0.000746985615057156
0.000648977056995054
0.000704180091465171
0.000634553663608144
0.000603407934199578
0.00061239278260745
0.000667522206959373
0.000605745263717421
0.000598507797916593
0.000701685904106942
0.000616473593906334
0.000619542139445224
0.000557824602334713
0.000599931244149921
0.00057544018424424
0.000644922074671726
0.000605431767321111
0.000673558693194555
0.000558444551585947
0.000537221052179308
0.000618798479880609
0.000576587292426213
0.000742741224110685
0.000565729551031185
0.000590693407241553
0.000614571305167298
0.000588956478590669
0.000593790600420816
0.000671508782945813
0.000811928351693639
0.00077129915474409
0.000615487462967595
0.000619796819372952
0.000730124295143081
0.000624874654088335
0.000602173018643598
0.000614994107325654
0.000515939461480221
0.000759569778363689
0.000600006600037296
0.000627278839206065
0.000723281794967485
0.000563894957970012
0.000623889753519993
0.000599284161262258
0.000704214426778787
0.000505942477869183
0.000677017321767028
0.000656566002591031
0.000521787535512808
0.000680848649625425
0.000730059977379438
0.000696198253324914
0.000765163943409694
0.000571586669208661
0.000591639073953574
0.000601774280000289
0.000649892701586974
0.000700370126223155
0.000582836218522239
0.000754728989414437
0.000584245499779575
0.000626857105713997
0.000510526335833245
0.000581728535338888
0.00056317801440746
0.000598561192956616
0.000599380399580298
0.00062779456136819
0.000626924515264052
0.000564584147777871
0.000639408909107386
0.00075576792243279
0.000611972609099069
0.000584840209456849
0.000519900757678802
0.00066843426705142
0.000629360315028618
0.000801104763931545
0.000514644325778014
0.000542703088387665
0.000623581689620564
0.000623318847558456
0.000706803043459417
0.000549346863854784
0.00052242249317076
0.000705135899362974
0.000689091247694241
0.000584377150857063
0.00057191780805199
0.000759317190399845
0.00065437683504938
0.000608392854064175
0.00067770979238543
0.000709089990514917
0.000662868516334588
0.000535902470492515
0.000630794961460322
0.000627427220390879
0.000608846719799834
0.0006694557552844
0.000571224734184515
0.000606496526863183
0.000601638942216692
0.00053110098130742
0.000763614890927616
0.000559682171294696
0.000637854804542232
0.000607191310155563
0.000695885834841211
0.000668682841360546
0.000642049919042656
0.000655535812879023
0.000575848489727197
0.000621577033174485
0.000721269042980397
0.000591812637545541
0.000739928648101244
0.000678893156600447
0.000631195283228444
0.000707960163412614
0.000691936299950183
0.000541941621763743
0.000643170216058296
0.000621600716160851
0.000664218814825167
0.000580474622086967
0.000618432366317632
0.000589799065161666
0.000653759680474271
0.000569763327450954
0.000667472769818748
0.000617251621856718
0.000630041452397929
0.000657734505411839
0.000583726858937716
0.000608505782294179
0.000561352929195565
0.000657421628995749
0.000634421753492071
0.000602127312870093
0.000708180069085566
0.000629555297583012
0.000677876013395761
0.00062390155320816
0.000668683216296257
0.000639986175760569
0.000531234750237925
0.000634670992890029
0.000956812687168463
0.000637395531437382
0.000717091269030389
0.000661073913655495
0.000582419743231817
0.0006269946635659
0.000654801402263232
0.000592071210425348
0.00070211160343532
0.000646586243663391
0.000563478744465805
0.000661072105091732
0.00062331480563751
0.00063632403867508
0.000680975062909496
0.000604609900594464
0.000659087152696537
0.000608153551696632
0.000585190820512415
0.000609961793387318
0.000650703016105226
0.00061517379119598
0.000620783439799383
0.000632656726799052
0.000604232608176878
0.000684278349685956
0.000737596153980897
0.000633660537073483
0.000637201417063363
0.000634990976470833
0.000584899074677388
0.000611606908563705
0.000647035707863106
0.000606553708946837
0.000566563505823571
0.000530368851649158
0.000534579111352923
0.000750478312844815
0.000761354083319132
0.000667812498904828
0.000578508090474194
0.000528330771603167
0.00072500344985843
0.000798072515411983
0.00063360939545601
0.000487445511560759
0.000753023225701959
0.00056036738498107
0.000652648040529402
0.000520876032305613
0.000478127569313515
0.000626497166192298
0.000550865969877252
0.000648447852179279
0.00063457252639243
0.000509161827542288
0.000628730681023488
0.000650400383382255
0.000636017118598345
0.000653407709977366
0.000539139891345664
0.000615830214204696
0.000647745733938884
0.000694153297294397
0.000655775389177536
0.000604837751941002
0.000594826263750182
0.00060902135734527
0.000563026173219899
0.00060270130541502
0.000560016549288647
0.000623520975412608
0.000638853412359127
0.000632640719965372
0.000579971987581472
0.000536155223672644
0.000564978884838928
0.000556036502115237
0.000665726398360539
0.000561507794125433
0.000589059748884467
0.000776062606039495
0.000700065084377467
0.000627561064140291
0.000632736170643626
0.000605622734325453
0.000573488265256076
0.000620762609128874
0.000698799524794122
0.000549820964642258
0.000617891912338366
0.00055442362106243
0.000755396908528985
0.000751071429114007
0.000680870267341053
0.000668653439317732
0.000628496665783159
0.000567997219524686
0.000560227656591553
0.0006489515766204
0.000607819803754974
0.000521865078899669
0.000639369701070011
0.000611959307407547
0.000645680936934925
0.000567088586295475
0.000681129096149283
0.000645077211641461
0.000701023688270251
0.000523187989540358
0.000603910495798268
0.000653278272144294
0.000652486231536664
0.000594025880073455
0.000656978373621077
0.000562836711728053
0.000534115711373685
0.000530396934454319
0.000618836262208963
0.000621479330646442
0.000569989669304639
0.000617147239714976
0.000542894462104174
0.000678043278535004
0.000626961936392842
0.000515306102552163
0.000594312178179909
0.000573277797306671
0.000591050976439547
0.000713676345007589
0.000585043346043423
0.000617232256382256
0.000597802859959076
0.000619565418462476
0.000578760315590951
0.000672747331033967
0.000561723491114366
0.000630750856871864
0.000646986179809965
0.000627654274492103
0.000681105005539794
0.000516256948411074
0.000558464958921914
0.000597167721456633
0.00092389615940827
0.000661261162762474
0.000629615235961433
0.000590081332957425
0.000664186731954503
0.000652123229535965
0.000561703725733302
0.000647891226447742
0.00064436358572224
0.00056527394449909
0.000630576106472684
0.000635681310105138
0.000549369204429342
0.000592620880831575
0.000650817867507017
0.00065420943840591
0.000688945006656734
0.000559764865029412
0.000563076404278734
0.000691188016525281
0.000560932309638229
0.000626724555388752
0.00073623241148087
0.000791630025471014
0.000746868780371711
0.00066212158055819
0.000792264972660269
0.000665402051021337
0.000624886854358942
0.000590960432783602
0.000634195641718165
0.000679906913985978
0.000570118979655217
0.000472407442905674
0.000693192924736166
0.00063660468225707
0.000617734036867171
0.000650230383823918
0.000631975644805686
0.000688278038456908
0.000747528729492436
0.000640447750921952
0.000551256834938998
0.000648658326180191
0.000875035916005015
0.000656323543486291
0.000531801404162455
0.000582970897433802
0.000624561340029272
0.000629382432404953
0.000791426079083764
0.000592039483416365
0.000622238582185716
0.000710514022331108
0.000566715171352381
0.000626206966632105
0.000632819384370604
0.000664552388782164
0.000816811945478512
0.000804975219063431
0.000690559073419748
0.00062483365703867
0.000613543903905402
0.000690429388885912
0.000593433511159778
0.000718251811517174
0.000630410624203745
0.000592576380067369
0.000661516169537567
0.000634543497369659
0.000795266797630005
0.000748029952832447
0.000581280428666371
0.000717726329302334
0.00076236246839141
0.000604597401250875
0.00050197055211946
0.000549105924234394
0.000675787853509019
0.00075351186178639
0.000653165631331915
0.000711693462876602
0.000591935817543772
0.000670144594999123
0.000464129557761452
0.000589550329932972
0.00064618465916011
0.000705727732734284
0.000599997997666322
0.000507767259828222
0.000574042863207869
0.000624328614717258
0.000601350299071412
0.000604729615580086
0.000598052627964285
0.000611279840757201
0.000666629877038993
0.000612257134050757
0.000651081465838196
0.000503800983110241
0.000729736972077518
0.000720580199552165
0.000552275252932579
0.000714188645420899
0.000596183084602706
0.000693955659668412
0.000644873377181079
0.000603668436467139
0.00062846362761406
0.000583685816856515
0.000624619406843205
0.000560363274179807
0.000551542395328094
0.0005735205974539
0.000585507755361251
0.000537776858175094
0.000701656082352896
0.000665173943848291
0.000627354226865287
0.0006515943429394
0.00058085140121941
0.00057933624193478
0.000653404342594794
0.00058867460424864
0.000706623197916753
0.000601143447671042
0.000651058989630242
0.000578426213157381
0.000701491653006773
0.000669346539395955
0.000690493381697596
0.000871236611024242
0.000595602852911246
0.000641115771432248
0.000645399608279552
0.000621851435807675
0.000649234818765671
0.000605191309803063
0.000569182817814925
0.000552689995003809
0.000650723143652402
0.000576315109435568
0.000478078211488586
0.000655343887684645
0.000715038879982393
0.000659278000248787
0.000618327367702135
0.000659560693575544
0.000525170839615119
0.00071798358536715
0.000650702127788877
0.000566380716129951
0.000652332112873569
0.000698530070850957
0.000643927170487792
0.000566332069963712
0.000599135992666403
0.00055085672881257
0.000598087833581557
0.00081755104845153
0.000710835480150396
0.00081345043008062
0.00065933264400336
0.000555134822559871
0.000660204163749222
0.000627835768485664
0.000653295468050358
0.00070034866254431
0.00059840928241086
0.000563595835655379
0.000537830366446658
0.000726169101439629
0.000563056346158917
0.000630840494874689
0.000531924500726323
0.000718527616757326
0.000578071857417514
0.000654323595083673
0.000659395073764832
0.000622607204624209
0.000582637502719199
0.000745971030463153
0.000570774247986984
0.000651815857946096
0.000599618516389091
0.000604654777222687
0.000583071041560694
0.000592149445080878
0.000592748441610676
0.000657038101792505
0.000667372643128534
0.000697768989921611
0.000597322069552274
0.000583500432516925
0.000534151694746771
0.000678599966672042
0.000602284849224818
0.000602045882520192
0.000597116342414133
0.000665097442684883
0.000690437629514776
0.000688971868270589
0.000589905796619528
0.000639552607556586
0.000643873013495244
0.000738357781951752
0.000663385602331795
0.000669162571653991
0.000639308036845295
0.000690231739878241
0.00063576908282017
0.000682533572579657
0.00055546568766506
0.000704169944465078
0.000676402772306179
0.000621830161083982
0.000670441302615389
0.000622289807310352
0.000582339020443617
0.000652952041331914
0.000701704000008335
0.000700413815992678
0.000851453526788538
0.00064324818418197
0.000533499587749098
0.000610939325609295
0.000650489897217648
0.000682935481943277
0.000633800680832848
0.00064065304860722
0.0006417868561488
0.000642983946691608
0.000599299863065776
0.00050223518924436
0.000721621733230889
0.000591375758809769
0.000673058792071095
0.000691647600017671
0.000567709568948946
0.000590980216840152
0.000586745170521605
0.000630799966368362
0.000635311278278817
0.000687181053820865
0.000567425128066876
0.000631205923492797
0.000563254657123879
0.000554714433427525
0.000592361316089551
0.000649427161168194
0.000553578596083803
0.000636521317125206
0.000693048519494436
0.000637334887645404
0.00068066267049799
0.000736437487165724
0.000698203452775483
0.000687392369312223
0.000609101445408078
0.000684434639947199
0.0007803329554641
0.000568599316559476
0.000589685437035755
0.000585090125695716
0.00059333128493184
0.000602191945873732
0.000657263586334295
0.000607674347931599
0.000727107809357867
0.000622756861591859
0.000558199225525414
0.000615383377516115
0.000605630930111542
0.000669680609550483
0.000666574179081049
0.000616051109640079
0.000575537808502492
0.0006304554355674
0.000574367516731365
0.000584745009218185
0.00059951208868333
0.000617262492796771
0.000766963018197078
0.000692942723481321
0.000648729579354131
0.000575078509382237
0.000581383444425999
0.000593057006186741
0.000657969817016541
0.000690623734172164
0.000684346896718058
0.000642868764608275
0.000604401281658257
0.000581955584570214
0.00062564793421233
0.000626618576590756
0.000650396485439963
0.00053449353547231
0.000716132440518906
0.000635866462672211
0.000566854179327573
0.000531982302765327
0.000635043890383053
0.000701859727704273
0.0006306065012119
0.000586349349902275
0.000603784078194383
0.000605128977641086
0.00065809539415834
0.000777451903297209
0.000661536100649888
0.000629187332501221
0.000772911908237516
0.000757100118366868
0.000610407156015506
0.000603457259271541
0.000601359167281457
0.000641619658435586
0.000628605539795637
0.000638973150988025
0.000846156646665786
0.0006082656730863
0.000667194531369522
0.000607085219924434
0.000604784336756298
0.00055238107066576
0.000708069694626726
0.000597924440716304
0.000682007233581875
0.000608168759313805
0.000610207630839826
0.000633856131359897
0.000697345200098403
0.000559185288903205
0.00067489100655466
0.000641899389351528
0.00063044547833988
0.000635073796209017
0.00067836322913322
0.000702882872443079
0.000710281492122484
0.000693479728069504
0.00070550946711004
0.000754855866611875
0.000616090249395753
0.00070817344332349
0.000823305109873216
0.000754927040864767
0.000626881659809447
0.000649933799405915
0.000718764662977127
0.000730308357893612
0.000666914520621453
0.000669452304958706
0.000553991077820255
0.00066527855851517
0.000548893653568654
0.00063886975273916
0.000676114589240576
0.000653388985227194
0.00126616764684298
0.000740310715971256
0.000695826366494079
0.000679479526702451
0.000711423495851869
0.000662041503665236
0.000695438151875044
0.000629403936870034
0.000521526306215366
0.000648793309710644
0.000620870714053977
0.000579239499335313
0.000626191175698757
0.000712748312667238
0.000648211071109224
0.000628013294230006
0.00072594692983867
0.000616363128941978
0.000684339976930666
0.000721104324872582
0.000654538719798154
0.000654987583462239
0.000602702470340554
0.000672971353841637
0.000637976650883594
0.00068548057648019
0.000726290155164096
0.000601492892460928
0.000585588876043776
0.000664192751328545
0.000651575368477826
0.000705935565518979
0.000622055557290955
0.000650610133380251
0.000591177438870481
0.000536597403838466
0.000632523316827115
0.00062964117224813
0.000611271524363195
0.000586190322309185
0.00054710743901192
0.000595716968296337
0.000505525640153481
0.000583636699760115
0.000840486588137667
0.000770280286426774
0.000658045893773018
0.000659247225733899
0.000586794383209017
0.000632126241502761
0.000711194439313785
0.000707490914649952
0.000642842361142515
0.000704416211220711
0.000606577374312818
0.000557696498418005
0.000613157592399546
0.000834715248867095
0.000704861543092147
0.00065684221546403
0.000631203016192275
0.000651021749516762
0.000708989316653566
0.000626893890040125
0.000631960991952128
0.000542678571059377
0.000556631462868841
0.000784852467557471
0.000748979034854465
0.000671291140981334
0.000639453909798243
0.000749031181822947
0.000663378970448688
0.000833562943322956
0.000964764672197289
0.000683932697687209
0.000591435668346527
0.000755106967990822
0.000662378550133565
0.0007039614552449
0.000611618150004381
0.000665478096370371
0.000577712684224305
0.000746625264574974
0.000618508973072691
0.000618493858758141
0.000594319249214134
0.00070995010273861
0.000710476793623306
0.000698302052530713
0.000642549833493843
0.000769822394541104
0.000700848651852553
0.000788405036634129
0.000594194708383973
0.00068163469811412
0.000739325289275201
0.000610813009262131
0.000659816967332979
0.000614373720691124
0.000655225178838065
0.000681170082823921
0.000635615598400337
0.00073827191377069
0.000734816592926739
0.000616632839838975
0.000712576174662189
0.000556211731470509
0.00069890405402327
0.000645005008169319
0.000717979226584252
0.000616983491774781
0.000668912206131826
0.000706768592626914
0.000751551953422899
0.000616728748234111
0.000598205220202841
0.000601415390171531
0.000718364708340515
0.000700189024759923
0.000678521584279218
0.000594683923270477
0.000642574288240256
0.000667280366046737
0.000843869598072649
0.000738656371130426
0.000732871300305911
0.000561295508946226
0.000596698693818412
0.000709242979301814
0.000657324180856414
0.000612971388450694
0.000705179642270557
0.000612520043614786
0.000766187063519743
0.000797230508373079
0.000868594719557966
0.000853668520979286
0.000725977184679146
0.00064056170137146
0.000609609837358742
0.000684423994802765
0.000707085992321436
0.00059709092227654
0.000625101363381161
0.0007191287150029
0.00059893436837995
0.000640341325822842
0.000586478405243348
0.000614221123915014
0.000742002280754056
0.000559880131784496
0.000607595742223495
0.000619229876080394
0.00056288258076869
0.000582791420099867
0.000612991189022074
0.000687503402637943
0.000686877926190034
0.000719260568917937
0.000703675650762936
0.000673771356037146
0.000760033850518995
0.000714623319158714
0.000749291618965631
0.000841196371163739
0.000839747084470509
0.000741273695755313
0.000713311464282437
0.000628801261668927
0.000718769552857006
0.000638426689542176
0.000758390199500993
0.00077305074985022
0.000605752031829418
0.000706890136208748
0.000721787366632508
0.000719096795905026
0.00058579446998592
0.00063018938262514
0.000694688713808623
0.000625198135669578
0.000768103033944553
0.000741649472102732
0.000628772116276995
0.000656472955124134
0.000589067721709814
0.000668319426692486
0.000611399248675621
0.000649963976927419
0.000627403988778054
0.00064842489894543
0.000587053476578453
0.000643844242226091
0.000647683093632028
0.000727782930982322
0.000641662565301592
0.000604941355717468
0.00061710230344734
0.000729483799636539
0.000605163286682028
0.000643023596495133
0.000720269143803533
0.000603855438660172
0.000642397250074882
0.000758365098752488
0.000745168393226023
0.000619567961647987
0.0006286180052396
0.000534531170281671
0.000625702422200915
0.000586087233559567
0.000690174542625683
0.00075224587383762
0.000748420301596035
0.000555211670166221
0.000697275727910992
0.000668304069967244
0.000768186237441015
0.000764618369518738
0.000727551358980389
0.000823010611262858
0.000711062694021926
0.000667473780871005
0.000665436189778047
0.000780341585061835
0.000716452102917593
0.000632248370003251
0.000755349252704784
0.000664206768800771
0.000616676981633932
0.000576971886319067
0.00065984799721817
0.000804527021970294
0.000686566678623164
0.000725117780980492
0.000709835858524789
0.000822599547631299
0.000631105495085888
0.000590011797787797
0.000599599737281095
0.00074180636192907
0.000695518323950315
0.000706169351910399
0.000638713793363895
0.000652633603257076
0.000661812529497238
0.000636107493691525
0.000618635266960901
0.000742902207554898
0.000696531800244209
0.000732747842431739
0.000785746894456067
0.00075784073735073
0.000629434596725469
0.000747138673517295
0.000751138849545102
0.000702683242905018
0.00061240518603009
0.000634340840616351
0.000679661498956418
0.000646353229771093
0.000644479268245119
0.000738925776834436
0.000698339281373148
0.000664110842915846
0.000702784293225145
0.000633906818616095
0.000611219940922291
0.000708232000279212
0.000755898463177058
0.00059231124834249
0.000771203827606288
0.000687448109842821
0.000574608523847387
0.000661261679664222
0.000777835333941907
0.000588141054068856
0.000692605703966976
0.00081567854570259
0.000775940137273904
0.00061730655727343
0.000663070120820491
0.000607580762778566
0.000710861234111773
0.000635732191039699
0.000749792592641151
0.00079417967217312
0.000696148975606548
0.000713041504829228
0.000770711258098942
0.000791449580303826
0.00058088774219281
0.000599472507425231
0.000688938289109964
0.00069801449987148
0.000624342567544704
0.000595076683945253
0.000678861677302608
0.000925296103363064
0.000710112232980293
0.000664546068333341
0.000705986356807127
0.000648883038013448
0.000599603934501056
0.000756180511670762
0.000799371679067031
0.000889689555453809
0.000764739593644458
0.000767514516776402
0.000606296392332192
0.000698981412876018
0.000743569915570759
0.000658261451365789
0.000721231590560159
0.000662471522556685
0.00080509357249704
0.000801343532102329
0.000799310650123116
0.000730755647866295
0.000694721728178856
0.000756323942528623
0.000800470520181895
0.000586143616484704
0.000775913457590155
0.000545913347659683
0.000622465923989839
0.000733749026597329
0.000687051735901227
0.000748061329546841
0.0006566825958011
0.000663517147543771
0.000846568721734403
0.000768575709015014
0.000646845545757069
0.000749071674153822
0.000681359291099118
0.000741636101861196
0.000702380517969741
0.000803741361675855
0.000748884689673787
0.000678500436646276
0.000726352526208871
0.0007905437316979
0.000567076601918791
0.000736104152049832
0.000829414636722455
0.000918708277375302
0.000711568012706841
0.000656623108605254
0.000691557310996945
0.000595545615602821
0.0006178200280918
0.000703259125358085
0.000643971004712621
0.000657190852434338
0.000760521752264942
0.000721668277520958
0.00108675854118089
0.00070372550116763
0.000699693621350239
0.000714269602906244
0.000633754777795287
0.000741733528522809
0.00064544971697271
0.000744052885511821
0.000674663902436574
0.000636195430050796
0.000784882049259819
0.000765787591550138
0.00062070680784557
0.000611339862370022
0.000675562833015988
0.000728507320752958
0.00082625000177475
0.000750294016544576
0.00072723936121273
0.000844698983350069
0.000785038700332924
0.000757670853795385
0.00068822956596055
0.000699279875737544
0.000609595276631829
0.000683654590476195
0.000684423462763295
0.00067996857456313
0.000726715537810953
0.000721455196184381
0.000635001609362575
0.000635552613345803
0.000635311091491663
0.000791577258022054
0.000666190611020362
0.00066906585823669
0.00082373934241862
0.000698312184235185
0.000707934043518399
0.000723057813805283
0.000676808370908218
0.000693540481883741
0.000646497785457886
0.000594806526724346
0.000628973574574759
0.000674124762476512
0.000761504206821945
0.000916010925187097
0.000673405174204914
0.000726048198740583
0.000616996054356675
0.000707429358213097
0.000775046616282622
0.000753147449657682
0.000739803966713929
0.000639146042267008
0.000733437655868307
0.000694281986098465
0.000687508054876106
0.000785470275130427
0.000701287828920863
0.000710773460328219
0.000718071889419922
0.00066922115031535
0.000691053893139158
0.00077568717422791
0.000597631503649931
0.00068221822123806
0.000653073307535521
0.000637300270407283
0.000698885033687566
0.000805624051868817
0.000648704167279034
0.000769451701155602
0.000725414492645084
0.000599987265018714
0.000593838770768979
0.000636951444975359
0.000701767907815313
0.000694977400203647
0.000802671771576634
0.000751673160333844
0.000697545648279997
0.00078041018893061
0.000674455266889353
0.000643216527082335
0.000660476634056576
0.000665782629360146
0.000587909345199682
0.000663247877547186
0.000719100688150784
0.000732855563362244
0.000762406778959335
0.000752100569757226
0.000694148790007464
0.000629280726853664
0.000668110517185388
0.00068542302277989
0.000705607270512026
0.000646518600715219
0.000563901489556835
0.000781297350426709
0.000719193233171463
0.000741935637144838
0.000655486632341187
0.000605263436654609
0.000658589459266632
0.000732477096961641
0.000694441534883824
0.000763879108029915
0.000645312554451031
0.000735109798889448
0.000723096819079943
0.000851703365641712
0.00083688329198655
0.00071659911913451
0.000667075375098147
0.000662779477485616
0.000627946022481664
0.00074012108754741
0.000707217090473154
0.000758781903449927
0.000647648977209459
0.000798153228967121
0.000663042975469384
0.000868838343604306
0.000721545004008929
0.000685914143944478
0.000602489978751388
0.000776955998053561
0.000728936651064009
0.000661609456016998
0.000678271282416482
0.000656047643263637
0.000684606033394236
0.00071591902385668
0.000646858058753524
0.000688585173329536
0.000681697318252072
0.000737768962923834
0.000853734323053783
0.000705464076385879
0.000725889834194213
0.000751133413553268
0.00070864104953752
0.000697722511399496
0.000706299167013549
0.000713863936262961
0.000673482650512979
0.000578871822796775
0.000790955061040449
0.000753109582626613
0.000728064925333592
0.00066142512785242
0.000691966259996565
0.000697191717955173
0.000731523944892327
0.000957946302368171
0.000585314226865974
0.000875690993846232
0.000659249557738242
0.000859226665878144
0.000995125176466212
0.00062956695714019
0.000641828540098215
0.000895303710475956
0.000834196197345307
0.000752976723399845
0.000696881281331882
0.000678564017260622
0.000904246902035566
0.000682623609109982
0.000602326770814034
0.000689141283311209
0.000597877974076288
0.000671173171360381
0.000648431221442349
0.000810959605338973
0.000644860118931203
0.000730475394970605
0.00076678518892102
0.00077366196082122
0.00069400136064839
0.000773231463959135
0.000730924417606779
0.0008151509452408
0.000661723318760883
0.000673863579881198
0.000747739550598957
0.000831440427851864
0.000733331834238014
0.000705777198626222
0.000607927062997872
0.000681690554326734
0.000674261139207648
0.000648238762376118
0.000765027719692648
0.000701485111117833
0.000832316097296727
0.000742990701887953
0.00072223152858562
0.000889711608157672
0.00073653231074287
0.000659268196578796
0.000646436333028664
0.000636691732874375
0.000663778135255452
0.000579658203247745
0.000637039963130777
0.000663660174400548
0.000656884923109601
0.000695309799473558
0.000755076506504882
0.000741198929337898
0.00106766587395873
0.000728325629882309
0.000674567929017555
0.000673139621967376
0.000644230080083644
0.000717252324942182
0.000797033071390598
0.000831861570511536
0.000695615110866147
0.00064595743388418
0.000777553439921799
0.000806970070024212
0.000654203785725373
0.000698478459234126
0.000584483062806268
0.000648069359866288
0.000797463837570927
0.000809986753572223
0.000681555389968408
0.000730090425918388
0.000718291576939398
0.00067505268078955
0.000703590142168402
0.000649178013101658
0.000774137830529701
0.000817929271664032
0.000640037138437949
0.000726203167071297
0.000781049659777401
0.000761368801483121
0.000818058287416068
0.000759271654538854
0.000849493006603903
0.000748584545506856
0.000715065346409463
0.00069795335252791
0.000769712996934113
0.000804817604375833
0.000686197215522192
0.000702208805525273
0.000768764497587967
0.000781674996283661
0.00071035642502481
0.000779924104355405
0.000813605368058986
0.000640443300131309
0.000661693682856876
0.000860287766857769
0.000724651855277075
0.000786334726534788
0.000772149137071608
0.000783601827986423
0.000769971988076501
0.000718875687935758
0.000674937521256925
0.000831840794809391
0.000699707121501298
0.000728209345878138
0.000713889398916212
0.000702548623017874
0.000763300954583117
0.000797660277495417
0.000806357556303703
0.000727083979472031
0.000724254638559336
0.000789414910016091
0.000706903755557153
0.000822222795271259
0.000795374859986178
0.000647144088355231
0.000704048078582795
0.000850674894914713
0.000830999300682095
0.000743150757683999
0.000697834563681531
0.00101868776786972
0.000686096059607799
0.000666119567657339
0.000860129863933182
0.000718890480444018
0.000740749305923645
0.000807337790685549
0.000684113268817243
0.000781174015664876
0.000730840869915653
0.000860871423713966
0.000705448229939148
0.000678822154885429
0.000675212546557487
0.000750680848807418
0.0007064148553038
0.000712662739343053
0.000666781760532544
0.000686269182875101
0.000719354469772624
0.00067950546237791
0.000731786336171401
0.000733553577076816
0.000754407861983957
0.000715952659191492
0.000699899963524466
0.000790082249432505
0.00071402118817694
0.00075595672897765
0.000764392257407134
0.00081083979020416
0.00079528892120883
0.000651529189327693
0.000895935913046187
0.000723753960470434
0.000744848429452736
0.000645880557685776
0.00072592741306316
0.000727860172611241
0.000714296277671005
0.000767851237918645
0.000829162900226045
0.000821535713847305
0.000750039290298871
0.000689915545837688
0.000674087906304426
0.000760953779682778
0.000743342672964565
0.000726617679601887
0.000786272285954995
0.000728054431924246
0.000701909650507456
0.00074163313344405
0.000731900442284675
0.000718751355527932
0.00067913547453922
0.000786873628100502
0.000751454720133858
0.00068173372445812
0.00072558135405544
0.000778439508057527
0.000698605192803909
0.000680553752366188
0.000858214506697031
0.000736280859440437
0.000740475548249899
0.000657453092547833
0.00077110629886865
0.000697290952061304
0.00079290980792341
0.000776075704492611
0.000935482843319174
0.000801891446674718
0.000753698476294415
0.000751481163083363
0.000813419298005782
0.000711384104202294
0.000675503641704922
0.000654366555408095
0.000768209944978956
0.000795352333435335
0.000755112354515874
0.000748463999206085
0.0007270022176481
0.000754773395746601
0.000708845250811007
0.000725766419038938
0.000806326914434211
0.000749711330015855
0.000839346250160836
0.000757881995426893
0.000718017896398564
0.000787990943569034
0.000869112862615936
0.000862626595304077
0.000721958640090106
0.000744645940328688
0.000761895972131629
0.000727949634832194
0.000891814342418729
0.000752867850372496
0.000678571254433868
0.00071153033650551
0.000713240556014752
0.000779902707086615
0.000715712064074496
0.000759613143179966
0.000821890517486995
0.000778917394698367
0.000664632916032377
0.000771489000662465
0.000702634281893279
0.000718595297344549
0.00076466980291
0.000739305767036197
0.000830291411937863
0.000725463383316265
0.000762215679749485
0.000751667120024143
0.000833264417138545
0.000764230903268646
0.000841425931368044
0.000894758026541766
0.000824904103206048
0.000997109116660232
0.000875130259171884
0.000683982763682256
0.000683613593817869
0.000759787115505508
0.000843522624184118
0.000854595195666933
0.000755401746762878
0.000733675676552809
0.000948349530229548
0.00074300790250791
0.000763948354893345
0.000729956128647138
0.000726999814765268
0.000731771821797636
0.000858806052031032
0.000669259069469424
0.000905724149364297
0.000661920587464153
0.000790150823237015
0.000806275352522557
0.000697263011374948
0.000620551325307745
0.000722758736546729
0.000740270044324495
0.000703197050793872
0.000728001797988935
0.000882916271244067
0.000713871374243919
0.000646982285134688
0.00086817049323054
0.000742458300410009
0.000730806205602295
0.000825764457292183
0.000719025221776175
0.000888762212561253
0.000834872657255609
0.000668171363623443
0.00085401110456393
0.000871711198884475
0.00077646905358881
0.000737250103179181
0.000773334791122076
0.000767191807651716
0.00075849322351457
0.000778786624219222
0.000762476539563743
0.00076365894421854
0.000700519206553595
0.000736656588726823
0.000711685255403875
0.000756008044612107
0.000850251163211486
0.000844866345779503
0.000745016640629032
0.000684821478826292
0.000753602000167679
0.000820964503053265
0.000659168439696039
0.00073249315271833
0.00085355986816073
0.000951248703788781
0.00077256648177663
0.000827076099282622
0.000728548179836132
0.000805106731762879
0.000771131916697361
0.000741329095788563
0.000809150067896386
0.000847706470226168
0.000795522820332564
0.000919172719787248
0.000783171211715328
0.000740790300754342
0.000799069403006495
0.000864756517449215
0.000757151020738011
0.000720466352020893
0.000768354487349401
0.000778878420280883
0.000730971368691131
0.000773491883000498
0.000759225329415125
0.000800283954858479
0.000768940603786529
0.000734874678311123
0.000748650828629584
0.000760252883890273
0.000820167743463663
0.000878065620727286
0.000797001920216227
0.000925516088376318
0.00136249000235053
0.000972970597925401
0.000875169533002256
0.000778091391285694
0.00077987517680838
0.000775848891485182
0.000686944523506224
0.000743317523707312
0.000800662406875687
0.000705331783616582
0.000809407830806279
0.000877218049610189
0.000779241799881555
0.000770559939275944
0.000763964617997154
0.00078624657869883
0.000764907452185346
0.000731238223906396
0.000677462612957459
0.000853423802354856
0.000838445777664478
0.000857586074476005
0
0.000983937431774657
0
0
0
0
0
0.00150871188241815
0.000897805252287146
0
0.00117856706298674
0
0.000881560647580794
0.000711723341848502
0.000842120773152757
0.000768018980594125
0
0.00104219042486038
0
0.000998687159290957
0
0.000960369692819142
0
0.000927618449243562
0
0.00121452070770766
0
0
0
0
0.00131771025678605
0
0.00099593377428696
0
0.000962068444252383
0
0.000995467992507262
0
0.0011424623744537
0
0.000879304628030692
0
0.000930563631561477
0
0.00096560316520841
0
0.000878987389397881
0
0.000980496469409806
0
0.00086416150710537
0
0.00102047270360405
0
0.00113914240913391
0
0.00114326152733055
0
0
0.00112325431938568
0.000839204612345524
0.000772420451565169
0.000707396580723544
0.000881718912533523
0.000761413148647114
0
0.000959499937110964
0
0.00108725348730972
0
0.000977899452508965
0
0.000946028372500291
0.000819215153548247
0
0.000940223669261446
0.000880598111980711
0.000881226908654816
0
0.00104549891199532
0.000787233603367266
0.000846995339045192
0.000837184792598456
0.000797980680771677
0.000846160691939115
0.000773717068769223
0.000806140244001647
0.000788599118540054
0.000750881228059764
0.000706032781822388
0.000769844397513218
0.000754334593075513
0.000836578197874078
0.000843296169978624
0.000916957324365961
0.000734486635975913
0.000824289768338905
0.000702867463958874
0.000965466564982146
0.000886444961438518
0.00087984447625758
0.000800622292080539
0.00089139959593776
0.000683838639071741
0.000878255343738094
0.000775982324210247
0.000831586653760682
0.000780751041229838
0.000816677308810768
0.000879164793617039
0.000798656800429032
0.000865663391751754
0.000772634991218751
0.000716530366890939
0.000843462562101702
0.000757995421945069
0
0.00105697565631353
0.000844248565820172
0
0.00098688022000837
0
0.000974018334575507
0
0.00093967217738889
0.000831047495509107
0.000743392028315025
0.000845121596679069
0.000889922828867288
0
0.000997301302875572
0
0.00105356602387307
0.000862832051499499
0.00080816537308713
0.000896509356529643
0
0.00103371620467627
0.000810861711766241
0.000889901441196485
0
0.00100413345467467
0.000756552024183765
0.000895203078642409
0.000795717369513568
0.000737884462225494
0
0.000987247955132379
0.000773305527043759
0.000792636647670454
0.000807154503862267
0
0.000950588413124495
0
0.00100809303672943
0.000861136308592326
0
0.000879538934667529
0
0.0010885453467998
0
0.000985642398684235
0
0.000960268449580045
0.00081916998651781
0
0
0
0.00132177730370207
0
0.00112992861263103
0
0
0.00129353974987711
0
0
0
0
0
0
0
0.0016390305319565
0.000815259196954779
0.000790228378505225
0.000776568974238681
0.000870117860371748
0.000700728936512424
0.000784905153589957
0.000793335166095526
0.000965199370726143
0.000922358946320904
0.00107249925415022
0.000984971500786138
0.000836476833428081
0.000795879778133447
0.000822808427996672
0.000783105625934692
0.000900667605221992
0.000780495552123495
0.000802029259872378
0.00075651604316894
0.000852520688078478
0.000841693266330411
0.00086382609337261
0.000742823194623701
0.000841337729106609
0.000932077763052705
0.000930819939560286
0.000769642108857299
0.000817318079235706
0.000943930903015072
0.000851519136584825
0.000820500707434116
0.0007847346584433
0.000852804981478119
0.000896591520324287
0.000808901883780106
0.000800753322838847
0.00081368957728664
0.00105017540497485
0.000895811023694099
0.000761031805327776
0.000827647310528715
0.000797575878473982
0.000882760616351831
0.000838848427796772
0.000750375102974329
0.000839337343005869
0.000859129382669155
0.000789970533733113
0.000815854878090155
0.000895580705981332
0.000751274771326681
0.000808897473448073
0.000921052631384141
0.000776614243352006
0.000928213568596943
0.000829520231654324
0.00072742106317201
0.000855857470864318
0.000767869049918749
0.000737832508727318
0.000799909426204829
0.000906518175761428
0.000808624040763119
0.000859507815173724
0.000766754278456748
0.000859939247369384
0.000739071192025428
0.000961144307732888
0.000970259506172611
0.000948580647391535
0.00082128846776687
0.000849152451186547
0.000816160116162783
0.000863785240013456
0.000851918124914237
0.000850283940633862
0.000875247629777209
0.0008831304053339
0.00077887038761985
0.000827601551669656
0.000885647319307149
0.000761782995525572
0.000812897637118232
0.000768696415319166
0.00076501452949093
0.000795692639887228
0.000802909240852022
0.000843279475740537
0.000849840851956487
0.000812206359787352
0.00101500075114028
0.000800165615044638
0.000876526980880745
0.001014039871984
0.000832393807635402
0.000752287893463932
0.000905247648738566
0.000854983366701447
0.000981892197325689
0.00106786157461394
0.00102327666355609
0.000863031255693601
0.000860195307105968
0.000952381692974198
0.000821587267486299
0.00090127611819785
0.000898154019348388
0.000898473529174312
0.000880068035618879
0.000860530826661479
0.000919748885071882
0.000912521850226173
0.000898281811020566
0.000899406482210244
0.000912045984576954
0.000832595628330787
0.000876658501319784
0.000865123798568171
0.000862164302199813
0.000860295584070157
0.00101632245911505
0.00080887281625348
0.000851939776715231
0.000934997419591128
0.000872422693794362
0.000920911924734791
0.000741250071573478
0.000972970288868388
0.00104541283044608
0.000957356527498218
0.00101053196775203
0.000847551931092293
0.000896736070525633
0.000815256588813067
0.000948733378487294
0.000805893350212138
0.000797685656853719
0.000765884673143057
0.000710235960816703
0.00101223627968511
0.000887881001987295
0.000973675021025387
0.00092091027900806
0.000835413404603048
0.000926864987521908
0.000879617664148851
0.000908825411496937
0.000853162680373637
0.000860067191418857
0.000812892333648215
0.000815944249865914
0.000870742781675301
0.000874279351284669
0.00104342717936505
0.00107739338763701
0.000900510738265353
0.000866677392099319
0.000841768993337592
0.000985719791424481
0.000944512213833303
0.00105812070461757
0.000895897507906943
0.000941497501996175
0.000826410190328477
0.000972134909079649
0.000926034672198217
0.000868035688351135
0.000917944248278963
0.000917652220354485
0.000891018730592409
0.000849645038107507
0.00105258665108678
0.000803250552688776
0.000872489732988567
0.00100074605952825
0.00099522795751956
0.000922698772813139
0.000898634641033645
0.000928642884498007
0.000934152741091048
0.00087360060291502
0.000943788780314662
0.000947076975734685
0.00103543880030112
0.000934080499419372
0.000958564782446589
0.000957696021563595
0.00111546209602937
0.00106404164291404
0.00113452679282665
0.000806874795927963
0.000864758461061909
0.000971897956236875
0.000877577496322755
0.000965183442013432
0.000998798165157913
0.0011168571443712
0.00101886671130339
0.000925436747835397
0.000910866381040543
0.000785980236437156
0.00104944057590085
0.000780364510642302
0.000834282680147928
0.00087740939824238
0.00121836461103635
0.000894227448585558
0.000925675182881491
0.000845720249233753
0.000985665250913298
0.00118380767422898
0.00102014619233663
0.00105550552760809
0.00120539752692763
0.00109021597302079
0.000891866708022431
0.000913377667752848
0.00094618933231249
0.00108141272962023
0.00127480502163803
0.00110632029689381
0.00104940061619466
0.00103994802626301
0.000989606510198483
0.000866706884399425
0.00124371415842159
0.00111471275723679
0.00102050241147965
0.0010785240530637
0.00108551126679288
0.00105366758978056
0.00116824269498871
0.00114214055281444
0.00111125327571912
0.00102562623788096
0.000929280324514679
0.00108629827788885
0.00133812562182528
0.00110373934190407
0.00141365666163617
0.00135395019964378
0.00132896582470106
0.00124194359095676
0.00121814500072962
0.00125136025381286
0.00118980355482382
0.00118956412477378
0.00126540253225189
0.00128342372969607
0.000783404494764544
0
0
0
0
0
0
0
0
0
0
0
0
0
0
0
0
0
0
0
0
0
0
0
0
0
0
0
0
0
0
0
0
0
0
0
0
0
0
0
0
0
0
0
0
0
0
0
0
0
0
0
0
0
0
0
0
0
0
0
0
0
0
0
0
0
0
0
0
0
0
0
0
0
0
0
0
0
0
0
0
0
0
0
0
0
0
0
0
0
0
0
0
0
0
0
0
0
0
0
0
0
0
0
0
0
0
0
0
0
0
0
0
0
0
0
0
0
0
0.000232850663899078
0.000600790716123419
