0
0
0
0.00561013317667712
0.0029011050946069
0.00413295762550021
0.00382516273476299
0.0019907428225763
0.00159895913649682
0.00184635766729983
0.0020829885236198
0
0.0022541077904097
0.00193893228560685
0.00160578720691454
0.00166616221932332
0.0016385644924682
0.00157780963021595
0.00165312660650004
0.00195188100532009
0.00150811741155354
0.00170640489858444
0.00171847567168551
0
0
0.00283043902923966
0.00166582609119291
0.00155710441911302
0
0.00467735082498593
0.00303640853029911
0.0018280939940671
0.00188342480767291
0.00334911036823146
0.00140058404691944
0.00141569243519201
0.00219457291827433
0
0
0.00258799599389343
0
0
0.00160333640177616
0.00153018547739529
0.00160175059854113
0.00166820481163633
0.00209944741838785
0
0
0.00200174074514197
0
0.0018619069675578
0.00145890171360511
0.00146302561129697
0.00149725633952074
0.00155363947106556
0
0.00196196518052825
0
0.00216236011049584
0
0.00150268230479517
0.00133678998023173
0.00148039115146485
0.00157828178897036
0.00176104290946906
0.00137750874982777
0.00125584999294241
0.00148084717806825
0.00144935297185388
0.00122074874193771
0.00126045522922408
0.00152598561353374
0.00133299670046244
0
0.00152990325107475
0.00134177176534802
0.0011234356319043
0.00136288959563976
0.00141556730147173
0.00133333386868604
0.00153737464208781
0.00145888529010604
0.00140303001137573
0.00148060018328359
0.00187988383658674
0.00175118654746092
0.0012706215421084
0.00104058463078677
0.00125691712900875
0.00133068885995285
0.00150722014833685
0.00139133347431878
0.0014196511110646
0.00150564258054205
0.00116964168175334
0.00126282626233143
0.00129213467397793
0.00139935721222847
0.00130735992763867
0.0011481080222906
0.00143864548219958
0.00118167494146323
0.00128080125049939
0.00131361214928593
0.00115211731138101
0.00114056395245267
0.00110775564189804
0.00131976341097341
0.00104360431197661
0.00126593641590739
0.00146023176854718
0.00141403123691458
0.00124152404172648
0.00122711931803038
0.00133861672233894
0.00123115669629304
0.00123520143408291
0.0012155320886236
0.00145972984794447
0.00132903190433682
0.00125695899493083
0.00121570658849872
0.00133552691872735
0.00152733155823558
0.00127888666131369
0.00120218730703933
0.00124729186013625
0.0012695990348676
0.00114773981626665
0.00126770353705143
0.00117239373436679
0
0.00137539782513638
0.00138190762000201
0.00118018640977621
0.00126562995010859
0.00122847757414855
0.00140011087311549
0
0.00160767286003298
0.00136878931896687
0.00159940223268206
0
0.00159346258906439
0.000986453065936656
0.00151569593738186
0.00127666955387072
0.00119412431676137
0.001192812078069
0.00115947273600717
0.00118539177218349
0.00116609353834388
0.00119893249117043
0.00111751419713132
0.00117111886888689
0.00103540937511163
0.001115845093294
0.00128605461695874
0.00138211441497348
0.00102116793440084
0.00104578150698155
0.00128395156694157
0.00148464312242235
0.000985506046209388
0.00107268231379102
0.00122768108435089
0
0.0015062556607743
0.00141541528954533
0.00126973786938002
0.00134637688373926
0.00108326152127459
0.00121191184207822
0.00124632481944102
0.000973772551794032
0.000981640014736773
0.0010647922341495
0.00135976755495003
0.00126385175605896
0.00128372712154957
0.00111434902459264
0.00123829953058271
0.00116622113572224
0
0.00141944881041024
0.00113144368836407
0.0010853287823842
0.00118491477954613
0.000933460289799689
0.00139002675746523
0.00113719534366209
0.00106823150789791
0.00118051282702082
0.00101376286752593
0.00104295238312545
0.00126158869153467
0.00113096796248169
0.00121201841856657
0.00103938407015601
0.00107365351942685
0.00113614780238325
0.00120917907207149
0.000978489049396086
0.00107545652507462
0.00111997020343837
0.00102722728188501
0.00108582453763301
0.00107767692893671
0.00116291200531251
0.00103711556504694
0.00106308780277052
0.000942050223708238
0.00101007056828158
0.000859523003852625
0.0010874259364843
0.00108584145542109
0.00103186361770273
0.00110566525095424
0.000979648225801439
0.00104495549870946
0.000940505068482932
0.000990707604946717
0.00101020859925356
0.00110385339765545
0.00127969685469093
0.00102199733360113
0.00102929724105154
0.00109283033983699
0.00101164752308487
0.00121661089613419
0.00110923969546755
0.000958791511916702
0.00113159056051229
0.00119209475011212
0.0010862189014403
0.00100025314631731
0.000872364929596535
0.00195076919796086
0.00110018688848077
0.00117237048164582
0.000903731054688428
0.00104037318550389
0.00103084533978972
0.00103033009843234
0.00130695925506272
0.00109390110826638
0.00117358092722093
0.00145035547713302
0.00103411487263109
0.00113081537519019
0.00108933293895364
0.00088398261239016
0.000964521275983707
0.00115242441384421
0.000980673850901427
0.00108661209463508
0.00100249999548716
0.00113307352560716
0.00115082491420334
0.00108003136599724
0.000979586329803881
0.00136404829051888
0.00112026434216545
0.00112189360259482
0.0010338278345205
0.00118830719050803
0.001176807379728
0.00104352522190054
0.00120013436036607
0.00126827136321963
0.000981824261553624
0.00121676161307018
0.00133313621044152
0.00119100251755391
0.00121175387885026
0.000901148790856327
0.00109470970081951
0.00111046362547712
0.00112174256073365
0.00113050374583627
0.00109936038219562
0.0010405093377615
0.0011381066390316
0.00107383886542578
0.00123775332422421
0.00100279269162817
0
0.00123197349230556
0.000918487709071823
0.000986351475477533
0.000962494075751261
0.000946935552355927
0.00101612370509251
0.000896608234054485
0.000945771305252759
0.00113083844009752
0.00096203189106985
0.00118367505454946
0.00115970440551433
0.00091877289356395
0.0010733926505069
0.00110385729284602
0.00110427744599949
0.00105926546373577
0.000957345870208528
0.00101718271951021
0.00117513482997124
0.000962941808489666
0.0010167194308798
0.001028698396191
0.00107991521744609
0.000931207080879839
0.000976012640569409
0.00103232250658051
0.00105071142004779
0.000854145662842069
0.000942440687992456
0.00100466460126672
0.00104240567620397
0.00105101283423151
0.000957722332765807
0.000957641091191981
0.00105703542296347
0.000926337656304928
0.00088717504766316
0.000928625717181043
0.000953139217307335
0.00104053003825925
0.00102789986304416
0.00103696812867988
0.00101828892646202
0.000992605356393794
0.00101004689241504
0.00103629154424534
0.00097494362857409
0.000785335204178463
0.000957546577684622
0.0011189227166093
0.000922637774317022
0.000943923454776704
0.000901383399441781
0.00106104396862622
0.00102287099234442
0.00119986777454608
0.00083860853585893
0.000791349611421221
0.00083930097051235
0.00107056598885131
0.000916071323128382
0.000916502203452173
0.00102795300215278
0.000836411773197158
0.00103889524372328
0.000837678396219345
0.000998634460613874
0.000925751070244655
0.000997835015848168
0.00112279371513476
0.00103833556647194
0.00166538630806546
0.000926322167740173
0.000933606274873182
0.000884872363709594
0.00103323291826814
0.00087784020729675
0.000972084211404378
0.000948152359851452
0.000897968236471186
0.000968735318957367
0.00109119580165014
0.0010746597363518
0.00100662622541975
0.00105248172384428
0.00114968348438453
0.000897775014861338
0.00108661636274401
0.00109704002317503
0.000994606035394571
0.000893640101814489
0.00112396297411568
0.00111726764017403
0.00107724295347123
0.00113500941305659
0.00108899169703763
0.000932156667688001
0.000957288157413206
0.00113404711943032
0.00110210793887589
0.000819352609666771
0.00116533732198509
0.000998574775573683
0.00101022161606125
0.000960593787808316
0.000950942465269503
0.00103869546905708
0.00105010200467416
0.000960024936075881
0.000928290843471937
0.00100555630061747
0.000914452502716313
0.0010133221324908
0.000939103564184124
0.000947220625451509
0.000832946978592113
0.00120241015609694
0.000902123091079331
0.000825239533614882
0.00108080538468726
0.000784464252420584
0.00114539568934036
0.000947835773726471
0.00100954223832975
0.00086304906630463
0.000974134219383466
0.00101533044273704
0.00109111878298485
0.000918406444717868
0.000975148940091861
0.00100957006205622
0.000949346358639501
0.000997162350733475
0.00099497616337791
0.00100015504380946
0.000857912980833129
0.000859354516316946
0.00101344166886557
0.000998741713209133
0.00101591380968832
0.00113778920559321
0.00104865144326887
0.000960991735336064
0.000951403892909429
0.00105590384309722
0.00110241483159728
0.000967549860737474
0.000931689508797497
0.00105100427252861
0.00114967210693714
0.00106268256261605
0.000826547972759035
0.000880611007858507
0.0011111038985729
0.000883861002285592
0.000876903196361146
0.000918313066225706
0.000883548870142374
0.000934204697467999
0.000966014056932835
0.000871009545470928
0.00100856037999538
0.00102515493488329
0.000876933866349073
0.00100196851795879
0.000971541145360133
0.000911944262494636
0.000836730945336787
0.00082730517203214
0.000903388769874378
0.000988808670290484
0.000940463382697897
0.000969946027119867
0.000926475497040125
0.00137484376665925
0.000832587808786478
0.000990998583918675
0.000796107004628391
0.00100704878212476
0.000993481492408343
0.000921123364022467
0.000910006266897818
0.000931025715246948
0.000962973550955863
0.00095344932140511
0.000964251517292652
0.000863279354685312
0.000953659026602307
0.000901486696683854
0.000911997638483333
0.00110007989750622
0.000859112556117015
0.000928331362736047
0.000738820876224719
0.000924229793086081
0.000838821078593411
0.00105731450915758
0.00103055668790822
0.0011507441257849
0.00100474849880819
0.00091875631437551
0.00107754149100663
0.00112618373738456
0.00105387681264768
0.000960312842126236
0.00100133208704305
0.00105770705210673
0.000924745454865623
0.00078691161660047
0.00108269476467629
0.000938176469071009
0.00101483405047167
0.00122399458641989
0.00109293252444111
0.000929425381797342
0.00103105561626775
0.000895143512403128
0.00101119873107772
0.00105191814299689
0.000769247365440522
0.000837616063442477
0.000996413591151947
0.00105264284797249
0.000960500719785792
0.000897300188369076
0.00099506659777998
0.000831730195126641
0.000980027236038804
0.000916542394671912
0.0010834143034419
0.000858619414960855
0.00105070790140135
0.00104041626963957
0.00109447554442392
0.000970158143298573
0.000884269468514561
0.000888063135244993
0.000887117215075028
0.000890357730723252
0.00105645535250831
0.000931194007527103
0.000885048026612436
0.000894250560244305
0.00118033892192311
0.000886422934395199
0.000935425122471382
0.000894187048338851
0.000900687078424256
0.00103088629153102
0.000943995457851841
0.00102893162141469
0.00108802602580535
0.000862993133896369
0.00089594094669694
0.00142412286880037
0.000956956273340569
0.001017130566654
0.000971379400891848
0.00088690887302402
0.000847543139794199
0.000944040299636636
0.000837823463452539
0.000869853903387318
0.000819819538694333
0.00103284944594617
0.000941349493576842
0.00101436036346955
0.000885628516506411
0.000950514095916764
0.000867032299213844
0.000953237937542086
0.0007766842301124
0.000903220442945698
0.000788314408899366
0.000866463999987839
0.00102984699281421
0.000928443511107883
0.000963177903758812
0.000854206489288286
0.000814811309461354
0.000855990808761162
0.000901972590458211
0.000845901446193663
0.000902422292594203
0.000876724712980167
0.000923504133539159
0.000823748522722397
0.000882915707360509
0.000817301697576258
0.000965017856698926
0.000888521445806273
0.000871768100644746
0.000840147013661036
0.000873923011306648
0.000929747330412923
0.00091099792163594
0.00085861072334554
0.000844408921570889
0.000899846514938899
0.00101604609978355
0.000828685161338137
0.000834513273831404
0.000844269055648199
0.000948430748784947
0.000775716472025077
0.000905170339161953
0.000855816157095152
0.000896447598419451
0.000963431764395368
0.000895521211210958
0.00101235289107034
0.000834676318480484
0.00102250093240056
0.000874774785620697
0.0008992475325552
0.00101618803145115
0.000863685058793443
0.000881333435287594
0.000849944711449146
0.000910324011976721
0.000938421522437317
0.000858020297530485
0.000885362898132506
0.000805391500074828
0.000864031870227001
0.00105972112428032
0.000897857835307701
0.000861225413151811
0.000824604900558328
0.000894871522580754
0.000871684922837536
0.00098230984995444
0.00096354173034416
0.000914592535989619
0.000877802768266833
0.000826794980079494
0.000814390885977723
0.000904657643671747
0.000983432243086789
0.000857747372229332
0.000922225781701052
0.000955983204097743
0.00105581449639097
0.000971530337836289
0.000857894353546025
0.00099123779453089
0.000880510026271858
0.000900911003082929
0.00109612722617201
0.000905721533473129
0.000903543433500981
0.000848354945212142
0.000949115865172626
0.00101900082043518
0.000898514619381029
0.00101428360132365
0.000774523414892113
0.000859417859368585
0.00100811379571984
0.000866649732755224
0.00095429470918859
0.000838747286196632
0.000907065366804297
0.000790771601849213
0.00101809098970319
0.000899468725357576
0.000898913229016087
0.000879080237122515
0.000849236443370723
0.000847909307226733
0.000915014363253554
0.000976029832816737
0.000805372279883786
0.000821922960526479
0.00096480845902934
0.00085530106998956
0.000888776039650701
0.000981840404550919
0.000934729408416627
0.000857782379763754
0.000905528014713975
0.000942635733211291
0.000938459090348579
0.00095398339669763
0.000969292176246109
0.0009853692372784
0.000849152437108336
0.000918533709765138
0.000863378313493461
0.000942806045359598
0.000830292056401505
0.000927042647177614
0.000847012996256667
0.00109275491370189
0
0.00114128660024236
0.000900512268962671
0.00111254905767757
0.000876611091599134
0.00101744715923577
0.000862583610161729
0.000896060630166787
0.000816461821684833
0.000863778090427001
0.000957671701603436
0.000855822057713969
0.000952424531454131
0.000961207731516868
0.000904854026743808
0.00079688582824653
0.000880651236826556
0.00091638420032656
0.000947747420548608
0.000746753202614199
0.000859151126577349
0.000931295070660982
0.000945833151246724
0.000868239084884404
0.000902611357550802
0.000925366741336764
0.000866502233447097
0.000819171340599733
0.00110382045527799
0.000814479293568777
0.000902649473671981
0.000808163337716183
0.000913865861859999
0.000847031139965758
0.000943657627991354
0.000847693742024175
0.00133353688624633
0.000980432617134436
0.000804214452265048
0.000776968365447622
0.000845482622700753
0.00097661806003711
0.000885007753319963
0.00090447440201561
0.000915625345633621
0.000919143368649691
0.000852339968195245
0.000893553837615172
0.000959938134502331
0.000881845504441796
0.000944564887540147
0.00101941978298002
0.000768480424711098
0.000861067669525928
0.00111796560614614
0.0011595066191265
0.000950003761844916
0.000828896036744462
0.000874900975512058
0.000966264823987785
0.000746443699768205
0.000900919199191482
0.0009003243848343
0.00103643400292377
0.000944292497715391
0.000977880196374791
0.00113435477864535
0.000971031913993704
0.00098543389769164
0.00106581846242538
0.0010031937005238
0.000918401552022342
0.000944901898672459
0.000994051748109355
0.000897765604116927
0.000731953836950597
0.000930191684517028
0.00089716285785704
0.000873198253948894
0.000844494944262285
0.00102718806866249
0.000987346126695528
0.000867384930151758
0.00103947558933535
0.000974293857504872
0.00101177275411461
0.000950657422040028
0.000912187594095407
0.00104010049314002
0.00111874828092223
0.0010178216275323
0.000913342399393217
0.000956297572375799
0.00100122635335109
0.00101482571004828
0.000927060934764265
0.00092653132338454
0.000854765572357736
0.00118726507472737
0.00102568949950568
0.000970287124085128
0.000837764253780606
0.000918615226077932
0.000940097994582012
0.000886140179925684
0.00087214000749868
0.000889338841409836
0.000896215825823645
0.000899301650659192
0.00090774239404985
0.000874826952998031
0.000799486638883794
0.000892334940068828
0.000936667181925783
0.00100786256403909
0.00106493960872495
0.000765730416305699
0.000999208269576561
0.000963953989501219
0.000902646511958757
0.00085855702925622
0.000846990643318946
0.000884310855233637
0.000797122114531525
0.000840946739793243
0.000763970079776128
0.000994149570319106
0.000887061670679654
0.000926504805254992
0.000983882738961188
0.000988287370181865
0.000754644265535276
0.000875189477888986
0.000887291108272985
0.000957528110095731
0.000857430699191497
0.000872881943175046
0.00104283890605344
0.000901412388561717
0.000855518274279881
0.000842459016356003
0.000792341502871926
0.000949946108244085
0.00100888002229867
0.00104196171137846
0.00100514027856403
0.000915987648210148
0.000799382997747479
0.000867896515294498
0.000894320067409917
0.00088151556710253
0.000787410233217154
0.00093508317698783
0.000942697397513731
0.000948188734397467
0.000835718158492204
0.000841188809800564
0.000928366541965045
0.000763927863140681
0.00085965573541044
0.000896283630654926
0.000965535945904493
0.000852295383417339
0.000872062186714055
0.000891754577063394
0.000840662984699534
0.00083787438559102
0.000807827414758137
0.00094026881024415
0.000854033266583182
0.0008421511817796
0.00081909820269753
0.000893731820090136
0.000819513086548796
0.000830800463415825
0.000745507267291533
0.000847335616057241
0.000908158990475829
0.000860345312448512
0.000856494036256597
0.000964918682481425
0.000926804366616618
0.000846902527796205
0.000853140397077557
0.000756216794625383
0.000921705833753504
0.000865407861649462
0.000963535473140404
0.000886813845795622
0.000862189591980241
0.000929313195541177
0.000880573144212458
0.000857250698059968
0.000922667463032147
0.000896703908706695
0.000789952933045754
0.000797763984849916
0.000798803812467856
0.000944572405475529
0.000888268659858618
0.00080854319304342
0.000813419354818324
0.000807615037862728
0.000951222206295651
0.000874034775285758
0.00107183164319871
0.000912887239020456
0.000991730191453781
0.000976050190201885
0.00088964224454766
0.000798824854147662
0.000999181088626603
0.000849019340826769
0.000863820404253484
0.000863481110250258
0.0008319488558825
0.000776034827041064
0.0010106623644255
0.000858798151966359
0.000810387564679629
0.000864999452329445
0.000792518784855045
0.000840330619495098
0.000961717568460184
0.000802560772718379
0.000810618349191171
0.000755917456546614
0.000947080653016236
0.000932147108241548
0.000907529419324961
0.000995236100097155
0.000902242521079487
0.000944597961900037
0.000886621504964683
0.000889093398691733
0.000993905291848
0.000888830805430428
0.000793784815657816
0.000804608575382321
0.000805405512773839
0.000877597155312793
0.000834666526558117
0.000882369532598658
0.000951837825381917
0.000987262107660089
0.000844665361545026
0.000930107809871919
0.000978485887547585
0.000936758157022742
0.00084961588356404
0.000884669338515147
0.00103411268179453
0.00100366126050363
0.000887526435485896
0.000883657345061927
0.000943128867180016
0.000813328280431589
0.000945249951489967
0.000873831541408313
0.000864086895233275
0.000904294455536731
0.000948995398163994
0.000857033031342766
0.00102268326192085
0.000813042108378112
0.000862598433416538
0.00087010354501404
0.000865433950988872
0.000793102180348466
0.000914485987124561
0.000788851962918991
0.000815866701488399
0.000866265529613672
0.000902303356600024
0.00151074850491656
0.000903075335879059
0.000857524727423978
0.000789715554901301
0.000829523460475295
0.000898797185108423
0.000891387933948925
0.000714863226770237
0.000809188536402774
0.000765456972497615
0.000878031532165088
0.000772431089251229
0.000849874080413182
0.000829575749712379
0.000840355127329223
0.000891319975413275
0.000856734131394309
0.000856002149388258
0.000812649832956424
0.000775906454535749
0.000843877503561559
0.000975145493881374
0.000948870302452161
0.000934386175800718
0.000939755082944927
0.00450640254612434
0.00103828915398355
0.000885565065720643
0.00107508107249111
0
0.00118103414692587
0.000914606988098308
0.00106949411309503
0.000938753119904149
0
0.000943556726821862
0.000780476757792144
0.000990668422299589
0.00103550814578112
0
0
0.00115036184655585
0.000800959621453439
0.000873755916355021
0.000867119860628803
0.00114327748980014
0
0.00108944304136755
0.000847806702608766
0.000928675632517628
0.000995694332047434
0.000924072126654641
0
0.00116561425906831
0
0.00099072484275373
0.000907233135767658
0.000978381175542269
0.000767372327988618
0.000871922026354378
0.000860892228692732
0.000757455265597832
0.000842759397292058
0.000835271551849652
0.000897595420088231
0.000869169288586072
0.000911508411984671
0.000845207941521727
0.000835417787489442
0.00116309705092796
0
0.00105547252495577
0.000997424564177484
0.000796689947559211
0
0.00111580634791817
0.000730176754751283
0.000909126062981937
0.000829110900142919
0.00101580444309411
0
0.00117525582143151
0
0.00102845662728771
0.000846848550498044
0.000930455109401544
0.00077842343718767
0.00083622974517009
0.000946828283784362
0.00106645800167207
0.000841912372677939
0.000992427177762654
0.000943813940757493
0.000804418642649327
0.000827177368649806
0.00101327371165549
0.000946483662851694
0.00093300235624229
0.000912656820475116
0.000927769410051591
0.000752811769918482
0.000865479418498987
0.000824701111686684
0.000797362782633575
0.000825522214368208
0.000779455947112356
0.000844618322941674
0.00091303147439441
0.000726416015151448
0.000830738956832596
0.000999188069433983
0.000870980196021467
0.000840956142050279
0.000896702900184316
0.000681178232079343
0.000876952428627053
0.000886819015719351
0.000966201972736875
0.000935505129782277
0.000958768480606639
0.000983959227265891
0.000773514435678588
0.000834072966877369
0.000843423394568213
0.00101227495732541
0.000990057995828335
0.000947569049596508
0.00124138188721938
0.000845046493785819
0.000882203593269086
0.00118886207708447
0.00123348981448097
0.00091683578847311
0.000970403551862655
0.000984333828247845
0.00100765320616977
0.000939298174232656
0.00122050695583849
0.00105032536843512
0.000799766673710946
0.000888021381266971
0.000916881910912785
0.000982657211247559
0.00118975236453104
0.000923608983368525
0.00098735656983662
0.000809761811722295
0.00119906461509585
0.000889718690783353
0.000787108700020507
0.000885419188897216
0.000834202425724562
0.000933952009334616
0.000918474213249668
0.000994899749679781
0.00080178743002375
0.000962673255438456
0.000794224147133535
0.000793448103958677
0.00100007582108253
0.00104689414115412
0.000882534935187857
0.000858920268626549
0.00086536455064423
0.000876986211375149
0.000890847678928312
0.000810049702586308
0.000973273212352579
0.00079323549709999
0.000832050246789292
0.000858471527929181
0.000936921435294735
0.000854912579217553
0.000834068807019641
0.00088620408751592
0.00089150050120604
0.000815514351943297
0.000763562438220082
0.000975076892582912
0.00085819559124703
0.00111782413624264
0.00093020894673278
0.000781791180695333
0.000915399899542725
0.000900976229387656
0.000796190336945863
0.00102378284799882
0.00074809605777824
0.000974009499444194
0.000885272184892406
0.000830905034346725
0.000998414131059498
0.000915719535447312
0.00081723396837791
0.000794377128430489
0.000959699675219071
0.000876290306381496
0.000920955925269935
0.000822638697399534
0.000812686558385349
0.000899581874839982
0.000895101838067434
0.000888373688879508
0.000840487389927915
0.000886173318897786
0.000946834812235291
0.000830029576828643
0.000876928198810995
0.000827362874771132
0.000900058904728124
0.000758658445186807
0.000930638334997822
0.000978934902566493
0.000920728616131345
0.00108997252917658
0.000906942035374284
0.000855859257344469
0.000850750442465062
0.000965549122200289
0.000793591520431855
0.000801774435665827
0.000686624039115867
0.00076218262853304
0.000945152463117633
0.000838402663781669
0.000889177887297487
0.000829553119679504
0.000826869221669221
0.000878005057840558
0.000941679682431602
0.000927578150407995
0.000787773101585033
0.0008214372195579
0.000791902044987093
0.00104481967347207
0.000905307262549284
0.000754065119847241
0.000734947282946407
0.00081755260417105
0.000929986945056333
0.000804751813327883
0.000791996390718621
0.000898110367550639
0.000936986236240305
0.000838778752254562
0.000713097042153467
0.000821028978583384
0.000868889970942045
0.000797618785373219
0.000841252531224002
0.000727800995149391
0.000823824541555578
0.000774854250990819
0.000844757373576491
0.000776815516113869
0.00083300654858211
0.000824163566216855
0.000664703717074174
0.000829532358619978
0.000749003055331572
0.00085509333775007
0.000911046420736306
0.000855121094947746
0.000791744689942389
0.000886287973896888
0.00079762535435765
0.000883187842872662
0.000888342079918736
0.000807949795028715
0.000865046528240815
0.000918427286678823
0.000764772699230366
0.000795311209449189
0.000667520053843407
0.000810617171396593
0.000836339048157022
0.000824944608326165
0.000818464102626198
0.000715402712654716
0.000829658415222531
0.000819447023113987
0.000732260933670435
0.000690407209412436
0.000762412031253177
0.000657716494707756
0.00072906009512364
0.000830516234801763
0.000783934395135006
0.000794950643296534
0.000915111654961774
0.000867649710036402
0.000804082657199847
0.000800843635512437
0.000759545603629593
0.000817979836304947
0.00093224962054
0.000873317458344096
0.00075425513352501
0.000797936341413404
0.000787150622134856
0.000768350130180229
0.000950449726645602
0.000872178188518039
0.000930834144922123
0.000879301531458093
0.000895110977391625
0.000796255989327103
0.000864865545285028
0.000851747316532976
0.000771871770091558
0.000934043158292427
0.000911894751765319
0.000852094365458582
0.000881817864451447
0.000865372118288587
0.0010485669206786
0.000776540612884298
0.000834674683177307
0.000789953698234652
0.000733740784404588
0.000865647147773442
0.000909241426119233
0.000742603065272081
0.000876324229321875
0.000879923782718846
0.000816023362116224
0.000840988977172529
0.000760464405686057
0.000729064887681454
0.000837406945205319
0.000737388671489727
0.000792767392196369
0.000765313207529812
0.000867552718922551
0.000718024750299691
0.000932079345423922
0.000823051645145781
0.000807502549407988
0.000912963751067677
0.000807091738940377
0.000780023278922933
0.000740152168523553
0.00088649240512855
0.000806548835379199
0.000774218305596023
0.000798378415363802
0.00083562391767907
0.000842106383360293
0.000836238391165607
0.000836716564849274
0.000789931812974281
0.000770110346104019
0.000767440401052938
0.000888783917130863
0.00076866670771423
0.000760359090897873
0.000818804974670541
0.000924949508884788
0
0.00105239207359916
0.000959598458930622
0.000915075763543761
0.00092932717985155
0.00101279330849128
0.000776685808816201
0.000818768697616325
0.000826771226535263
0.000889362980589587
0.000756353828935726
0.000940591263895643
0.000807771492324257
0.000846896392031142
0
0.00106459210860935
0.000819867919574186
0.000737246335675065
0.000913429084738946
0.000908664642503001
0
0.00101559875654696
0.000799082490644764
0.000811558662875627
0.000908087898853276
0.000788418851937666
0.000838907255076337
0.000804511533105527
0.000858974332206132
0.000732252792748786
0.00078879685183941
0.000787845926091312
0.000705296019378278
0.000767259845881016
0.000784229358930745
0.00080823060990058
0.000812462019671946
0.000724902421458891
0.00077697680384135
0.000783317622397796
0.000700680253545698
0.000736862112610402
0.000826549303648743
0.000749501184125451
0.000816697154471878
0.000830501118758846
0.000778660412808921
0.000805708488180857
0.000826897505099362
0.000753944521340115
0.00100212693068002
0.000775675343080619
0.000757486126352702
0.0009275574383649
0.000977323137404632
0.000811323628627599
0.000751890190267371
0.000880773236067477
0.000707000763526823
0.000789074289423471
0.000807877954618109
0.000900303952534874
0.000969465426475733
0.000807744051248284
0.00082380300011077
0.000798886580027558
0.000765720943980262
0.000822240121391868
0.000747920423407366
0.000812649928668624
0.000676227978697903
0.000899514330181045
0.000832654137314706
0.000744823937481599
0.00105998749832023
0.000794648132893679
0.000890168461684412
0.000808460270685877
0.000801485856970935
0.000832395203144177
0.000825042210945232
0.000715218630314402
0.000914298385665778
0.000840646247488441
0.000830140973231524
0.000771488015739592
0.000740102771921291
0.000721154880025783
0.000810764596913214
0.00080875542426021
0.000794693456910047
0.000884918584184145
0.000838494335399761
0.000852386211916702
0.000888335187729992
0.000838927397006884
0.00091205213449555
0.000829241839796843
0.000948049135898096
0.000950423563945838
0.000898309872209489
0.000863154738721146
0.00070738503913651
0.000812444213888207
0.000781864954525075
0.000766917787047378
0.000886480851574841
0.000846996576226292
0.00082380231291873
0.000778394774097684
0.000777885710088596
0.000737345742994921
0.000816361557164912
0.000886388310519052
0.000838422669617847
0.000903066561848922
0.000869978889220471
0.000751557477947107
0.000873191934858327
0.000877243809562664
0.000765925347302867
0.000821110274230907
0.000874843846875026
0.000837022151813653
0.000899083580867106
0.000949762210101668
0.000866510094194637
0.00111741809973812
0.000870448348754308
0.000809761557131237
0.000845694107864886
0.000768298256492965
0.000821068483622819
0.000807385145263059
0.000796162423451137
0.000671900360759863
0.000760739735243809
0.00081128371140087
0.000827919618044043
0.000682378555556074
0.000752096293104143
0.000820836516638182
0.000805586216061992
0.000802251872610748
0.00093645700378467
0.00078189154256053
0.000812086270561442
0.000837975433034692
0.000752104474358803
0.000773545885018334
0.000832239431680983
0.000785851771880754
0.000870757934732549
0.00150286637830407
0.000810773586817982
0.000914328560775326
0.000952911320406664
0.000771757874212332
0.000821986371466947
0.000757554136787884
0.000967166495574848
0.000769261611227944
0.000845048366223299
0.000739441571871966
0.00100153726301086
0.00091436733007366
0.00073699681752666
0.000947287812310267
0.000873429339689017
0.000795641655014196
0.000802222393327183
0.00076176557662156
0.000715491347247046
0.000785255826647255
0.000762884228584931
0.000856456416547065
0.000792878558473073
0.000809774353116498
0.000841707466331829
0.000711094647654634
0.000838823134939649
0.000782598256006848
0.00076039319781721
0.000812245691438178
0.000817942705323037
0.000711962637454438
0.000821628016512657
0.000783362693069427
0.000892204398802366
0.000875156997965632
0.000861167847338328
0.000795907954760333
0.000839171507922172
0.000816761373324415
0.000810609584195201
0.000934358928808184
0.00074452495370356
0.000739629318970141
0.000831005898242459
0.000803030416071209
0.000718239102187462
0.000867384239642907
0.000871635114348353
0.00081372638503912
0.00101359523565024
0.000749785452683261
0.000777057754294708
0.000800230838269038
0.00075652051183568
0.000863206541932494
0.000820061504476148
0.00068146767150123
0.000794914830745426
0.000853403189033453
0.000925834720187763
0.000787439825111314
0.000760492846228665
0.000815016264377042
0.00101005802497605
0.000858081215577566
0.000766646971439971
0.000830003253415915
0.000803350202116043
0.00092427272573882
0.000790351976772968
0.000811970209805968
0.000949875453474351
0.000859305226735365
0.000797019471873923
0.00068758169985108
0.000943039220631864
0.000929853435697454
0.00102733739985143
0.000838079959326016
0.000792732529767413
0.000831685270539764
0.000745730066957398
0.000909789765741805
0.000745608371749177
0.000861943013811335
0.000735463971585204
0.000780313420682525
0.000983060340676947
0.000937986830132935
0.000877815119955695
0.000839942623587462
0.000807871425590121
0.000776464668143326
0.00081923835840437
0.000867962073059998
0.0008183237322677
0.000783626257195882
0.000856951187503889
0.000847492116256453
0.000818162820316249
0.000733062697920931
0.000792854643635663
0.000882689046076307
0.000875282242706098
0.000743093071866324
0.000722017832232675
0.000836290576882956
0.000851603810970287
0.000948291624555632
0.000756776219072646
0.000781655461679341
0.000767116943832694
0.000892870304298864
0.000888003029657388
0.000764766075322461
0.000826544567586317
0.000762558675360565
0.00074073460871458
0.000896950789173484
0.00083525668726258
0.000975875766296653
0.000798721505007573
0.000897782306795761
0.000769334058857676
0.000764327520038864
0.000845525639171315
0.000855780974258747
0.000884444931389288
0.000697008350722707
0.000716430778300865
0.000872783696527448
0.00087329004638239
0.000965466244026967
0.000929246398722699
0.000722127834868449
0.00076201189160518
0.000778224330809851
0.000915857976494588
0.000879231149353616
0.000856888677824989
0.000778674681026396
0.000773475820263602
0.000795815551858113
0.000750537836013827
0.000844379618546441
0.000874859963416227
0.00104266262738252
0.000906212637295105
0.000819004716461022
0.000853247277050107
0.000923931429817824
0.000857685328410235
0.000845259226457594
0.00081971357408799
0.000774757020212104
0.00084049857561522
0.000767243914343382
0.00085015132291131
0.000915819983763497
0.00083656241528196
0.000854605031315669
0.00078067570810262
0.000804360814088705
0.000672619690418644
0.000781575565144716
0.000821421714645582
0.000895861680937127
0.000845986640731742
0.0008659007101061
0.000782794379349598
0.000746847352589481
0.000822074038382173
0.000852783655013242
0.000829641917975812
0.000800317016617634
0.000828614159427667
0.000894725648558817
0.000765541205919874
0.000911931356423579
0.00102458630076587
0
0.000898309398223381
0.000776747237120193
0.000808699530477574
0.00092688303029997
0.00094714838459024
0
0.00109138739257747
0.000860036742103035
0.000797402604827349
0.00095625933885234
0
0
0.00116457857023991
0.000723679104094466
0.000873174757154574
0.000859015487284143
0.000882149207042074
0.00075609659732331
0.000892478136426295
0.000784036419253107
0.000961677302061024
0
0.000954473292562099
0.000738582237929688
0.000784216058218893
0.000859094097241168
0
0.00107335113562468
0.000896133816681763
0.000812609747490884
0.000939733525915184
0
0.000919892836272927
0.000754676040759467
0.000822574367280313
0
0.00105369502036235
0.000759996083841923
0.00084582630623201
0.000858785328218801
0
0.00104316677806323
0.000909274822903398
0.000831434361971655
0.00079828211045747
0.000836027379150202
0.000708322729035493
0.000834910897905751
0.000894368639177137
0
0.00103597187386141
0.000774456905117788
0.000748924528255067
0.000964847873204688
0.000845689194045046
0.000842673422982483
0
0.00098362208537212
0.000717750062794327
0.000773992135521655
0.000931167190005093
0.000820481648115119
0
0.00116846488451962
0
0.000941845099226011
0.000835645408499887
0.000855168561415479
0.000730728265284689
0.000831892315621188
0.000813960827573515
0.000861291228992082
0.00085104892560216
0.000802584800120272
0.000837574165727909
0.000764705725950296
0.000858077245313937
0.000803192561339382
0.00110517269162393
0
0.00101470873257412
0.000783004503748742
0.000801923268522264
0.000787033270558355
0.0007700472048263
0.00076010044920108
0.000765727209180752
0.000854843190581156
0.00101143936181135
0
0.000900761556873493
0.000728147463161965
0.000793927499004567
0.000875399642431282
0
0.00102936530769231
0.000743710524336011
0.0007826487873243
0.000879956155003677
0
0.00101475097357467
0.000904321346962732
0.000788652341528928
0.000821022491823359
0.000924435912895005
0
0.000986023902192339
0.000893215099721081
0.000836472040863741
0.000774536460452791
0.00081478428545872
0.000873307246062532
0.000915393123441836
0
0.000964167907330297
0.000856749747445
0.00074719950979402
0.000961998251609703
0.00116347028591715
0
0.00108541470633999
0.000835806126201213
0.000905380391432484
0.000933822119460831
0.000816114291736788
0.000845208603959376
0.00089369523820114
0.000828833549202719
0.000897339170324596
0
0.00102662228095948
0.000874833119768145
0.000849013709776458
0.00101096854962515
0.00086733358391426
0.000785152469516768
0.000837651962840928
0.000841541462667203
0.000719713551202118
0.000716765751284519
0.00074188944069896
0.000806895955289766
0.000705103948528512
0.000744065465308309
0.000803175821988699
0.000963174207201366
0.000843354306347468
0.000887601454188011
0.000875345126006624
0.000906643481444584
0.00082759968741347
0.000770924544561481
0.000774149707944919
0.000815615731287107
0.000897614295074607
0.000806193780180134
0.000898883264712246
0.000702027320435246
0.000817727519698122
0.000783142400953207
0.000870396238999293
0.000798388256829852
0.000845471430180048
0.000757707221337634
0.000863576488708747
0.000783544246206372
0.000874208380801874
0.000750348629947634
0.000828888319394374
0.000941870356189819
0.00081303216175178
0.000814743218329648
0.000744317959062812
0.000854569482096421
0.000822320607986513
0.000818924665911832
0.000785212194699956
0.000892255880286955
0.00079706755773347
0.000686454533680084
0.000815269764713653
0.000690926596931095
0.000804365348743307
0.000775066866439455
0.000916770455280302
0.000858821876588938
0.000890359282237748
0.000848780254233574
0.000803259509553075
0.000803392308132567
0.000907958452424452
0
0.0010376447719739
0.000955015062529797
0.00100064998297572
0
0.00101230634618562
0.000889633821472041
0.000913066570659229
0
0.00122889059844372
0.000882339435911962
0.000716596156870566
0.00082184548051563
0.00127275610444305
0.00115524692016785
0.000831714120761888
0.000870494975289747
0.000829802736189483
0.000750944692071606
0
0.001071991781922
0.000804539522020644
0.000822298889587182
0.000793886952195756
0.000771568592562505
0.000914585022891019
0
0.00111967985460754
0.000686352947398203
0.00089004557258188
0.000807850003799836
0.000868484747433342
0
0.000998291951912849
0.000731407104577486
0.000828679075609041
0.000738590033459771
0.000736393744441609
0.000899161101949534
0
0.0010302941662879
0.000747069231168847
0.000780780381082009
0.00096418558057755
0.000744944837866458
0.000692897529148315
0.000962708329553255
0.000855289965581327
0.000770811980028943
0.000687622239070827
0.000808429894424587
0
0.00117337057852462
0.000881705529393633
0.000830857257177109
0.000894517661874805
0.00070608575802056
0.000791283241448875
0.000862373648066903
0.000886005107801669
0.000898500257370189
0
0.000884547533618425
0.000722063115604018
0.000790211222901095
0.000787584545891335
0
0.00106932370598137
0.000827211368686711
0.000882152381416426
0.000822091378559727
0.000759111675290409
0.000802736756696944
0
0.000981388213104415
0.000762909813516637
0.00081115736304432
0.000759401989849337
0.000696111614171791
0.000822583951160894
0.000893529171602149
0.000954616537737834
0.000791593276944622
0.000839421965494684
0.000881014538932449
0
0.000913471678470417
0.000851248617148628
0.000807584495370424
0.000942628062443466
0.000798715324163509
0.000704499839737598
0.000760051535724742
0.00103382161315786
0.000864497385695306
0.000818308313285632
0.000832502645520071
0.000839217879110515
0.00089294367033825
0.000808601182298844
0.000815339669930793
0.000740820955427475
0.000865175656396301
0.000808451862544918
0.000828661823595369
0.000781954864716974
0.00075477717760687
0.000814681461463566
0.000985600558137278
0.000894869252657617
0.000852243684632134
0.000889199569224116
0.000880897318823739
0.000836716129941885
0.000894797632908649
0.000878456543106637
0.000869913874988717
0.000758917496757146
0.00109477306280762
0.00100923937007907
0.000730858117323977
0
0.0009477597340596
0.000747394063584294
0.000940829939012799
0.000747130557833076
0.000986354635625123
0.000871934009926627
0.000895015074018067
0.000790872584384502
0.000768758063769705
0.00075477614447174
0.000874364949700449
0.000719152555303091
0.000733554983185355
0.000991498957467346
0.0008305256054958
0.000932982309211609
0
0.000929860698664957
0.000709878456650295
0.000760432430167451
0.000834088108586974
0
0.00096261124266971
0.000948302476223831
0.000745091355407401
0.000903231426059022
0.000775330407515478
0.00079659324879822
0.000802381453126253
0.000755838699978949
0.000709942739139198
0.000995122879321468
0.000708962433913952
0.000588146804068295
0.000827882295594918
0.000822806236792605
0.000757013397894659
0.000828316741296035
0
0.000972430820988122
0.000916424118630195
0.000832717882989019
0.000785615363237492
0.00085822382104065
0
0.000952496379470454
0.000724401919805758
0.000734417016410024
0.000877621292886504
0.000827717420578948
0.00071400656347196
0.000823173034088477
0.000802083747030685
0
0.00104313957049941
0.000692487869885224
0.000724199524212863
0.000743477316593651
0.000707516478249666
0.000825395052589587
0.000812444487381235
0
0.00105072510968881
0.000777951843230762
0.000767558382551628
0.000749491786276468
0.00103397542306719
0.000705167475835101
0.00072760072111345
0.000789755229111119
0.000841804579731565
0.000737963875403435
0.000724697291532264
0.000685910362125577
0.000744818802336287
0.000802667257904706
0.000780530783142706
0.000730868152747987
0.000874773604058773
0.000803177948111662
0.000810213716243705
0.000743213114437798
0.000750587780490066
0.000700407959579429
0.000865640701067777
0.000816568152193168
0
0.00103435297039057
0.000925768602360761
0
0.000827093139286492
0.000870785777455223
0.000758161386800871
0.000796790734036768
0
0.000882291934987841
0.000902787279764457
0
0.000998572193590882
0.00082379175967343
0.00086791888381157
0.000829925985458409
0.00080668123529865
0.000893502071801088
0.000782160837392595
0.000778872241233797
0.000734430300177185
0.00070406656086289
0.000721005512424319
0.000794473830564565
0.000848229376664574
0.000862326719392487
0.000824763096612139
0.00084430289470018
0.000736795397525191
0.000765226150191281
0.000703743189771207
0.000863434579705131
0.000706732159879715
0.000840125157255267
0.000780219688384963
0.000826358425652892
0.000798391102488539
0.000864337691416748
0
0.00094304888936295
0.000745920008968832
0.000775499295455246
0.000783970080268823
0.000790258689012335
0.000810839418773282
0.000819179715878722
0.000878663031717222
0.000767526381263041
0.00070506459678234
0.000785998513338735
0.000733050795871614
0.000729622223344827
0.000792619874893787
0.000728445401314635
0.000829210084593233
0.000731573527763473
0.000683125358831853
0.000829590921490817
0.00090865912955178
0.000855932293584207
0.000914030507356368
0.00081634094275471
0.000716837923984452
0.000698167463371177
0.000826850425985794
0.000738898726789847
0.000793585634109696
0.000779772563641115
0.000944135904648107
0.000802679112917287
0.000695637843717562
0.000850066905652465
0.000786101468127486
0.000785112036065133
0.000737146075394476
0.000865137883515421
0.00071596989313034
0.000712802576575966
0.000686688468880185
0.000656786725110954
0.000819567850492557
0.000654865122405298
0.000725238635823383
0.000739181436524315
0.00076447242624452
0.000831722248880422
0.000666723895525973
0.00088496177854969
0.000812091684385157
0.000726696157116167
0.000815299859696834
0.000671542803826059
0.000747785625975871
0.000853290501952895
0.000739748123578239
0.000836096257286509
0.000754413072241771
0.000792964165744818
0.000929040885684982
0.000734703974804569
0.000761283364691075
0.000783083074762582
0.000874210988172705
0.000769461042574437
0.000752810121719144
0.000738451630033533
0.000765242267242851
0.000815120758112451
0.000876792131773648
0.000697907911599067
0.000905416589270786
0.000834079533385425
0.000707491016625493
0.000771777783710434
0.000762529697163747
0.000737088585175517
0.000737841249593618
0.000904020418728551
0.000705751410660337
0.000779823870876217
0.000909729245086375
0.000799163648756615
0.00103229004565188
0.000910184653098357
0.000849186392845665
0.000938185071122952
0.000773323269573174
0.000949550925136616
0.000898982743743493
0.000779160159029008
0.000793895435719545
0.000730353922484659
0.000650630808272522
0.00070734837661808
0.000687899831480914
0.000743861927149038
0.000715591535282056
0.000698712332741953
0.000829140878599863
0.000696551432105082
0.000738335303468811
0.000872180990892737
0.000733664321411279
0.000894272053440326
0.000777256152582054
0.000805817962909631
0.00108755286522029
0.000801065951304673
0.0007755475784477
0.000774687780326776
0.000842973389946025
0.000684725837024676
0.000865214533557732
0.000728514264147336
0.00090713290128422
0.000825705987224968
0.000738524013795892
0.00075684101999359
0.000965959418205901
0.000868972070800125
0.000901129305295703
0.000798801077670197
0.000807255716832763
0.000810435475323862
0.000794784806387122
0.000834915678700091
0.000731411409061692
0.000702060421107812
0.000836920122484421
0.000596194413730117
0.000660101369118228
0.000787539561703925
0.000766868225182593
0.000732368395934386
0.000796147522511164
0.00073751729706577
0.000848701391144949
0.000715189182224307
0.000736295612666374
0.00078781917481857
0.000746290690709361
0.000787911345124486
0.000742183153380879
0.000875186415630135
0.000688678757860827
0.000699150621676195
0.000851134420398035
0.000747407606214993
0.000985898292490597
0.000765334738112093
0.000634750867856557
0.000708978332361586
0.00080273460718658
0.000738548622974242
0.000863577180761353
0.000748126053773949
0.000813234750706551
0.000620117286372952
0.000792966624811672
0.000738676489864454
0.000820861509743893
0
0.000783583884695029
0.000683303012054895
0.000776484886273127
0.000872208528297173
0.000723344281942775
0.000721592766827171
0.000664903157251403
0.000734173760527413
0.000736724235456
0.000785354015945267
0.000782440874606399
0.000654806731356602
0.000628329686583072
0.00072425645634216
0.000712972663971332
0.000691041682387766
0.00103400115006639
0.000768409892155582
0.000765835310140189
0.000748528140949244
0.000818223159854032
0.000852953970162167
0.000774559045496926
0.000732031602086808
0.000670631416855218
0.000650488288040521
0.000748535251317222
0.000742010846258084
0.000786547086910125
0.000675011104330083
0.000767300962736315
0.00068761507955265
0.000704391038389763
0.000652017194225321
0.000664162696801242
0.000706711167717434
0.000794839045641264
0.000736055449784066
0.000737680152126013
0.000644070991232722
0.000646405350271374
0.000771698120957311
0.000827812031492767
0.000694076255380266
0.00072887978199118
0.000844534964854953
0.000973193090010272
0.00106227277706092
0.000655265368324294
0.000687942469286104
0.000811378281338627
0.00077972981851996
0.000743387320809516
0.00062519374512014
0.000746818129481004
0.000715939293148414
0.000789946866594228
0.000639485467217677
0.000721957720593887
0.000738949448809798
0.000783161461014283
0.000757351191753223
0.000604879526011227
0.000786586348781695
0.000876167764599807
0.000699071441202544
0.000706814992512701
0.00065610317937574
0.000687170114486662
0.000744732900621674
0.00067474608931291
0.000794553947867801
0.000685686662435913
0.000714258241206518
0.000660144097416355
0.000695000042702934
0.000648833582583721
0.00087132497311274
0.000738112381385444
0.000666899184047497
0.000596643093518502
0.000668640378553064
0.000827591574276735
0.000629611609855305
0.000720087579830484
0.000636622787753467
0.000750930138123708
0.000644989118987219
0.00068407160001265
0.000739920475524494
0.000922696698253287
0.000690383161306732
0.000839575484800221
0.000752966255698813
0.00070186448310145
0.000659079526328577
0.000756729793243511
0.00065988246078057
0.000723677442717081
0.000699184644129444
0.000696307153929318
0.000626846383639835
0.000727534129035065
0.000690613775354426
0.000800581150042714
0.000664605467944572
0.000779991744500494
0.000937450594816702
0.00066202959671641
0.000807915722918706
0.000850490447050833
0.00068116985613103
0.000703273999414683
0.000644060641559364
0.000823875944229027
0.000769263407240988
0.000706565917083542
0.000790008243116321
0.000742055377238016
0.000763296635702459
0.000807297580087882
0.000795807074972486
0.000764654531983741
0.000762546521264597
0.000794065079521805
0.000847233511036842
0.000701281158048272
0.000747966547006778
0.000858710450934015
0.00110724522576796
0.000803738713363343
0.000680176353810434
0.000851115732392053
0.000659772011499347
0.0006859438330844
0.000934236566912022
0.00087774336104857
0.000777815385672261
0.000813993842418663
0.00090930071754395
0.000708836853111191
0.000808482976641725
0.000724115880721675
0.000774313653397313
0.00113939133801139
0.000707525498948057
0.000749928517666234
0.000647895967130529
0.00083755066685354
0.000752924589152586
0.00067319338571997
0.000701183149210529
0.000730608257518571
0.000793814697081398
0.000702107259885817
0.000712281329120665
0.000803232500417659
0.000825810624000764
0.000729200494850435
0.000901678749042179
0.000757049213077887
0.000815558713077514
0.000817903404530216
0.000813894476107798
0.000785460246387197
0.000682338198100215
0.000674550486792548
0.000852316520060636
0.000806423298985691
0.000725209805584231
0.000687076061212174
0.000781513199280489
0.00077648071168026
0.00074705208612043
0.000711340707872126
0.000706937962528084
0.000721969047596544
0.000800443543344135
0.000726294641686089
0.000740754818313372
0.000723768154912799
0.000742732181272446
0.000704377375538484
0.000774941619490592
0.000656934691118633
0.00076088338172626
0.000624024581300262
0.000799601697864021
0.000904080945088643
0.000783136681989845
0.000737881889416456
0.000697299390639671
0.000785028465574953
0.000714873802607735
0.000804255129026232
0.000740216041520214
0.00069758241028411
0.000668630470759994
0.000774822563799556
0.000734681451199595
0.000706111082947658
0.000849531324956752
0.000666263399591759
0.000795187924532983
0.000785574444930301
0.000711578034967995
0.000785720350462977
0.000756856525914797
0.000848974179727901
0.000867391126737399
0.000648444291417701
0.000761265647082604
0.000807079519090729
0.000678997290211408
0.00067794969094968
0.000737178533737716
0.000711219274219623
0.000656745904706335
0.000771784920363611
0.000727200380265944
0.00073395739046553
0.000780518249961449
0.000801330934575714
0.000687098498014665
0.00066289760751489
0.00076411607043472
0.000700407498968408
0.000698766179737798
0.000835309088337495
0.000753103536283103
0.000747757924936217
0.000726590474785601
0.000781311389808633
0.000748761547404996
0.000794977569701915
0.000658634072091703
0.000727237077986207
0.000758190235445799
0.000698999598585482
0.000643389255685698
0.000759657288887452
0.000662843200130991
0.000582173336105897
0.000805026266656455
0.000759303462147927
0.000763831134978713
0.00076385738332541
0.00072864083512681
0.000644408734714787
0.000787862299659878
0.000717871275449402
0.000768548582360996
0.000867823997602684
0.000752723658453884
0.000976807254342556
0.00073904569595273
0.000754287847474551
0.000754439515720937
0.000663201118672477
0.000711774885421719
0.000800556694821856
0.00064078153471232
0.000811133692465181
0.000750475131153122
0.00072673530415251
0.000741961531200272
0.000674105910999353
0.000710846458497526
0.000726722945175955
0.000697134533907117
0.000696528746472718
0.000686667261689812
0.000622069753749485
0.000735326050034289
0.000734396753190206
0.000759139974610992
0.00078514605121687
0.000725678007233794
0.000682963562217227
0.000669371454324658
0.000721646669722757
0.000701484505119678
0.000736605149005245
0.000680001109931496
0.000815730863952419
0.000812227528069571
0.000866183520936379
0.000788118579275814
0.000780178119608911
0.000797608391637467
0.000816771209660912
0.000718267471302555
0.000833559813518132
0.000660863757032987
0.000705335804201994
0.000834309620864172
0.000834040807064805
0.00107336368097318
0.000793469241268724
0.000760344784917753
0.000814711594422632
0.000759609302468807
0.000695284614978081
0.000746644525925998
0.000824913035212895
0.000741384379822428
0.000675861820457788
0.000608423722412534
0.000725471401143513
0.00077065259791225
0.000648586190492812
0.000715338858650576
0.000793365454392646
0.000767562449637415
0.000640387761961204
0.000716675605935738
0.000817962343507572
0.000722535246555843
0.000721417933627587
0.000739588624863632
0.000733403381039754
0.000652431978609026
0.000755005258230617
0.000754709616149468
0.000845013323883827
0.000797705074216405
0.000982870829036722
0.000698270878929923
0.000758984184380552
0.000753028642846519
0.00075051597148771
0.000655780649659062
0.000700041276568578
0.00096496020650714
0.000839088236062719
0.000685292099755283
0.000705621831185344
0.00069893662381092
0.000793442992028032
0.000698334654231789
0.000671147833600033
0.000831343288376371
0.00081997144786934
0.000740366436376618
0.000696814415747628
0.000728302456810072
0.000802677736128145
0.000719942514487292
0.00062246588315418
0.000730232405737776
0.00090149444355612
0.00100575165743722
0.000682349961316132
0.000792475436256509
0.000894290983828028
0.000641855582203916
0.00068174740686903
0.00074697630929078
0.000700342233764694
0.000783811875233341
0.000827666786402972
0.000769487309020909
0.000755840140408786
0.000803026057261967
0.000791770403677693
0.000816840352549975
0.0007961789790088
0.000752596917706509
0.000756750645098923
0.000805824591054844
0.000662017483175723
0.000561246989941152
0.000803543765795061
0.000711127002067298
0.000742394895630408
0.000800140276213107
0.000704727121992723
0.000755917527590383
0.000682998749131144
0.000693561183380858
0.000711593247611407
0.000687790458601397
0.000709209173893687
0.00069035039399959
0.000762034531488275
0.00073491778312119
0.00079368461796089
0.00075243091530883
0.00101113977832899
0.000775950029574985
0.000844897614456966
0.00089669591133639
0.000776607623035758
0.000755503560307644
0.000720682055012534
0.000682725249708761
0.000848631224864601
0.000683059316964976
0.000695408358757835
0.00081743448749654
0.000762794641463507
0.00073427477569989
0.000787380221356577
0.000763222710952207
0.000720913513544285
0.000846014117641384
0.000917637089882831
0.000780041698542653
0.000765681373572304
0.00071199510016462
0.000736955806948886
0.000829864892224193
0.000798718040692703
0.000688701043857462
0.000748129028769279
0.000813806857685434
0.000672276179450621
0.000721202703503093
0.000664241456979135
0.000752316304349589
0.000743549117873023
0.000784626251493767
0.000656628569550712
0.000910660152083478
0.000756574724186584
0.00071551141013252
0.000618215359751802
0.000936964361243335
0.000955879051144669
0.000702856525367798
0.000853321384798112
0.000814199383309561
0.000862584214405295
0.000716063657467983
0.000701318483728865
0.000899770324104982
0.000767344545656966
0.000702930041721949
0.000953670283042656
0.000863155383280718
0.0006777195977484
0.000824271458510218
0.000768723713462669
0.000739358308908382
0.000814505213904816
0.000707324235204475
0.000828360836036438
0.000828576951269485
0.000880259966339541
0.000788185972285913
0.000940155718728387
0.000929849905563688
0.000684206577079258
0.000879322164693489
0.000812564873925783
0.000751900823389867
0.000908823581681631
0.00088283448564478
0.00108385737677133
0.000765851916662638
0.000714071562470909
0.000900402238432501
0.000722413150550451
0.000701255828935424
0.00075432799476019
0.000698779501493428
0.000701489335721429
0.000694416931504543
0.0007948646585998
0.000696494250038997
0.000751781199487289
0.00073767663285993
0.000781763817082012
0.000872347821885533
0.000634855170575379
0.000725403854709983
0.000702775154688306
0.00097071755219079
0.000900887638173327
0.000788437400691487
0.000788104713651397
0.000798435047611809
0.000795260301148933
0.000762655042046674
0.000876141214613708
0.000741139332399798
0.000731689035351035
0.000804622313667561
0.000691414906499135
0.00066575032540446
0.000676698947502928
0.00075739063350933
0.000689034863024374
0.000837560161453775
0.000714247635478487
0.000813178142971526
0.000735109390483425
0.000697259851096441
0.000773606000575501
0.000728771506475379
0.000755339159227054
0.000829487794116016
0.000761206317205479
0.000757482282173576
0.000841321927679716
0.000736810432783422
0.000667097523125485
0.000745528900768306
0.00077538711056512
0.000692011247421348
0.000825625217601877
0.00080982173810555
0.000792639322476982
0.00069599545022418
0.000627449461937504
0.000772993335485634
0.000820516444976065
0.000816328448225579
0.000742656850215683
0.000901196838349619
0.000711178957245657
0.000748069811458858
0.000775150632585927
0.000738244833472031
0.00080546133805958
0.000697234450917043
0.000768998917874361
0.000708652981302397
0.000712028631412333
0.000706572070302432
0.000641319906231032
0.000701278992065568
0.000782130196856028
0.000744294775909813
0.000663654256777057
0.00065084503409748
0.000702051179241223
0.000727605176397319
0.00078042501110635
0.000720471000425188
0.00070264357093126
0.000725763527180582
0.000648318178959057
0.000836133739792994
0.000792053251667966
0.000711937240889583
0.00071090412038801
0.0008061791635382
0.000724279874960986
0.000976846340473055
0
0.00089212598277447
0.000783345292014379
0.00074433160948016
0.000692411653212033
0.00079788536834503
0.000783423011913848
0.000740295114374182
0.000724501266528856
0.000720115301438008
0.000737625644540269
0.000774564248867313
0.000590496396200781
0.000705978922484552
0.000646326463589342
0.000677114351047724
0.000924315144681609
0.00094187232025191
0.000878294664905681
0.000719995780604332
0.000708914881487778
0.000772377450147377
0.000802225365844646
0.000808626921956555
0.000714092481917198
0.000751299324907725
0.000781532479013112
0.00092294472895325
0.000680336319872532
0.000862483254159859
0.000717718183170488
0.00075800145808554
0.000762979723418693
0.000685074695020609
0.000767503799932847
0.000816858775543863
0.000748630921833263
0.000878590929394796
0.000823266650956767
0.000755849078364487
0.000752087013314126
0.000739196059686533
0.000745101681833107
0.000713144594362878
0.000788827343894892
0.000794137543192598
0.000740030053562941
0.000683850207067454
0.000738388039480432
0.00082844759063803
0.000706422082954037
0.000741059293858107
0.0010492942571779
0.000854979074864106
0.00112398685391877
0.000749573915876018
0.00081634496506771
0.00082234857525137
0.00075557074817901
0.0007247198463762
0.00076004689226061
0.000757726637097953
0.000808343569851326
0.000756538457156796
0.000854153554295279
0.000815456428224201
0.000790354895731683
0.000856146812187713
0.00081910574106172
0.000781316831865376
0.000774588319456966
0.000769019470054351
0.000732502142059442
0.000865197559045341
0.000866419561394972
0.000727029430831168
0.000713100890896291
0.000755311276128371
0.000678245373716946
0.000669590457710451
0.000852827307007945
0.000721243425590492
0.000783950435806173
0.000784043468096302
0.000784239914074895
0.000807066435313501
0.000816869244615216
0.000785797076905365
0.000718212709408609
0.000730590315939739
0.000756877598975563
0.00082391054722627
0.000881716594160846
0.000724853761952665
0.000780272496461772
0.000680600937309017
0.000735287932380667
0.000789883763117612
0.000782535637187855
0.000772303517765253
0.000649840033935051
0.000828104747322113
0.000776973309294815
0.000807251833885273
0.000745651083848253
0.000835088509356826
0.000866143034412772
0.000827009737294478
0.000746395092744335
0.000766312356427636
0.000813745655672928
0.000811862190908256
0.000688210047135339
0.000748111910271028
0.000787851884364017
0.000781084098547562
0.000773019054323793
0.00069736995268363
0.000832267345911074
0.00074403291722008
0.00083515223896921
0.000680287954918953
0.000745425253236395
0.000813865320275028
0.000814061849046083
0.000708388061946026
0.00072229966603536
0.000857889959048567
0.000762688241251899
0.000858261861204732
0.000685252747257002
0.000703219712726537
0.000746704066295975
0.000756060646754763
0.000822689917992231
0.000854919132995477
0.0007511453865396
0.000669548443181903
0.000765265073670614
0.000731474588949005
0.000829836958228738
0.000802619904609483
0.000776899220559985
0.000746113853107565
0.000803962572641585
0.00071510880197598
0.000758677528258171
0.000828332826234376
0.000659982361421896
0.000745395814092227
0.000725466106363041
0.000721345163474475
0.0008337178830477
0.000847996930244837
0.000751913404605667
0.000668426856401424
0.000858942986420127
0.000831077291958792
0.000781258857922045
0.000670461483820946
0.000794913463634859
0.000872458914418814
0.000761073325310952
0.000860648463354829
0.000864692948586934
0.000927830624630552
0.000767034437847471
0.000824311707824673
0.000802389523651354
0.000820752815897163
0.00083466885042809
0.000716635832437608
0.000736707079436389
0.000843126007036892
0.000700430559209124
0.000610304634681947
0.000726165943964236
0.000730181260919936
0.00075266691278248
0.000774227263776386
0.000700855587213521
0.000770817382739756
0.000794303212199018
0.000851918665580882
0.000741597783344794
0.000738444559777426
0.000775509754026979
0.000712437978394982
0.000777728996503718
0.000618296279147682
0.00066066994291421
0.000757096937513843
0.000699490746026056
0.000703402104886912
0.000837587019840454
0.00086437941067793
0.000772963294537078
0.000850513882485334
0.000812675385785644
0.000693283443213249
0.000731360378277094
0.000751668794668112
0.000647538916929678
0.000722841812300057
0.000791522737063871
0.000870038183733186
0.000750180046815224
0.000720906168670771
0.000929959771826674
0.000914712589520505
0.000724786935412421
0.000820735971239668
0.000907173139733703
0.00075595781509313
0.00073816053470678
0.0007906772078526
0.00075827003966908
0.000696776692251306
0.000791819113960418
0.000778990407690225
0.000722099204858585
0.000736604435989579
0.000707167051698916
0.000720567267781
0.000645569682555023
0.000693261683187386
0.000683806620752719
0.000763799678683898
0.000693473082856198
0.000798413706116557
0.000714541123215222
0.000777841642023736
0.00092071676018174
0.000811038577979597
0.00081210088056496
0.000726793817555161
0.00077502742950876
0.000741094512905181
0.00068136545203215
0.000743099546478473
0.000806812256401749
0.000708772381817253
0.000768420169282144
0.000721779235022048
0.000759896041413852
0.000770449089701976
0.000805326679363747
0.000799728401832914
0.000776700974405356
0.000750083410531052
0.00078021645020234
0.000715463658289149
0.00080719993348695
0.000881203250735196
0.000770974190388934
0.000765821594281924
0.000757987108402335
0.000706164318198245
0.000814928532178381
0.000870413287739104
0.000820752188944894
0.000817644285769788
0.00074585346997266
0.000973820523125258
0.000809120964429537
0.000757028993244769
0.000831610800649857
0.00086391725632809
0.000728360800284033
0.000732706074979637
0.000809281538152958
0.000831581468231805
0.000802677887052696
0.000738182561233768
0.000758142774914802
0.000777989108321644
0.000765964782061041
0.000769586844268926
0.000793740973836367
0.000719521623409486
0.000745258566865827
0.000780982571350084
0.000837864094695043
0.000752197657513774
0.000720382937661801
0.00089331932124357
0.000691813793234224
0.000780073804733389
0.000798682196899536
0.000723117626293094
0.000847746871435459
0.000827533663355751
0.000746092603819615
0.000733451575962633
0.000735199612100863
0.000770791406858459
0.00073128645311366
0.000733600707210709
0.000712273507642285
0.000834253515105737
0.000790425660683446
0.000783925699542556
0.000715397318839484
0.000928237255807741
0.000803176116863872
0.000771789966681855
0.000767492257830995
0.000692330508820317
0.00081148229576013
0.000777861522629897
0.00072020157929224
0.000703028311748829
0.000731002492869388
0.000691571197614576
0.000824308304675535
0.000736719797538832
0.000729130609473835
0.000804696064196163
0.000806268918613108
0.000820100851587119
0.000698565553323774
0.000841257917500267
0.00063332067573124
0.0007557999355711
0.000791799715734696
0.000833399955670745
0.000809193378530058
0.000793918088706112
0.000713236591729388
0.000734012775572682
0.00077555974398087
0.000792064008912575
0.00076961637509719
0.000790374179164077
0.000758012499663564
0.000759314900423132
0.000913444130242964
0.000774157687329997
0.000799554107162002
0.000851890136211016
0.000760421681549903
0.000702864688952974
0.000834447450886171
0.000742689502702204
0.000697843978070322
0.000739007007808148
0.000744616110813244
0.000835207623403346
0.000738135028370902
0.00081649216744222
0.000758412358122914
0.000781768210609955
0.000743742423785111
0.000843793871777431
0.000695333820411595
0.0007208981355148
0.000844529137115074
0.000722734848796009
0.000752617570883769
0.000896973466786089
0.000706815246241045
0.00082179513482744
0.00076778758849833
0.000923111234188552
0.000726939726943853
0.000705485038830961
0.000778825832425564
0.000701258070621576
0.000734728232720121
0.000811627448889254
0.000718322417288852
0.000900676607002952
0.000691645240041897
0.000835285894525003
0.000817387544352837
0.000819779004929093
0.000760248962701786
0.000743757546946482
0.000765579752058063
0.000913106351752736
0.000840811949741932
0.000880089450443794
0.000860805113440421
0.000719045961214346
0.00080613144158666
0.000829779965309967
0.000752649340671856
0.000758295185862934
0.000769949609476176
0.000745912067761528
0.000762635447674219
0.000748046884125725
0.0007054544014063
0.000761227333033583
0.000720956659281067
0.000763151881206582
0.000758900314406332
0.000737288865878348
0.000744210886333926
0.000694786347879977
0.000719294605226448
0.000761678345127864
0.000699505568919448
0.00076320976875838
0.000689114132256661
0.000754683797354918
0.000825800048482353
0.000707710064367139
0.000770113389933513
0.000743036331105166
0.000765732813524908
0.000815196355449269
0.000702510989838093
0.000761503170903892
0.000831377328528139
0.000738764810825107
0.00075980932866222
0.000667060076966721
0.000744610301882728
0.000673087052441002
0.000708570925936188
0.000786834172365891
0.000716818218892812
0.00084506569053428
0.000756614712764237
0.000732946826084439
0.000774115583793133
0.000798860844859182
0.000766538222821981
0.000785376855462051
0.000753887086188394
0.000754345596940935
0.000750459890544789
0.000756139529295309
0.000803512647496724
0.000840542893998333
0.000741426099209254
0.000765009317037212
0.000772006343327746
0.000712560464377536
0.000662200042660923
0.000799912588140671
0.000813679777707127
0.000756751458908384
0.00085144621704211
0.00079933058138939
0.000756762024788558
0.000826276359038639
0.000785646191361377
0.000859273813041881
0.000723010958047552
0.000756712325290383
0.000715179553451602
0.000754568756900818
0.000816083867551179
0.000856462787296543
0.00082001039422216
0.000742109019177275
0.000806401117086814
0.000823014911331007
0.000793460544592328
0.000768786338809899
0.000759041934133726
0.000771235361847617
0.00078471993387892
0.000783059415876372
0.000838092510796634
0.000831037570854795
0.000794277851744938
0.00113952103709885
0.000739918320885742
0.000756297716297629
0.000761835871027065
0.000752856719865987
0.000796238455206599
0.000793241329379967
0.000778614681145161
0.000792590377741861
0.000807106206269476
0.000775802836667918
0.000757448508459518
0.000763036616876971
0.000818516712559635
0.000860643211151902
0.000775656457107436
0.000702313435333615
0.000732646049715188
0.000754220013297393
0.000834780525076926
0.000792598856562251
0.000988192445917197
0.000895042698191078
0.000844088417054992
0.000839886620194867
0.000867492950123379
0.000902986335602059
0.000735516610989666
0.000797313928756618
0.000797189723671608
0.00078409995084474
0.000859951143345486
0.000873492573401603
0.000739531000922183
0.000853606238284106
0.00101638733846307
0.000837352614910369
0.00089258475811347
0.000727361776045675
0.000777369758884809
0.000881225630920438
0.00088170341683017
0.000765979004547749
0.000657073771911003
0.000780725862062335
0.000765576337564472
0.000702672731758561
0.000801460876301097
0.000716462221552068
0.00068300065534298
0.000800811202371373
0.000806562156147287
0.000721124486268779
0.000734552059851349
0.000684667562070542
0.00071194282347414
0.000803371683203073
0.000897237418221465
0.000694414177160813
0.000780295252065309
0.000780148585902809
0.000705072057419165
0.000840975799622732
0.000855376702070319
0.000989544594488045
0.000778518207365737
0.000888163054569036
0.000802754057873432
0.000848566070331834
0.00085653150443338
0.000766702975016812
0.000832657679118359
0.000927019924568538
0.000901039904438842
0.000881071889834655
0.000946272013577601
0.000925665269510522
0.000986815846745542
0.000777215678167399
0.000780254583783624
0.000805259638172907
0.000944756550068206
0.00102184236579323
0.000931970133193209
0.000912177385825801
0.000814623678018888
0.000859304168645499
0.000962134992329862
0.000763291268311408
0.000880608328031949
0.000858744691003471
0.000782875137772571
0.000862927083173948
0.000831695610310276
0.00094272818630981
0.000825021913091497
0.000781024417281673
0.000875617451973145
0.000840222230009599
0.000787978684094897
0.00082922405188842
0.000849349944788496
0.000875008924738376
0.000870566315225465
0.000873497006782895
0.000861519199587226
0.000887544657612333
0.000779450835848607
0.000808862861658811
0.000694833908149467
0.000802864651218937
0.000849156022399657
0.000825108692591245
0.000910955030940121
0.000910107426964336
0.000829871888798384
0.000879973090800341
0.00096892747494939
0.000777522541159756
0.000844287660736096
0.000832360737926398
0.000759814143763077
0.000810070171466079
0.000772775083535495
0.00108285041809143
0.000876803835975769
0.000840921016981388
0.000850118419212277
0.000884632857726838
0.000879053271734859
0.000940146249879282
0.000923507846035959
0.000766317785778021
0.000896681170436316
0.000781069900014859
0.000752645065348072
0.000753222232234152
0.000777160722822926
0.000775063796908963
0.000946019342531012
0.000751856137797439
0.000774345879138671
0.000727909919460808
0.000840127956784533
0.00079668016718607
0.000875082189688106
0.00094065683450043
0.000928790900360749
0.000796980529604518
0.00085435237716111
0.000799868642455898
0.000770523516333678
0.000765495011064789
0.000775177299075044
0.00082832192316586
0.000881670936897678
0.000890571510636405
0.000846456163552087
0.000906018254330222
0.000847852474459882
0.000834956615002621
0.000879621399257377
0.000804051838230736
0.000837015236753826
0.000848236987177309
0.000819414393399328
0.00094825919553146
0.000975130713653999
0.000815716406463779
0.000763173521564603
0.00104318040295188
0.000892304106135506
0.000699283144774694
0.000750425175857086
0.000714297412091621
0.000964664904712644
0.000788025046027925
0.0012444167113714
0.00095388478514118
0.000850225884501024
0.000848755113317771
0.000855706671412778
0.000932695906618833
0.00090168976888793
0.000812455299582766
0.000825122442190367
0.000678566660727858
0.000867697888720574
0.000915732345883475
0.000768269391252894
0.000929278809039183
0.000828716160589595
0.000806229112090268
0.00069474776839967
0.000863440049105188
0.000758751730847985
0.000876296679125655
0.000826703605390681
0.000891850575192674
0.00084216366963471
0.000781664201257559
0.000746722323652827
0.000858076784366784
0.00076326611431894
0.000816264499148148
0.00081318132981503
0.000907719478169536
0.000782032617029141
0.000795087467636313
0.00093460124666038
0.000838597666333813
0.000906153573038982
0.000807350573233764
0.000941649091402062
0.000776449625455131
0.000917922246481138
0.000788304339087951
0.000689667619661541
0.000801628768796111
0.00085143324376991
0.000783070043851587
0.000899885725333253
0.000803164373385092
0.000779342348055523
0.000736677179057045
0.000770613216429307
0.000846918423096838
0.000876297241294323
0.000766091221626395
0.000739326943257665
0.000851138791713639
0.000835551222500833
0.000859932913284634
0.000858284318312901
0.000808224406750349
0.00104265704341115
0.000888592839166658
0.000774088077574073
0.000841145580397977
0.000911161969802048
0.000867052096080306
0.000739405030447641
0.000868977459332979
0.00108201782630869
0.000954894821651171
0.000753981067094931
0.000835103419502757
0.000848878965939076
0.000904005570508772
0.000848221772000665
0.000813394222234735
0.000805685867418107
0.000809963582063767
0.000983255975976422
0.000735694404435135
0.000730454405045407
0.000913591756046542
0.00087304213550128
0.000830809105242288
0.00079996349007491
0.000887837841824356
0.000821634035953727
0.000787910561938693
0.000886993653181364
0.000712754232025961
0.000763495656814867
0.000764112498496321
0.000813341975288887
0.00102160023197459
0.000807920514449466
0.00091042481693987
0.000866650886155945
0.000953034837765281
0.000755114261748594
0.000693963483789373
0.000867275360770548
0.000804785241366674
0.000830227358437412
0.000841922972540784
0.000886004148493497
0.00081834786753711
0.00078599760612884
0.000858307907816445
0.000781168094680677
0.000801885430010678
0.000771811494264813
0.000747867148817861
0.000795076834170773
0.000815770628687984
0.000807043272501333
0.000810786555673873
0.000719076763776197
0.000886842321547169
0.000835350385341858
0.000790597286947883
0.000692011867741972
0.000816594350067544
0.000782989447331355
0.000841817821970808
0.00101579074925954
0.000821294410477455
0.000890136174236113
0.000772355992435389
0.000782013522067705
0.00080053986505253
0.000768346357443085
0.000811317663404122
0.000762063178156472
0.000751681705250625
0.000771013190068219
0.000759279810821457
0.000862214539046756
0.00102599731193714
0.000914820683890308
0.000959928268253272
0.00082232760550439
0.000900429861596689
0.000913888370392039
0.000847724920609906
0.00070508945989339
0.000801399517953721
0.000816392645321099
0.000867787248133234
0.000904498969499625
0.000834492328096587
0.000735315328099282
0.000816974645579522
0.000856002279355724
0.000804298811407019
0.000859715206708937
0.000791836884481947
0.00080632890444508
0.000759459659025506
0.000854254337967173
0.000821382496598446
0.000871660064235031
0.000840793214368417
0.000832442164650865
0.000840188695059081
0.000754647458022435
0.000875452417736697
0.000733256136041085
0.000926450967933578
0.000833779724876489
0.000829740783325807
0.000972392310075352
0.000845808377200679
0.000766131952042671
0.00105311700217228
0.00106023555302278
0.000838467367016741
0.000941459702301492
0.000856743683937719
0.000825438698940642
0.00100952854789852
0.000871084050220841
0.00086362432233032
0.000915839594285262
0.000915981155688034
0.000950713303819371
0.00086062873385421
0.000814650697017944
0.000805868713047075
0.000820701570064971
0.00096346884725042
0.000806907118473683
0.000815834484136911
0.000783526115943747
0.000804823365993752
0.000921780228813196
0.000762691889508126
0.000932706773204303
0.000820460807798404
0.000835433280478648
0.000784974340968461
0.000756299664219285
0.000857892858236656
0.000765900989438604
0.000853479183338475
0.000810430581401181
0.000745574896896818
0.000790394832997607
0.000781338948900544
0.000790565605664392
0.000795889635983935
0.000889926760826411
0.000808506677178365
0.000851241404104005
0.000883615568228843
0.000799753325402301
0.000826874018070475
0.000859765894294215
0.000975201717698231
0.000933586884037444
0.000922101959977103
0.000752902893797859
0.000884885656407189
0.000843517769226715
0.000896067943556393
0.000929414885514055
0.000948606208484192
0.000885392460362466
0.0007637445426101
0.000847915560520465
0.000789232240342626
0.00086809917957979
0.000843890388660815
0.000877766407295718
0.000799609569122251
0.000851880894024458
0.000891200414883085
0.000750890561981468
0.00084539878090992
0.000950886262398679
0.000842868315272614
0.000789830928107034
0.000832646956532109
0.000873323359377471
0.000765407967890496
0.000800618902885279
0.000895599520071796
0.000908633265127196
0.000824987861939898
0.00096002242139145
0.000776017144038042
0.000850339294317349
0.000825560682683779
0.00102591437561745
0.00095529743872526
0.00100792612484987
0.000873000369430467
0.000781397323591559
0.000813873527203749
0.000857318323601611
0.000796300182684379
0.000817078300208365
0.000861968788310487
0.00094997417241678
0.000915008922989671
0.000894245984740666
0.000954198429964324
0.000858731804649019
0.00083225712476282
0.000915928447119486
0.000867233363155542
0.000793299536609336
0.000840779187079484
0.000813623956787138
0.000842281117456408
0.000886217174109838
0.000785615548221065
0.00083643039834392
0.000814124192893741
0.000900460206734709
0.000859939830844519
0.000767338320780604
0.000903108301485384
0.000757943296557295
0.000825741681824892
0.000799699868276914
0.000802874905203769
0.000883280895743164
0.000896357699700494
0.000909632751273052
0.0009219982130018
0.000861327605157578
0.000880527410146117
0.000814501677062188
0.000733367151958496
0.000884930083341146
0.000834995169812233
0.000941382030995234
0.000845940504325999
0.000714107916925055
0.00085926362756297
0.000817622100848688
0.000779205101688728
0.000797027822483695
0.000806068453625279
0.00077844172752199
0.000845243223250057
0.000833052976551235
0.000822012267664127
0.000847418546644769
0.000828287074807213
0.000906021952675816
0.000927786716248088
0.000910916690607401
0.000823885321645261
0.000892780280144319
0.000869315167583073
0.000841945944055207
0.000769791674333308
0.000845396066432159
0.00110680282589393
0.000802037204952145
0.00080328546975893
0.000837109939171356
0.000725743229942776
0.000864935398428648
0.000741470902696255
0.000845343020720552
0.000889319411868228
0.000991135186219963
0.000831236135017522
0.000813120171829071
0.000805635227687502
0.000784533920596656
0.000839202706255348
0.000798850488983232
0.000811657002960036
0.000896803398086774
0.000936416721569569
0.000879666117664637
0.000909750855918246
0.000945629228224511
0.000817812050616433
0.000878136134130805
0.000772906876597035
0.000871762182474482
0.000824609091364479
0.000822410578888885
0.000994351675989436
0.000874664047433928
0.000805718355876686
0.0008725506543791
0.00087420642050552
0.000801415056549612
0.000884331510565021
0.000737373525728817
0.000832648323504831
0.000695033904670759
0.00079445456343136
0.0008554242572469
0.000790158216953569
0.000834140247870364
0.000889006935431263
0.000684893943918337
0.000865578231400126
0.000902429136694475
0.000847256445148968
0.000937035162123105
0.000921590593623947
0.000805228271850967
0.000798047580402728
0.000820770508616286
0.000801493740438277
0.000816604288656492
0.00094730567739061
0.000849844166300489
0.000720956388414947
0.00095010115676787
0.000867998897401141
0.000807167286261058
0.000850483673954767
0.000745538563022997
0.000782801818379133
0.00082519038083314
0.000862646131161689
0.000851933199617371
0.000773393512997044
0.000824426396577386
0.000887352077579752
0.000891584360943979
0.000787954639533813
0.000834984431547411
0.000872445611703156
0.000848315131467251
0.000865222018314351
0.000973007178768892
0.000940230303780249
0.000793584212893439
0.000845698817364495
0.000875952375624994
0.00086149555344726
0.000780158620240921
0.000845701809508486
0.000796468512874686
0.000891236816656012
0.000813542534195185
0.000818168044939255
0.000870128521157294
0.000871292363576191
0.000770348070136966
0.000792639644146965
0.000990815132794708
0.000874496194939826
0.000837914999092112
0.000918567304909399
0.000798131321583377
0.000955496957334748
0.000875424259075058
0.000962547042430655
0.000956384770137838
0.000831600106797049
0.000818545969476168
0.000945882327833836
0.000881418258282451
0.000921952410040043
0.000875310217094979
0.00095562601483544
0.00114498605242625
0.000927127014168094
0.00101798033229615
0.000797068913755638
0.000963679707494912
0.000799308470871903
0.000917046462502431
0.000948582091652609
0.000835534930772004
0.000780295570766073
0.000960821622416899
0.00083359649093986
0.00086220624578144
0.000800398682271122
0.000844785692341309
0.000779814267201443
0.000872931183251761
0.00084666064855871
0.000765869116256916
0.000853296705425689
0.000990511876261526
0.000849294327380295
0.000819371565458028
0.000779827438073081
0.000799053679849179
0.00077284228744867
0.000866884535147045
0.000948178919405877
0.000818543093995871
0.000902391938634285
0.00076226506593094
0.000899552457743184
0.00087102255386405
0.000907227680271805
0.000811762669122039
0.000695971456345593
0.000802544362239185
0.00082064747425731
0.000797628192077065
0.000874127252510043
0.000795827368200443
0.000875852763749273
0.000915883717330867
0.000828882260876252
0.000782137273042737
0.000930296091821229
0.000903510891765147
0.000864677047940663
0.000858186631287191
0.000892650934394439
0.000894659813797519
0.000815080485539634
0.000909459824659073
0.000973666056769226
0.000973414337908458
0.000921823041694959
0.00078472399516185
0.000861326572230428
0.00105335909331015
0.00104652930281085
0.000811961199493373
0.00101339578448391
0.000977107085975965
0.000825542261412099
0.000891603151225722
0.000846693517755574
0.000858169321062568
0.00080314154667315
0.000892327312638834
0.000894765494673919
0.000821931980079822
0.000845665222840228
0.000813663229042377
0.000854595269973596
0.000902121033732913
0.000757761522598462
0.00086998893974761
0.000907701181748514
0.000888032985941055
0.000874507861754165
0.000958111289047215
0.000923967565162804
0.000893964522163594
0.000889918596737458
0.00075647911789384
0.000957758783201939
0.0011653655065218
0.00099990616025228
0.000906972705218378
0.000814633117804968
0.00096392009165782
0.000972765052801957
0.000900012291725338
0.000928003358163661
0.000864101231127538
0.000914435795289049
0.000866853230424985
0.000829121917719285
0.000848933779809863
0.000904125915026844
0.000854559039028157
0.00087065688388243
0.000861569815217229
0.000873488187081807
0.00101783537990951
0.000902269271607749
0.00101054581885346
0.000789410317421445
0.000800051338194244
0.000852061498367302
0.000828332375453978
0.00102579574899241
0.000798504182876384
0.000779153607569569
0.000719068845592573
0.000837024826519184
0.000898593899332039
0.00086479831618214
0.000972448306480837
0.000904266897358171
0.00086856463992003
0.000842264423734286
0.000937716888520894
0.000869459916783382
0.000889288688096286
0.000902472027860646
0.000870907936291996
0.000734340165645472
0.00091174459673852
0.00111252027937694
0.000907532111486369
0.000990918414009978
0.00123804128193294
0.00125886364323667
0.00085898192319356
0.000838706330963485
0.000961977803768702
0.000883613728892691
0.000961869234516232
0.00103173847349807
0.000807253583291629
0.000881938904367734
0.000832827352158194
0.00101727743170547
0.000870079514900334
0.000853244704645642
0.00102467082179932
0.00089161543303352
0.000944205348923979
0.00087368132323459
0.000946871796033208
0.000889835986213791
0.00075691152922028
0.000820169007581588
0.000940249112175194
0.000887553861920797
0.000848650405367291
0.000861196736141595
0.0010288565327081
0.000914777432681024
0.000961006144553978
0.000815744855374066
0.000927217521521493
0.000918926735464209
0.000806251474791915
0.000933121652957227
0.00106069964532247
0.00142631213729644
0.000993835269070525
0.000890235302319444
0.000919887078395191
0.000826250786328585
0.000815409044940364
0.00082085889681564
0.000774487693287489
0.000847195071766396
0.000902349242896413
0.000893219209888514
0.000918097351056962
0.000938526440515674
0.000865633670163655
0.000915287670376697
0.00101310110108084
0.000848634549915751
0.000903667208431153
0.000874192538830536
0.000877362069905971
0.000806005715561222
0.000998607480541385
0.000891777963842536
0.000804922232745527
0.000888609369783046
0.00103982100135852
0.00102557294988654
0.00121951671068165
0.00132827725218606
0.000938240264808361
0.00084059788763588
0.000792250166185143
0.000805087292720799
0.000972441803147001
0.000988245708236688
0.000985124169990655
0.000904654592679138
0.000923139991285426
0.000812690067522193
0.00115407264314327
0.00111457647593048
0.000938921171925995
0.00104333570233085
0.000884436213512018
0.000879650122344201
0.000897479795876366
0.000851668853831835
0.000857501153957834
0.000940312720593986
0.000878603102137315
0.000917772344205612
0.000997408619094122
0.000813635991261881
0.00089496308643162
0.000941595289469946
0.000965868219339602
0.000874482106050958
0.000977239748508152
0
0.00104831633907696
0.000851781187558946
0.000824186133289773
0.000937109043523281
0.000872118160989014
0.00093790459968406
0.00084779597082519
0.000929870474229325
0.000909644816128599
0.000957337048108121
0.000950502308714417
0.000985960047401804
0.000820927075408365
0.000914827878267839
0.000923459322748377
0.000858211272310885
0.000851172228184545
0.000982515596611524
0.000952075417532458
0.000889308434648833
0.000921765836428837
0.000924359220859544
0.00094069858820768
0.000943449224526548
0.000816040497007827
0.000831144862695736
0.00087374553310969
0.000847026694814298
0.000903692298945203
0.000757283543251733
0.00107930241062303
0.00104032246085711
0.000951961438897431
0.000839645932351364
0.000943463410231179
0.000918497579373572
0.000780989437902982
0.000861865918854104
0.000898448541429575
0.000937316690925989
0.000952333915044723
0.000990081505257007
0.000891364695960982
0.000914481939527571
0.000814217662051588
0.000875408906256592
0.000910110866677019
0.00100659303456047
0
0.00103006562745306
0.000927436447227282
0.000857427387452119
0.000925797413545117
0.000879018909723118
0.00111048404702172
0.00100265411137917
0.000867795556279662
0.00089544643253161
0.000876809006220419
0.000907658735545684
0.000970448539608532
0.000840438808867511
0.00112971798027919
0.00112979814250861
0.000885197796143138
0.000890514901306729
0.000901974065140573
0.000879310847497823
0.000849536037032857
0.000908169256923488
0.000844055868912996
0.000943754559179014
0.000906642408563991
0.000934865755369561
0.000771351380019754
0.000888994515833103
0.00076493079566647
0.0009481834560106
0.000902312441319822
0.000914882179871903
0.000890325924607824
0.0008637461863626
0.000907602485547597
0.000973713834922614
0.000921216073463319
0.000926677633094754
0.000820398424086683
0.000917903563219963
0.000883090519029551
0.000833345625299044
0.000877118544840855
0.000805525269670527
0.000897568759965886
0.000918809019659382
0.000984495755422864
0.000990019808285949
0.00106051062207603
0.00106466363144085
0.000883096860726541
0.000929905956959509
0.000903486608126806
0.00080779598838633
0.000828427083139821
0.00096654452774932
0.000887642298569827
0.000955185544867795
0.000931080948807813
0.000855709171210821
0.000831396373033096
0.000909573144792402
0.000902693282581867
0.000854881376218061
0.000941156375275648
0.000807785841557931
0.000761508110630023
0.000836944091789659
0.000905545976054394
0.000808963944644017
0.0010275811067652
0.000979652519074892
0.000849217817500235
0.000862635665992215
0.000918363784771332
0.00102280484311084
0.000844870766454359
0.000783815717520291
0.000926898376708146
0.000896858540109186
0.000838860168960503
0.000928790508965008
0.000976688344204196
0.000934195213280497
0.000922198359274219
0.000903980098363922
0.000881928075614043
0.000820301323821981
0.000813291963730071
0.000843845177919552
0.000874007168061613
0.00126489769606612
0.00118244051700989
0.00124162368168703
0.00118509714351335
0.000882363852950713
0.00132024482517446
0.000821108080432922
0.000895996371284489
0.000901180056488614
0.000891612922068059
0.000849674092651283
0.00101582519987893
0.000976159027162593
0.00100938726831834
0.000962940358758718
0.000882565821470344
0.00086479878849974
0.000958208222982727
0.000944272476501882
0.000847921569589106
0.000837429415714299
0.000791049157273701
0.00094742557910162
0.000892188668005282
0.000943774197727743
0.00106750973622093
0.000913750785487564
0.000905043713192697
0.000926239663475766
0.000844857766693451
0.000966431655971104
0.000928976577720815
0.00106003911953703
0.00104248384668062
0.00107256155144768
0.000971763636110335
0.0010415415570979
0.000923007011638345
0.000898874419187404
0.00088226201641877
0.000931144639968463
0.000998119094365706
0.000918970880171193
0.000885403198894972
0.000891752900631587
0.0009204656411215
0.000863790406164931
0.000973556395616765
0.000957489683135691
0.00100820069527204
0.000953231861016407
0.000958192702636952
0.000917613315090392
0.00106555795962209
0.00100086354591761
0.00108653058444259
0.000969793405671243
0.000916360673379106
0.000853927574957238
0.000894766989414947
0.000960693679384918
0.000975502892097079
0.000940186633084192
0.000828802945957847
0.000986490137137719
0.00102601227144543
0.000940325464902531
0.000911116491385529
0.000920217355191986
0.000917512494902254
0.000925111227817569
0.000906872885887226
0.000916379219686326
0.000994147113463648
0.000989795825460579
0.00107033450433143
0.00121785223286961
0
0.00113314298509833
0.000834748028871806
0.000875688414347747
0.00095989067677659
0.00100550690406331
0.00101576720051098
0.000916881304271172
0
0.00117168246808502
0.000856892589625472
0.000959715039919021
0.000921224585882976
0.000849141429923632
0.000892237066021006
0.00086804048772866
0.000868369172060482
0.000887336877226603
0.000884878447876592
0.000995292439549594
0.000832565230034742
0.000927459696706881
0.000871289306022726
0.000975017054992458
0.000910376823002763
0.000894401698480217
0.000921558502496606
0.000959831530557512
0.000874105685687343
0.000857322956325692
0.000845910158156175
0.000940152991424937
0.000839987550369148
0.000983174736975201
0.00105535195782317
0.000923735139414452
0.000913450043704716
0.000778565385507775
0.000993869366275139
0.00108422580913427
0.000875404475006699
0.00120641682438295
0.00111968615977799
0.000845582555460757
0.000867355021067373
0.000818710840791514
0.000851181621561204
0.00089707080199184
0.000888617828598216
0.000887673272934474
0.000820626922985886
0.000846716086827014
0.000819035057454444
0.000869095205061119
0.000934016623507845
0.00101210793589054
0.00102558147753297
0
0.00112570337474959
0.000874034980321996
0.00110390236881863
0.00107773876687222
0.000952705175193359
0.00092619073828934
0.00100256209784518
0.000966854385376147
0.00096155205724141
0.000845072314515575
0.000907231265768157
0.000887569688475101
0.00100698747475335
0.000991532454274653
0.000965434218651842
0.000900466226241766
0.000966692753369132
0.000988994521706313
0.000959873617469005
0.00123289337275117
0.000863251179911067
0.0013039625739811
0.000892816016432866
0.000894756125556721
0.000842982086089286
0.000864883918147443
0.000944060256704089
0.000904339598544469
0.000957411545099306
0.00103226902105722
0.000915361577314622
0.000824174305049088
0.00095284099940381
0.000877260840341325
0.00107657743106289
0.00094629260306465
0.00121379537537495
0.000983295094030446
0.00103685182091424
0.000858498440341023
0.00106002333203513
0.00119624998672299
0.000996473466706436
0.00103041171326454
0.000916576701944606
0.000993993933063973
0.000973778591235538
0.000893346449995734
0.00107787969950374
0.000906604104329533
0.000870814340109735
0.000889161447786437
0.000848894869927745
0.00102287169070161
0.00101454899128739
0.000976341517132761
0.000951969357346461
0.000837788676274429
0.000887633937292729
0.00109163423594159
0.00101289110726337
0.000967066767273365
0.000875958218560705
0.00099572991781082
0.00109570421137187
0.000973124945466474
0.00107411398562886
0.000927750159840093
0.00106688130286289
0.00111142903734918
0.000878232479445489
0.000979058834934724
0.000919931624022094
0.00093511678360758
0.000920929879895549
0.00105351131788604
0.000802318793889551
0.0010332740651451
0.000985498446700062
0.00105390583581964
0.00102204690055151
0.000959125762416517
0.000897715838951702
0.000949645960669224
0.000863120904118147
0.00101894301768301
0.000949686503325719
0.000972372965949461
0.000942900824563106
0.000993790329748447
0.000885995149921251
0.000905548668946678
0.0010339766732212
0.00104352200810115
0.000981894293864937
0.00105649379513851
0.00091373072449497
0.000979414228572206
0.000857583252509559
0.000907213643063379
0.00098983980301931
0.0010028850119559
0.000968720127688323
0.0011766096894779
0.000952933479397052
0.000937871393921751
0.00111883593995909
0.000900899710015615
0.000951981286214796
0.000915367809274129
0.000962907952451745
0.000983073150221196
0.000975045616204932
0.000890403345109919
0.000905026364228022
0.00098489893809649
0.000898713486491343
0.000913767960724129
0.00114250686207967
0.00107061264829581
0.000955669588760642
0.00106138865617326
0.000856626548828185
0.000910543205113115
0.00103454856701745
0.00103253530300089
0.000969982639347075
0.000916770041365511
0.000944493733016326
0.000821759451507951
0.000913433811592825
0.000905399950604556
0.00110267984009699
0.00117502309154096
0.0010587909993658
0.000973571015535335
0.000858318401753206
0.000991065227771961
0.000977356778188813
0.00099965193895872
0.0009914680781439
0.000832153673313343
0.00107710103488512
0.00100447595239991
0.000976520623556279
0.00122090828832536
0.000993780393051553
0.00106249594574587
0.00115400955020473
0.00119233916342993
0.00105228280129026
0.00119171821676295
0.00105991589236289
0.00107936077577559
0.00111565699628308
0.0010873426149339
0.00100545073901213
0.00134410826116303
0.00103417710531171
0.0010506772728865
0.00112119561907253
0.00104372468266365
0.0010523292319414
0.000971160463419982
0.00107513956972842
0.00104912134006644
0.000983266365312872
0.00102127786302044
0.00109038587190357
0.00118612018483311
0.00125184384509061
0.00124487498653353
0.00128876398493225
0.00126628877943951
0.00127383980360091
0.00144335456012903
0.00121809920527928
0.00116638567464
0.00162897166773477
0.00135758371418163
0.00157598640854752
0.000749353993534114
0
0
0
0
0
0
0
0
0
0
0
0
0
0
0
0
0
0
0
0
0
0
0
0
0
0
0
0
0
0
0
0
0
0
0
0
0
0
0
0
0
0
0
0
0
0
0
0
0
0
0
0
0
0
0
0
0
0
0
0
0
0
0
0
0
0
0
0
0
0
0
0
0
0
0
0
0
0
0
0
0
0
0
0
0
0
0
0
0
0
0
0
0
0
0
0
0
0
0
0
0
0
0
0
0
0
0
0
0
0
0
0
0
0
0
0
0
0
0.000205288303596136
