0
0.00142504376828133
0
0.000992556936509848
0.000940378273791747
0.000913310804119149
0.000852834379646555
0.000970474680139712
0.00113266750657957
0.000823196506454917
0.00114474085021573
0.000893773353118221
0.000805998852783649
0.00087333314650212
0.000991646658355456
0.000855351205927563
0.000888310204371478
0.00100527454801811
0.000945705925058043
0.000882616879954397
0.000932096636869034
0.000887015667300041
0.000955031764472452
0.00104120025725358
0.000807485233724171
0.00097096425642224
0.000875741796157443
0.000913660624567328
0.000891337963769495
0.000831966550047315
0.000911467158295707
0.000949554734811427
0.000734874083124012
0.00102071120267945
0.000812612160696408
0.000870860107771233
0.00112349310729148
0.000815959563764245
0.000715870564623733
0.000960197837429594
0.000869736171833834
0.000942819541132712
0.000922019862317394
0.000891036329551599
0.000822027159893748
0.000900431561081566
0.000951251226443117
0.000969910418782367
0.000744223113877605
0.000872746006532197
0.000977028965945975
0.000763797016018172
0.000975279141085371
0.0010658192696392
0.000885853380144741
0.000869836962674058
0.000895095988384715
0.00093867881299913
0.000842782563738011
0.0010802323690293
0.000918950556329019
0.000965209313737754
0.000940710248509823
0.000960272330269113
0.00109421267398728
0.000993061951711425
0.000995488880629256
0.000754008943686724
0.000886248688868419
0.000866220170368045
0.000968481329531682
0.00105085157084344
0.000897852747864427
0.00100184810799185
0.000874304180285102
0.00103137113374013
0.00091812158972646
0.000764357196788328
0.000929403232294288
0.00065489358900926
0.000857100124930453
0.000905359405202455
0.000783494099426835
0.000697575439344594
0.000878453317016604
0.000960991558870754
0.000885729056377399
0.000755526326984353
0.000792237219349873
0.000953564474560632
0.000913676725650927
0.000895214052954073
0.000861852554901563
0.000856610719224791
0.000928490144555874
0.000920096413448083
0.000891584879598206
0.00102396572623155
0.000788175094804268
0.000993862619259182
0.000920310433977046
0.000933867826625597
0.00095955442740662
0.00129657869720658
0.00145592836929352
0.00089497748253272
0.0010681276757119
0.0010309437831218
0.0010125625355476
0.000901217882191786
0.00096287430042026
0.000808983191771702
0.000891460350492824
0.00111470507208421
0.000960310569976558
0.000858202174210738
0.00102170551759087
0.000930489637771233
0.000985749054599948
0.00106319835671743
0.000806003371627997
0.000947509293898357
0.000821919067711056
0.000932620510982537
0.000997921735351533
0.00114990828657548
0.00092597505552957
0.000888733929190594
0.000946897764157265
0.00115946752441653
0.000970125796389476
0.000887907391517007
0.000827238415036975
0.00102460641890476
0.000872204801654432
0.000910860807342725
0.000940034508008836
0.000905784431452231
0.000828164194400459
0.00101108235387404
0.000936030986466292
0.000843172784368674
0.00113924162208879
0.000939152628530524
0.000959798778478172
0.000838451791336231
0.000955148227682256
0.000751142173020084
0.000829598699886507
0.00105280038715936
0.000887383375339563
0.00113923668798236
0.00111073703639405
0.00098547315604595
0.000856992103262238
0.00112841074990709
0.000919824207884486
0.00103612607978205
0.000988773605558842
0.000986912767637271
0.00112399693568148
0.00115912894982825
0.000943246681919465
0.000991151357938536
0.000975920325543721
0.000834237313340435
0.000867422178471351
0.00087534271710581
0.000767814341717528
0.000893439189843098
0.000875732031680847
0.000791052935936021
0.000806403239511063
0.000836438798865939
0.00076669624890542
0.000933096077510694
0.000918339916114446
0.00090332607510266
0.000838114399522664
0.000967718766838105
0.000892895083579598
0.00126308481765132
0.000830663378973806
0.000924641501374507
0.000932854278185885
0.000760889990936145
0.00113863229553441
0.000909576818565043
0.00112007621987093
0.00111483568967101
0.000852833303695641
0.000963130315008942
0.00089811690811207
0.000935491436945672
0.000819657794203337
0.000881602644815954
0.00109672137562686
0.000939154827960214
0.000917593708655971
0.000856895191468943
0.000966745683120914
0.000863289265544325
0.000801749845100838
0.000876603317990824
0.000793351902276586
0.000843232056223278
0.000979182874198414
0.000837973381163934
0.000844798714428489
0.00105783321250153
0.000888259241618701
0.000893688670861699
0.000782042438901968
0.00085820244078317
0.000872473466705039
0.000871872870463328
0.000833285612854414
0.000942706692112883
0.000909758580306806
0.000758520990926961
0.000786452777346334
0.00101269379259004
0.00120371719112703
0.000815290008836044
0.00096809747328559
0.00122716064959981
0.000747468492675389
0.000814538058630898
0.000865897274518738
0.00109447388987347
0.000863520727123251
0.000839435659109925
0.00116922688397051
0.000915067908243636
0.000751602118305395
0.000835109956976963
0.00083001598315784
0.000854755005047533
0.00101814223301093
0.000960792295269356
0.000836707006558229
0.000854027135022335
0.00105096062930213
0.000838254728663399
0.000883111586585984
0.000907987557162047
0.000921569626993797
0.000858824703369046
0.00102268977611888
0.00109056175132805
0.000908338882633284
0.00094669445880065
0.000982971128639278
0.000823725753227804
0.000890492409742243
0.000736444772372313
0.000815166291441514
0.000842550437505295
0.000854149460260652
0.000863896414112836
0.000900187887545643
0.000924507853315564
0.000705741434209092
0.000745383395720436
0.00087930649647437
0.001273444018517
0.00120725924658355
0.00104772198649707
0.0010177631588474
0.000957520547095931
0.000887109365415872
0.000871717261977411
0.000927733268717048
0.00094683078593584
0.000887409328037446
0.000797598532306075
0.000917356250567613
0.000749078170300175
0.00092207715091146
0.00091030015592434
0.000851629053816045
0.000899195606896494
0.000910996891009531
0.000854333317013007
0.000818924129337302
0.000817086199701812
0.000843130795088194
0.000808921902607566
0.000954148892946381
0.000877673583535047
0.000791347631364946
0.000902907475196526
0.000933549382758181
0.000929598168139222
0.000971151767211354
0.00113556794351643
0.000906459428544448
0.000995374515027491
0.000942601475556811
0.000932711352279935
0.000979867353695867
0.00100808657070227
0.000891679978002499
0.000844614931720628
0.000785138723476513
0.000981126764909149
0.000951580583075047
0.000865097284190611
0.000832439548933096
0.000837592700998015
0.000785426293187356
0.000874319120405351
0.000787771826273917
0.00091455384119479
0.000856308997239922
0.000922718577963599
0.000980475830438258
0.00102307529637914
0.000906550544786137
0.000947645052716248
0.000930726045188513
0.000920896523609605
0.000836198123140742
0.000920935500896339
0.00100083415994395
0.00091051588880514
0.000838365580334781
0.000785679148104663
0.000931505167711091
0.000915362269449531
0.000807848272226951
0.000816054367571909
0.000854791595803028
0.00102237510773081
0.000977627851709979
0.00104242889489376
0.000763847889872452
0.000865072778225872
0.000916816867255379
0.000985445810272566
0.000869079150698076
0.0010338029308753
0.000947199590599359
0.000805813426532161
0.00105310317253359
0.00102268432223752
0.000881356377799778
0.000811417102845005
0.000799076124184067
0.000864655882361167
0.000842221147174018
0.00113234181359511
0.000855032016523599
0.000923871760504867
0.000948666717857199
0.000928148039226477
0.000975957700790073
0.000939868089107946
0.000934532568420035
0.000878669002557749
0.000808957544350489
0.000909747225997341
0.000897039288563255
0.000810713903765898
0.00079335108328324
0.00080329912084662
0.000987100341952237
0.000800916093236948
0.000843267314832618
0.000956206172614465
0.00095290028467374
0.00077939985626384
0.000821214684601656
0.000929024263941232
0.000853703230489714
0.000811833624807549
0.000859853281874125
0.000842834101607753
0.000873090648342862
0.000818285832638064
0.000886806523564626
0.000719403087654653
0.000828599221021777
0.000823948774526169
0.000973533892746207
0.000794154263490397
0.00100912110364497
0.000946820697613006
0.000889186876265401
0.000761256956919301
0.000854665063315942
0.000876876727499562
0.00106462997027397
0.000932674619528611
0.000902536197753108
0.000842060237408371
0.000796053532806646
0.000955517447776218
0.00087568378452966
0.000748257477311222
0.000819266132494711
0.000870305459299725
0.00112573128458957
0.000933648083178923
0.00083610188443718
0.0010525261088988
0.00102488249341931
0.000917029505552893
0.000935876490796743
0.000768947585302189
0.000805392429637921
0.000840811480258913
0.000956198152699808
0.000767181547013616
0.000800200351471975
0.000875916571472185
0.00071360710530709
0.000967740571863466
0.000812647302422024
0.000852739161410434
0.00087588687881695
0.000743017378619719
0.000849486124498092
0.000870699161245425
0.00087581974517328
0.000826588954468528
0.00085018388161835
0.000930578076005346
0.000922591036880024
0.000916259579819237
0.00115453718667367
0.00102484188299519
0.000787546888379035
0.000745101813364861
0.000837097365571543
0.000928159603135067
0.000886901085605748
0.000868025605582779
0.000736678102628313
0.000843105051682688
0.000813111466886725
0.000715007527634103
0.000776102296563396
0.000916263906068968
0.000901202564147483
0.000824514443600325
0.000873616382993004
0.00076893432932646
0.00084964906574845
0.000841632420732927
0.000956243924119656
0.000990610378258719
0.000853944443925825
0.000837580683271856
0.000798030591597389
0.000923877294935503
0.000941714045034088
0.000835035883136085
0.000775477951647318
0.000720694084194902
0.000734600312435691
0.00111997704191355
0.001051874879166
0.00103390289734994
0.000840723355865126
0.000812029980816219
0.000890595783457598
0.00101745373986072
0.000823385622142831
0.000797604529296213
0.000806532905273784
0.000990439695811746
0.000952467485788485
0.000790563224670881
0.00080457727655077
0.000804051083605565
0.000720916559830209
0.000819006662167366
0.00079374825769737
0.00098861852616729
0.000933324713945688
0.000714951019971853
0.00081402974425032
0.000782293666335848
0.000703142713862648
0.000843663277487547
0.000877221448338985
0.000719765872006199
0.000909551384708386
0.000747519416892431
0.000716159160474313
0.000750171747265777
0.000720539239812574
0.000922847713516558
0.000762341157851229
0.000699755234757495
0.000744307021119537
0.000939713380943912
0.000972838785529036
0.000783508364165972
0.000786209953658137
0.000830591407032711
0.000719709633090332
0.000789173093665166
0.000860411567475447
0.000667738853106213
0.000753882400290857
0.000917884146545653
0.000982225728378002
0.000901694516793009
0.000661330581241
0.000774321369841745
0.000880267587503089
0.000948373306210612
0.000770382520368746
0.000937050322027707
0.000875827227146958
0.000984322742753746
0.000705857657196927
0.0007504262557666
0.000753503382513241
0.000936688026408122
0.000922751964460778
0.000833642186836681
0.000815698535889968
0.000754596778648853
0.000679872635551562
0.000858574612022306
0.000946552150662129
0.000713590796662004
0.000798679542308534
0.000870419501104723
0.00091578185130861
0.000971164634945981
0.000908269641610009
0.00087493830911123
0.000810199604448488
0.000962038999087292
0.000720459846250496
0.000796535269457613
0.000829658108224013
0.0008334495958753
0.000829084557913001
0.000846958931163337
0.00080272186344758
0.000774082766494857
0.000892816272919099
0.00100846325477389
0.000896259186742803
0.000807730429096976
0.000896376421271112
0.0010254914543462
0.000821301669314641
0.000950454796736101
0.000759272031695142
0.000840661209140831
0.00129909464005852
0.000847235827088547
0.000864353030004148
0.000926830493472697
0.000958796143116073
0.000795275432228862
0.000966747401757746
0.000926100474802373
0.000836218632434075
0.000951852968196254
0.000819747638137066
0.000847209166762094
0.000781900478465153
0.000857763790487551
0.000761882877324813
0.00100737827160886
0.000933088387957493
0.000895482599867525
0.000867313826986742
0.000959127635421781
0.000838372133546883
0.0010167345828545
0.000755148308660461
0.000820928038882724
0.000893724369959507
0.000926344457168796
0.000760461460810651
0.000783843444079806
0.000948723246750802
0.000788863952363172
0.000933541910118369
0.000812969417024152
0.000862126621242303
0.000875082198663013
0.000737711535813498
0.001014305094447
0.000716368118457351
0.000760876876522717
0.00121936135572105
0.000906353122737486
0.00078485494542794
0.000925299484611822
0.000832635851309688
0.000797912926957773
0.000697643354349215
0.000862704856369417
0.000767787916206302
0.000812631349145744
0.000858462077459742
0.000804140401813185
0.000803953695861341
0.000930614399743406
0.000824393872668588
0.00081303448544366
0.000694954324363569
0.000899631968857291
0.000748888835199569
0.000790908101217645
0.000833329095132552
0.000789425153247814
0.00086464139039107
0.000871753697691255
0.000689448947843726
0.000891074359431522
0.0010354406743198
0.000868415340500409
0.000939559211201657
0.000732859087153662
0.00079516556815843
0.000831527898433322
0.000828445283394858
0.000706401533732906
0.000803579379099057
0.000836342687202678
0.000775926470900455
0.00103585688886366
0.000851477038699131
0.000815686717840212
0.00080574173383897
0.000808755578953025
0.000946098304338087
0.000760059126530772
0.000945672435976676
0.000946391672560289
0.00092444200023605
0.000835107298095973
0.000880034662444578
0.000983478433208392
0.00080038114666485
0.000798112026323399
0.0008328744940838
0.000764636913095384
0.000719087369909269
0.000938040736396305
0.000877397875549937
0.000779446179714183
0.000709454831604685
0.00071125624675443
0.000751874301508001
0.000793788703873799
0.000749795374942005
0.000928968419114898
0.000793219369888378
0.000948892885484816
0.000794027654152175
0.00105246748750258
0.000851147314230513
0.000822453457042348
0.00086694916866429
0.000824545351508981
0.000747998821268761
0.000893395611165179
0.000835877729890275
0.00075216223288123
0.000704492639106779
0.000760348960055599
0.000748526982514802
0.000799404697715778
0.000816210149424854
0.000832497694264419
0.00081887927435986
0.000838896370901036
0.000729318843820086
0.000770014520789148
0.000962515554264858
0.000772304329877829
0.000764857267729369
0.000736131748909122
0.00102396878021483
0.000808379966673797
0.00084543288978279
0.000857627732307202
0.00103124874203132
0.000701944358780644
0.000755397473231924
0.000869552098388563
0.000874825726640815
0.000723172862489326
0.000745062443006674
0.000793202932601583
0.000753701317957781
0.000734549399165593
0.000842137777044904
0.000722203186192677
0.000647866144003821
0.000762220004021834
0.000737693645491141
0.000860326224770668
0.00078920104000209
0.000707542287304695
0.000749134206660762
0.000677897916532885
0.000741185947844884
0.000667048811886128
0.000867561290599602
0.000691884707654495
0.000732922442245328
0.000756290262932673
0.00074853337673928
0.000846340646901905
0.000787578658992402
0.000911582971726146
0.000731042673712409
0.000740059363130879
0.000765968871588567
0.000849730741980712
0.000843590387714484
0.000752109361223696
0.000837669935455954
0.000806846012022467
0.000832621752598989
0.000774466523227917
0.00088813479354358
0.000748839580825102
0.00075894772809846
0.000738904366708564
0.000784365169586673
0.000806027581565252
0.000793719587471832
0.000879125232496391
0.000721560974984161
0.000740793159736785
0.000772126475395007
0.000822892503862711
0.000911151880163806
0.000824096384787577
0.000852411714044912
0.000771190883933272
0.000734512590689345
0.00077260422449008
0.000942128305694748
0.000674621819182494
0.000899742808422362
0.000769560949259673
0.000712584984831388
0.000732661119088347
0.000843200592381858
0.000872107678024427
0.000683296392652211
0.000691816128276332
0.00078650055440726
0.000803088186074616
0.00069836717878252
0.000757614029386557
0.000699726088026288
0.000796365151308074
0.000752574570807305
0.000812384550950195
0.000808088623438775
0.000675518744390243
0.000783043374122366
0.000857210054159767
0.000824174183029658
0.000757218524168978
0.000709484994011936
0.000783333780335294
0.000724267162285341
0.000723195235983891
0.000707282454168984
0.000754400904970266
0.000697194265624101
0.000694348456198929
0.000694887293997609
0.000805503153991553
0.00078392416818116
0.000926527094139461
0.000806936951361692
0.000860598955016714
0.000816372001640569
0.000703595051880793
0.000868945244273256
0.000811773292111583
0.00084634384843286
0.000752562854397384
0.000849768710286211
0.000841586091802145
0.000847947186130556
0.000842357949283904
0.000851547393378001
0.000831159092837389
0.000784602780820922
0.000717208253533164
0.000760645101872453
0.00076754175613474
0.000769939961552215
0.000791520864552829
0.000744692427480675
0.000729603763474473
0.000690642890219288
0.000875477308611806
0.000910725593011472
0.000946858544911684
0.00084815153986326
0.000872594765089356
0.000747511846393549
0.00078564069189928
0.000659765523340717
0.000727074825192112
0.000749423810644219
0.0007541474807556
0.000783327725101576
0.000809584273233482
0.000781089067267961
0.000808120671691546
0.000884958132266901
0.000759986473750978
0.000823481589053875
0.000674743105374941
0.000835720457075651
0.000824823013316939
0.000796642660927358
0.0006912197648788
0.000781467105353929
0.000787885691277105
0.000671428253148763
0.00079058051600636
0.000783497611303118
0.000642408701839414
0.000828873199197768
0.000775214547888087
0.000869881673022255
0.000844259667606234
0.000803765756147529
0.000705250128903316
0.000757142291910699
0.000792672497431316
0.000830465573013794
0.000737371231884975
0.000945375242610767
0.000773395257239643
0.00067478730792961
0.000786232263947634
0.000829103955959951
0.000712850769046298
0.000825146224990129
0.000747629038966218
0.000822733767592011
0.000857933022402425
0.000952469520470546
0.000900228895678327
0.000816016356086456
0.000786340258819975
0.000669786136083529
0.000767824108379424
0.000758736752784174
0.000828793633338443
0.000752204508728999
0.00097460283922624
0.000830504800600788
0.000772194031639528
0.000798153171599599
0.000749330500672689
0.00082500642880195
0.000733865406914136
0.000794347813550231
0.000991980475352287
0.00081782554824296
0.000894303266315201
0.000622705716430018
0.000817967708122267
0.000737831835700365
0.00074984871150447
0.000740307588168254
0.000794046782828523
0.000740783618503738
0.000959447768324853
0.000822218254023043
0.000704311236122799
0.000947506408890038
0.00085492095052597
0.000750164181244088
0.000762937708750092
0.000644643200329663
0.000725014012795286
0.000664912809542349
0.000773052968814851
0.000719542620713299
0.000712616013993573
0.000644057435747175
0.000663507253042755
0.000806973239867549
0.000734261257401185
0.000718220122527841
0.000867341649153182
0.000647858450700218
0.000623126084845051
0.000707452609793287
0.000767684544664387
0.000910782675891769
0.0010632554823108
0.000974076667546266
0.000845387119313227
0.000606341736400243
0.000880415269543524
0.000648813675926851
0.000867560030687363
0.000763249160755399
0.000687364794080432
0.000672728168247908
0.000748303295739947
0.000876796032986695
0.000800010587108956
0.000825733834235186
0.000734103300431594
0.000813439742647708
0.000747385181874041
0.000805744967023236
0.000821452132688966
0.000815315046989697
0.00080819309318891
0.000756682817104212
0.000790473704470307
0.00078920045650557
0.00084640015726421
0.000785728399206182
0.00093612175705451
0.000999791738145921
0.000960784753240957
0.000728156500931077
0.000876253397591391
0.00089881555556362
0.00086693046862563
0.000701639574152908
0.000739576690510956
0.000825254100142837
0.000810932909315336
0.000780189953210535
0.000743892005065923
0.000784105946215211
0.000861034628564925
0.000827282842958499
0.000795986409577837
0.000740208929282052
0.000679821640221689
0.000876738899174827
0.00087337133620825
0.000735345894550439
0.000804477873239894
0.000904294236400303
0.000915967500907566
0.000840047751015771
0.000803868722531748
0.000849131816182147
0.000773744596817202
0.000940681206572984
0.000800884665468764
0.000835054388193248
0.000944892465922871
0.000806622241035387
0.000860222831870219
0.000940718367887894
0.000985532797874028
0.000825366282319592
0.000837107699904135
0.000708659165347395
0.000741511706451055
0.000841851485593047
0.00088767831491559
0.000809125205160113
0.000702678124388947
0.000755405791261316
0.000932651841632921
0.000839113263360395
0.000712768266484604
0.00077403717222486
0.000928450772564353
0.000700707130290244
0.000686669938827044
0.00079576300101579
0.000767500593032196
0.000747677726523563
0.000712745222581484
0.000696202051548102
0.000800312556198202
0.000840292971909507
0.000710232814525109
0.000754722923394277
0.000802106616142145
0.000882867222066814
0.00074343555261097
0.000761245906390479
0.00068396947673425
0.000765948506719405
0.000680476629830302
0.000865778260292359
0.000686612855605057
0.000653251431173106
0.000708530147425262
0.000708635761316384
0.000808849422303404
0.000862728418149961
0.000717487080034728
0.000831918737763154
0.00088238677023651
0.000820727328233685
0.000675183290318646
0.000860872002434188
0.000842656044355647
0.000853235856773537
0.000733894555299221
0.000705436551476826
0.000721983490992588
0.000877325210783634
0.000883333749871172
0.000852505726156913
0.000814217733906081
0.000785589766808036
0.000796354165253356
0.000777699708157102
0.00073947528949324
0.000805580685203113
0.000908252827662995
0.000878074018579474
0.000973329677298098
0.000788977905715527
0.000762749088717633
0.000749577989124951
0.000683209149790789
0.000789705757597088
0.000754999971646277
0.000964453292550257
0.000831284018602318
0.000964722408585109
0.000775616021996448
0.000732748330185804
0.000732174344305166
0.000836984097088606
0.000868743185655332
0.000955606693761281
0.00117040419100964
0.000697851998858515
0.000861385333144743
0.000872311472313969
0.000912376263553868
0.000890187145264286
0.000805231647340691
0.000910935839321373
0.000920460830398896
0.000771292547665065
0.000860075951790931
0.000807093280636168
0.000750922354244663
0.000831994709785329
0.000783333130174327
0.000884767138978351
0.000719789518181519
0.000715736881454665
0.000895026166716676
0.000881477160103723
0.000923010539842697
0.000834276225111602
0.000930242786341794
0.000704122141032804
0.000981951794615814
0.000755891573329003
0.000876987201357089
0.000785634160874112
0.000867790019149578
0.000905915456691709
0.000853578811149844
0.000769790786745365
0.00103718064847073
0.000832029986767004
0.000825870093106968
0.000784542245910988
0.00105859410470958
0.000871694010520824
0.000865946187883921
0.000970433870396537
0.00083350783152936
0.000922732871919657
0.000860150267206276
0.000936789214326396
0.000866280243995247
0.000818462095293067
0.000899437610384749
0.000826918167112653
0.00083133536317473
0.000813632001148274
0.000851875002718039
0.000904873760450118
0.000676308761020753
0.00074934961793245
0.000777945199621329
0.000919023600489555
0.000789268032371654
0.000921007996520884
0.00083114306465928
0.000743138937038693
0.000860121150219929
0.000640477488721024
0.000775665096840745
0.000756895867743553
0.000762516758368749
0.000782779181469433
0.000819966155856188
0.000906639994609867
0.000803744225558035
0.000799052068084573
0.000915711232943835
0.000746331615703069
0.000862534897111615
0.00105588422602339
0.000794005607048029
0.00078122382024702
0.000768027833404879
0.000720678505893472
0.000862885311477223
0.000954150679747554
0.00102821656092165
0.00068349179898677
0.000759851948473915
0.000765819621255229
0.000799613116465033
0.000840522834821087
0.000724649888605724
0.000781015942010314
0.000819858727316286
0.000900931021614947
0.000760751581491671
0.000951042330831653
0.000753774270406039
0.000837738031963007
0.000800389455054038
0.00080170371339287
0.000845611133248859
0.000734083891477464
0.000741840224864001
0.000739709940588549
0.000821708793459767
0.000844478333305308
0.000742933332654725
0.000788048796146217
0.000754719090578124
0.000786198455585137
0.000784360216840843
0.000765394916556863
0.000835269644488579
0.000917610228370794
0.000870134704012276
0.000725785669371851
0.000813675507713524
0.000709190446010308
0.000977990321488538
0.000971350702211853
0.000865772121024785
0.000820020328096307
0.000762575244205705
0.00071208751286062
0.000731798217262214
0.000747713310989118
0.000893627387134474
0.000841300886134302
0.000716143624681746
0.000803520656240711
0.000877600093615855
0.000694508049027071
0.000829717828868666
0.000806669040830552
0.00063779890313884
0.000861213190345547
0.000746964482200684
0.000779804521357338
0.000739250244876036
0.000787047839419509
0.000955777969432723
0.000767360556334458
0.00085358998813031
0.000758702494328203
0.000726978860392626
0.000820020721333121
0.000774856179560156
0.000720774467912834
0.00100806047715072
0.00077873380830494
0.000913261543127504
0.00102696993345371
0.00074298565941547
0.000842158745163721
0.000923230588122351
0.000890534107093674
0.000810503865479771
0.000781045165304302
0.000914593229069268
0.000905218518949729
0.000740787373321994
0.000960634548914235
0.000812215476339362
0.000809140419716825
0.00115224653521661
0.000811376515163811
0.000985274221595304
0.000773363747941028
0.000825029302412867
0.000779238757719402
0.000946124956595702
0.000773475060414895
0.000727949423422845
0.000664459338807704
0.000764577776297065
0.000803635002959777
0.000807329892784545
0.000892135121610524
0.000971637979310749
0.000871824852014028
0.000860156583390443
0.000923880861991811
0.00101766359068473
0.000778724937845664
0.000864911379532271
0.000845105814252356
0.000865766856288838
0.000770749415352433
0.000845303240669874
0.000876725078503116
0.000720527041705747
0.000816305574169616
0.000803901409952084
0.000822965470228906
0.000732417100957813
0.000798847319153794
0.000842329924252868
0.000758678531170172
0.000793936795475054
0.000700543127611584
0.000698132480257266
0.000816526157465764
0.000654341639215797
0.000785490655268506
0.000863565701499352
0.000989830181047185
0.000778234619619811
0.000765430935171099
0.000818592333970062
0.000867831942393894
0.000680951660576896
0.000851654671788707
0.000690597766287247
0.00103082933520713
0.000758165946077557
0.00081844176017439
0.000804014863998939
0.000875388581209285
0.000841329824135883
0.000736606827344113
0.000893524419706601
0.000896574025905235
0.000828347235858223
0.000959142992740065
0.000777847181618001
0.000779137897046348
0.000718514902095734
0.000815723926778252
0.000875659334660221
0.00100546167450498
0.000787874462681185
0.000715512850706644
0.000746406089605227
0.000834416083164315
0.000814976507700592
0.000787380948960087
0.000764294643386777
0.000963597495278373
0.000800914831948249
0.000748590689720556
0.000938506279202876
0.000927181208773886
0.000818480851808552
0.000916927328398968
0.000826968294326098
0.000793660282554118
0.000790403206168076
0.00087770344287955
0.000776673865886545
0.000845953969973364
0.00107234357894773
0.000772599419250624
0.000799669996184591
0.000950329633562586
0.000889173652802187
0.000957349669063018
0.000835352035149607
0.00085953307981908
0.000743266873341731
0.000758365941686969
0.000865335211822127
0.000818805670592418
0.000801543479205033
0.000721126094511031
0.000852690341432624
0.000834540807882504
0.000760298464091753
0.000761828832664795
0.000855291747331729
0.000788675126945583
0.000789680114380044
0.00071591599705649
0.00104466877298502
0.000855426536824594
0.000714667799145062
0.00102380543578344
0.000695359428970708
0.000997788210262211
0.000748367142420474
0.00073331908441298
0.000771201897545039
0.00092873752925782
0.000879878054201013
0.000948569396067619
0.000871586518203687
0.000881365074916178
0.000814607967278575
0.000769178376293376
0.000864665913593552
0.000857920175837208
0.000805966539688576
0.00088943278051312
0.000700326643575038
0.000825276122810882
0.000721044282240935
0.000716861119365467
0.000872918720523723
0.000782491146377964
0.000714348123624938
0.000804679905834195
0.000753551191773958
0.000696214532541105
0.000871340966388464
0.000792173328761748
0.000770428840068441
0.000822579934082894
0.000796642930101783
0.000775833248657486
0.000797124215986599
0.000756429068736807
0.000751148724192669
0.000757908899443183
0.000894773896942611
0.000721011587514608
0.0007807940226805
0.000887407186613085
0.000822468718191807
0.000714204169079733
0.000793309606660631
0.000766495878312031
0.000711006090010373
0.000691844442267244
0.000754315788108031
0.000828121841612879
0.000710952852626161
0.00102057605689672
0.000657771248413539
0.000886439130254715
0.000870741515263028
0.00106442291483001
0.000971577089911879
0.000820511457216965
0.000968919150532862
0.000771762254472218
0.000710419269144999
0.000735647791423446
0.00084855040543197
0.000776546261740867
0.000776496524449321
0.000802102603186577
0.00071849620063427
0.000752897917833259
0.000727027035143703
0.000904876597603379
0.000806574105489322
0.000881810180022361
0.000827657730885513
0.000721055517319364
0.000878145325907543
0.000698701738183043
0.000785122363591495
0.000873273482364165
0.000752927588935208
0.000719481416488896
0.000701534975898619
0.000716813202544587
0.000660612378184479
0.000699309868623321
0.00100709392666654
0.000879336236600874
0.000789900901424078
0.000925933424111418
0.000783811853762771
0.000674238812540724
0.000833076812920766
0.000821827092215456
0.000768466729063541
0.000804194863741246
0.000883029739126658
0.000982976699595482
0.000918460341659507
0.00098359046581823
0.00093464477566445
0.00108516831906952
0.00116454329852297
0.00106998272897229
0.00101994143004428
0.000996910727686866
0.00107064975324147
0.00110546435205317
0.00123125821137796
0.00121401474672007
0.00119464564285622
0.00106674522519525
0.00113216735342374
0.00104743298575463
0.00103421490954086
0.00109901912868258
0.00113371205384484
0.0011023371458695
0.00106436070371317
0.00108653073351784
0.000971459487603474
0.0007962667581519
0.000914690673945223
0.000846689636316913
0.000961493778933904
0.000764481170302967
0.000894009136060899
0.000889724949248419
0.000803339974821469
0.000903787460182706
0.000966567511514195
0.000779206141214698
0.000734890978219722
0.00093015713155264
0.000875504660866454
0.000874670796821384
0.000843832705338198
0.000713399738517908
0.000694015603216304
0.000707717471135306
0.000893654790338204
0.000805370351723673
0.00125716018874765
0.000814227143314022
0.000911075909640837
0.000894763522518232
0.0010250139591265
0.000743808852812604
0.00107092036355217
0.000895753704138522
0.00103924403681582
0.000826220676635379
0.000984831323454395
0.000780441029532035
0.000883203133341648
0.000916532041835322
0.000742108545381043
0.000759572543007277
0.000660892265654938
0.00060317380731255
0.000934965355398597
0.00090478396949391
0.000760675353179234
0.000730566589291356
0.000784866700955065
0.000788386512824215
0.000876600723051932
0.000775796504297898
0.000810277909496994
0.000792993408203338
0.000917488177895374
0.000813089382988592
0.000952293706821208
0.000765882190475683
0.000744744334265482
0.00079500058710536
0.000764167768798285
0.000845756703242428
0.000764319821922112
0.00080599956522502
0.000865178283535001
0.000745315750087648
0.000677729022765895
0.000758804893916312
0.000789231443257547
0.000747024020800084
0.000672649609157794
0.000787499943728988
0.00100160839910709
0.000703132251593722
0.000746651230040439
0.00092219836491544
0.000740429712202579
0.000751285361518722
0.000693540252849132
0.000862099627046334
0.000814485017106183
0.000761152214708875
0.000794336552813929
0.000783464478657104
0.000758624639476332
0.000789279304030057
0.000766220341067257
0.000768636071318087
0.000640519462105948
0.000571755707884334
0.000667032078063754
0.000772296964115465
0.00100268301938573
0.000735191029167645
0.000937980281439
0.000706575296078065
0.000718043323880717
0.000813779824062181
0.000829591541137424
0.000696707411127635
0.000722642526778635
0.000735269217634613
0.000774484902489021
0.000750591864265856
0.000706397163168122
0.000678153140132221
0.000788556607730842
0.000818998249840017
0.000933600599050428
0.000814484077429956
0.000728351204709945
0.00105112939009855
0.000891794102299926
0.00078616891296519
0.000734833700248569
0.000726790362259776
0.000879886296632827
0.000695061460062602
0.00077807530587059
0.000710847398077797
0.000734598726358399
0.000885492602480153
0.000585056697655081
0.000818701334371178
0.000843011987682426
0.000674559715995578
0.00084464037141028
0.00096183211915314
0.000667776828825913
0.000653307958442391
0.000936235024673944
0.000741690282941581
0.000918458585092963
0.000790779382359018
0.000852566067849396
0.000746532522987908
0.000663977412509608
0.000810405796503515
0.000728231577691234
0.000792170890995159
0.000680803004013486
0.000691782201021443
0.000705784826297854
0.00065778548266709
0.00068530539956096
0.000874088568465073
0.000955161141319185
0.000745616286415883
0.000674382101924276
0.000711089608621891
0.000778582400015084
0.000707065170448219
0.000662993788941522
0.000749617451906165
0.00066566941807017
0.000829837897808963
0.000805275411101109
0.000830139641652886
0.000662966372835327
0.000774966763660167
0.000867437613383915
0.00101744103799523
0.000712172689747947
0.000844771318967667
0.000763644137393521
0.00086347924150409
0.000956862618435343
0.000891074923831241
0.000834963769282212
0.000781845115571109
0.000874526289425963
0.000904345098168645
0.000868467616802185
0.000749205341818271
0.000690187699424273
0.000866342135972552
0.000817436228209546
0.000867059714431742
0.00093720968600224
0.000792478725832916
0.000835843695288153
0.000812617636205056
0.000861531126324885
0.00077240307104388
0.000670220668213911
0.000914765419639203
0.000835081459668559
0.000926882695055687
0.00077157276488697
0.000857864056682892
0.000850497239220404
0.00071100181243181
0.000702840398695033
0.000828932748988338
0.000721599371382776
0.00077564512623461
0.000773386918313071
0.000708036217198571
0.000719806442657526
0.000776990708563466
0.000832242670540134
0.000780314644603752
0.000895292465261906
0.000872166839063487
0.000804317572985391
0.000795799100811282
0.000785869643750768
0.000750332639041221
0.000657868369696038
0.000664689551412825
0.000896222372067541
0.000725471216531934
0.000711211678473536
0.000744313499818658
0.00069426439514749
0.000708897562576372
0.000855084561792053
0.000767510122802131
0.000808691310052483
0.00075389723039981
0.000622077831670683
0.000778309308102823
0.000809746687928891
0.000670381155005406
0.000749429759361557
0.000738619777752604
0.000725423585594447
0.00091211604212637
0.00067819262915896
0.000701829311296524
0.000577035069844461
0.000715461797745638
0.00073946094383243
0.000851193006828609
0.0007395021514881
0.000752214788954509
0.000833032215911265
0.000868141808208823
0.000708532678202757
0.000742031524797952
0.000704644201446904
0.000660908268930216
0.000710018577949041
0.000699717157600019
0.000632481867018574
0.00062409535121045
0.000722177518473344
0.000699964050364277
0.000806856847456748
0.000803078714742364
0.000745831839568646
0.000763118422121135
0.000714982163286928
0.000720107918540396
0.000774354090735392
0.0010074570396988
0.00109628605328938
0.000821354493686971
0.00082808112010974
0.000708962825896325
0.000877953178492424
0.000780687031190766
0.00076626936424537
0.000754560640032685
0.000668732187704337
0.000879006634188535
0.00110183451989409
0.000815758072217792
0.000789228557152087
0.000604771694857357
0.000633406909977867
0.000719061207451271
0.000789770760738152
0.000764589618411623
0.000767859619297686
0.000740747155408493
0.000708758096181561
0.000782358394345098
0.000673791626640738
0.000795180626092009
0.000680855798450945
0.000771606415236336
0.000783584825760439
0.000655145879390534
0.000768526424926615
0.000775176998327436
0.000657895104951131
0.000786329479591606
0.00062972728454299
0.000774263179517004
0.000741317643341184
0.000852967444875402
0.000788132942559545
0.000679041492283591
0.000787663817443366
0.000749279687487008
0.000754118129646637
0.000645168704288595
0.0006377911115332
0.000750880345438023
0.000756504820829169
0.000688126476723072
0.000720965395026342
0.000703442051259308
0.000788400944099341
0.000844140755194911
0.000882556795763891
0.000705430055504681
0.00067350590178138
0.000959976331746413
0.000807856262328125
0.000857689497928122
0.000718525978929588
0.000757008357923636
0.000784834864995338
0.000739282051360104
0.000689719448365252
0.000730682909103149
0.000790113470291291
0.000601394208874098
0.000636027707049437
0.000853696862256882
0.000815138781395771
0.000964775036067458
0.000762679917235038
0.000671156263270324
0.000662022297403359
0.00096825484906736
0.000889605349174192
0.000769028864934531
0.000722929359176706
0.00084830222901258
0.000711359174832701
0.000833517753390603
0.000822208048341353
0.000770060526845554
0.000773523160883171
0.000786550885266555
0.000802332252924758
0.000694358556722603
0.000796282535089696
0.000696983323221993
0.000719466261055056
0.000853206095460154
0.000747171426985092
0.000929499997124919
0.000862735915458865
0.000780383807443292
0.000746918032405905
0.000920839790042803
0.000780682766694584
0.00070186219424078
0.000684735876316603
0.000735654994355144
0.000764206850314385
0.000657007089673883
0.000712211217901581
0.000904772098930152
0.000793651540742599
0.000659509691222093
0.000800244210062252
0.000706135625494395
0.000809296707377608
0.000952956198617788
0.000897308288293798
0.00071607451021117
0.000778496498734916
0.000774712142615636
0.000789182607676209
0.000880769446109812
0.00088672059810405
0.000988681161939587
0.000746433137440154
0.000805398134157378
0.00106430395843952
0.000834482277392517
0.000879630478333332
0.00102109454241584
0.000761591255477491
0.00073210526117309
0.000743954849868056
0.000906786957747109
0.000918862956874447
0.000982670347127629
0.000802294460138923
0.00105426019749818
0.000825772531318185
0.000747549182791866
0.000740818725241215
0.000828603693678418
0.00108536624212975
0.000802397456983306
0.000777392948429815
0.000795852203338397
0.000629753011963759
0.000956643285300985
0.000728367228389216
0.00076798887034103
0.000871946652308621
0.000727552058008499
0.000851042693142469
0.000932463889147954
0.000897770671962706
0.00083705661248659
0.000725266854023321
0.000957908375160856
0.000801040127841674
0.00081694644233366
0.000849805805902496
0.000768396389450571
0.000733023234125175
0.000732232935310539
0.00103180131430588
0.000835723384304933
0.0009075756430515
0.000798734821442732
0.000913115391673598
0.000825694288278844
0.00100545488266541
0.000988848576732541
0.000909340741330271
0.000858068638740053
0.000838203812322723
0.000677071930090802
0.000813363763581807
0.000746813040997299
0.000736339792444761
0.000748855211533739
0.000853247648176918
0.00080703330036765
0.000716738499368686
0.000755410745651141
0.000820678375737835
0.000794865824781936
0.000908717010299588
0.000957525242586941
0.000785930071150398
0.000974222147686878
0.00113525007474205
0.000698647379981282
0.00092589984706389
0.00077071077707033
0.000838161783701696
0.000713058109772482
0.000658993537419796
0.000774632838307062
0.000811949085709033
0.000914436363133663
0.000881469101536999
0.000864098471617643
0.000893488202347639
0.000878216507453064
0.000841859931920663
0.000728511126324303
0.000857945212405182
0.000895184463810004
0.000889014507069327
0.000744887698026281
0.000848587316048957
0.000800939178494359
0.000960843436897164
0.000800255051840659
0.000849510755878285
0.000893145498942367
0.000801150178338236
0.000950833520216395
0.000804647721822639
0.000907994638426925
0.000806512553113746
0.00112209601280773
0.000871718067561659
0.000895542573138137
0.000921625497576055
0.000952865758414755
0.00109570089406224
0.000779404924644472
0.000913020179590032
0.000832151908616012
0.000845545007969344
0.000731608286982675
0.000776910194954626
0.000855734085665675
0.000814028739803521
0.000960383013469736
0.000786200515521904
0.000812534338961749
0.000733529563586823
0.000983384822569371
0.00080724776940968
0.00080885959825597
0.000874615615372161
0.000800691079440321
0.00100671381306348
0.000914294906142003
0.000808690201708517
0.000918974688213841
0.00105423542954836
0.00103969935819844
0.000753595842693392
0.000937738393974729
0.00104870852575816
0.00106472029373465
0.00116872387823066
0.000907061686661303
0.00194979350352407
0.00105597252471314
0.000973978674126973
0.000993660378201137
0.000959005888910466
0.000999510472662114
0.00097844584383646
0.000779293907870869
0.000835233214551351
0.000776931858835247
0.00102479059034472
0.000887467664109393
0.000867193823970301
0.000876103033980804
0.000858429903435542
0.00101152191916719
0.00111082740848068
0.00102253410665978
0.00099887072461701
0.00100752834092667
0.000953145280535042
0.00102958166131278
0.000822366179221134
0.00106690888273347
0.000919084299882739
0.00108393980342612
0.000925328230759705
0.000890663368748854
0.000886069899827023
0.00103799058094109
0.00149272382847299
0.00102577182719797
0.00142180434232817
0.00112348299626142
0.00109887888376861
0.0011052642296293
0.00122924669389061
0.00125826297040386
0.00108165053864668
0.00127476391373393
0.00095402780086444
0.00114094359196429
0.00107256376115065
0.00115877490440568
0.00100179531275864
0.00097519580924122
0.000970050031631866
0.000974227689145459
0.00117231183955953
0.00102519079540711
0.00100094005021121
0.00111660215312766
0.000876764938231669
0.000900468000985347
0.0011257780416049
0.00204883092265006
0.00103928086309098
0.000963243974001892
0.00103171051553834
0.000901945626603314
0.000973451454158416
0.00103887906391935
0.000954500179306835
0.00108756037406116
0.00128417265283056
0.00103048161328339
0.00103708855947048
0.0011368228365988
0.000976180991607681
0.0010066340510277
0.00123044402504664
0.00101985531304224
0.00135430989021742
0.001087699512524
0.00120391700390138
0.00099382122279911
0.000964105520156246
0.000843100206570294
0.00129397825651082
0.00135658225549144
0.00126327737337404
0.000926401887465169
0.00101253856235858
0.00097211778839866
0.000856792388702675
0.00113795866391897
0.00096544480713861
0.00131990684112601
0.00100854224696383
0.00107413340983227
0.00110565102299488
0.000911611601399548
0.000964528044674302
0.00102411810386455
0.00107100843541665
0.00105550744223737
0.00107179716559129
0.00101222672720482
0.000962779444359547
0.000930173668390979
0.00103787252310026
0.000984186562190243
0.000936306206324605
0.000872117234605724
0.00114026402735756
0.00096629724924705
0.00090173896044297
0.00114604152922124
0.000988558999630671
0.00109950737877605
0.00103371917928505
0.000896717423106247
0.00102484441988085
0.00107623446860518
0.00104799995335144
0.00131358745756694
0.00102999499198756
0.00114629021563914
0.00100658308082294
0.00115176363085306
0.000996563474990386
0.00110078385659039
0.00109977774006748
0.00110380806403406
0.000970940405607797
0.00117602089590845
0.00110546280616138
0.000964776326841149
0.00101299683808864
0.0011918076125093
0.00126063862351264
0.00106622547808543
0.00115205960558983
0.000990148699477058
0.00112321768241116
0.0010420862596852
0.00108580581568105
0.00150311331320632
0.00112546585412364
0.00104559827917309
0.000964079134446778
0.000990827053551828
0.00114881898380668
0.00122295564641001
0.00105548924822592
0.00115257896433099
0.001171036044584
0.00106065153954263
0.00114528658103813
0.000971150777836585
0.000981588690706522
0.00112428519549516
0.00113411687662066
0.00104054652185734
0.00103882661726138
0.00117704743232625
0.000986006108090152
0.00127762840427711
0.00111678569699745
0.00109505387040543
0.00125240968613226
0.00112044147543519
0.00138003854897978
0.00116744420576935
0.00110696072659185
0.00111358566027386
0.00123741381878554
0.00116612317520894
0.00127931635635307
0.0011454749768995
0.00124145653999949
0.00121606561372871
0.00111308553350148
0.0011816158659702
0.00117589386922141
0.00110280692043598
0.00108660476953339
0.00098279057533125
0.00127044306290413
0.00107040681099698
0.00108732598137243
0.00122095733816378
0.00119469267825603
0.0011459402344142
0.00103877809689701
0.00114419582880543
0.00105129511304865
0.00122362465416717
0.00116041866094102
0.001179629647366
0.00110446053041161
0.00124751995651406
0.00116436197402832
0.00104171418895541
0.00120723518135196
0.0010841591922472
0.00132133973034738
0.00106608566177174
0.000942168094257493
0.00115601415110823
0.00111523772616147
0.00123194201582081
0.0010706844352078
0.000897798391078292
0.00116311094244436
0.00112509103861686
0.00120680101174735
0.00116577416356885
0.00117410198810459
0.00127302219519357
0.00104263633874795
0.00110974615239999
0.000976948026645482
0.00114933412662685
0.000992645467401479
0.00113052503312115
0.00122362301033808
0.00141873576871061
0.00118908601459148
0.00120590005654378
0.00125931195686446
0.00128876472119281
0.00117695999615065
0.00150422625022053
0.0013149153024993
0.00145580347379742
0.00117347863387434
0.00160523636032043
0.00116802849505256
0.00124870266850968
0.00122049186830905
0.00146312131674516
0.00112089464717952
0.00119194854926464
0.00122515891039968
0.00113004249044364
0.0011672522297262
0.00122233864418442
0.00110496755541399
0.00114402049237075
0.00143693249836529
0.00129880598496298
0.00106830796828088
0.00123517908007329
0.00114708338238591
0.0012953070768192
0.00110683892349657
0.00119420326945698
0.00121041746260402
0.0012808597779714
0.00144593149283645
0.00120136778463806
0.00099468014161636
0.00122210239273285
0.00128728280623578
0.00117575425865884
0.00107682290583419
0.00103231299932345
0.00109870840838688
0.00128465710937698
0.00102247468306904
0.00121614566719004
0.00130031149407189
0.00117973495375806
0.00115852794368651
0.00105235412014569
0.00111990177686763
0.00129223030704267
0.00126468210582131
0.00104346825409668
0.00112144862346616
0.00119742831919263
0.00116193760521089
0.00110534520018962
0.00109912065267439
0.00127320823748109
0.000948618507948566
0.00126333046938493
0.00123551377066871
0.00104581954259122
0.00127768470292013
0.00123744824212524
0.00117265282646192
0.00110905049478668
0.001203167308502
0.00106405395219617
0.00118677268839828
0.00113658827916424
0.00147724217154622
0.00108912646299475
0.00122482076102956
0.00109152993261635
0.0011608897840045
0.00107119892854308
0.00106915659349103
0.00120694590136202
0.00107004373810701
0.0011210851571619
0.00117720258177019
0.00108540015714591
0.00110702825316101
0.00121003792698429
0.00127991999465283
0.00121132394503244
0.00112947966994059
0.00114675630321507
0.00115656974924493
0.00120336005346099
0.00141791342791686
0.00111321610607886
0.00109312433335088
0.0011633156385616
0.00135028161456968
0.00108955904844649
0.00114686892505617
0.00124474712512346
0.00123697151754265
0.00111806180018194
0.00116786545042364
0.00124674673803686
0.00116627498713671
0.00116520843637377
0.00110477610262402
0.0012548903536911
0.00115430454383076
0.00118601092694289
0.00139692496513304
0.00105339381367355
0.00117242697120638
0.00104120155877427
0.00116903789786006
0.00134256459060451
0.00116980363916215
0.00104041914408264
0.00123023475390622
0.00114228136680097
0.0011026712952629
0.00102914300305107
0.0011335589825347
0.00113148375707246
0.00104532199397536
0.00113287359050508
0.0012041705785236
0.00116119020853394
0.0013141660194873
0.00110637451535537
0.001142241852872
0.00116339182007261
0.00111884918104902
0.00106866872325829
0.00108587390420417
0.00137086128513903
0.001115657020596
0.00115313020111402
0.00114165100799761
0.00112654359519771
0.00112392635833574
0.00106255044891408
0.00113680687169955
0.00109089370034622
0.00115714815333071
0.00129764914520881
0.00105349688721826
0.0010301684361492
0.00107470398079676
0.000889854639583611
0.00115544780363508
0.00112924088954463
0.00108843114175638
0.00118338366259281
0.00107618309649674
0.00114060695515253
0.0011382220316085
0.00133803066182763
0.00111970064157528
0.00106691455066358
0.00116595752162056
0.0012068038569632
0.00134150488414727
0.0010948798978528
0.00100771561471055
0.0010849922159156
0.00116866617120009
0.00126881421666906
0.00122435980643027
0.00106868542813075
0.000942680323874846
0.00111991365639638
0.00109680583726173
0.00128001822192718
0.00133323878326516
0.0011565600278327
0.0010157521008946
0.00110432858678398
0.00113950121340965
0.00103469999245652
0.0010858775858849
0.00100937818049577
0.00111022845808268
0.00111604678846399
0.00118896616721269
0.00105229254193508
0.0011174038356231
0.00108690364387554
0.000949527033651819
0.000937329084667762
0.000989078871464652
0.00100121876157825
0.00121031140078517
0.000895979854772396
0.000904016916079517
0.000849729445462593
0.000972224085824588
0.000993185122131576
0.000929408593979587
0.00102436434417166
0.00116256250127857
0.00102937542612617
0.00100026910131136
0.00117538749017982
0.00122081268377684
0.00104925306174417
0.0011488025650675
0.00105469791805542
0.000987229693603214
0.000916165371540713
0.00137235894591124
0.000970395614564526
0.00117091592425766
0.00098848529248501
0.00100874082901644
0.0011152892518728
0.000983831971086543
0.0010051750695908
0.00101514587859954
0.00108658727816005
0.000979331580985655
0.00092477386137764
0.00103252446602965
0.00102185042161979
0.0010513758898023
0.00104067464158608
0.000930124594663044
0.00118616976495614
0.0011737491021791
0.00111322520136391
0.00110699201140859
0.00104215340327072
0.00108784621741034
0.00100415482383521
0.00107370460999836
0.000954113569304126
0.00104764299384487
0.00101354715104712
0.00112600681193712
0.00105080807833398
0.00155769162152987
0.000904053026424839
0.00101107472058645
0.00122589059576457
0.000976895479962355
0.000953447911928313
0.00113688125008764
0.00104060020392143
0.000974629463423772
0.000921424980202101
0.000922507204037337
0.00103927955110403
0.000903516264288392
0.0011066677846299
0.000984056988172522
0.00155125970201422
0.00101700165346744
0.000927081044430822
0.000899765034925272
0.000922090964660117
0.000950241762461202
0.000955844021783909
0.000951903771415976
0.00104661563813923
0.00115903602853685
0.000933486137295717
0.000899899185874403
0.000919747658824178
0.000884480759132787
0.000968058940077421
0.000954601367666039
0.00089728431058693
0.00102171468944801
0.000965937640175012
0.00108757678771729
0.000902254084215376
0.000968240473705387
0.000882447985198463
0.00100304784549255
0.00101751271833149
0.000919785940887814
0.000977679547613183
0.000922948358360846
0.00101315496455332
0.000992970286852094
0.00110105838728662
0.000968024855837472
0.0009361748782335
0.000982943822241783
0.00102611436609605
0.000988848107750531
0.00107726478838354
0.00106534445774642
0.000917024121130023
0.00104542292483165
0.000918875515583907
0.000983373743030948
0.000898129988884343
0.000849811382817317
0.00104343332968189
0.000970829958336636
0.00103181100023446
0.00103669337120275
0.000993466053490449
0.000805865723997739
0.000831474332998267
0.000968643483554778
0.000875021538965621
0.00101618410793003
0.000999585312747299
0.000922804625751413
0.000880941543574114
0.00105529994817127
0.000984313589807308
0.00112076656148291
0.00091878816382732
0.000993628221801639
0.00109297226832647
0.00091161448227188
0.00093774607226521
0.00110486505386908
0.000812934764792794
0.00104440660679185
0.000865821620046505
0.00111132296574119
0.000948982408949455
0.000952082145490745
0.00120797852952558
0.000841270221124209
0.0010110298576394
0.000873016478210372
0.000892136294778822
0.000900218884878569
0.000990116192769023
0.00114174430598685
0.000941959336229246
0.000952830613082252
0.00105432928177364
0.00103851946947019
0.000862083096885332
0.00112020326450765
0.00100209275342145
0.000843024209307198
0.000941989195330665
0.000922751800641913
0.00100622088224153
0.001033812874513
0.000953212288325403
0.000986467270080449
0.000951739895504732
0.00111590595693597
0.00101672035720502
0.00100628940147507
0.00086613688463531
0.000952218040250556
0.000913385069948211
0.00102175735161647
0.00094166728764564
0.000942781287110097
0.000955602099198927
0.000988334988053174
0.00102953813992414
0.000959077359122106
0.000804324639295635
0.00086419287790235
0.00107746556498294
0.00104171806591865
0.000956494516361376
0.000898618140694142
0.00107752439083678
0.00111255873788491
0.00092886252349037
0.00108644559243232
0.00104386440874855
0.00139263681646529
0.000929822540697839
0.00106201395063078
0.00105374870819127
0.00114567170228895
0.00101343877199289
0.00116603646488577
0.000962670312760552
0.000929051480475728
0.00107131491315355
0.00101869800507579
0.0010024352976493
0.000854166163646618
0.00115602111019659
0.000850748166505943
0.000872019177153381
0.000851953314960547
0.00101497240110546
0.00105058061329917
0.00106086299752819
0.000995897713546803
0.000858450753708896
0.00109349936085783
0.000924333998173372
0.000897222227121538
0.000981462728368911
0.000875294171262262
0.00101540750075536
0.00111569489532228
0.00102933135780088
0.000951218805757176
0.00110931111294581
0.00111364696652857
0.000900509195379519
0.000857431673552823
0.000955285442337611
0.00095066897909889
0.000966229197251338
0.000992645247691927
0.00117075599751217
0.000949090505114667
0.000910707353469284
0.000882773442234425
0.000949428308983425
0.000970285751884546
0.000846388182256134
0.000880908341230046
0.00102200524715629
0.000918875284916772
0.00103729878244636
0.000991239182943055
0.000983981951491995
0.00102085468281578
0.00106330178051015
0.00102041023162177
0.00117880232667536
0.000972455128028326
0.000926150152663319
0.000881758318866547
0.000996607330457271
0.00134208341587456
0.000986713126624943
0.000930210846183217
0.000889944652600234
0.00102095934086708
0.00113865666495276
0.00114410838515956
0.000835308236716778
0.000947282923279648
0.000951130466823035
0.000895399124317886
0.000924248131670775
0.000992361784387858
0.00115828253101705
0.0010739127189608
0.0011480273190696
0.00098799348048083
0.00097007307278599
0.00109060032939861
0.00130724624177829
0.000839863084259043
0.00103619669672125
0.00123423235517245
0.000921205509561669
0.000905799495205609
0.00101124145352252
0.00115977769281941
0.000865536698683923
0.000862409054756584
0.000863062750276383
0.000912516889086087
0.00102992795777942
0.00125301710220845
0.00110936485174188
0.000864019270972394
0.000962514914890217
0.000902021415486976
0.000849186563018695
0.000863987376645486
0.000808361874674696
0.00101775714268435
0.000928108548191474
0.000930814940927014
0.00107501290697212
0.000918930839039173
0.000945939657901553
0.000947656866570828
0.00104519072383351
0.000963937803302213
0.00104695884469294
0.000999194985918894
0.00124935481325549
0.000987720302214433
0.000929877685885593
0.000968443491446894
0.00108540526673381
0.00105457251826795
0.00114877233694876
0.00091723204794728
0.00118647242306448
0.00103860438730804
0.00103264198930725
0.00110785136578961
0.000967840973307335
0.00122664045758628
0.00104283265509134
0.000843408378008666
0.000921674071751465
0.00101263150731193
0.000906192341596356
0.000870796201132697
0.000841808302266989
0.00107152069630698
0.00101048337182417
0.00103037809501939
0.00130829212211453
0.000973326300649347
0.000988787360283228
0.000950805730808518
0.00105343957208848
0.00103757734517008
0.000907807247876746
0.000984271688948906
0.00184075653000527
0.000954776860499611
0.000975343499764421
0.000988100016792724
0.00106444092720761
0.00100423086144754
0.00116551886086058
0.00114460156447248
0.00116387680097762
0.000952982587579044
0.00107971401035075
0.00135026359480309
0.00102886772892449
0.0011310052612675
0.00103126979070379
0.00115918121585043
0.00108693420415736
0.001212491220064
0.00103363018298022
0.00124964186421851
0.00110767440910329
0.00106483948641526
0.00101129643383163
0.00115004126817676
0.00105357614399683
0.000923299280945375
0.00116682018047844
0.00100753993424885
0.000885528510053019
0.00116085826868711
0.000941545380740124
0.00141521881993611
0.00101050664432886
0.000909459400967495
0.000850666445316644
0.000947821097850008
0.000932042195901238
0.0010921286981283
0.00102581591800563
0.000946597143493066
0.00109627789941284
0.000833892812589688
0.00145220388183453
0.000956931392650753
0.00107536779772432
0.00101479530417628
0.00113930088917354
0.000813395339935596
0.000921392215008339
0.000936411741429799
0.00093102055624375
0.000956433342004011
0.000849345553577372
0.000971105555098784
0.000987039049875861
0.00103791218121045
0.00120432725296077
0.000925333172942959
0.00114864276093617
0.00088662271999084
0.00086245808897183
0.000797950443299782
0.00087508025672888
0.00105756083756517
0.000927539009252754
0.00093540937346911
0.00102825632698856
0.00100105077225626
0.000765034134752542
0.000934827965287528
0.000958884850020468
0.000934187423849095
0.000903629736853862
0.000875718078541046
0.00125812868765247
0.000797963960090013
0.00105461907150056
0.000811782838316724
0.000895401201484374
0.000905901459641929
0.000775652445087302
0.00101632717430929
0.000979361581853384
0.000832596263493727
0.000972818803857093
0.000861704824089296
0.000894191825530684
0.000939818372074292
0.000890634804847636
0.00096125037436492
0.000952608918149508
0.000994239104015625
0.000966761140557883
0.00103848691465293
0.000930112694448636
0.000935175152294552
0.00100679388674723
0.00142663651391637
0.00104531825233843
0.00102768018486117
0.00101220367085072
0.00103267554067232
0.000927854358809735
0.00100182166551163
0.00103329480957393
0.000900685438873656
0.00088921880774481
0.000868995567505487
0.00089981641272226
0.00100252562897521
0.00104079887410488
0.00101114276305529
0.00107855005200727
0.00100788696993152
0.00095035096568731
0.000993488049915424
0.000968412978232742
0.00104533320448372
0.000876166223796436
0.000950474845058437
0.00102814448229264
0.000965396539038782
0.000923217567097717
0.00111294357309767
0.000965947777548996
0.000974326845472564
0.000932225163955814
0.00106116509799039
0.00101523753894245
0.000945086436450369
0.00101259860441976
0.000975939612707331
0.00102803650236137
0.00111866800525152
0.000904860794530582
0.000873624080598657
0.000956101932257371
0.000970629534205706
0.000970152479818862
0.000997474011054825
0.000860633479757858
0.00102114222643332
0.000855201682602122
0.00081605979154387
0.000901929858618631
0.000881297109921843
0.000985716733189686
0.000836579405159719
0.000955507095982643
0.000942495180145025
0.000824218489518031
0.00076262070569704
0.000999975469230888
0.000849021417525067
0.000893588062414956
0.00090458370487074
0.0009408891134066
0.00101246097902287
0.000908520187145075
0.00110015033644756
0.000922468657155612
0.00100352957095127
0.00104864859290182
0.000891311609102057
0.000952174224189912
0.00105551096986164
0.000864418174254662
0.00102003259932105
0.000895310446578072
0.000792490735936554
0.000849024750260326
0.000848030461480581
0.000880936919207225
0.000837601099835685
0.000814138322101549
0.000781885972830041
0.000885157685081777
0.000965189051858359
0.000888645282536179
0.000887915294122881
0.00107340778802878
0.00104688794834765
0.000899681198371982
0.000817005275494565
0.000950868145673465
0.000960554741030334
0.000890789082224946
0.000946048130284069
0.00104847842530882
0.000990724320615427
0.000967243789964384
0.000871495801742083
0.000807417750051614
0.00107652362408613
0.000908785349839819
0.000889220654566584
0.000983751507228958
0.000807348196843023
0.00108244923978447
0.000964099958306802
0.000947993366039889
0.00119436520871958
0.00085568364857132
0.00112014408504677
0.000875124729167929
0.000904188322502212
0.00091762581931823
0.000878507483844987
0.000847423223241551
0.00083176184758997
0.000818802792229864
0.000851126460628938
0.00119555774132881
0.000918307665766505
0.000806066013692347
0.000974695356352821
0.000882436493818369
0.00114329096914933
0.00107877834786385
0.000896118929194762
0.000819998312109564
0.000976789843352648
0.000994533144244414
0.000930752466073082
0.000956670746791173
0.000894058047019279
0.000980308252648866
0.00105861891147144
0.000977874017378973
0.000914506086580934
0.000892442851588099
0.000908152766008962
0.000987139240440135
0.000974733045053917
0.00101378972951736
0.000941018826318309
0.000846843892471413
0.000875534302498745
0.000787690629893962
0.000850719510975642
0.00111220348568326
0.000960023873713982
0.000942770198543257
0.000902566605222717
0.000821706290450103
0.000917145446957009
0.000884692761268125
0.000853175079129196
0.000937192260391666
0.000956290729803251
0.000798214881360703
0.000829023685572387
0.00085719172563034
0.000913074507970826
0.000934650245366929
0.000836797440354884
0.000947589870586745
0.000917392705534392
0.000821972338891081
0.00105709857941062
0.000933802998066772
0.000939297748353759
0.000787319772413197
0.000948688139253162
0.000812222701995896
0.000861527261554826
0.00100359490647072
0.000839351381396351
0.000945702303922035
0.000991852614032379
0.000742153088225661
0.000856068352737314
0.00106944000928079
0.000898268552693838
0.00105019381502755
0.00074930931997367
0.000887632099522527
0.000990859300409827
0.000956393927265958
0.000817161309965238
0.000851257451189676
0.000978649215734122
0.0010252523259443
0.000807092505669787
0.00082597605214357
0.00095331797158288
0.00101983089561296
0.000786748566669258
0.000970301181150299
0.000800452519104731
0.000962726740179104
0.000844722976116086
0.000862670524806424
0.000970327780478784
0.000992600420239543
0.00109507259724343
0.00103129797511049
0.000920097587532715
0.000904765433749128
0.000887881586879395
0.000942734225270115
0.000806000174683049
0.000809434297144258
0.00083073490891482
0.000941967862245029
0.000800029087248084
0.000963010462509014
0.000850348502754561
0.000809161749019225
0.000915959053985968
0.00090321480405826
0.000976164229307107
0.000841524981438238
0.000998535878870532
0.000998547621551028
0.000798944655293659
0.000930374798361541
0.00106512229871388
0.000816750953123854
0.000905121846080718
0.000996860598848214
0.000857335120112392
0.000880762400490498
0.000714184795947566
0.000867803725440376
0.000814209832905555
0.000846280078710397
0.000868169870089687
0.000947994287493471
0.000936570580132829
0.000922553492435056
0.000895714032665823
0.000921994767706159
0.00107904278015868
0.000843497851651678
0.000797643043359333
0.0008285834748715
0.00100352055920884
0.000877980323266239
0.000924833364015194
0.000863603668180075
0.000947075219492417
0.000917366359461263
0.000966256490692412
0.000821580315154769
0.00100509505041097
0.000794178473170624
0.000907497833846881
0.000933444793747672
0.00116854214013326
0.00119247769943299
0.000894828695031206
0.000873240991818476
0.000887982097727775
0.000995238998471948
0.000932381273924094
0.00099464515995492
0.000991594746482822
0.001037966635434
0.000840568311985272
0.000886070957190868
0.000994520434281128
0.000928519215376311
0.000844611062405307
0.000948593121138069
0.000908191145014007
0.000903672781174129
0.000909418769795316
0.000981731975743769
0.000935869196103079
0.000952035247376971
0.000793123653394268
0.00101595917661059
0.000768846582363028
0.00101508746572971
0.000871179997003822
0.000984851014215544
0.000899736723541718
0.000906804476794624
0.000928939818722418
0.000830181287738532
0.00093735872214958
0.00109424522005429
0.000965283357958246
0.000949309146832238
0.000899848955197988
0.000972799601046329
0.000970191945417983
0.000989896737410053
0.00101675452830129
0.000993176272391337
0.0010910603225539
0.000969658307566501
0.000878027360121672
0.00106642954959829
0.000930918935889954
0.000869652362217283
0.000899987745978118
0.000951855107008453
0.000956106747014358
0.000967712215591307
0.000804169379358705
0.000772385534997974
0.000882604941076349
0.000962176982441623
0.000886769599883561
0.00105965119883945
0.000923933946721098
0.001019930638593
0.000916997340938696
0.000958160266703399
0.000909276769832947
0.000979647823671125
0.000845252699860262
0.000836348300486341
0.000791107720328641
0.000901255825815254
0.00096134178362413
0.00089763997551044
0.000911231121127921
0.000984353466787973
0.000893142276720865
0.000876039368707965
0.00109884069284827
0.000963654400986809
0.000924478724322844
0.00094899268794913
0.000823486392817913
0.000936753689347638
0.000941057019629237
0.000843232820867881
0.000900176478649096
0.000793936910018441
0.000936186002870108
0.000889347981910366
0.000902859645889508
0.000858380588953425
0.000884574761578566
0.000899793618014129
0.000792315214160059
0.000996425293006472
0.00101255471837664
0.000894557235574174
0.00104794802950889
0.00112192691528472
0.000928798490397279
0.000940958243034251
0.000927485895273417
0.00097761990285482
0.000976149778159597
0.000860861790668417
0.000813701911438093
0.00108205888409608
0.000914547278374258
0.000972092531538847
0.00101123735876461
0.000940057553468582
0.000975565857753448
0.000883607735789139
0.00112192327880616
0.000895244792215299
0.00139886983816861
0.00104988357447629
0.00101981192640643
0.000959716385596431
0.0010642645516141
0.00107797910450014
0.000846352838065288
0.00092535963289431
0.000829836638491825
0.00103487424775308
0.000955272714777502
0.00104188425629784
0.00086517754913966
0.00104500088759394
0.000972631057005668
0.000987613239199823
0.00110541846214717
0.00102739180554217
0.00103872586260682
0.000922983949000396
0.000898255735828778
0.000862563071803453
0.00118869460920269
0.00101366814139551
0.00103164528273475
0.00103156122486161
0.00103883911382559
0.000885376857358918
0.000904441717272379
0.00094503789200467
0.000888245846446396
0.000865356301511729
0.000951371501310026
0.00092731815470168
0.00104995342288332
0.000868988147462283
0.000894270747596419
0.00106896120120239
0.00108337076414419
0.000919157286527046
0.000908831447887402
0.000845376444559022
0.000893509934869274
0.000780978040574757
0.000959877207366423
0.000898329884502671
0.00100258149159181
0.000881738620597394
0.000870778560704435
0.000853456958844596
0.000927366133982233
0.00111331000417177
0.000994483200228404
0.00107252355280383
0.000873825159019904
0.001054436403137
0.000907344880900347
0.000889302862995936
0.000984676827085194
0.000806437614433755
0.00101138065284677
0.000835051705520825
0.000893956901806185
0.000894605013888153
0.000969789975398835
0.000913950897697528
0.000868187149784803
0.000974867270552055
0.00086786280307345
0.00102208122047873
0.00107352583950249
0.00104592838299147
0.0010412280675896
0.000830241149550751
0.000861431328463708
0.000943056977301264
0.000957638624285004
0.000964117986136799
0.000880413989031452
0.000886126150898603
0.00081204176631249
0.000998776590693071
0.000838058647280761
0.000910843601682489
0.00105805219024129
0.00106986699695571
0.000989151837319043
0.00103518516159757
0.000989063630468039
0.00101809684812218
0.000960949609105669
0.00107603584281049
0.00095407161118755
0.00104768789615167
0.000988802445145541
0.00091829453327123
0.000950626892388736
0.000949018834366319
0.000910206022955856
0.000958628721572673
0.000920404070648778
0.00124848987321257
0.00122795176856531
0.000984585716159249
0.00117592826114535
0.00109568547130829
0.00092791115637057
0.00086463210974328
0.00106025993404691
0.000881164254522673
0.00107104465168503
0.00123284068570673
0.00102395170704219
0.00107186655284532
0.00115500022609112
0.000956984039794695
0.00102739090089809
0.00107147730425055
0.000987153620255974
0.000870723580774413
0.000888638604214338
0.000902064216553234
0.000907120009918585
0.0009575119988114
0.000981559882034928
0.000949187095135727
0.00102623376741221
0.000926165469355948
0.000944315304469567
0.000913194833720643
0.000858072092658327
0.00090183860518653
0.000998009479482517
0.00096938050457082
0.00096984105590362
0.000909194071010181
0.000884920938286297
0.000935525809326014
0.000983767820737683
0.000951398200347935
0.00104791884975559
0.00093533431157774
0.000757814944557758
0.00107402510239476
0.00117310390277945
0.00101240260507054
0.00104350434779636
0.0010244726502187
0.00104246504239474
0.000985743721421962
0.000899671121575532
0.000965012906767693
0.000954319497011643
0.000861557481063869
0.000911058884674157
0.000976923253049819
0.00100054276233189
0.00101054318139645
0.000975879886008569
0.000943939880602986
0.00101964453589214
0.001034623610429
0.0011753805266437
0.000956549732247149
0.000947126719752102
0.000906791488488696
0.000892809016438011
0.000950146232522215
0.000885817499234395
0.00103255744186805
0.000957436450964304
0.000856372736359691
0.00116784974876863
0.000972304037274019
0.00091318824349597
0.0010519631469722
0.000947922252867568
0.00112869499024507
0.000946515440459586
0.00108957794943299
0.000914234308472952
0.00100033426005772
0.0010651307001842
0.000962505329995792
0.000952686818847695
0.000970757867177198
0.000975275912821492
0.000947925839885758
0.00104800967126941
0.000963256855859987
0.00106636138195235
0.00088810085728583
0.00101790866991606
0.00104172297940004
0.000874861809949999
0.00122062957039043
0.000979880604065367
0.000913602208972872
0.000987683489199494
0.00107925234467567
0.000969078037059135
0.00104304677155931
0.00100154138778784
0.000999167206258408
0.00108782621102938
0.000950457033717387
0.000974491631755723
0.00117239625789162
0.00103182707492485
0.00114852181735715
0.001046497959556
0.00093417073778758
0.000948582945910149
0.00110454122470625
0.0012687921467557
0.0011876526200298
0.00101360824123404
0.00116683262467518
0.000903281423919702
0.0010762527747129
0.0010200457035103
0.00103040628605415
0.000980963904059373
0.000968802645701752
0.00103336786949867
0.00109050775146547
0.00100286791314982
0.00100964552805269
0.00112152812402935
0.00121384710374696
0.000997555968764006
0.00100851930671693
0.00099719862853447
0.00110537309115223
0.00110539346006981
0.000899784376678361
0.00115881110639553
0.00107013063939343
0.000932444019099827
0.000917760578712389
0.000997170320458718
0.0011154135395641
0.00110821956497234
0.000983414643409171
0.000949896453790401
0.00103466105469547
0.00107817923181692
0.00099009600211952
0.00109282229498528
0.000954772039359864
0.00114883254870572
0.00102136677936822
0.00171870900368386
0.00115994370815041
0.00121631497161783
0.00131610073952062
0.00121976848078933
0.00133675661669016
0.00124005771503988
0.00121368380073017
0.00137392400133795
0.00104034178907961
0.00109849259913388
0.00117157010816206
0.000983347723323468
0.0010981673708653
0.00119678720293212
0.00105236545815512
0.00104739077248631
0.00113504378768326
0.0010274218482077
0.000962553859340391
0.00116220955789474
0.000967377406739814
0.00117711027844029
0.00100885613604101
0.000884472233105493
0.00119523647184201
0.00147110247139551
0.00139615671554576
0.00108465898488595
0.00112164687462775
0.00116072304428445
0.00109849781873617
0.00120948631203345
0.00118381438727039
0.0011404594583793
0.00110875715021853
0.00094164065327738
0.00102013116988396
0.00130170314730615
0.00140781848306562
0.00106507453224283
0.00110363590964472
0.00110590180680872
0.00114065501653973
0.00117815270116066
0.00120270357238357
0.00120484553283161
0.0012311513247479
0.0012615132142685
0.00127585504116246
0.00125083248743775
0.00114980699704972
0.00112240858682522
0.00125046597052572
0.00123657327505254
0.00124970508051816
0.00124927053208077
0.00118927026714799
0.00128286166090874
0.0011282479608297
0.00101577026286475
0.00120632360747829
0.00142066299017015
0.00119271128629403
0.00126454068718055
0.00116384257385044
0.00133199971410104
0.00124362829426688
0.00135213129291695
0.00131917565835706
0.00134566790464622
0.00126042883193286
0.00112843485573984
0.00118788731675579
0.00136343740155124
0.00143919830920687
0.00123477138523764
0.00135832158724872
0.00140642362864254
0.00116605455534115
0.001150016135404
0.00131011895250026
0.00118451405950723
0.000959871154178378
0.00127160923453974
0.00117915347562685
0.00155129704861495
0.0014195726901957
0.0021133143387243
0.00143609280489928
0.00146882671323047
0.00179479236566763
0.0018947184879979
0.00159276463006796
0.00172059024274908
0.00150405701088443
0.00152507327383107
0.00176218517494876
0.00197766349908467
0
0
0
0
0
0
0
0
0
0
0
0
0
0
0
0
0
0
0
0
0
0
0
0
0
0
0
0
0
0
0
0
0
0
0
0
0
0
0
0
0
0
0
0
0
0
0
0
0
0
0
0
0
0
0
0
0
0
0
0
0
0
0
0
0
0
0
0
0
0
0
0
0
0
0
0
0
0
0
0
0
0
0
0
0
0
0
0
0
0
0
0
0
0
0
0
0
0
0
0
0
0
0
0
0
0
0
0
0
0
0
0
0
0
0
0
0
0
0
0.000737362137439056
