0
0
0
0
0
0
0
-0.000649137378079144
-0.000313291483941371
-0.000148672793453369
-0.000238932869271986
-3.29474397654504E-05
7.92749078518597E-05
0.000117239521077193
6.71745299416582E-05
-7.26909766805819E-05
-8.60349382080719E-05
-3.65182923634577E-05
-0.000178387602220277
-0.000236994394660741
-0.000203754837858163
-0.000196636655627628
-0.000160354762191331
-0.000252411672085992
-0.000251995548507674
-0.000149575537792407
-0.000121969929156884
-0.000152559336600612
-0.000149566853914149
-6.31332993501337E-05
0.000204857931964004
0.000124474383622565
0.000115742629414215
0.000102517165428837
5.47900965884841E-05
4.6030183362061E-05
-6.63964471795405E-05
-0.00026413440507748
-0.000231597810030694
-0.000330328892253194
-0.000258175263438521
-0.000198146646531795
-0.000231926230439119
-0.000224028869990757
-0.000266859310317866
-0.000210954931963221
-0.000217943346690444
-0.000142754635087513
-0.000183210263150204
-0.000100716680532984
-1.62002813760931E-05
3.14289491498877E-05
3.73075055029325E-05
8.35671826227219E-05
8.19458985653684E-06
2.27270171633173E-05
2.87533991502924E-06
1.02730355745716E-05
-1.89185938244122E-05
4.78686151980149E-05
4.56236970906591E-05
7.41060433956482E-05
5.67030371154776E-05
5.85848655339903E-05
-1.83650154461009E-05
1.55237457463432E-05
-0.000103243814857511
-0.000100256613952083
-0.000139456440065092
-6.36140856285608E-05
-7.85228832252961E-05
-7.01388711303765E-05
-0.000174695959442998
-0.000164979634426735
-0.000130081651151064
-0.000136513359295351
-0.00017249303768153
-0.000131286933373992
-0.000111730414943225
3.64208186876378E-05
8.14142767432284E-05
0.000125122770433895
0.000142714741295846
6.02754020948832E-05
-9.29536554822467E-05
-0.0001461591835466
-0.000161409233999814
-0.000122271157451035
-0.000220717117437159
-0.000228235311988654
-0.000121792224135243
-6.54209828574582E-05
7.77298953307118E-05
1.86888580382786E-05
-2.22283996895096E-05
3.39289358160456E-05
3.18478089070764E-05
-1.35284636984851E-05
9.81665446378377E-05
3.72014022686475E-05
0.000118553953306551
9.94090500763428E-05
0.000136438493440234
0.000101613998529798
0.000103696064230274
5.76860241302693E-05
-6.75177484151365E-06
-5.04681268880771E-05
-4.62387481982366E-05
-0.000182360760734257
-0.000127560048501275
-0.000126651445297171
-0.000135825670594252
-0.000115957763043868
-0.000158719828913167
-0.000147069913097267
-5.94027193614297E-05
-4.38217168317237E-05
-3.79442498948997E-06
6.90628465276916E-05
8.53651434815971E-05
0.000124549247637227
7.25324981478054E-05
8.20456105185379E-05
4.29107856013618E-05
6.68750486314664E-05
6.74458960358675E-05
0.000101509286294283
0.000144084372163756
0.00012808795286725
0.000115688069500798
0.000135039584424695
9.93053258041768E-05
6.50038055059959E-06
-3.86525564023128E-05
-6.85265672000595E-05
1.53078455626016E-05
3.37106664920439E-05
5.66267219511579E-05
7.50476450427435E-05
5.07550869717659E-05
0.000126310962497401
0.000109403129078233
6.85925765012593E-05
9.00951612171332E-05
7.98551506662322E-05
6.04249611629096E-05
7.84561888965823E-05
2.97478230109189E-05
1.15948600543882E-05
4.83739388192071E-05
2.36427914634212E-05
1.24012513988921E-05
5.95383295156528E-05
8.90131624664731E-05
6.8890166668247E-05
0.000155969831066974
0.000182167096223143
0.00015071178043498
0.00014587189525122
0.000156202173992797
0.0001141507525695
0.000166605431736492
8.00196536540812E-05
3.69276993012182E-05
7.07695448329203E-05
3.6501558531879E-05
-5.19637234095319E-05
1.1078150932846E-05
-4.50188617249285E-05
2.46661984922227E-05
1.29887833950417E-05
3.59111156092265E-06
3.36252869894143E-05
6.9806698274748E-05
5.44610710426762E-05
0.000105560740594797
6.01275675520091E-05
8.78265428508224E-05
0.000133795191975135
0.000167490769466369
0.000129808135295964
0.000142572900361205
0.000103849948626104
0.000116784232476338
4.17815927710016E-05
-6.19423530888304E-06
-3.69024770641446E-05
-8.30020185866104E-06
-4.80412400062603E-05
-6.54370702036883E-05
-0.000106674746938995
-9.08775837612411E-05
-8.76714646463292E-05
-8.25334617595331E-05
-6.16326561325129E-05
-5.58488874302272E-05
-5.11262902890338E-05
-9.94182923735673E-06
3.31173175047858E-05
0.000117579391848452
0.000122375300091813
3.9647221719595E-05
7.39817868380511E-05
0.000114977601217418
9.20344000899637E-05
7.96791887671816E-05
-1.39940428768554E-05
5.50293756330052E-07
3.35383707957465E-05
3.53086643141141E-05
5.20507588463624E-06
2.35952874014346E-06
2.82207328238521E-05
5.89764242913186E-05
5.71884608443458E-05
3.47914561858348E-05
-2.96532890796939E-05
-2.89854824224295E-05
-5.59918201373269E-05
-7.06237523373184E-05
-0.000114153794221516
-0.000106997055175695
-4.27200715271129E-05
-1.09393976345475E-07
-3.23949772667891E-06
3.56775520931324E-05
1.99151708310561E-05
-1.27774287822447E-05
-4.94843364505589E-05
-0.000121971649665646
-0.000109771690495377
-0.000158203671613697
-0.000202152660491432
-0.000180398018086804
-0.000146079926091131
-0.000139023305527406
-9.44351242137981E-05
-0.000147623230757362
-8.68551198969013E-05
-7.91609152115932E-05
-0.000109950371325283
-9.88620719038157E-05
-9.93349888687301E-05
-9.14925605387387E-05
-0.000118038184828255
-0.000142809614522377
-8.46820424714573E-05
-9.71988298301654E-05
-9.4759167372767E-05
-5.53173038106721E-05
-4.22857248951256E-05
1.94646649388401E-05
2.23820728633285E-05
3.94103812608477E-06
2.95985814324113E-05
-4.54333510752056E-05
-3.74627020855927E-05
-6.96999401161996E-05
-4.37218220043413E-05
-5.37447087179604E-05
-5.9933301389591E-05
-1.99891128627402E-05
8.36327212022704E-05
5.27373790662971E-05
5.54345574080199E-05
5.75393707842807E-05
8.24657520847413E-05
8.10360260812367E-05
6.97191817116814E-05
-2.67829825044819E-05
-4.04285181836016E-05
-4.8105757389382E-05
-6.22858798267048E-05
-1.47248170851816E-05
2.20942364390098E-05
-4.07408298439218E-05
4.09405948396108E-05
-8.72287382066346E-06
7.63823192882875E-06
2.45987367602514E-05
-1.25602501104712E-05
-5.59187208639527E-05
-5.9416981257233E-06
-8.67115926800305E-06
4.60233402435322E-05
2.60389760025528E-05
-1.90204623681148E-05
-3.27756810027341E-05
-5.69860018369926E-05
-1.8475561434216E-05
-6.42242036951291E-05
-8.16284977599038E-05
-4.28697168438027E-05
-7.66142396606561E-05
-5.55374241624405E-05
-1.74844717559913E-05
-3.74329606114488E-05
-1.64684292681076E-05
-1.36006215329338E-05
-1.70547781173407E-05
-3.99877057238075E-06
-2.07616444075228E-05
-6.05102371184516E-05
-7.54366206317798E-05
-8.76326038831106E-05
-8.25376047949493E-05
-0.000113817324918364
-7.72885733229955E-05
-5.99723175467855E-05
-3.46104497086269E-05
-5.38861857471015E-05
-6.82426332102306E-06
-3.22473889335774E-05
3.13891979250516E-05
3.11309513695903E-05
8.22331414778477E-06
-6.99323082556799E-06
-4.64893560707685E-06
-4.63464343360557E-05
-2.50795002974898E-05
-3.96130559296722E-05
-5.0721122539686E-05
-3.79642368418687E-05
-9.41152596843867E-07
1.01014464122322E-05
3.30639999641488E-05
1.90571498617732E-05
1.48625302735367E-05
-4.22930612437835E-06
2.02953024783044E-05
-6.482477552347E-05
-2.72963383035354E-05
-8.01891292642707E-05
-7.20489960780115E-05
-8.32532967067332E-05
-5.82604210376686E-05
-5.0974379144964E-05
8.75630784364082E-06
-7.10970106364795E-05
-4.96312597124879E-06
-2.45239831976757E-05
-3.83708497839644E-05
-7.73012428300662E-05
-9.40275941380815E-05
-3.56908657957416E-05
1.64732433768391E-05
2.57032657471313E-06
7.92579468448976E-06
-3.47854345797572E-05
-1.30308667061757E-05
-8.47641814606543E-05
-0.000105732308893096
-6.95174691510657E-05
-2.50420099998931E-05
-5.71065302751242E-06
3.31332427233389E-05
6.35675846860734E-05
0.000101691757549028
4.82682806394E-05
1.7619020835144E-06
-6.05785788373629E-05
-0.000100093478738328
-7.62998101180734E-05
-0.000114730612299066
-3.74935103097298E-05
-1.85821001173263E-05
-4.20808632765236E-06
-6.05855660753819E-05
3.10817124898617E-05
1.03260123902798E-05
6.61746428917444E-05
2.0161630961837E-05
1.96357857279643E-05
1.69317353513882E-05
5.31465434846958E-05
-1.47100098811037E-05
1.10244020114031E-05
2.36598698361588E-05
4.43688962072052E-05
6.77728933440754E-05
1.42700572650777E-05
4.98612637146002E-05
5.11079282842929E-05
-5.47514247242227E-06
-1.46232445481372E-05
-6.65691319222878E-05
-0.000115024258988718
-2.24212865097357E-05
2.97016371524969E-06
1.95185665105551E-05
1.07825327917865E-06
4.74938018941853E-05
6.59662745220458E-05
6.42639369437635E-05
3.49777772062455E-06
-1.3703334796121E-05
-8.36836939436286E-06
7.20205704965934E-05
2.24178120169574E-05
3.19045446674911E-05
5.62065356842915E-05
5.44986845586096E-05
5.72587647344981E-06
6.3976210899549E-05
4.8564914027321E-05
1.16085156316174E-05
-1.57478950175461E-06
4.19359022430091E-06
1.87804678824247E-05
2.06331461363542E-05
-7.94798441184528E-05
-5.62799876282458E-05
-7.5185891225343E-05
-4.38476194641183E-05
-3.72997065391954E-05
-6.50298404288778E-05
2.1049199860386E-05
5.12027111177815E-05
-8.35598533160266E-05
-4.79909151254059E-05
-5.18201619857103E-05
-6.96750928029439E-05
-1.4635047134413E-05
-6.91904695879479E-05
-6.09505827696729E-05
4.65898185436549E-05
1.57937599944595E-05
1.47275793727819E-05
9.14069723712647E-06
-4.56426653604167E-05
-7.2407661451882E-05
-8.80128685716285E-05
-7.51681165857174E-05
-6.37692509460864E-05
-0.000122577161729672
-0.000143279006468724
-0.000113375546560729
-6.1681436831494E-05
-5.96897847555371E-05
-6.69605608135265E-05
-7.91520336509084E-05
-5.53711104460851E-05
-4.11347690746035E-05
9.58953957883223E-06
-4.5544168799805E-05
-3.86493197149938E-05
-3.70026429756884E-05
-2.52315010865402E-05
-1.38156105024575E-05
4.6409249587865E-05
-3.33961744958005E-05
-2.51836080304576E-05
1.18142958185641E-05
-2.34151697640805E-05
-2.5776789471886E-05
-1.55659785763665E-05
-4.71414372918736E-05
-5.12287871880607E-05
-2.87161863920999E-05
-7.40829004955829E-05
-4.78014823489376E-05
-3.17424725954212E-05
-8.80511390616532E-05
-7.70995950486034E-05
-3.78136236202365E-05
-2.22108538688016E-05
-1.05357929467388E-05
-2.65696133886439E-05
-8.39768750672717E-06
6.55919025009828E-05
4.2024696319346E-06
-1.42230974687753E-05
-3.79706832013061E-05
-0.000114514363828027
-6.88639397241331E-05
-6.06727067006084E-05
-5.93292917445117E-05
-1.17435639823003E-05
-5.83741460918283E-06
2.1087015986144E-05
0.000100566242298037
7.69783897012359E-05
4.71840745853394E-05
2.88357505574505E-06
3.17353996473005E-05
5.39665402329716E-05
-3.92760002839494E-05
-6.77441003324901E-05
-0.000130377540886994
-0.000137747314289697
-0.00012685701338372
-0.000163500537592964
-0.000205972920204832
-0.000142190132317178
-9.73906579065598E-05
-7.36399342963699E-05
-4.95327718599146E-05
-0.000101263995074258
-9.65235637561976E-05
-5.49488043751933E-05
-5.00245442520845E-05
-9.68024557142766E-05
-8.32557890569271E-05
-0.00015137592392235
-0.000173781332914049
-0.000145774153593514
-0.0001704726772843
-0.000158458088454543
-0.000159257161427146
-0.000110901681486221
-7.54596575470946E-05
-1.17113032327433E-05
-7.49775085860807E-05
-0.000109692229267208
-0.000112051544359538
-0.000100881239212814
-0.000144391691293066
-0.00011335912841133
-0.000115819280372156
-9.45436554050068E-05
-3.19549301132397E-05
1.12735491302991E-07
3.30572693906226E-05
3.99599670176288E-05
2.56427205847226E-05
-1.84247955489831E-05
-7.3561081791426E-05
-0.00012592005906652
-0.000168572480834339
-0.000234670686643446
-0.000257579606349658
-0.000366856014765103
-0.000289029848876513
-0.000257836082188892
-0.000274930886436252
-0.00027459145758143
-0.000251710930307656
-0.000250551608848986
-0.000152774066047172
-0.000232472305267871
-0.000202379617899832
-0.000169239813726987
-0.000178275739657647
-0.000143198636797495
-0.000146356216954454
-0.000167746402725369
-9.84480730099754E-05
-0.000100564740455769
-0.000142439276467647
-0.000156718257601911
-0.00018783426238534
-0.000202996548056696
-0.000197790851146376
-0.000241251137783892
-0.000206966700850225
-0.000205811554180003
-0.000173426565204908
-0.000140237696503731
-0.000101751988052812
-0.000128688866409279
-9.34383696043636E-05
-0.000134945839859862
-8.87012531466384E-05
-0.000125873898255692
-0.00011023973430122
-0.000164834077106266
-0.000129255368206524
-0.000104078150923267
-6.9823180350121E-05
-4.07389587421627E-05
-6.36445592693066E-05
-0.00012167324117904
-2.60707254495745E-05
-3.06952200259331E-05
-4.34988402832644E-05
-6.17727405334394E-05
-0.000110986024524624
-4.97471489896233E-05
7.20423583291746E-06
-6.5857068901095E-05
-2.26805039381633E-05
-2.68805993110961E-05
-3.37555089495332E-05
-1.49333328674186E-06
-2.46122282738729E-05
-7.07723239855672E-05
-1.43414296474382E-05
-1.9895146321914E-07
-6.72237597701052E-05
-6.69438994067468E-05
-6.7133471792984E-05
-5.27260966638071E-05
5.75043388098824E-07
-4.47947128172832E-05
-7.83430211529473E-05
-1.80544237488138E-05
-9.9630386694967E-06
-9.94839549050895E-06
-1.76516534691194E-05
-6.76530413848839E-05
-8.11322169251003E-05
-6.00974294037113E-05
-7.91570112090681E-05
-2.9048644212002E-05
-7.97510741301972E-05
-8.47985050538627E-05
-5.30202917040384E-05
-2.98213058341171E-05
-4.77118831095179E-05
-4.23593280401403E-05
-0.000111772905479492
-5.82690899940406E-05
-2.67315233812225E-05
-7.73797973510627E-05
-6.39116851835555E-05
-5.00248778834141E-05
-5.27577085135827E-05
-3.65219096427833E-05
-4.2779174354907E-05
-8.09341668703243E-05
1.07821171394451E-05
1.09555577402397E-05
-2.20003819330386E-06
-4.35889181379394E-05
-3.29930580001754E-05
-3.85697662201061E-05
-6.88041192640425E-06
-4.42297724303677E-05
-6.60888808862233E-05
-0.000109690000395603
-5.19182002846419E-05
-5.84300268043948E-05
-7.02715623635836E-05
-4.88132693813204E-05
-9.68765026334045E-05
-8.32059906487333E-05
-7.48503991462212E-05
-0.000104746860146123
-5.18921937813308E-05
-1.21098814436903E-05
-6.25293321864268E-05
-5.65287859043581E-05
-5.72379174264287E-05
-2.83852862091566E-06
5.33568483166238E-06
-8.17816973594646E-05
-0.000104490000333447
-5.98320613162832E-05
-4.79790392757741E-05
-1.70677630572287E-05
-5.58313528814159E-05
-5.21139316303978E-05
-3.54660937844016E-05
-2.12277176789464E-05
-2.75238988124923E-05
3.62932898296383E-06
-3.21226670935907E-05
-1.42600916137E-05
2.31399881889104E-06
2.54190617765642E-05
4.70513833216784E-06
2.40062689223311E-05
5.38308791003595E-05
0.00010575525601055
7.92868730895681E-05
7.51054166206472E-05
8.33178405227457E-05
8.88721649086439E-05
0.000104213514554195
2.74984495016875E-05
-3.38742311655468E-05
2.44314258478935E-05
3.24792227913273E-05
5.73514283628388E-05
4.81785430668984E-05
-2.21697274092493E-05
1.84486051384945E-05
4.32905933598394E-05
-3.54129909347271E-06
2.01379782358753E-05
1.0129454291035E-05
4.34181346852161E-05
5.83286923108148E-05
6.74778917136826E-05
4.99520551152065E-05
3.18956215299693E-05
2.71922790277501E-05
-1.0877344932536E-05
-1.0605311495723E-06
4.35628887471641E-05
3.30010918215416E-05
2.58251175066097E-05
5.81763075820458E-05
2.59953022366173E-05
6.23350954462434E-05
3.3090590652064E-05
1.07442155439951E-05
-1.07213786929106E-05
4.10986153765168E-05
0.000100331307782151
8.8040908084844E-05
6.16185609249333E-05
4.81377140238938E-05
3.78642529652413E-05
4.27405686063457E-05
2.69175537350351E-05
-1.7493654500219E-05
1.53717613463489E-05
3.16432821383853E-05
3.95924761541651E-05
3.84063222374713E-05
2.45794004362772E-05
2.52246349339585E-05
4.23146105665831E-05
2.17958721404879E-05
7.40351950626456E-05
9.62912022194424E-05
0.000131328496928178
0.000171215866922699
0.000138099854735809
9.18623214197281E-05
7.88439568772323E-05
7.48305550642567E-06
-1.31300635342211E-05
-4.34677476448643E-05
-3.70864523458365E-05
-2.82678394815116E-05
-3.35624951360226E-05
-4.14466823567863E-05
3.25834589096201E-06
5.90013752541389E-06
2.81287281117902E-07
-1.04930720467255E-05
-7.81074223083141E-06
2.86393136887676E-05
5.27762480576591E-05
5.77750063551479E-05
6.22847553791591E-05
4.18069304659893E-05
2.40281413087389E-05
4.915516733252E-05
3.71008554493464E-05
3.29161999648018E-05
-3.13397517797584E-05
-3.23775885377551E-05
1.17022755745324E-05
2.25232030695968E-05
2.07128957202266E-05
1.28730672268712E-05
5.30304693442307E-05
0.000103765568271826
0.000105751037798914
8.47293511942691E-05
8.93554034313873E-05
5.55292078995444E-05
5.45290002207838E-05
7.77544953806387E-07
-5.89183345371448E-05
-3.49346864434642E-05
-9.65280183193957E-06
-2.38788551199867E-05
-1.61409506833113E-05
-4.25822601128759E-05
-7.64808980712572E-05
1.77906947892597E-05
-3.97932111183733E-05
-9.62543522066041E-05
-7.84867512013318E-05
-6.59334346290506E-05
-2.31662806376928E-05
6.46267210258693E-05
3.37248844568847E-05
6.58898995487953E-05
7.33507641264403E-05
4.08626608163212E-05
4.51934493825837E-05
7.69120529234189E-07
-4.50913960503099E-05
-2.1270491642077E-05
-5.48866141396054E-05
-1.56821887216291E-05
1.20230937187711E-05
-3.62405753614966E-05
4.91188061332659E-05
0.000110407660475593
0.000105368621100041
0.000143669127624189
0.000145660168835815
0.000165205581822724
0.000248967047551989
0.000209186911683382
0.000143228603513513
0.000151715886912328
0.000148219150592468
0.000131480185242809
0.000120979624137874
8.97396755676898E-05
8.61410955029479E-05
8.51798936382056E-05
3.63949989688587E-05
1.92560169049394E-06
4.19615684766386E-06
-6.99886020084925E-07
4.11309561607614E-05
2.57622843238651E-05
6.13487512795481E-05
8.83432541871976E-05
0.000148289664608217
0.000151149470732478
0.000139539483311982
8.29620518190968E-05
0.000124868058004897
0.000119010345420812
0.000115578323552117
0.000154937375110034
0.000201820504358848
0.000169844223953633
0.000174096666729782
0.000195434089302158
0.000203540915674204
0.000191022303730402
0.000113530025596815
6.55288764377772E-05
0.000117895900496455
0.000136772814061687
8.2408756553101E-05
0.000134637060732652
8.67948722268078E-05
8.16338685957242E-05
7.54187204544933E-05
8.45984121738664E-05
0.000111084734392435
0.000103607896538412
2.85383142767424E-05
3.76614727876765E-05
5.45104862736847E-05
1.22277199609999E-05
2.59778398557896E-05
-1.35046418758007E-05
-2.86726252160124E-05
-1.1282996277552E-05
3.57226788648794E-05
3.35322720387126E-05
6.45231529134399E-05
6.93864355380255E-05
4.76001788403525E-05
0.000112455819885439
0.000135638999443154
0.000141089641082401
0.000121198786665031
0.000143237849519015
0.00010270617226819
0.000131942468615379
0.000101669398856619
9.73034701748597E-05
6.91301304395129E-05
7.71822745527335E-05
8.98609159452995E-05
5.65970302222368E-05
2.96546682726794E-05
3.97493045423366E-06
-1.08528534402737E-06
2.31552715736305E-05
3.31454800285171E-05
-6.53860530950694E-06
4.3898641059871E-05
5.68496022004967E-05
6.71824876012797E-05
7.39789826679401E-05
3.99062014176415E-05
6.25597920245838E-05
5.7607859335167E-05
4.09657682639485E-05
5.132834962085E-05
6.81705723113365E-05
1.22021313309956E-05
-3.85876478973671E-05
-1.53188338165711E-05
-1.5525773366288E-05
3.19341638535117E-06
1.17368419675284E-06
-1.19688511990114E-06
3.99956493741296E-05
0.000106445552310523
6.68655729083247E-05
8.56225106912811E-05
3.10281620945906E-05
2.75847279647633E-05
-1.4359225524656E-06
-8.09113139202429E-05
-9.4717934643138E-05
-0.000108506778007622
-9.22850293394703E-05
-2.49733421889166E-05
-4.0025856338918E-05
-2.40972635240098E-05
7.15098022723797E-06
1.2903688070675E-05
5.63426399817227E-05
2.95052182087396E-05
-3.41471233104397E-05
-1.96561297973106E-05
-9.78208429218053E-06
7.4331577005493E-06
1.67571332372861E-05
1.91103668230659E-06
-2.25904493967322E-05
1.65786536994258E-05
-2.10689680242026E-05
-7.08832734047318E-06
-3.04730924926703E-05
-8.79276477999877E-05
-0.000118924366553794
-8.33162210579024E-05
-9.43075009436803E-05
-5.01560328159995E-05
-9.09789322502059E-05
-0.000103895199234856
-5.2494736309435E-05
7.61901728603719E-06
8.60314850893311E-06
-2.35986765385201E-05
-2.07809609947034E-05
9.27776395806379E-06
-4.94143068243596E-06
-2.8645261424671E-05
-9.50724565544958E-05
-6.43774390316389E-05
-4.7503863444559E-05
-2.51957831489409E-05
-2.95591270086664E-05
-7.72812955657098E-06
2.05970132510254E-05
7.07398210407413E-05
2.32484471695298E-05
1.09942579856656E-05
-5.96489402188549E-05
-6.44165743885437E-05
-7.16657912636433E-06
-3.07124033735722E-05
-9.08924610229274E-05
-5.53747547896112E-05
1.97019901269457E-06
3.98338910642079E-05
2.81096906088564E-05
3.70188594819916E-07
3.60157990042016E-05
2.83556968843856E-05
2.48013857776901E-05
6.51355539893043E-06
2.83516185728034E-05
3.45758211563462E-05
4.64473448103046E-05
4.07658405405177E-05
5.64630691952253E-05
8.18157520915803E-05
5.53388204940398E-05
4.14717021405003E-05
6.55485641362989E-05
2.88165525826956E-05
3.3375180734705E-06
9.71340425954684E-06
-1.74514285526829E-05
-9.77790487499037E-06
-3.34901922479251E-05
-7.92574900336529E-05
-3.46723890189992E-05
-1.68343755564611E-05
-3.78449705799006E-05
-4.065316658738E-05
-6.52973200063589E-05
-6.20211537141558E-05
-4.57487267537445E-05
-4.18842619951674E-05
-6.96874863308781E-05
-4.87376671374654E-05
-1.19722699438885E-05
-4.16010870748551E-06
-1.22321777393305E-05
2.59748483943265E-05
-1.26799096984854E-05
2.44747294189058E-06
-6.9949761187442E-05
-0.000116478253447725
-6.37651257041784E-05
-7.6998008901093E-05
-0.000147118222917019
-0.000144790902989732
-0.000116908296975998
-4.36956458124604E-05
-1.02282526247003E-05
-5.74481188785719E-05
7.94236058989655E-06
4.37459283080513E-05
5.00526576449149E-05
-3.09730008669841E-05
-9.36800237693703E-05
-0.000115818973600649
-0.000122403486792524
-0.000166574809466899
-0.000151996926534817
-0.000108758372066862
-5.60183747546242E-05
2.88103247057811E-05
-6.75774165434629E-06
1.64326207787082E-05
-3.01201553053914E-05
8.96144904368846E-06
-8.1590340376828E-05
-0.000122770450477491
-9.61823741698108E-05
-7.53206731320666E-05
-0.000115355998433549
-4.9550743783315E-05
-9.74945496136486E-05
-8.03136556861134E-05
-5.74964320506005E-06
-4.42492205304988E-05
-8.39777227156648E-05
-2.78592419347262E-05
-2.57393601448618E-05
8.39948331048876E-06
7.8525786399968E-05
7.38836656271167E-05
7.42328151203772E-05
0.0001047694594875
3.78134965756018E-05
5.85904505110644E-05
-1.61477712172029E-05
-4.61839193718553E-06
-4.87504646025914E-05
-6.58490336681614E-05
-4.22880969556463E-05
3.29286934363771E-05
2.4708447326889E-05
5.86537020645125E-05
5.86453037414281E-05
4.5925699137974E-05
5.85305154853117E-05
4.97124065744288E-05
9.12493401774225E-06
7.8589891811833E-06
4.5876056501267E-07
-4.29778222197656E-05
-6.97715512243093E-05
-7.76538742786948E-05
-5.71410093697961E-05
-3.46507025154898E-05
-6.32133564280804E-05
-8.17266532287918E-05
-9.161269537604E-05
-3.82133634230258E-05
-3.34713769846191E-05
-7.08470740628381E-05
-7.44771803373471E-05
-8.1902689213792E-05
-5.02095033192787E-05
-1.12365770262402E-05
2.63605547195886E-05
6.65312405304778E-05
8.5343224005543E-05
8.93500584425108E-05
0.000125693534280458
7.52368739654071E-05
5.60124050308886E-05
3.17561870732528E-05
-7.98431714195784E-06
-1.91241846725612E-05
-3.04888344028458E-05
-8.42312927422048E-05
-3.68407963588664E-05
2.23562646578569E-05
1.12138932093939E-05
3.25594994652131E-06
1.62877711406531E-05
4.04584869011644E-05
0.00010773818303633
0.000116919352399061
3.60926478696718E-05
4.28435676823137E-05
4.69904829959378E-05
-1.98198896588963E-05
2.96441453646657E-05
8.00623564416021E-06
-4.00460955763038E-05
8.2408587666692E-06
4.11927575127199E-06
3.8700375367183E-05
8.38934104628651E-05
4.31983033983459E-05
-2.31090780112161E-06
4.05075202335151E-05
-6.99967543364547E-07
1.82685506844095E-05
-4.01342483866487E-05
1.12749570381964E-05
-8.10735690941443E-06
4.10699164023001E-06
2.23716248834832E-05
7.3055301586163E-05
3.8531395606504E-05
6.70296542564242E-05
1.23784912653979E-05
2.76726175830632E-05
5.93080486201528E-05
-1.56360664676311E-05
-8.16863204793864E-05
-8.52582897897821E-05
-5.38590443890148E-05
1.77202149369448E-05
3.8919286682951E-05
7.45100052865667E-07
4.55094841809439E-05
6.69089577924733E-05
0.000122897629448743
0.000188994574734413
0.000198631196147723
0.000149272528832848
0.000185246053605954
0.000159841718652368
0.000144416974731416
9.14197233630169E-05
4.21812496337056E-06
-4.9573925962876E-05
-4.40525327213892E-05
-2.97370915611749E-05
1.50591932760593E-05
-4.27645665872374E-06
3.70482383712985E-05
6.83647902258977E-05
7.99136398856856E-05
0.000131211967470242
7.69705901380621E-05
4.33777678082672E-05
0.000111690772915411
9.5547693093289E-05
5.78533154172824E-05
7.39406512682948E-06
1.2829759264907E-05
1.34149143715928E-05
1.50106076285517E-05
-2.26317655427683E-05
-5.51986105466717E-05
6.45374873650657E-06
2.36085378993084E-05
4.51352888156034E-06
-8.63006273750547E-06
5.10773496636379E-05
2.34171743653927E-05
5.32256895511268E-05
-1.88012950096344E-05
9.09079629832079E-06
9.66677515720527E-06
4.16245200095662E-05
3.10927996790359E-05
5.54236488510191E-05
4.53699506528773E-05
6.9794193910922E-05
7.21762864595283E-05
2.58156453776883E-05
5.74254793345266E-05
-1.98225291937676E-05
1.43527124590871E-05
-6.27374421798983E-06
-6.32257740869154E-06
1.97026370218952E-05
3.86076531732013E-05
3.71111643276567E-05
7.36685519671174E-05
0.000105382154009503
9.24024826840135E-05
6.7783969796325E-05
2.23986634992487E-05
1.95284546740336E-05
-3.56309307287883E-06
-2.39183646072207E-06
-7.17272683438215E-05
9.05285193468569E-06
4.00557808739249E-05
1.1398116604574E-05
1.22524168528697E-05
-1.28489652529621E-05
-4.41900854340427E-05
-1.68501599525465E-05
-4.55748440277511E-05
-8.31461623548339E-05
-5.21031851057332E-05
-4.47064876265387E-05
3.1084267326993E-05
3.11662024181553E-05
7.95614129978119E-05
5.04030912721302E-05
5.22489259872732E-05
8.83219981539793E-05
8.33382827038706E-05
2.25760037524291E-06
5.58265788188196E-05
-2.89918655866683E-06
2.97317761832288E-05
9.54537906950359E-05
6.47523187463253E-05
4.25051229638E-05
8.55747626058124E-05
3.5276801500846E-05
7.5618170331401E-05
4.6592526412636E-05
-5.01634583691971E-05
-5.99292066830074E-05
-2.84336255897819E-05
-5.0639533205643E-05
-4.36260109495408E-06
-5.91745112021509E-05
-5.1928542007628E-05
-1.25703466205654E-06
2.70780325654176E-05
3.11805907721653E-05
4.76435075795657E-05
-1.57869271888192E-05
-2.29049107989E-05
3.39984980783419E-05
4.27416475278984E-05
9.29142950846691E-06
-2.89435654878188E-06
1.73415468290164E-05
6.07253117438486E-05
8.29090798913117E-05
5.9413432074842E-05
2.28643954355483E-05
3.64790388758923E-05
2.94790704549322E-05
1.32739458097892E-05
6.48979776402407E-07
-2.93697930893544E-05
1.41405795755656E-05
5.34710031073856E-05
5.0820355372965E-05
2.41174298384277E-05
2.11347239155156E-05
1.74916557641975E-05
3.19432382711964E-05
-7.37372099977355E-05
-7.06428347441572E-05
-0.000100068890243752
-4.29924842066451E-05
-3.76860604007133E-05
3.40082926123121E-05
6.3083760586893E-05
7.9318545384004E-05
5.5755321626678E-05
7.52384657328501E-05
5.62681327101963E-05
6.71350613164799E-05
5.04449641191324E-05
8.84535975430202E-05
0.000120412838977281
0.000136095099341009
0.000113203370438758
9.28336286926594E-05
2.82706477081415E-05
-1.15504797024687E-05
-4.72158411251024E-05
-6.39031238800088E-05
-8.21678033617823E-05
-7.21503815206915E-05
-9.5547573543298E-06
-4.60232695684939E-05
-4.66887119793576E-06
-4.66125394370972E-05
-6.83696268047715E-05
-0.000101231528942168
-3.46446199324997E-05
-6.2343897116159E-05
1.71826301227474E-05
-6.80178225410629E-07
3.33564480140492E-05
6.05898773460587E-05
8.79437126105637E-05
4.27114379376679E-05
7.43374542234797E-06
6.20473539295158E-05
3.77600368532942E-05
7.74366974043662E-05
4.95592188369387E-05
0.000106941758180204
6.24975659104441E-05
9.3416966134679E-05
1.05263165650396E-06
2.21000644860078E-05
-2.04805593409169E-05
1.12999318912687E-05
-4.82605051526685E-05
8.54612537093145E-06
-3.75301237149959E-05
1.66812711471661E-05
5.93734481762023E-05
0.000101441098277265
3.35812943548694E-05
3.82910378740728E-05
1.59147469147355E-05
3.18888251156404E-05
5.85397399565492E-05
-1.46805104703094E-05
-8.71916995883492E-05
-3.84574947794057E-06
4.40686981586138E-05
7.99200849603129E-05
8.68225727214627E-05
5.75685373257486E-05
0.00012131175867731
0.000125998848738325
0.00012130212619231
8.19130560349482E-05
5.23663964153495E-05
3.03011185996896E-05
1.40522443582295E-05
-5.51070614835712E-05
-7.1183417537485E-05
-5.26321709515772E-05
-9.29792914380557E-06
-4.204015309389E-05
-6.111876716782E-06
8.38424339921967E-06
1.91833603028116E-05
6.76148299441143E-05
8.40664737700718E-05
5.20881237067188E-05
7.79724025775675E-05
9.90282973456137E-05
0.000124838151451416
9.41305197889492E-05
8.52224709064736E-05
3.59603572110078E-05
2.5057972111521E-05
-2.55810658924005E-05
-1.84104848468592E-05
-5.57017855259828E-05
1.83644436307777E-05
3.06334736992709E-05
1.33423983849732E-06
2.07718130032709E-05
0.000106342802143952
6.19017604952742E-05
1.45690300604848E-05
-3.51922515133469E-07
3.08076644089836E-05
6.45321193365946E-05
5.47846475577934E-05
7.1573766963436E-06
1.48612189880132E-05
8.28836041879045E-05
6.53354450981286E-05
1.55578025452135E-06
-7.94117059103391E-06
-7.4726092349681E-05
8.29847247991451E-06
4.75681330803605E-06
-3.17500042977019E-05
-4.34871773645895E-05
-1.28682467087279E-05
-2.16000404463021E-05
3.11471783503878E-05
-2.71148393381737E-05
-3.21006701413089E-05
-3.15011051972535E-05
-2.68653031585242E-05
-4.79663213141972E-05
-2.28596275184804E-05
1.97251316952034E-05
6.40774672011932E-06
2.32689365160652E-05
3.74431993620721E-05
3.82234223739362E-05
8.28556138018426E-05
5.9402645770732E-05
1.86879211281382E-05
7.47187955656716E-05
5.87596512007572E-05
3.28907418323279E-05
5.78041254481354E-05
4.96897029325937E-05
7.00838453668299E-05
0.000100230653216857
8.28399157880196E-06
-3.76968308448416E-07
6.33702755832636E-05
6.77512042735032E-05
5.8169844988039E-05
1.64086393176419E-05
5.89051202999851E-06
7.17993163932222E-05
0.000115242267065043
0.000104482448839539
0.000123497860073111
0.000102606379223012
9.92063845322786E-05
0.000105918453684723
9.50684374044432E-05
6.84347998027586E-05
4.48765739671798E-05
5.40319627326867E-06
1.97857284536303E-05
8.27164681187675E-05
6.0720225437668E-05
6.35270520171475E-05
7.53528869902312E-05
0.000109937932555612
9.81851178496013E-05
7.43426820871429E-05
4.90985433148221E-05
3.26803980639306E-05
3.99151958608417E-05
-1.61135078229069E-05
-5.04308100344756E-05
-3.32292424820786E-06
-2.08704812167846E-05
-1.66281615616494E-05
4.58183110214948E-06
-4.01499623648591E-05
7.54952118412692E-06
6.1483695088503E-05
6.79254267470183E-05
0.000127544732279851
0.000104818251816883
0.000103621242439395
0.000114722584829686
9.84530304048681E-05
1.96073452978814E-05
-1.04304187584252E-05
-1.07117733116783E-05
-2.32542405665988E-05
2.17555551421337E-06
2.32847888788266E-05
2.98971588825874E-05
4.57144022333009E-05
3.47453508775851E-05
2.34993230731623E-05
3.87317386598462E-05
4.94030796333992E-06
-3.17149901822318E-06
1.01977111925033E-05
4.44059829358135E-05
6.3168340120331E-05
7.83554499972524E-05
0.00010616492092141
0.000122491830427983
7.37627293734333E-05
7.00243612265917E-05
6.84795880151915E-05
4.81750717376499E-05
5.03658885212222E-05
-1.58951108649046E-05
1.12985777321054E-05
6.46250240249903E-05
5.52644978424718E-05
3.37209040289802E-05
2.20913542446885E-05
-1.21990980009444E-07
8.99146561294751E-05
5.92616188864232E-05
6.77841306943358E-05
2.47573375087231E-05
8.83023238317043E-06
3.65512869770256E-05
4.00270482120606E-05
3.53297345822703E-06
5.60258111991256E-05
5.91809730973267E-05
7.74448232285988E-05
8.71390530410728E-05
2.21163117498674E-05
1.80657723771377E-05
4.45882258942633E-05
-1.64528585885054E-05
-1.9416322648369E-05
4.77304750079939E-05
8.15701543203468E-05
0.000135051019470343
0.000110811662949023
8.5467673196032E-05
5.1417226589812E-05
4.99953118477457E-05
-5.12189682242086E-07
-8.15984027960778E-06
-2.26400679032076E-06
1.7606766020583E-05
3.53075210956741E-05
5.26934966929213E-05
5.71846157699014E-05
7.79155696796553E-05
6.08507145001887E-05
6.4247708127966E-05
4.64488230574431E-05
4.66114261702538E-05
4.41975905077046E-05
3.97310060641913E-05
5.6438341815889E-05
2.96557285911622E-05
3.74417919541908E-05
6.22587584505911E-05
9.7739092370355E-06
4.04490747153225E-05
4.64762629516106E-05
2.3563602851095E-05
7.61653472938488E-06
-1.95192870669343E-05
-2.11913110732276E-05
-1.23877235946894E-05
-8.68645581016699E-07
-1.09597417621689E-05
-3.30048210665312E-05
-2.98562591976839E-05
-3.14796200419443E-05
-5.74193257817335E-05
-7.07540129530121E-05
-9.14727454454171E-05
-0.000100152167148474
-6.09701918238469E-05
-3.34579332336803E-05
-2.26246225908575E-05
-4.28534683012276E-06
2.07457926265098E-05
3.7669393394847E-05
6.20863193521352E-05
2.46501980931529E-05
2.6826979814278E-05
6.9136867031839E-05
6.51231050665341E-05
0.000113409725407678
9.5273062317135E-05
3.8886205788992E-05
1.9540733876155E-05
5.53598077377566E-05
3.16417525713539E-06
-4.44561567131553E-06
-1.63216457179724E-05
-4.32080703986892E-05
-5.17612345305666E-05
-1.75257712157297E-05
-5.4931390158901E-05
-2.18033619177255E-05
6.18089996762661E-05
5.20363481680332E-05
4.74814896646992E-05
8.7001828519892E-05
7.74388581145806E-05
4.51372284134752E-05
6.56985754144648E-05
-4.35860786068273E-05
-6.21930310776689E-05
-5.05699706767256E-05
-3.97289993143035E-05
-3.10873970133292E-05
-3.60834789717747E-07
-5.14210081544012E-05
1.54976590824918E-06
-2.02660593858786E-06
-1.96547289996518E-05
-3.03398276165093E-05
-5.33160228739923E-05
-3.23730669775916E-05
-4.1817554440676E-05
-0.000100444786900406
-0.000122011015248576
-4.21318919360351E-05
-6.78817300582646E-05
-5.37910061256958E-05
-6.76094646381115E-05
-5.36744383243817E-05
-1.17916907640169E-05
3.78632481343928E-05
2.06567782301429E-05
5.77169310281411E-05
5.43424911595889E-05
5.19153761732116E-05
0.000117305576109077
0.00010798001458504
8.98945868109153E-05
7.07114160582554E-05
5.25905307048491E-05
5.00135831418083E-05
5.19146849364233E-05
-2.88166830281769E-05
-1.06010732819824E-05
-1.95839234758126E-05
1.80167058682355E-05
1.89338582343642E-05
2.9976804603519E-05
1.2681700160275E-05
3.98003588250873E-05
4.04648250365954E-05
6.93646670929531E-05
5.59261033778467E-05
6.6043732631889E-05
7.8129223804588E-05
8.46031646871433E-05
7.1379955084522E-05
4.84087743736535E-05
3.63102825954139E-05
2.59872921814565E-05
1.00365747262005E-05
-2.41056912713352E-05
-6.5883179469029E-06
-2.31506919486561E-05
-4.32429501811934E-05
-7.82815249649618E-05
-7.24616250263816E-05
-6.54364653770064E-05
-5.38848556913723E-05
-4.97656013981192E-05
-1.38271732500678E-05
4.25637831545864E-06
5.06031081752856E-06
-4.09601471950239E-05
-1.66782031413354E-05
3.12179886818224E-06
-7.33047723428051E-06
-1.22660704720825E-05
3.19934818815317E-05
4.61340425171989E-05
7.74204225203799E-05
5.32170038379419E-05
7.63275519376675E-05
7.20149000165335E-05
6.47992690353826E-05
3.3083797079008E-05
2.73212757513707E-05
2.11252177949198E-05
2.22798891085242E-05
-4.48793719173618E-05
-9.17091956862452E-07
5.59622915741433E-06
-3.73446605484189E-06
-1.97561681289362E-05
4.65128774950503E-06
2.36886989981934E-05
0.000120458458321641
6.06590237743713E-05
1.2676817379673E-05
2.73320194183553E-05
5.6770960760159E-05
2.96697206679439E-05
-1.70276295612657E-05
-7.72727913533398E-05
-7.56966089120066E-05
-2.06653107056479E-05
-7.63460572790328E-05
-0.000108748587864698
-0.000113059640942794
-7.80735679084609E-05
-7.97615314079009E-06
1.72495415567639E-05
-1.0792258433946E-05
4.24019777837705E-05
6.53077380105712E-05
2.63048543449707E-05
-8.87120492428647E-06
-6.1587601355766E-05
-0.000106375346608975
-6.41193709647312E-05
-5.85644460295608E-05
-4.81296083927724E-05
-2.61554323631404E-05
-4.79885531473053E-06
-4.92238928758877E-05
3.2223558359586E-05
5.06523579731227E-05
4.92881932520009E-05
4.80181019046078E-05
9.99216259334979E-05
6.85265889892613E-05
0.000106945808220964
3.65018144152866E-05
-3.47968313892044E-05
-8.10369215845087E-05
-6.66401391655614E-05
-0.000119032624435302
-6.25464808253408E-05
-5.96742992715349E-05
-4.32878707290554E-05
2.08628166609761E-05
5.1931459076888E-05
4.59758827946921E-05
5.35382123363278E-05
6.29927383085954E-05
5.42536929276453E-05
6.6673347879307E-05
1.23290701121069E-05
3.78196674575398E-05
1.77386946344392E-05
2.83999107969384E-05
-4.14020202427187E-05
-2.61959915541017E-05
-3.7944728900456E-05
3.40535577280594E-05
2.75106933236256E-05
1.37648878489428E-05
1.45916546643722E-05
4.87562628746299E-05
3.24926123717087E-06
1.10854561184131E-05
-1.78650459031642E-05
-3.13844497241158E-05
1.83936146182249E-07
-3.34882080851295E-05
-1.53177175120109E-05
5.6795121279473E-06
2.6653068694703E-05
-5.52748831387149E-05
-2.81617964108629E-05
-5.4775522021425E-05
1.58039125817158E-05
2.66306209357689E-05
3.29434950334879E-05
-2.55665334148776E-05
5.11645954801864E-05
3.19080740654144E-05
1.96694293111597E-05
-6.25630717260749E-05
-4.99842293340064E-05
-5.69142502827592E-05
-6.73414917057565E-06
-1.54968471513828E-05
1.58683609298804E-05
4.0696728314931E-05
0.000102343947656418
8.05108210622908E-05
8.65171834023631E-05
8.91167823106611E-05
4.85161910834884E-05
1.71007297465748E-05
1.39702023429993E-05
1.1865182558063E-05
-2.51635491839141E-06
-1.40679447740358E-05
-1.66355610190407E-05
-4.68502012543599E-06
-1.01407534422411E-05
6.18941850764745E-06
3.78358654847288E-05
7.29628230329166E-05
8.08878659609952E-05
6.43985497283219E-05
8.68782239754947E-05
8.89569854007777E-05
7.58079304574624E-05
1.4572863153975E-05
-1.4577174053001E-05
-5.26808624613504E-05
-2.57588398646413E-05
-5.55826444465906E-05
-2.94611282441996E-05
-4.15369115660566E-05
-5.61719586166382E-05
-3.78101336306112E-05
-9.68646028184481E-06
-5.02718752740875E-05
-6.11794770044543E-05
-7.23747063987123E-05
-5.13450411615681E-05
-2.44614606843456E-05
-6.256416802515E-05
-2.61130789450228E-05
-1.71511493454709E-05
-1.43435037845794E-05
-3.50367864329379E-05
-2.88248391027156E-06
-1.79292193864636E-05
1.5150147710235E-05
1.09493748480696E-05
3.12408856347608E-06
2.22074197803706E-05
3.73017085947537E-05
7.16152152456346E-06
8.43252942148843E-05
5.92234822443423E-05
4.22603710150989E-05
6.34508536402437E-05
6.62588627549704E-05
5.17991551674224E-05
8.07231187295874E-05
-1.13144701431463E-05
-2.06712864502322E-05
-6.37915604388892E-05
-4.66762013617769E-05
-4.25022910926186E-05
-7.0483941357054E-05
-8.81579432093828E-05
-3.93304016544419E-05
-1.95462385206182E-05
7.35771628162187E-05
3.24834481223104E-05
2.87428306870417E-05
7.63026208698644E-05
5.8684287191506E-05
5.52327337968208E-05
4.56724874148328E-05
-4.38533223423078E-05
-1.9577602600036E-05
-1.10505713526769E-05
-2.51780896958267E-05
-4.47377668714793E-05
-3.98948227608188E-05
-2.98178579847777E-05
2.44807256654398E-05
1.39704028104303E-05
1.52525101606471E-05
-6.41133264875883E-06
-2.06968784957127E-06
3.58533735265999E-05
-4.65140297129893E-06
-1.30706577619043E-05
-8.54436549672386E-06
-2.42042971140498E-05
-6.85089585349748E-06
1.52827291006636E-05
-1.77089519932076E-05
-1.38803754173578E-05
-3.48677787242025E-05
-2.88214393350476E-05
8.23509451946572E-06
4.29183907964906E-05
4.58035171244468E-05
4.72498029267753E-05
0.000111444552122659
0.000103439985224384
0.000105780977550003
0.000107165289267851
4.87349900012537E-05
7.28973723641757E-05
1.09819834147225E-05
5.57821322546166E-06
2.58308156939371E-05
5.12048281587251E-05
5.99281037332717E-06
1.53128735409855E-05
5.40939418681936E-06
2.1893001952373E-05
4.03803574799027E-05
3.29426037141047E-05
-1.29672187302115E-05
-2.0034735152682E-05
-6.14675908535442E-06
-4.95120171351477E-05
-4.0146834716521E-05
-5.90378260764068E-05
-3.66521029896215E-05
4.1808251707002E-06
4.77351671476849E-05
5.51117295240984E-05
3.63119416456174E-05
2.9539390977823E-05
1.80584884655334E-05
4.22820777998046E-05
2.1762732324149E-05
1.13093405218611E-07
-1.38023906849603E-05
1.76879208907575E-05
4.6545656275752E-05
-5.22403504550086E-06
-5.06474944570347E-05
-4.57657760934829E-05
-4.38258988047499E-05
-9.73672767325663E-05
-8.00898465626752E-05
-0.000105422168488992
1.70095981635105E-05
2.19654017549933E-06
-2.68443071033317E-05
-3.16184023779592E-05
5.72765108558456E-05
5.65499353039561E-05
4.76586232318223E-05
1.87217741576228E-05
-2.14270638579865E-05
-9.10384740067558E-06
-4.04289581428176E-06
-1.82688653687235E-05
-1.84940440384941E-05
-4.01221776348336E-07
-6.69751367792764E-05
-9.75024829850304E-06
5.14104824453458E-06
2.33849265768081E-05
5.99196852667338E-06
-4.87501779757564E-07
-1.91966972941545E-05
-2.19925277104267E-06
-2.01282225260241E-05
-6.54947709018645E-06
-2.93306481806758E-05
-6.59237119029636E-05
-7.46027732599505E-05
-6.71466181111159E-05
-3.71759315728274E-05
3.84603944850849E-05
1.03099982351856E-05
-8.08732685314407E-06
2.19882229213019E-05
6.23567783100767E-06
5.0813974996931E-05
3.00916801797027E-05
-7.41373077497611E-05
-6.16343261587765E-05
-4.93710664558822E-05
-4.87215472364608E-05
-7.13730792697124E-06
2.96640000664828E-06
-2.42360402921602E-05
-1.22243832919577E-05
-9.40669506784588E-06
-7.06269350310621E-06
-4.53690688880167E-05
-7.01136972926704E-05
-8.33807921607635E-05
-5.23622898147723E-05
-1.29529275389323E-05
-2.48472090545543E-05
-2.6661240831102E-05
1.80179927355177E-05
9.38249408317744E-07
-9.39398320428985E-06
-4.97353886588231E-05
-6.22987601441052E-05
-2.40197238376949E-07
1.5135549703438E-05
4.48137425299793E-05
4.26606433129845E-05
4.57483505609689E-05
5.11604346006032E-05
3.7032878829372E-05
-5.42310844373928E-07
3.35404737065914E-05
-1.99134118451116E-06
1.69731189830294E-05
-9.05317166248998E-06
4.9147017087686E-07
3.05011728746164E-05
4.82771727159524E-06
-0.000106981102439282
-8.95366938114943E-05
-7.16160502442982E-05
-8.01007851199438E-05
-6.66199786825491E-05
-9.14666993449458E-05
-9.1318341812223E-05
-2.64276583359663E-05
-3.19725079298928E-05
-4.48328940285037E-05
7.64206460544974E-06
1.88330016049817E-05
5.17972977158225E-05
5.95134014187796E-05
5.66562763719587E-05
4.01033670529759E-05
2.02639980923266E-05
-1.07927466444137E-05
-1.30413770778911E-05
-7.24655791994827E-05
-6.13251815327142E-05
-6.08880888183298E-05
-4.41517040134617E-05
-3.51514190981216E-05
-4.80170716585844E-05
-4.43430468221436E-05
6.60209622888153E-06
-1.12513404028805E-05
-2.50229660112767E-05
-2.51547503967934E-05
-3.8865220186895E-05
-5.21971705992957E-05
-5.18164534758825E-05
-6.04969274251996E-05
-6.3752647699682E-05
-4.76850566629865E-05
-3.10458816301041E-05
1.56863928822302E-06
3.03659615867788E-05
7.09992778020234E-06
1.8582515782683E-05
2.47608658929201E-05
4.15706355921918E-06
-8.33716053922955E-06
-1.99052202774797E-05
-4.22501084316268E-05
-3.87377670688393E-05
-5.21432113896638E-05
-4.51045925317988E-05
-1.06888761014679E-05
-1.79139107169755E-05
1.42800251992531E-05
2.09983503521604E-05
2.5377695589852E-05
1.52093910782327E-05
7.83414838652273E-06
1.18207197183056E-05
5.42358338426603E-05
1.71917817724441E-05
4.75898900970471E-05
2.80703081187862E-05
4.29735776327726E-05
5.32504926149231E-05
3.16310828850086E-05
2.92086744721149E-05
3.62970944299636E-05
-5.97615463226733E-07
1.50568580547936E-05
6.02902306210819E-06
5.0754753205837E-05
5.34191818120834E-05
1.56161172920106E-05
-5.20424324791723E-05
-4.37523527016287E-05
-4.00715752346129E-05
-1.48749572667052E-05
-6.91800928451675E-05
-5.56195593636151E-05
-9.62023314884964E-05
-2.09002568359452E-05
1.96189694617002E-06
2.02791875692208E-05
6.87237737529326E-07
-3.57158754981409E-06
-1.98959993131915E-05
1.01034856019379E-05
3.29326422238822E-06
6.87822031374638E-06
-1.33470160439056E-05
-1.50910884195171E-05
-3.61846682122109E-05
4.2024523259061E-07
1.84470629928828E-05
3.01496213602863E-05
1.28959555330752E-05
1.80528089381164E-05
3.03305787439481E-05
4.47014666419634E-05
2.66252491501836E-05
4.38283378945292E-05
2.647273688469E-05
2.70038791055143E-05
-4.11488911109768E-06
-1.08537555935072E-05
4.33365104385836E-06
-2.73472708215385E-05
-3.5971630451035E-05
-4.46625015873064E-05
-4.78344538143395E-05
-1.86184463328444E-05
-1.83649505409756E-06
-4.74130454981681E-06
3.39087850859549E-05
8.84933930209996E-07
-1.22491048466043E-05
-1.19393291303873E-05
-7.51139244730009E-06
-2.36886375924916E-05
-3.35034673636791E-05
-5.89998772222872E-05
-7.05601902060319E-05
-3.66528659882974E-05
-5.13638406377308E-05
-2.00915519201736E-05
-2.44329508754656E-05
-2.43315156487328E-05
1.30240887876411E-05
2.75904751261859E-05
2.61623144339395E-05
7.35813115905025E-05
5.96181127806665E-05
6.51367341274291E-05
3.76558477766272E-05
7.49144410082368E-06
1.44534434337505E-05
3.59835508322816E-05
3.05917489078507E-05
-7.9715916399753E-06
-4.22118714635043E-05
-3.13679996826877E-06
8.23510337221306E-06
1.15733857451429E-05
-9.76734950023466E-06
-5.51697303373349E-05
-2.64491598718751E-05
-1.05541224877067E-05
-1.68437226422289E-05
-1.89021965551343E-06
3.87868667663359E-06
-1.55815350369835E-05
2.94964253121806E-05
1.23368366867163E-05
1.32909770217226E-05
-3.96540081155425E-06
-1.5427346143385E-05
-2.33333062975599E-05
-7.17301632980969E-06
-1.50392651659801E-05
-1.56516790663685E-05
-4.90871610462485E-05
-3.38971913298899E-05
-8.26304386794019E-05
-5.66213837583201E-05
-7.62164651929924E-05
-8.81404786985255E-05
-8.9392923714967E-05
-4.02635583447089E-05
-3.83584520696447E-05
-3.89247805484229E-05
-5.40819756054795E-05
-4.50978615490804E-05
-7.08974478002913E-05
-7.21505755400707E-05
-4.74093341577802E-05
-6.88590968305207E-05
-2.39572327171252E-05
-2.21559030278699E-05
-1.97287586980405E-05
-1.71078090750491E-05
-5.75617113990363E-06
-6.29365778250998E-05
-5.32733200809469E-05
-5.97594278934322E-05
-7.64334093782926E-05
-7.28267432109285E-05
-2.09568118509649E-05
-1.19423198245972E-05
2.11344304795658E-05
3.9135342496152E-05
2.23243716841032E-05
2.82204952934093E-05
4.15605041136298E-05
-5.5151341032061E-06
-1.05974584047627E-05
-1.84935031088536E-05
-5.39538575347341E-05
-4.43450779291704E-05
-3.97582505032603E-05
-6.33885784184749E-05
-7.69148865597979E-05
-7.65098751751987E-05
-7.30411224092505E-05
-5.10511434618164E-05
-3.38198792903893E-05
-2.44640852846672E-05
-9.40431820942527E-06
4.53910057124602E-05
3.45959445751555E-05
4.09951937238045E-05
4.62011771031516E-05
7.69107807194015E-05
6.38201285384085E-05
5.04782305609865E-05
7.5279313293262E-05
9.36174755402683E-05
6.67369384746733E-05
5.24489486136757E-05
-1.34175749857535E-05
-6.96183017644655E-06
6.77257813852528E-06
-5.49507121768837E-05
-6.01621834654851E-05
-6.82836493934372E-05
-3.3520069334976E-05
-1.77632052237684E-05
2.87430336794837E-05
4.29390226294527E-05
4.53164485087563E-05
2.36920272154939E-05
6.82257215187403E-05
5.06408122779481E-05
5.71098505175566E-05
-9.52171459209657E-06
-3.58402975706185E-05
-4.12281601694742E-05
-3.64366635073883E-05
-2.89019751325316E-05
3.97086625506931E-06
-1.9627404253619E-05
9.2967729487824E-06
9.65513789076526E-06
9.14114437244146E-06
1.78018938441241E-05
6.12188317037482E-05
8.24744468150521E-06
3.20553348362268E-05
6.47235836908977E-05
6.66412044690081E-05
8.32332999441597E-05
6.33396870026349E-05
5.67827407040845E-07
1.60284439157153E-05
2.54004989804083E-05
-3.0290087910603E-05
-3.03993634199088E-05
-4.02658011673248E-05
-3.31571705269079E-05
-4.32532920350994E-05
-8.23699289250402E-05
-0.000113198499094232
-9.27369060197272E-05
-5.78563857984466E-05
-3.73055569341914E-05
3.08834338164743E-06
2.86126053439012E-06
6.65966628800584E-05
9.12584913560569E-05
0.00012270606810936
9.65770663567678E-05
9.89121385442633E-05
0.000103253854703581
9.35816995748683E-05
8.28762616893643E-05
9.55723809423753E-05
4.16455930599228E-05
1.02382197941332E-05
-1.77367605753427E-05
-4.9871998528443E-05
-3.30496354335898E-05
-6.97539138796555E-06
-2.66160819936938E-05
-7.2922907064191E-06
4.36804528237429E-05
5.37535175446316E-05
1.34309017151148E-05
1.93817249361282E-05
-1.57322835062462E-05
-9.24471434863442E-06
-3.34519191912461E-05
-2.5016263460084E-05
-2.18368468367133E-05
-1.01606958426432E-05
-1.66923987133415E-05
-8.06622652913288E-06
-2.1820848978549E-05
-3.0042631799736E-05
-6.40122624451226E-05
-8.20925984302124E-05
-3.50604834506336E-05
-2.91006629456706E-05
2.63884398149116E-05
5.1185194120413E-05
6.97535250790584E-05
2.08883977723838E-05
1.96321644533334E-05
5.73730344104402E-07
-1.29645998182248E-05
-7.15535898095279E-05
-9.64117261000468E-05
-7.94539638736656E-05
-2.92221537571738E-05
7.4536157657634E-06
-1.03506569302075E-05
1.04539134769877E-05
-6.38761125450964E-06
-7.40862161397859E-06
-2.10574944090752E-05
-6.55407058869384E-06
-5.01539661578344E-06
1.52400427989513E-05
-3.90881562588406E-05
-2.19236710040313E-05
-3.95622929042406E-05
-4.55921570373369E-05
-5.07119220035524E-05
-7.94403678647721E-05
-0.000109424173380183
-5.95013091832892E-05
-5.56839222135247E-05
4.186142899601E-06
-7.25467394349006E-06
1.51634323003167E-05
3.61988961655484E-05
6.5930112098245E-05
7.16783151873438E-05
5.15218802652097E-05
3.26055510872356E-05
4.90606829688013E-05
3.52963592523813E-05
1.75529656322464E-05
-5.6864112552032E-07
-4.83114987778038E-06
1.59474463361782E-05
1.12176542725984E-05
1.66176365911355E-05
-1.84733352806332E-05
6.91869704741168E-06
3.63184574881814E-05
3.37104991383022E-05
2.01314119538296E-05
1.20223274539063E-05
-1.56753194182172E-05
-1.47624767007329E-05
-2.06880999017737E-05
4.79136370654158E-06
-2.90150134652731E-05
-3.39125457711105E-05
-2.4056300238475E-05
3.52259710712683E-05
6.03428622748278E-05
4.85928827765301E-05
-1.34409809937769E-05
1.24159091996404E-05
1.64368742637608E-05
9.82373417542524E-06
-5.19818370080935E-06
1.8395789220371E-05
2.00565708538316E-05
4.65260113105012E-06
-1.73341164173807E-05
5.35267829057462E-06
-3.25827135291689E-05
-9.47501946599193E-05
-0.000121411290103021
-0.000149765104499176
-0.000108742872038831
-0.000106863684433347
-0.000116555488044545
-7.14463709249839E-05
-1.24818888241049E-05
-2.69457439625629E-05
1.6801264718707E-05
3.40570982664488E-06
1.87867774723888E-05
-2.87165143044703E-05
-4.01279309362625E-05
-1.38544271362719E-05
2.28874410932123E-05
-3.34870505096647E-05
-2.6376384206141E-05
-6.57250419846144E-05
-3.43580078422873E-05
-2.89713409383041E-05
-3.40624768666421E-05
-6.25136849758214E-05
1.17581752635567E-05
-1.89857561806726E-05
1.55770785579097E-05
3.682952046386E-05
7.26794209115657E-06
-2.77689550787591E-05
-8.62333667156876E-06
-2.73718054647267E-06
2.94085503869181E-05
4.10723258109282E-05
1.12182238655845E-05
1.6534568591577E-05
6.99587602165438E-06
4.17986464288866E-05
-1.93058437925505E-05
-1.07599554171965E-05
-5.28070381430353E-05
-6.35001020713818E-05
-5.32234037558902E-05
-5.11252886727493E-05
-9.15996267073388E-05
-5.45146203263073E-05
-3.25162598814502E-05
1.66166118318522E-05
3.40628577372969E-05
3.57315421859474E-05
1.61052116922737E-05
2.89795646995637E-06
-3.41957668105952E-05
-7.69809822785278E-05
-6.84725870088055E-05
-9.93896330757322E-05
-7.87548235624122E-05
-4.48928155385843E-05
-4.02644447122818E-05
-4.13467953896034E-05
-5.1752212436079E-05
-5.03795462069114E-05
-3.33192859201614E-05
-3.54996404992129E-05
-0.000102951757508189
-9.95216280495819E-05
-5.98533547052897E-05
-9.91368338240998E-06
-8.64809827145388E-06
-4.54128082112792E-05
-3.5250756741224E-05
4.93688382843162E-05
5.20806085115405E-05
7.14424943586657E-05
4.43699626311381E-05
1.1853705313354E-05
7.10837346900552E-05
5.47872877380536E-05
1.27336380774506E-05
2.86108516892036E-06
-4.35669189884813E-05
-2.73090497125323E-05
3.44495401337675E-05
2.55814890958983E-05
1.96108500519226E-05
7.52056738307648E-05
9.10176637713111E-05
8.49005560064327E-05
4.82382877578439E-05
-7.04653500909209E-06
-2.35662890041992E-06
4.17446709772778E-05
-6.31569203714805E-06
-1.69345390139644E-05
-2.86525178983743E-05
5.7381258066172E-06
2.2548650495209E-05
1.55265232957787E-05
-1.02882924725527E-05
-1.65063488701471E-05
-1.55385687501778E-06
7.14615555906902E-05
5.63848332584513E-05
6.18374993784263E-05
6.62771651654139E-05
2.65414764544747E-05
9.36712428215775E-05
8.55338774822558E-05
4.72710202947689E-05
5.68468510617807E-05
4.6184090102665E-05
7.50751950823709E-05
9.41238638152941E-05
8.68555143340895E-05
0.000110052665032876
7.67689916458667E-05
6.30250536756161E-05
7.12415300121651E-05
6.96906932599655E-05
6.23414513348998E-05
4.80892981107377E-06
-6.16159990892268E-05
-1.39553325991364E-05
1.85642778698661E-06
-3.40105193684308E-05
-7.55089910709493E-05
-6.47803755044964E-05
-4.7481444420073E-05
-1.77514563264081E-05
-4.04322429872642E-05
-3.50673665827472E-05
-5.14406001424504E-07
5.44118632709815E-05
4.93935842500922E-05
1.74077580030364E-05
2.68737193814322E-05
2.63368856433875E-05
6.83629903822201E-06
1.4363977909606E-05
-3.98846800659012E-05
-6.78419806547426E-06
6.26793836584141E-06
-4.21781387095379E-05
-5.12857561290371E-05
-5.14210230877087E-05
-7.95127635578421E-05
-9.98020801831344E-05
-0.000129705963554839
-9.46638961456986E-05
-6.76870230594784E-05
-5.57107194877793E-05
-5.46693638115722E-05
-4.81543941946341E-05
-3.31528510337905E-05
-6.04049221479495E-05
-6.11765293428934E-05
-5.72753266721379E-05
-2.77497061696673E-05
-2.44368867792195E-06
3.53961267417474E-05
3.73534976259022E-05
6.70151766232081E-05
2.64710995050505E-05
2.18718606107099E-05
8.94414952121575E-06
-5.09391292889411E-05
-5.25252589074322E-05
-5.23941142810112E-05
-6.3248668972182E-05
-7.07945890262515E-05
-6.76770951801288E-05
-8.57607929021853E-05
-2.24092819971706E-05
-4.60912122612691E-05
2.66508876321761E-06
-4.61742772509259E-05
-3.06369906419843E-05
-7.90143265715292E-05
-8.7457285540906E-05
-0.000116498375451336
-0.000136370419544206
-0.000167194718528528
-0.000104560544441878
-0.000104298892794204
-5.04583270345119E-05
-3.17806169074469E-05
-5.61283897062706E-05
-1.0790722023194E-05
-2.95109627537482E-05
-5.40900069175711E-05
5.324607084433E-06
1.42593778092622E-05
-2.59128244522478E-05
3.18747821442378E-05
2.60981420181115E-05
3.41040629775699E-05
6.93538141452736E-05
-5.32316703846199E-06
-7.41027355084458E-06
1.16970080778798E-05
-3.34887157857692E-07
-6.86632126718285E-05
-7.64401568729628E-05
-8.47264493914319E-05
-7.82489764142444E-05
-6.65098342311598E-05
-2.02603702720704E-05
-2.7226633056871E-05
5.18791243942722E-07
5.29974330250185E-05
6.81905982594417E-06
6.43532666087464E-05
4.36169047070889E-05
-3.0261056003038E-05
2.44839377347492E-05
4.06892107027778E-05
4.02004779660427E-05
6.13630574091282E-05
2.47002609602204E-05
5.75235744392438E-05
6.39698644460737E-05
-1.3263604138029E-05
-1.39771465827276E-05
-4.01674322459637E-05
-2.23294736253918E-05
-3.20569044285062E-05
-5.48164167467711E-05
2.22566013115426E-06
2.34848642241969E-05
-1.20995002337923E-05
-8.9356140589529E-06
-1.81722514424945E-06
1.2796330190424E-05
7.38852598818455E-06
-5.5510345848893E-06
-1.02307513020445E-05
6.75218955254934E-06
-3.35576088956166E-05
-7.15063215905474E-05
-5.60050322500664E-05
-5.91989525375461E-05
-8.91307131982966E-05
-0.000133815190386605
-0.000152260444261514
-0.000114044324356334
-6.21650793782624E-05
-5.76219410300652E-05
-2.54147909384486E-05
-8.70848928249437E-06
-5.71456841042524E-06
2.09092401568779E-05
-7.49532682662102E-06
-5.26225020004563E-08
-5.87175323045997E-05
-0.00010561365647705
-8.94188907934565E-05
-6.30704250055735E-05
-1.3456193326462E-05
-2.96185423510129E-05
-5.86975727324795E-05
-1.16697990838955E-05
8.10361116713246E-06
-9.00235405023962E-06
1.28497634916999E-05
-7.37127297019972E-05
-3.46821528630574E-05
-3.63252920896899E-05
-1.00465866912681E-05
-4.3619208225789E-05
-8.01661328904795E-05
-8.36465229503705E-05
-5.01808255443895E-05
-5.88099613976145E-05
-9.68498099295262E-05
-8.12130154721909E-05
-1.61803280528798E-05
2.04624700626231E-05
-9.13920966745435E-06
-2.4440753416673E-06
9.86704604240291E-06
3.41072866840413E-05
-6.94441882861568E-05
-0.000112777142105741
-0.000124075602919626
-8.96568372735094E-05
-0.000125063577956852
-8.95918190123402E-05
-5.54243602440672E-05
-2.75967313746259E-05
-5.10372309700253E-06
4.40175021949274E-06
-3.30095664778775E-06
4.69179759418868E-05
-1.27983191690481E-07
-2.81639274401715E-05
2.60988836519324E-05
-1.57706012818991E-05
-2.07845073223162E-05
-1.69299042198396E-06
-2.97948614963327E-05
-2.77144193370837E-05
-5.15035939831303E-05
-3.04108891267973E-05
-3.26466689262083E-05
2.43572494683813E-05
-6.91516047569666E-06
2.33069929470531E-06
2.10163094559455E-05
4.6832425148424E-05
-2.82341591901181E-05
2.06077788091488E-05
-2.36309118761825E-05
-1.66687292552355E-07
-2.16143399097399E-05
-4.65553094395218E-05
-4.48172330249394E-05
1.35994803335306E-05
-2.36028357264955E-06
-4.29127890240405E-05
-4.60935932655907E-05
-2.48759139594204E-05
-6.19839267689801E-05
-5.01787544803978E-05
-0.000100634848220736
-0.000127649395476611
-6.66792353221607E-05
-9.71110487629224E-05
-0.000108677666179684
-0.000104375291488383
-0.000133616825956757
-8.97867831318615E-05
-1.35162020397391E-05
-1.14244907101524E-05
-5.12437313993001E-05
-2.58374527341369E-05
3.07301567246452E-05
4.7959536122457E-05
-1.98841075873031E-05
-7.27663812600087E-05
-9.15006440534524E-05
-5.68234319475311E-05
-6.31127878488005E-05
-6.8553468240183E-05
-5.4660878506257E-05
-4.30120454926631E-05
-4.64821160671417E-05
-5.46766369368108E-05
-1.48558228600611E-05
-7.94569939963125E-05
-7.91840384204035E-05
-4.68379415522319E-05
-2.1465754307383E-05
-3.54531087387461E-05
-4.81014527081962E-05
-7.18143965752562E-05
-5.60335713575256E-05
-8.40768949421377E-05
-0.000129235481167031
-0.000111286841698602
-3.94838876534637E-05
-3.96626633613791E-05
-5.24588904136882E-05
-1.39549986332371E-05
2.88867612621369E-05
5.50075720520437E-05
3.91199866398783E-05
-1.90277587561695E-05
-2.01188618751933E-05
-3.79773407061648E-06
-3.73660251196225E-05
-8.25784499772089E-05
-7.75840548189279E-05
-8.106685074743E-05
-3.88020498046214E-05
-3.19078445855296E-05
-1.57046401786614E-05
3.07752473294047E-05
4.91808221005085E-05
-4.91274454477631E-06
6.67390888482925E-05
8.21271302481688E-06
-1.47312448195985E-05
-7.21979084094905E-05
-6.01461990598436E-05
-3.8774339387367E-05
3.16877278293982E-08
-4.46238908158143E-05
-3.89223804431767E-05
-1.22659089474987E-05
3.66596087658503E-05
1.00259180484456E-05
-3.98384834072032E-05
-8.14125955965004E-05
-0.000112168522704352
-7.17456429249984E-05
-8.36254460002472E-05
-9.33363906750588E-05
-8.0264496116123E-05
-6.61968127585959E-05
-4.83518909642092E-05
-1.75011923807531E-05
1.03086182442914E-05
7.00079686013272E-05
1.44529316797272E-05
-2.63953860870306E-05
-1.62826533527885E-05
-7.60154508602064E-05
-5.50641001132428E-05
-0.000122553756692487
-0.000184735032289383
-0.000138659842518893
-0.000105439060564416
-8.89113780198611E-05
4.86816133320795E-06
-6.16594949276588E-05
-5.25486706585354E-05
-2.36033500119236E-05
3.11749351632678E-05
1.45977467766959E-05
2.45512146069394E-05
-9.48279435862565E-06
-2.04325608140979E-05
-1.19354342719549E-05
7.15506327760113E-06
-2.01790846000483E-05
-1.57559186138502E-05
-1.31528502132349E-05
-2.01244365880631E-05
2.04938584265963E-06
9.45965273068183E-06
-3.21496925364256E-05
-4.83513554577058E-05
1.17123625247073E-05
7.12920965455865E-06
4.82817938523011E-05
4.60532292128447E-05
6.89352146325933E-05
8.0997340646568E-05
0.000120115592590304
3.46972222239894E-05
4.73325646568472E-05
9.82975193807253E-06
3.52539032233693E-05
2.09134448748171E-05
2.41161523260208E-05
5.34619876825265E-06
3.36584452093658E-05
6.56960964225106E-06
-8.73015284131092E-06
-3.1682456632603E-05
-6.79036500895109E-05
-8.44306044332301E-05
-7.85860337013005E-05
-5.77381909259598E-05
-8.62143903113796E-05
-1.92833061389647E-05
-1.2653473966041E-05
1.64544295137717E-05
-2.8942360880442E-07
-3.90129359165041E-05
-3.06491485872865E-05
-2.08060736123115E-05
-3.85013656134675E-05
-3.71691627149603E-05
-1.02577710410004E-05
4.76754471782522E-06
7.81838583952188E-06
-9.52003078434924E-06
-5.80498108555727E-07
-5.07091747713979E-06
-1.79792067511298E-05
-2.94761306982992E-05
-3.33567350211753E-05
-2.6763742238323E-05
-1.23721351714458E-05
5.7886691736602E-05
5.8912269608607E-05
6.81487441415283E-05
6.2213851948645E-05
8.91324509991798E-05
7.63464275553167E-05
2.8789509155441E-05
-1.77051742517482E-05
-1.06121598175471E-05
1.85815937591755E-05
1.79940403381604E-05
7.06869421687996E-06
3.5724337941669E-05
7.50486416510542E-05
2.3403573033904E-05
-2.38396693682617E-05
-5.33288845920684E-05
-6.11935513181307E-05
-5.65701486802934E-05
-8.7067661425815E-05
-9.83860691966322E-05
-4.04121459531042E-05
2.50200100622767E-07
-1.32058994987278E-06
2.22689282216095E-05
1.78184654339088E-05
2.93071354380273E-05
3.50947143735635E-05
3.72581222199931E-05
3.56456308037996E-05
1.27438823998603E-05
-3.02369794135382E-06
-1.11613584776543E-06
1.34096003321146E-05
1.21137110382608E-05
-1.41521538721661E-05
-9.09698586322948E-06
3.06235621411312E-05
3.08317187426786E-05
5.57920873823136E-06
3.87598595302552E-05
6.82340233858606E-05
5.67909944577633E-05
3.65932721237374E-05
1.35610983771554E-05
3.03124139514291E-06
1.92966063573649E-05
-3.43721781297245E-06
-5.92353129285694E-05
-1.45650284235998E-05
-5.22356020324984E-06
-3.68355809128206E-05
-4.38723131952954E-05
-2.92709200531814E-05
-6.73415340673817E-05
-3.05455453641E-05
-8.59220838140504E-05
-9.94556608829734E-05
-6.26473658577433E-05
-5.53720725843063E-05
-5.40109977358406E-05
-4.37883421571159E-05
-7.19138674269163E-05
-5.4926902189969E-05
-5.67936176819652E-05
-6.21316387112715E-05
-5.03556472005736E-05
-3.76621187007631E-05
-9.5279229906525E-08
2.64696697721573E-06
-2.31447841447256E-05
-1.17889356687294E-05
-3.85321194725649E-05
-4.74439320961202E-05
-4.74624878956209E-05
-4.81542022107579E-05
-7.78882756567262E-05
-2.35578052342955E-05
-4.64902839909927E-05
-2.23530130094827E-06
2.56263909350648E-06
-1.30432735372779E-05
-5.76523513984993E-05
1.23119252468068E-05
-1.67792302208725E-05
9.04089298213439E-06
8.96828602825014E-06
-6.20045827986254E-05
-3.76400990876717E-05
-1.82587389575992E-05
-4.26574736120188E-05
-2.02152900099575E-05
-1.46979141123773E-06
-1.50426193540255E-05
2.48990948790972E-05
-4.00547597469768E-05
1.23371967466235E-05
-2.84044375827706E-06
-3.68821055971312E-05
-6.44167409873545E-05
-5.56509660415219E-05
7.70479870598937E-06
-5.12773202028618E-06
-5.59615820300876E-06
3.66204707368343E-05
-2.723586127344E-06
-6.03094177757738E-06
-1.98093373400723E-05
-7.4716947141196E-05
7.97452498860335E-06
-5.42669422224636E-05
-6.87582255964883E-05
-4.93769753868634E-05
-3.61732999624747E-05
-5.66040165249262E-05
-6.62837072441843E-05
-0.00011919627455903
-6.24154830794483E-05
-0.000131770125266336
-0.000140365541275489
-0.000157247107849227
-0.000101034603983881
-0.000173401731177334
-0.000133700759732399
-0.000184869238532753
-0.000131289917719944
-9.11584665030055E-05
-6.72182172226063E-05
-5.66065769026545E-05
2.06374826268212E-05
-3.72061585203482E-06
1.14451671877797E-05
-4.36281669101434E-05
-2.40609751821089E-05
-5.70932727294932E-05
-8.46321207375221E-05
-7.92117372818787E-05
-0.000108779142098347
-0.000130041675222024
-9.57014649537706E-05
-6.96433840692295E-05
-6.64275801791872E-05
-0.000112861754044568
-9.88188384072013E-05
-6.73998589722186E-05
-7.73170695299895E-05
-8.58124036903221E-05
-0.000172252907099214
-0.000154082629945808
-0.000118010920442009
-0.000124322087351242
-0.000131184249431901
-0.000115336265543397
-7.07879827081466E-05
-2.6226165181223E-05
-5.17404682181488E-05
-6.24779077607965E-05
-4.32182619009116E-05
-5.24007853923542E-05
-0.000139580685675332
-0.000156258690068912
-0.000168363029672793
-0.00013620459998096
-0.000115823068441574
-0.000126168491928374
-0.000118131684283855
-6.71542981286264E-06
-2.66789270211367E-05
1.72960067362966E-05
-2.67818371368817E-05
-3.50723768149276E-05
-8.1331960731019E-05
-5.36306554579942E-05
-5.45054005920195E-05
-1.97144663619139E-05
-5.40101698828425E-05
-4.97783083858953E-05
-8.77191240520973E-05
-3.88087943101315E-05
7.21470017486244E-06
-4.08839675865072E-05
-6.73872726560924E-05
-5.59083912717822E-05
-1.21754547860981E-05
-3.87412426722616E-05
-3.55112064451755E-05
-0.000103604218918434
-7.01671815517392E-05
-9.7380603117141E-05
-0.000106262103865213
-9.58763096191005E-05
-1.69540652456906E-05
-6.74000368209554E-05
-0.000103451425638154
-0.000133731880573819
-7.45081361696799E-05
-9.29837864334914E-05
-0.000111211669874642
-0.000111263067568625
-6.77424018622176E-05
-4.17584296504144E-05
9.56190179335733E-06
-2.53581645514795E-05
5.67143214391107E-06
2.12187387217998E-05
-7.6248391233011E-06
-7.66306075386063E-06
-1.55520476168991E-05
-5.45525722277302E-05
-5.44817718493622E-05
-0.000104007009173797
-0.000113020912137376
-9.16282632845604E-05
-0.000101193655548801
-8.8599692699381E-05
-0.000103119015911483
-6.1494049007941E-05
-2.90736469558428E-06
-7.06027939248165E-06
1.36040159544226E-05
1.10917819140672E-05
-1.25892684596498E-05
2.49051623441461E-05
1.2478197964438E-05
-4.10773795321724E-06
-3.13935079434046E-05
-4.55598930513693E-05
-1.11451791248334E-05
2.75733582166111E-05
2.96264346701336E-05
5.57486658325804E-05
6.69058360182848E-05
0.000111804288437815
8.5062661658653E-05
3.67904838834441E-05
1.74297289614223E-05
9.95560653377625E-06
7.61318017443802E-07
1.64112526368022E-05
-3.06715176635726E-05
-5.91768763925207E-05
-2.37806312870401E-05
1.27796575207366E-05
2.83958900055262E-05
3.1951212477183E-05
8.49310987131119E-06
2.31146056870724E-05
8.84037258621802E-05
6.80373695217866E-05
2.5115673579413E-05
-1.43107746721096E-05
-5.14568715493227E-05
-9.13389674957616E-05
-6.3744959188363E-05
-8.05151110771885E-05
-2.79968198899974E-05
2.39465555267776E-05
5.85392598654874E-06
2.59011932251366E-06
2.16786469868382E-05
1.68016735298941E-05
-3.94891553799802E-05
-0.000106440025708865
-0.00014565058740524
-0.000132580004481803
-0.000102434722957331
-0.000103885931510144
-0.000103607263092699
-1.24496983785898E-05
4.50458736605116E-05
4.21097319245732E-05
9.43275400235168E-05
6.74440363145405E-05
0.000128899685871325
0.000146214494803995
7.54307376100787E-05
9.93991336300535E-05
9.89024650045766E-05
0.000111352110370812
0.0001025635618253
8.96265712782372E-05
4.80925490992624E-05
4.46906797578878E-05
-1.41316553528363E-05
2.56590152036007E-05
-8.56062071588941E-06
3.82027214000891E-05
3.75913439213625E-06
2.13982413302848E-05
4.95600276192956E-05
3.47789299698539E-05
3.42862611863143E-05
5.45726307242115E-05
4.44618331334352E-05
6.03332074625004E-05
2.59299849209638E-05
4.40925733570014E-05
5.89196908157317E-05
2.08233039165715E-05
-1.54720807090649E-05
-1.7466022878374E-05
-4.17749938097488E-05
8.18824925710128E-07
-5.44703470428876E-05
4.58925596190802E-08
5.40874074771152E-05
6.14971785243219E-05
6.87776199281865E-05
7.28017818175583E-05
5.40916861887874E-05
8.83777851913644E-05
7.77006409871834E-05
-6.0775533159927E-06
2.16396130943082E-05
2.18261363645095E-06
8.67148303505376E-06
4.90959276854919E-05
8.61186302345101E-05
4.75621793569975E-05
6.66803973449837E-05
6.54231394565355E-05
4.02136770143474E-05
3.72757757396844E-05
1.18542317294044E-05
1.4652985671161E-05
1.46054601152703E-05
2.13170361383149E-05
2.55510406048348E-05
6.2194420943003E-05
7.23861806118358E-05
5.22345330001071E-05
5.80285888005182E-05
5.51164258657148E-05
5.90073400452284E-05
6.13485474267427E-05
1.05613219616693E-05
3.86950139773743E-05
4.09860936900471E-05
-2.00155381994433E-05
-2.60620608337326E-05
-6.19501856723704E-06
-5.32026312247749E-06
3.28378455175685E-05
-1.76794249218554E-05
2.58432384935609E-05
6.20563769874503E-05
3.77461704789793E-05
4.99866870738775E-05
2.52874484774062E-05
6.38892255388796E-06
-9.23524102483498E-06
-3.19517382211462E-05
-5.04321198233245E-05
-3.53132081471405E-05
-8.44123752600288E-05
-7.55803247519492E-05
1.1110611837282E-06
1.70532636576705E-05
4.95742207220442E-07
3.54085223434299E-05
6.20509215914711E-05
0.000122817611143081
5.98944736516758E-05
-1.27151781531754E-05
-9.79276469490692E-06
-1.50937331834416E-05
-2.93670427461949E-05
-6.1808456957206E-05
-9.61620469693088E-05
-4.37158770842383E-05
-1.06822356128323E-05
-5.53027646917723E-07
5.65541034191245E-06
1.74394118509344E-05
4.6416157643135E-05
5.37837717212749E-05
7.29518500064564E-05
6.77988775414229E-05
5.23437362738319E-05
6.87691386439535E-05
3.3422742742573E-05
3.08374718230795E-05
3.82030232802193E-05
-4.85535576169492E-06
-3.34967274688512E-05
-3.25862752547216E-05
-4.19058180473109E-05
-5.17553401096893E-05
-4.25184444337412E-05
-4.54701825714166E-05
-4.00259959733934E-06
2.18660563930223E-05
1.02961371264961E-05
5.38343906066072E-05
7.9477548310131E-05
2.34654796197686E-05
2.68766896811491E-05
-3.59427678191414E-06
-4.32289956066744E-05
-1.17736515059271E-05
-8.18763038434786E-05
-9.32278250424018E-05
-4.66353160032467E-05
-3.35171707097345E-05
-5.83925836482022E-06
2.05140069853554E-05
1.08645741853083E-05
5.31533086396907E-05
5.66560918321607E-05
5.19414257246393E-05
2.00906139242965E-05
4.35943567114929E-05
5.76000437392937E-05
8.21001645447459E-05
4.93152589983324E-05
7.44114434372104E-05
4.42732603908208E-05
-1.64582403680819E-05
-7.06905566281399E-05
-8.97390413234157E-05
-0.000107113970673642
-0.000133499172682629
-0.000123262417965654
-0.000109259523009624
-3.29518706768557E-05
-2.04499029472205E-05
-9.22680080986011E-06
1.71819878523898E-05
7.9423781793101E-05
7.24146170122064E-05
9.98012394730218E-05
0.000112440338921675
0.000146439479334767
0.000124792007046563
0.000105191037319865
6.00733622418169E-05
5.6565050811058E-05
7.05108444869312E-05
6.09358958827508E-06
-3.34733723725513E-05
6.04133865563499E-06
5.44404231851029E-06
3.93090601295411E-05
8.31960894962537E-06
-4.07078947594014E-05
-2.15984503072855E-05
-5.49702282338261E-05
-7.65460152002565E-05
-5.18734962447881E-05
-8.90745237440444E-05
-6.37817296850763E-05
-7.23247042525978E-05
-6.05903525210667E-05
-1.60696700406701E-05
-4.85867783862751E-06
-1.69603928254618E-05
2.14074104716234E-05
2.2025425276164E-05
9.84237669626291E-05
5.93608317467944E-05
8.41789228294398E-05
2.23584128854995E-05
1.63203901984412E-05
-7.26724339075265E-06
-1.34778925367611E-05
-6.6024776494761E-05
3.30447729825289E-07
-5.63493810095076E-05
-1.29403660077088E-05
-9.31534204037264E-06
-6.31738794685727E-05
-2.00728388021766E-05
-4.72533354647616E-07
-4.31141074414632E-05
-3.09121848283701E-05
4.03873464175781E-06
3.20324402002963E-05
8.51510994435685E-05
5.43165981721417E-05
7.75735593208844E-06
2.60514133852589E-05
2.96065059757957E-05
5.72882636845272E-05
2.00597452009296E-05
5.33191021087151E-05
1.51670055341994E-05
2.61984302657741E-05
6.06591860811891E-05
5.17556195631938E-05
3.43899416529584E-05
2.26647567861532E-05
2.92388154140376E-05
1.37524948040738E-05
5.16606567539031E-05
2.22468248069091E-06
5.02889731535396E-06
-1.19454943040771E-06
-4.33811842991397E-06
-5.05532041024413E-05
8.52200091112893E-07
5.50964200122775E-06
3.43683755186943E-05
5.71124252938106E-05
1.78169202746811E-06
1.08178099739946E-05
2.48472095219996E-05
-8.10387428481892E-06
-5.6151226880232E-06
-4.60739123636869E-06
-5.1778361943323E-05
-2.09263208222879E-05
-6.7281471005154E-05
-4.1002401548666E-05
-2.46578776914019E-05
-4.71309627364453E-06
-2.86383676381136E-05
1.01428891543051E-05
1.26216684021546E-05
5.5527131183314E-05
1.87571505526704E-05
-1.67113254405098E-06
-2.99486145144806E-05
-1.7908778096414E-06
2.62731957943054E-05
-1.42577911221318E-05
-3.35627197796704E-06
1.59923250279472E-06
1.99375809263757E-05
1.37181430411399E-05
6.88623908312517E-05
4.38018463312983E-05
5.27996741370111E-05
6.4705851230624E-05
8.11119980203984E-05
9.08157689989435E-05
4.53498881572901E-05
-3.34957912112028E-06
-5.03753433400606E-05
-7.15325846630993E-05
-7.36076535041939E-05
-5.73619486099263E-05
-5.97395632167419E-05
-4.84570896115971E-05
-4.7073988634334E-05
1.47266933767168E-05
5.34492731483025E-05
6.11807023935319E-05
6.14299076178984E-05
4.05019626289912E-05
2.60791105445285E-05
5.03530962404818E-05
3.10978350372053E-05
-5.27932713390329E-06
-2.2224039664648E-05
-3.91240361393282E-05
-2.86298119336136E-05
-9.33082083842849E-06
-3.35576384230615E-05
-2.8895934124504E-05
2.49072929458188E-05
-4.83941252506319E-06
-1.09020206603282E-05
-5.07712584569774E-06
3.81168125119817E-05
7.26255411076157E-05
8.05895672088196E-05
5.96386046820089E-05
4.96833732709374E-05
8.39978179263401E-05
6.08032556060374E-05
3.4457854605691E-06
1.0479459158042E-05
-1.5370852508175E-05
-4.6694505665497E-06
2.30589453307347E-05
-2.36217236180471E-05
-2.9810175353468E-05
2.07869946381491E-06
-4.3062492353539E-05
1.68077428852843E-06
-5.81339679135621E-06
-2.05902345245568E-06
-2.303485377366E-05
1.25249763156102E-05
4.05046604434666E-05
4.31937133092801E-06
-5.51142025921595E-05
-6.30863485706027E-05
-4.1367918634106E-05
-1.82609015910702E-05
-3.98796374807511E-05
-5.56271508796304E-05
-3.18962562041313E-06
1.39722453587152E-05
-2.66535670688275E-05
-4.45210489675132E-05
-3.22759200255635E-05
-5.29859202996795E-05
-0.000101717754151318
-9.44421478651104E-05
-7.45872509326989E-05
-0.000103383987536773
-0.000101686210928878
-7.13537818425893E-05
-3.07070391190921E-05
1.60896463521935E-05
-3.60258699185754E-05
-2.2260838683442E-05
5.91509476488044E-05
5.53547815886149E-05
2.24710974747533E-05
3.50164312531739E-06
-2.14280726072473E-06
3.25389628535921E-05
-3.66417097849145E-08
-3.16492137025802E-05
2.75242917913602E-05
5.42126190805073E-05
7.00235658110743E-05
4.92346276696103E-05
5.09340656126389E-05
4.14260528784803E-05
9.02589077375645E-05
1.90611958432235E-05
-1.40596860150637E-05
-1.90921117262109E-05
3.66278587491188E-06
-1.73165692570646E-05
2.97455662024131E-05
4.06128374435005E-06
6.00866137327521E-06
5.58657241213662E-05
4.43713340490128E-05
1.44968027875628E-05
4.59860214011946E-05
1.14664415368728E-05
2.12764965122646E-05
5.63044093895583E-05
-1.11562200687831E-05
-6.19176155858907E-05
-4.34842582414686E-05
-6.13852993280111E-05
-1.10835112155211E-05
-2.77832402716675E-05
-6.29555256501243E-05
-1.55017094490103E-05
1.85882942080137E-06
1.97542723359289E-05
1.09729257488892E-08
-1.95715056140509E-05
-9.70526473375818E-06
1.43966408257104E-05
-5.20122303869211E-06
3.08319284902045E-05
4.17764344547737E-05
5.73137288176489E-05
5.71381723884798E-05
1.33406341922593E-05
2.57493579344078E-05
1.11459616560482E-05
4.15830504437345E-05
1.69708501164799E-05
6.03991091596188E-06
-4.98757665125794E-05
9.07552686569705E-06
-1.07317756110519E-05
5.79458832562546E-07
6.65998631405591E-06
9.59737097449894E-06
-9.82831817208414E-06
6.42505970311448E-05
3.57110733298582E-05
-9.85904328558045E-06
5.42944393711368E-06
4.13389932791948E-06
-2.1047425349925E-06
2.59489164898152E-05
-2.12393225668337E-05
-7.31663253418697E-05
-7.87610622310853E-06
-4.19352212090825E-05
-4.02174772812084E-05
-3.44644978589996E-05
-2.88216704105585E-05
-4.18894027084439E-06
8.62174461941307E-05
4.34554125055583E-05
4.30868843730479E-05
1.61650671027179E-05
-2.34802222972983E-06
-5.1670216768478E-05
-7.88551061886164E-05
-9.88902041540473E-05
-4.65378247984323E-05
-4.04639740512473E-05
-8.20524687537509E-05
-4.64889945415599E-05
-3.06234757916748E-05
1.93037400157516E-05
2.78467465512213E-05
1.47946749283846E-05
6.27334715224751E-05
0.000130299175185428
0.000102726538835352
0.000106025280247968
6.75473352654209E-05
4.60992530220334E-05
3.94617803073602E-05
2.54545492129208E-05
1.13836735793331E-05
1.29308547033401E-05
4.02336599632554E-05
5.71516248101169E-05
2.9258652665425E-05
2.45251543544286E-05
1.92559364748593E-05
-2.3903451029329E-05
4.26861853945425E-05
3.27297814863292E-05
-4.84022946939937E-05
2.41456428955014E-06
7.07267839677224E-06
2.18195865390322E-05
4.99744039746267E-05
2.18047488270661E-05
2.83850976186171E-05
0.000161498862972568
0.000146613451801585
0.000130412293974211
0.000148429982819754
0.000146651731462774
0.000113192621607488
0.000109434313807228
2.59658530195645E-05
4.59679479277103E-05
7.88697064214969E-05
4.42165217827924E-05
2.76454076672522E-05
1.98662149447819E-05
3.13357992047082E-05
3.40332334371753E-05
5.80147849487652E-05
3.32939888771877E-05
7.14175050153559E-06
3.99215713925527E-05
3.91445228374498E-05
3.26544727957318E-05
2.9109220211679E-05
1.09072516654121E-06
-2.03797462660042E-05
9.03225646856679E-07
-1.38555593154557E-05
1.3349071766401E-06
-2.77461375710919E-05
-2.19406177093342E-05
-6.45493927015574E-05
-1.92728957671314E-05
-1.06664774241823E-05
5.21612436889283E-06
5.57868302210253E-06
4.51345613076334E-05
5.95693424485222E-05
6.91823222771279E-05
4.24068636201794E-05
3.80828125365881E-05
6.48740551278106E-05
6.11049820603877E-05
3.95304811438472E-05
-5.48350677647337E-08
2.25230265431023E-05
4.27171364355404E-05
3.83099342438237E-05
-1.106435523058E-05
-4.88106818392144E-05
-3.79043871537897E-05
-1.34521377816545E-05
5.85255543519187E-06
-4.76438838514188E-05
-6.30015341713352E-05
-4.09179932782174E-05
-1.3884883365749E-05
-2.00330354119365E-05
1.59978990232552E-05
-1.10633656479478E-05
3.10157462205439E-05
1.20811256436481E-05
-1.99562018098879E-05
-1.91486855722768E-05
-3.03998594014712E-05
-4.70401874265343E-05
-2.4674154319927E-05
-9.14202172703041E-06
-1.22116373031429E-05
3.19243617571168E-05
3.25729294578653E-05
6.3772203056821E-05
6.33961198141618E-05
2.38526176061102E-05
4.19159429738293E-06
4.38693708501274E-05
-1.07120699323032E-06
1.83135726515009E-05
-2.20989368116587E-05
-1.94628131157435E-05
3.53232897992586E-05
1.41673588447388E-05
-1.44659942325717E-05
3.232740496087E-05
3.20580635116482E-05
8.46857205779411E-06
-2.9547437082095E-06
-2.4871498416533E-05
-1.69946025994921E-05
1.16245447391065E-05
6.87447561312027E-06
-3.7143860161176E-05
3.68151694423244E-05
2.82240983388099E-05
5.84818167138287E-06
2.20286075480155E-05
1.83077951061871E-05
1.71706325314775E-05
6.1958382475801E-05
2.92109999526704E-05
8.6841121836466E-05
6.00878786241017E-05
2.5901501084346E-05
2.31573037154568E-05
7.13774469925885E-05
5.9514063892198E-05
7.43618198482227E-05
-8.3360479404518E-06
4.43575338869169E-05
9.03616861021741E-05
0.000101677436740541
3.14056598191309E-05
4.15191298555888E-05
-1.59780674621168E-06
2.21106991226636E-05
2.27830926791679E-05
4.67075163406807E-05
4.94942974218121E-05
4.09480650919269E-05
3.76356470646044E-05
7.77931242077501E-05
6.05938886943514E-05
4.85727378088862E-05
1.41496195508687E-05
-7.54461820921113E-06
1.10899034856441E-05
3.43301010702802E-05
-3.46959728008289E-05
-2.9059460779353E-05
-3.45506241441839E-05
-7.45010040967098E-05
7.36407042814076E-06
4.01603017954419E-06
-6.25097788644842E-06
4.29741731694073E-05
5.57800321369068E-05
4.74783092803779E-05
0.000140075952361758
7.43610543626489E-05
6.18374765936522E-05
3.8619333152814E-05
6.75451665770257E-05
9.86494573570278E-05
9.61807438554017E-05
2.33943040782299E-05
5.49553957025609E-05
6.32508452792418E-05
5.84634230398227E-05
4.52008956123366E-05
5.24361514995611E-05
6.77388580069448E-05
5.22122717370083E-05
8.04228466594228E-06
7.38378600587953E-06
9.57417884700462E-06
1.73201740888406E-05
1.34807054251982E-05
-4.49012661571259E-05
-4.61031492220934E-05
-2.65618828068029E-05
-2.94104893144269E-05
-3.02257526053091E-05
-3.24659579546912E-05
-6.44925569292394E-05
-1.91356235056309E-05
3.11160614977537E-05
4.30299183909862E-07
3.02534804092941E-05
3.11667047583283E-05
2.78881917044614E-05
7.20768702870398E-05
8.11672979260509E-05
4.92787252305678E-05
3.19740248590107E-05
2.87605941670369E-05
2.71381081087129E-05
-8.15168799954714E-06
-5.52925676156244E-05
-1.44875423770979E-05
2.94604106914685E-05
5.21892893912405E-05
3.37707931645912E-05
6.19462802052858E-05
8.82057679111138E-05
7.82580579777434E-05
6.30600752916471E-05
2.25134724516371E-05
4.47340338092415E-05
3.31632145585482E-05
8.06389828563337E-06
1.59302458193867E-05
6.81524971951015E-05
4.12021330358438E-05
4.46584695375011E-05
2.73158334981604E-05
5.87737928464851E-05
8.13133623249841E-05
9.72017951312894E-05
6.82290521057876E-05
5.98025961700743E-05
6.34597107545204E-05
8.34716163147027E-05
4.33805825738538E-05
4.84124193122806E-05
4.18917775299438E-05
3.73174634156079E-05
2.1169498022153E-05
-1.39309753248653E-05
3.2136618558335E-05
2.09945928696344E-05
1.34131524605498E-05
2.72910325852848E-05
1.68721177305276E-05
5.47720313862623E-05
9.14717097766278E-05
3.24279689596719E-05
6.12254200000125E-05
3.75135202216678E-05
1.3520564700538E-05
4.90207897441774E-05
7.2291359169753E-05
6.12218653457366E-05
4.05212337519529E-05
5.09551494146167E-05
4.66557822161312E-05
3.33916376774452E-05
1.69339187271331E-05
-2.68544411027355E-05
2.47697200723919E-05
5.84655922113527E-05
2.51531668952124E-05
2.44407276671379E-05
-1.08721757488297E-05
8.40330457132505E-06
3.55170511999862E-07
-2.83642293234529E-05
-2.65497278716456E-05
-2.32657684763708E-05
-2.35424348155987E-05
3.80176411171024E-05
2.43697709793693E-05
4.80567923998893E-05
3.92094552731476E-05
1.61082337883656E-05
2.70074693485547E-05
6.03564786856177E-05
2.3572688365952E-05
2.33716244641124E-05
2.01468968782793E-05
2.02036041956795E-05
2.83651906379093E-05
5.80933110113969E-06
-3.4408417126851E-06
2.7470263021582E-05
1.03662007805625E-05
-7.37288063542628E-06
2.70901152171462E-06
-3.65895491356522E-07
1.18014814269322E-05
2.47931461015563E-05
-1.24463173614708E-05
-2.16752362517776E-06
3.20171644295184E-05
8.28948940433867E-06
1.59586603060397E-05
1.45714695473039E-05
-8.70267343072453E-06
6.93273862847089E-06
-5.36769033080119E-05
-4.83607835143436E-05
-5.36112312874086E-05
-8.87052944746951E-05
-4.54133302861413E-05
-4.66823400769467E-05
-3.79812188354044E-05
2.86212013673333E-05
2.23194468844172E-05
4.07308978369172E-05
8.23684228251312E-05
1.85263034045544E-05
1.9332847675923E-05
1.1383401601512E-05
6.00081961665753E-06
4.74696581381555E-06
-1.01864459386339E-05
-3.9112472817941E-05
2.16997199341882E-06
5.46642283655803E-06
-9.83495815715261E-06
-5.17449957809204E-05
-1.97000643915124E-05
-6.18339485931161E-06
-5.462158971022E-06
-2.92894047543129E-05
-1.05817154961053E-05
3.86823558909751E-05
7.61871241847358E-05
5.37803941711611E-05
5.16475995820746E-05
6.48128585922414E-05
5.13704737175543E-05
2.35636764962163E-05
-2.26500179165085E-06
-1.50665246359965E-05
-4.78719834907355E-06
-6.66642487374503E-05
-8.67624119666904E-05
-6.98522325184189E-05
-5.43328100817546E-05
-8.55159158234231E-05
-9.16502076098083E-05
-8.40741155395139E-05
1.28738220961147E-05
2.65252017157486E-05
4.31093063947645E-05
1.70651949680011E-05
7.09061534731969E-05
0.000116206363508792
7.6883134933681E-05
5.54955681290648E-06
4.30931846085156E-05
2.333466166421E-05
2.15106529780856E-05
2.51712204915723E-05
4.8904120595965E-06
-1.07329108873216E-05
4.31582203563657E-05
-1.24060608939152E-05
-3.49943113982371E-06
2.63070915740353E-05
-3.21496574530863E-05
-3.71342433525597E-05
-2.82847767581559E-05
-2.19157157903481E-05
-3.6651286143716E-06
1.61162636039822E-05
2.13925017631304E-05
3.95737317583531E-05
1.43784156276131E-05
-1.24538846178094E-05
-1.86650806249439E-05
-1.62344157364853E-05
-4.83542519840345E-05
-5.06896168942354E-05
-1.83641421266474E-05
-4.53081693933139E-06
-2.4084386439639E-05
-3.52680304547729E-05
-4.74171779147458E-05
-3.0897212347951E-06
-9.15522833844074E-06
-4.10187294230985E-05
-2.43967115077111E-05
6.33547707332948E-05
3.24974603897709E-05
3.73489902883185E-05
4.19567007845627E-05
1.18438519198991E-05
5.12134880494116E-05
3.71775054641003E-05
-2.74974763057116E-05
-1.55264596915115E-05
1.32382750664957E-05
-2.52038393124941E-05
-1.67552549406088E-05
8.07790443948374E-06
2.56055547476477E-05
3.22074372418621E-05
5.60200011695948E-05
6.24158344808292E-05
5.78456264868124E-05
7.18889922573446E-05
1.10530163995004E-05
-1.33635511121835E-05
3.41493973267005E-05
2.21786376422015E-05
3.23816076189105E-05
6.44998579593996E-05
3.55560544491864E-05
3.01970896513595E-05
5.14329506998865E-05
4.66640325676139E-05
1.76962644051033E-05
-1.40058106761344E-05
-4.51450672112931E-05
3.11870264687162E-05
2.61323458321847E-05
1.70032069966065E-05
-2.9798596590146E-06
4.48511334741686E-05
5.42176346493884E-05
0.000101782129904907
2.86658410348421E-05
3.24377872237444E-05
5.02993948204909E-05
1.57914822369472E-05
1.62206541095895E-05
-9.39156204057278E-06
-5.05609719089842E-05
-2.68950985312196E-05
-3.66283920200625E-05
-4.75764464048511E-05
-2.52756016832978E-05
-4.21370694646582E-05
-2.57721783134625E-05
-2.54368424925717E-05
-1.30058170108749E-05
5.81634300650941E-05
6.32500756792408E-05
1.82507686854481E-05
2.40549103202902E-05
2.91561683110538E-05
3.66091630155929E-05
3.77542647997404E-05
-2.19661152495428E-05
-1.44218268656209E-05
5.22460037048693E-05
3.3724078897914E-05
7.31805815057733E-05
9.27772384744583E-05
5.76511701594892E-05
4.96372501552924E-05
2.56108802044633E-05
1.97557069786736E-06
-5.8929042767589E-05
-6.86264561893482E-05
-8.6876142376456E-05
-6.42184801779876E-05
-3.58201286936517E-05
-3.54819428610811E-05
-1.68720176811508E-05
2.92596212348238E-05
2.03905871376847E-05
3.5541687100297E-05
7.67554812504178E-05
3.88812013606075E-05
2.61130217516238E-05
-2.76684349586197E-05
-1.42855630050894E-05
-2.04284749046494E-05
2.79178167151066E-05
-1.44070969848736E-05
5.5214082910767E-05
9.39027244057908E-06
5.49132462226139E-05
7.49364088786732E-05
5.80941160050725E-05
1.36117353038328E-05
4.58173120705743E-05
-2.20370399433107E-05
5.79435087903996E-05
0.000107618666464375
7.90042233030733E-05
7.31444960831981E-05
5.10228595711655E-05
2.69041455750703E-05
4.45475532264486E-05
4.09971248948762E-05
-1.63852657839306E-05
-2.04505488528487E-05
1.40153383210315E-05
5.93898897000684E-06
-2.24474532946283E-05
-2.30232643614416E-05
-7.34847389646886E-05
9.84761064173689E-07
5.64400640460606E-05
3.04187946035013E-05
3.96473250040075E-05
0.000101472171071708
0.000107911278167875
0.00015682535950866
4.41521174874311E-05
1.40518958758037E-06
9.66375455414433E-06
4.74999671628792E-05
9.48542672261756E-06
2.50059146399814E-05
-1.25210680884489E-05
1.68506040448011E-05
-4.94134208227942E-06
-7.24303193334811E-05
-6.02132825878073E-05
-0.000101045415359538
-0.000137083194702501
-8.2202934737132E-05
-0.000110113357420609
-0.000108173684494028
-7.33484460720196E-05
-0.000137300588344688
-0.000115847762706622
-9.42094796261068E-05
-0.000167699589145556
-0.000143502676914076
-0.000126586254201811
-0.000101294971397875
-7.16012078149322E-05
-2.35113923548433E-05
-2.02260949168154E-05
1.40013735877173E-05
1.34910878764461E-06
2.76453016979098E-05
5.24649797047468E-05
5.41729786353757E-05
3.30058189503102E-05
-5.26747228684714E-06
-1.24097330271477E-08
1.79489041739994E-05
-1.01314369777582E-05
-8.24721840185508E-05
-8.49829775798206E-05
-6.03805704832596E-05
2.22214333002116E-05
-1.20163759831302E-05
7.64312858016536E-06
6.30118638803336E-05
0.000127123914928054
9.8782710112571E-05
0.000104383999814629
5.03571967583439E-05
0.000112963252406423
6.24798179443586E-05
1.8947609388207E-05
2.58391745921452E-06
5.20993681814293E-05
9.09887852524667E-06
2.59525249576078E-05
-2.13016181065794E-05
2.06780492870726E-05
1.75579588251861E-05
-3.75783827147623E-05
-3.73590452989881E-05
-1.96485667608879E-05
-4.19435546771962E-05
-6.06064816134671E-05
-8.08877210614592E-05
-3.49243248568332E-05
-2.25815411154492E-05
-1.98194091482694E-05
-4.06393346703252E-05
-5.33263491787337E-05
-2.94132825359589E-05
-5.82180971461555E-05
-6.56367091218366E-05
-2.53433144802836E-05
-5.30329054924622E-05
-8.15714531916561E-05
-5.23041052557322E-05
2.98049279316E-05
9.96357614527534E-05
3.56430267416284E-05
3.54857032296787E-05
3.27492888506988E-05
3.48040330669687E-05
3.10501570324615E-05
-1.38732510065931E-05
-8.01392116818395E-05
3.81579414059146E-05
2.24523696778837E-05
7.20358730100094E-06
3.71548462527353E-05
4.75221825655839E-05
2.89217066937149E-05
6.31355608637255E-05
-3.0049497750092E-05
-4.08668914073893E-05
-9.47303006229758E-06
5.33976097187687E-05
5.52449857510087E-05
4.5912126336261E-05
6.18543822657993E-05
9.50840078364198E-05
0.000152729339665679
9.92334380880301E-05
-1.50900537592419E-05
-4.15372917527809E-05
-3.04121549124945E-05
1.85031638196515E-05
2.91992930085631E-05
-3.32249095357551E-05
-8.26477511858454E-05
3.75116147231989E-05
4.63889221987602E-05
6.27569392351913E-05
-7.39122138188948E-06
-3.61442455923015E-05
-4.8803668031412E-05
4.72060171539369E-05
-2.22456191235097E-05
-1.53610938565962E-05
-3.7720101139236E-05
-1.33579265205147E-05
-4.97984009414563E-05
-3.17164866964444E-05
-3.9382882408568E-05
1.40446588877245E-05
-1.84540795846597E-05
-2.64880589488097E-05
-9.37735307984527E-06
7.81615889661152E-06
-1.1637056838948E-05
-3.64609340575022E-05
-8.97347367668609E-05
-9.07566811121672E-05
-1.58805792294374E-05
-8.58532874233127E-07
3.95772512943766E-05
9.30657110911544E-05
7.99201609237635E-05
0.000114179599821928
0.000139078827444112
0.000109968324552621
6.47936275845865E-05
4.10230648099017E-05
5.85640323620362E-05
7.16962575168471E-05
3.10171732418264E-05
3.40974378048526E-05
5.79141749929919E-06
6.5235204694582E-05
7.32052053366135E-05
5.16632107354062E-07
6.35506107508661E-06
-4.30628915829062E-05
-4.06726329961436E-06
-5.20141099977258E-05
-0.000120421905785602
-7.81727900914261E-05
-4.84167472791709E-05
-0.000129399413984015
-9.33473174816927E-05
-9.45012677037634E-05
-4.75264162756553E-05
-7.52231279335092E-05
-0.000147136771992819
-0.000115473759583768
-4.71171774336817E-05
-1.75985664237034E-05
-2.82722545483699E-05
-3.14671632939771E-05
-1.89057369666914E-05
-5.92588643219675E-05
-0.000105343687424529
-7.4175344591802E-05
-9.08205308056367E-05
-0.000131883833554203
-0.00011215536726925
-7.50207117313724E-05
-1.1772950326682E-05
8.49297387772682E-06
1.87718559128394E-05
3.41246969424642E-05
3.42292859209377E-05
3.27175588699537E-05
2.387260951745E-05
2.15933126372291E-05
7.9658793646734E-05
4.22923787758751E-05
1.09730996205752E-05
2.16419889208907E-05
2.31437366773215E-05
2.41007147571114E-05
1.70587904346918E-05
-3.30867679110125E-05
6.30819706817015E-06
8.96227331092588E-05
8.98864810405734E-05
0.000161334221271831
0.000149679803532575
0.000145814970547709
0.000106585889290662
9.5337297156899E-05
-6.82913335180665E-05
-7.88328371775288E-05
-9.75668323823524E-05
-5.77106763750414E-05
-3.66507421756692E-05
0.000106527122606178
0.000171634982406034
0.000361286206533249
0.00045346808111078
0.000398573941709853
0.000443065347044936
0.000575260220955692
0.000467271479687798
0.000394922931676146
0.00031618216423915
0.000238113679743023
0.000217679778531689
0.00014638579504682
0
0
0
0
0
0
0
0
0
0
0
0
0
0
0
0
0
0
0
0
0
0
0
0
0
0
0
0
0
0
0
0
0
0
0
0
0
0
0
0
0
0
0
0
0
0
0
0
0
0
0
0
0
0
0
0
0
0
0
0
0
0
0
0
0
0
0
0
0
0
0
0
0
0
0
0
0
0
0
0
0
0
0
0
0
0
0
0
0
0
0
0
0
0
0
0
0
0
0
0
0
0
0
0
0
0
0
0
0
0
0
0
0
