0
0
0
0
0
0
0
0.000695623724022916
0.000938076674740352
0.000922031354495709
0.00116663799053538
0.00102713316086148
0.000902000439193659
0.000733671946883758
0.000534342202782408
0.00041086105840208
0.000352285566354926
0.000271194506170274
0.000304994075644195
0.000160985060815535
4.07846493146695E-05
1.75127033727282E-06
4.61169793216411E-05
0.000126749656338507
-4.56794181027624E-05
-8.63254690498082E-06
4.04693319956765E-05
-1.89923053145569E-05
0.000190114149153581
0.000106855614577019
1.94819802433299E-05
0.000128103690477491
7.76529317612307E-05
3.95570228985784E-05
0.000110582154219313
-1.51858473185856E-05
1.10639576958178E-05
-1.72978525314468E-05
3.03376928297921E-05
-3.24624675929626E-05
1.08759520772054E-05
-2.53702381753551E-06
1.03881359941162E-05
4.2378520785285E-05
0.000107667769579109
2.0004176981974E-05
1.34651551532852E-05
-4.09381691851655E-05
-3.72210913197933E-05
-0.000104432136562864
-0.000158024225187844
-0.000158147881296039
-0.000126377472146597
-0.000132474272327814
-9.65561482429486E-05
-7.04772043153667E-05
-5.17079351899413E-05
-1.15979065719235E-05
-8.0025667363228E-05
-4.28339584665771E-05
-6.89602716273399E-05
-1.67574550324252E-05
-3.34428719892767E-05
8.46528718805934E-06
2.92018456138723E-05
0.000113103488528447
5.03525737203635E-05
8.49812687181437E-05
0.000158433510454329
0.000176808891168626
0.000162759727444422
0.000157835119709069
0.000209389086562153
0.00031334105459388
0.000386976332513543
0.000316562198334562
0.000303298759497044
0.000377744341859316
0.000445487847910038
0.000418621784963663
0.000534550936364287
0.00055433889322947
0.000581551426713981
0.000691290874549108
0.00063024478428142
0.000529088434062772
0.000524407789438435
0.000362546728376496
0.000288347613589367
0.000243612304707438
5.2760690261156E-05
3.61164431125388E-05
8.52477132661605E-05
1.47286054575443E-05
2.07500074569287E-05
1.77972968754293E-07
1.2750195815428E-05
5.35713690302409E-05
6.42225451694217E-05
4.56443184417431E-05
7.08360265115151E-05
5.54363438514941E-05
0.000110428767463105
0.0001469387192891
0.000205772491307676
0.000152308994209796
0.000177395933531852
0.000217861156560949
0.000302225990399432
0.000256813627678256
0.000270287178826441
0.000233914806680747
0.000287556314404001
0.000294432964306633
0.000342145726559691
0.000233522428541376
0.000281035237239738
0.000239335408498961
0.000116816401307476
0.000121795006151613
0.000110818689114961
2.67504211226284E-05
1.5023705058128E-05
-1.76341816648803E-05
-4.06335892588751E-05
0.000100064061967732
0.000142293879016833
0.000194646342873905
0.000289293212014682
0.000406145068911476
0.000402846782045856
0.00037631684804304
0.000455784123161327
0.0004268870974881
0.000403901043168602
0.000342387367237944
0.000295075598225421
0.000350165957556901
0.000439813750566613
0.000392169650027907
0.000252461910043785
0.000148943461579906
0.000168181419711178
0.000150215751218443
9.20832665537931E-05
0.000114142182803082
0.000102047531565559
0.000153570788200116
0.000183832141747006
0.000124666876121299
0.000146132458055029
0.000239611007330899
0.000142824370093121
8.08437417190651E-05
0.000176151828844394
0.000249474860812018
0.000290680421703415
0.000200334624435301
0.000110331345533971
0.000127283589280803
0.000182057135648152
0.000126380136519069
-3.53132113099196E-05
1.0650206212397E-05
7.40225924881422E-05
3.9609847424984E-05
5.56996010799388E-06
-1.84579021596551E-05
-2.05393201226078E-05
4.61461648234173E-05
-7.28586245987881E-05
-2.75718891476676E-05
3.31280364584936E-05
4.47711773031315E-05
2.94917330439126E-05
2.23789497875927E-05
3.64071255748189E-05
0.000104613911127439
-1.22834378458238E-05
-7.7541364793574E-05
-3.31843246780731E-05
-3.60035624379324E-05
-2.92321619517808E-05
-1.02190892589299E-05
-1.86624573049767E-05
-4.15627474353633E-05
-6.10172216673031E-05
-7.39352099686259E-05
-4.77294237547635E-05
-2.85850535256969E-05
-1.71692392798538E-05
-9.06811028696317E-05
1.91298556530797E-05
6.16481005300121E-05
5.60133553293418E-05
8.01881594379214E-05
0.000101539316441181
6.70294838342127E-05
7.27605507108194E-05
6.22084666714446E-05
2.69656043022648E-05
-0.000110918319359902
-0.000135461384324004
-0.000193991389253561
-0.000162121905906146
-0.000122616683378036
-0.000192566860072402
-0.000152283336898915
-3.79114406523668E-05
-0.000114993808978396
-0.000133295594149318
-0.000104367078697839
-4.10955230632729E-05
-6.66919839775825E-05
-4.08360066565527E-05
-7.51032042215442E-05
-2.17226292188072E-06
5.5070513919354E-05
-1.15220352263046E-05
-5.46814752452536E-05
-2.75344918226469E-05
-1.167534791581E-06
3.87917538031658E-06
-5.3027386419646E-05
-6.13431878256138E-05
-8.10073644792878E-05
-7.38566542452728E-05
-4.36279267053718E-06
-7.09506370213758E-05
4.19099268978875E-05
9.66485149711092E-05
3.15773242593749E-05
2.69214966321479E-05
-3.43901742514083E-06
1.27605939150299E-05
-2.91852327858267E-05
-9.62930368100864E-05
-2.24357450419597E-05
6.15619278014851E-05
0.000134769732186541
0.000155186918965053
0.00014141500755986
0.000151317482647677
9.64932456646582E-05
4.51862807241731E-05
4.14625000937931E-05
8.98644265429629E-06
-7.72169422123292E-05
-8.23283524599561E-05
1.34153156053021E-05
8.42421367472261E-05
5.57745657632724E-05
5.86216364942199E-05
6.71215026821766E-05
0.000152150432342422
0.000126910933121868
8.76690110236065E-05
7.08332707413544E-05
1.33571028918308E-05
1.98310956780133E-05
7.75915906985271E-05
2.7572605580594E-05
4.21842935829581E-05
3.47312896758841E-05
2.641725489915E-05
7.73458396246576E-05
4.94577577232823E-05
1.30682645200333E-05
8.20081043534286E-05
9.90070740425847E-05
0.000109022738722625
9.09752443124262E-05
0.000116575715197405
0.00016037184051976
0.00015779594732255
0.00013298163095886
0.000102082504873992
8.12027802668386E-05
0.000105122257102674
0.000125880055654023
9.3437978913223E-05
7.07759630905925E-05
1.6323921363913E-05
-3.53334255835108E-05
-2.08349291875917E-05
-4.42798595902559E-05
-4.42919638519293E-05
-2.46765416327504E-05
-0.000102881776203217
-5.94347406616105E-05
-1.93955156612461E-05
-4.4873262483887E-05
7.46947690678156E-06
-7.95993564445315E-05
-0.000103154990649975
-1.55247564607673E-05
-4.18057697697934E-05
-9.74299608470688E-06
1.04370093889235E-05
-5.38070593577136E-05
-3.78183287211188E-05
-1.82830142347422E-05
-3.24558718753989E-05
1.45908400873442E-05
7.78873016935518E-06
-7.48074342575898E-06
-7.58313431128585E-05
-4.35966843940356E-05
-4.70150396530444E-05
-5.66238719376858E-05
-5.30281760683196E-05
-3.0579741270442E-05
-1.53772382036101E-05
7.89553206269812E-05
6.40074908169344E-05
-4.47118174926063E-05
-9.92653141232724E-05
-0.000203928291927718
-0.000214646538562937
-0.000248595261838682
-0.000211817706367838
-0.000189059045560129
-5.64174766742687E-05
1.88601714083445E-05
8.65771129986169E-05
4.37418975860663E-05
0.000115711385628488
8.98617759087618E-05
0.000151907919534082
0.000110958152843658
0.000112565418689967
0.000165012634968485
0.000186054576658142
0.000172519050923139
0.000181352402393047
0.000101760730770313
0.000108470346817432
0.000126471142701137
9.49806717761901E-05
0.000119170086030679
0.000104695956003488
0.000122869019764906
0.000134626228261818
8.76663135958716E-05
0.000106614769379367
6.64011398251918E-05
4.2876242133212E-05
2.89047489589001E-05
1.14617639822726E-06
-3.43760705860209E-05
-1.80393543021985E-05
-1.71510482869303E-06
6.87915040036367E-06
-3.5769056407787E-05
-9.24438824430127E-05
-8.90592876856675E-05
-0.000138278813405439
-0.000104832041898444
-0.000162970835479783
-0.000148611738073935
-0.000110853887520561
-6.91049411617973E-05
-9.52091023579301E-05
-9.82075937995931E-06
-5.06147861896501E-05
-7.57383486017965E-05
-9.92722164709433E-05
-3.88848233238149E-05
-6.8520317869462E-05
-3.64825457154458E-05
-1.32737275548973E-05
1.88882181182428E-06
7.37746145907032E-06
5.1267529064854E-05
-1.01233197249891E-05
6.32872651785469E-05
3.52246748251242E-06
-6.34657539523653E-05
9.64195890670878E-06
1.07020727001336E-05
3.18410911060733E-05
1.12417349335635E-05
-6.03451827178653E-05
-6.34305720892158E-05
-2.91261609204996E-05
-0.000203535549649308
-0.000163977086872554
-0.000183175607741818
-0.000152314223447206
-0.000228828800351835
-0.000178459677452484
-0.000202950153388039
-0.000205646007147029
-0.000222082710439543
-0.000243761225629755
-0.000256839364588238
-0.000140837781986304
-0.000151840321204797
-0.000180392006501124
-5.97556992995637E-05
-0.000107585059248772
-0.000190826201958118
-0.000131462845132334
-0.000173379553819828
-0.00021570846101814
-0.00022402079448682
-0.000230159031902243
-0.000189353690027842
-0.000126463490091203
-0.000199165192084829
-0.00014254137554139
-0.000128678575530106
-6.6869740887618E-05
-0.000104020649752194
-0.000132056273834492
-8.31046871271155E-05
-6.61060334960982E-05
-0.000143059591079249
-8.86794902616684E-05
-0.000150799166907007
-0.000122278517580965
-9.47764487778782E-05
-0.000100354015034869
-6.49958607874099E-05
2.18454872140305E-06
-9.51905876072464E-06
-1.41817330457357E-05
-7.00357833052687E-05
-7.50224839923419E-05
-5.39571460074574E-05
-0.000111777515326283
-0.000169870465360486
-0.000174691245188
-9.25994722667351E-05
-3.9669607163462E-05
-0.000140648119805834
-0.000168387789765307
-0.000189754360708922
-0.000169632310684029
-0.000248619842215553
-0.000317625278661049
-0.000301867729161451
-0.000240284135227509
-0.000267062802798655
-0.000243313085706747
-0.000232108488323437
-0.000200959078589055
-0.000152988054049089
-0.000234232051545669
-0.000342522484959706
-0.00028905429931606
-0.00028634142125299
-0.000335327445199611
-0.000333812372157507
-0.000319696093240978
-0.00024434158272229
-0.000117435389497677
-0.000186646832258998
-0.000208183672538761
-0.000123676133950774
-0.000103466141768894
-0.000154975860110798
-0.000217617234530367
-0.000174405129875651
-0.00018869598466141
-0.000173561426935042
-0.000199152511102886
-0.000189095690035888
-0.000173207464941608
-0.00019092457858075
-0.000262160232979196
-0.000222289609914275
-0.000197161618045277
-0.000182169466916633
-0.000268774505992107
-0.000249070406154418
-0.000164962202856758
-0.000193917190033757
-0.000141563048841235
-0.000148832127433771
-0.000204326794650681
-0.00013336820385473
-0.000107477491649746
-8.80943906996553E-05
-3.44344762231543E-05
-0.000117405196653677
-6.98220438850111E-05
-5.85126898535371E-05
-3.65049202535538E-05
-0.000118251596435998
-0.00016138681749865
-0.000180170179668992
-8.46779063154599E-05
-0.000127933285935731
-0.000129714887508835
-0.000181895223189581
-0.000167232297602318
-0.000183710660408397
-0.000163102713062908
-0.000217235412432527
-0.000205851629679506
-0.000191792877999483
-0.000132824936913005
-0.000167248152762412
-0.000173053186729769
-0.000164730065413751
-0.000193665366051621
-0.000176838524087061
-0.000194941926823462
-0.000175457644462249
-4.05802417401851E-05
3.09106035021529E-05
9.71312422788216E-06
3.90915640558023E-05
2.37905822621742E-05
7.90031857257823E-05
8.94962338091066E-05
6.76702850668387E-06
-9.23160520508577E-06
5.13291829801834E-05
-1.06289834196002E-05
2.84877552568668E-05
3.60091095322119E-05
2.94054562592705E-06
4.63324123673551E-05
1.56542879256285E-05
-2.80255075468451E-05
9.55643071380037E-06
2.89234151546501E-05
-3.604378890825E-05
-5.23684955396639E-06
8.63417665798123E-07
6.87702332595853E-05
0.000111780400571003
5.82929443684178E-05
7.08598919452661E-05
0.000150585916881997
0.000114422561101592
4.39442159764506E-05
3.01336038880583E-05
-1.66760596948583E-05
5.86271638228944E-05
8.56644187538755E-06
-5.07150537672251E-05
7.25378345786445E-06
-5.51553127473438E-06
-6.98469778551073E-05
-4.04383691652067E-05
-7.60485800960605E-05
-7.49048448062008E-05
-6.89706036172116E-05
-0.000110231199327283
-7.07038869027599E-05
-3.7577257103683E-05
-1.24158122791192E-05
2.70893159242969E-05
-1.12805792473567E-05
-2.41511216792856E-05
-6.58096526620001E-05
-0.000113908386171182
-0.000142995703609984
-0.000136807551951105
-0.000151240566627111
-0.00015602916147581
-0.000106901217232292
-0.000104989478482263
-8.42503932782402E-05
-4.45999796594199E-05
-0.000112779486475587
-0.000106303947393154
-7.38441286939309E-05
-0.000131282336625416
-7.56613141524417E-05
-7.93000616400366E-06
-2.35324626348901E-05
-1.02631823417563E-05
-6.0960657726247E-06
-9.76988668129322E-05
-8.00334366252164E-05
-0.00012375450619433
-0.000121077795798657
-0.000132908357109977
-0.000113341363603299
-0.00010371461303628
-3.37942525149402E-05
3.96692087963253E-05
7.64605862955216E-05
7.05893641376966E-05
2.76836545086776E-05
3.74862021259708E-05
6.58490394090917E-06
3.4032547813155E-05
-2.03120057439114E-05
-7.608181341858E-05
-0.000121149376896092
-7.85722285516774E-05
-9.16034577963398E-05
-7.80007715483918E-05
-0.000126252806942798
-0.000146034447211042
-6.55441433791059E-05
-1.11783316240836E-05
-2.69232149204762E-05
-2.96723404312995E-05
-4.28134073591954E-05
-9.59540791881201E-07
-2.38710476308898E-05
-0.000157958921709984
-0.000137857332339371
-9.77924074853806E-05
-0.000113688889707079
-5.62736205575481E-05
-5.40102943460689E-05
1.53551586787678E-05
7.69816504806492E-05
0.000111439730104391
3.77525509263564E-05
5.53523218682198E-05
-5.21025869584395E-05
-4.46373734158498E-05
-4.69053680310452E-05
-5.01001990871118E-05
-9.83100655581369E-05
-2.27701758507417E-05
-1.76267010584778E-05
4.02589022760621E-05
2.35173907023386E-05
-3.84431845360538E-06
3.36228464369332E-05
3.73506576743179E-06
-1.05573460194472E-05
-1.37375617195378E-05
3.53629810527083E-05
-8.76329750739419E-06
5.46629755334386E-05
1.2292551818668E-05
3.94693697756101E-05
4.83435132159823E-05
-2.16238440190989E-05
-1.58865701432715E-05
7.68383017483805E-06
-1.53692407135455E-05
2.88365200163427E-05
3.41674749189591E-05
1.39718886171573E-05
8.45473532986043E-05
7.73682538202456E-05
8.65851243063167E-05
0.000124686522283098
0.000115162880253727
8.23460804837356E-05
8.15336821530569E-05
6.37450558995212E-05
5.35128719119285E-05
6.05869953360625E-05
-4.59897139647788E-05
-3.79173444852326E-05
-5.62196347769522E-05
-2.3757587607844E-05
-1.80146927188508E-05
-2.35643910023699E-05
2.50600208497038E-05
6.95021619724458E-05
9.65696537388455E-05
0.000170330527007699
0.000123106417233478
0.000164509532914554
0.000200096227190621
0.000126661006819388
8.22687590805416E-05
2.7824045638017E-05
-1.06581077680499E-05
5.63476244285983E-07
-3.9665533491414E-05
-4.89231696169906E-05
8.82161111898632E-06
8.8503959207854E-05
0.000104092692029911
8.85628256783093E-05
8.94388615672666E-05
2.84755441308663E-05
-2.40993420582056E-05
-2.79369710741808E-05
-3.14339275756614E-05
5.14889966415984E-06
-4.62580912631139E-05
-2.33700860310549E-05
1.25315008577681E-05
3.82202172405373E-05
-2.34259543389761E-05
-6.75229751181573E-05
-0.000107755251217836
-1.2045600355576E-05
-5.55267834103046E-05
-1.33591391575516E-05
-1.24460396819326E-05
-2.95380456378636E-05
-4.9771255990222E-05
4.38092053610145E-06
-0.000101347185942658
-5.54677281918592E-05
-6.75776934663561E-05
-0.000115429076853355
-1.3538350674215E-05
2.85549356310865E-06
-7.60842402162974E-05
2.35777029734506E-06
-4.56908231565695E-06
1.72278619907697E-05
7.28640247721396E-05
-1.32297996903557E-05
-1.43068025439366E-05
-1.99657826317616E-05
-4.75654954954396E-05
-8.19701887723842E-05
-8.15664933000676E-05
-7.24524495700353E-05
-7.31340455084991E-06
-2.23878065687695E-05
3.81614293955029E-05
-1.01412939579197E-06
-2.37970774574652E-05
-8.38383846032732E-05
-0.00010364190662944
-0.000106258654021087
-6.41529592812181E-05
-6.25635410586608E-05
-1.91284111698576E-05
2.52154594332901E-05
7.81296209238275E-05
0.00013560819937303
9.37957930887339E-05
9.64748371542848E-05
0.00010101295971183
0.000123499993989137
0.000162702055187873
0.000135504694942797
7.68187253654529E-05
5.32334212944895E-05
-3.35257720895621E-05
-4.0595627333572E-05
1.04866936765561E-05
-8.27707771028504E-05
-9.26162885315706E-05
-2.88814762284737E-05
-9.86732906634181E-06
2.26219823423308E-05
-5.07203475335491E-06
-8.54914284452691E-05
-3.38792154570054E-05
-3.36620833173562E-05
-8.76971466230735E-05
-7.30273529237995E-05
-7.13286858527128E-05
-7.11919644131967E-05
-4.87102249666398E-05
-5.01552740726809E-05
-1.99088514051895E-05
-0.000119524216754897
-9.77395023266203E-05
-4.46386400678018E-05
-2.68451611689587E-05
-6.81681362056114E-06
-8.15842898567212E-06
1.10664185481827E-05
0.000108325016607636
6.02630034722019E-05
7.77298291552196E-05
6.65085078010481E-05
-8.16005277461692E-06
1.02763197619796E-05
1.99055599341752E-05
4.17951156099808E-06
8.2924628223502E-05
7.36704136732857E-05
0.00011341031841301
0.000147290308722532
0.000111769487369591
9.07324714821833E-05
0.000105893991963845
-1.81066839258506E-05
-3.57356264567676E-05
-9.98433532020295E-05
-9.8670089374528E-05
-3.54473250292878E-05
-5.21127993614532E-05
-3.7589716959336E-05
6.89107426649945E-05
6.47765541002053E-05
8.78983313701461E-05
0.000128045346456232
0.000119466186878395
0.000104199709597813
2.34797731221001E-05
-3.69728753910597E-05
1.76407669559512E-06
5.4628583570523E-05
6.67030406691098E-05
5.52441844491116E-05
9.22859390786562E-05
0.000186350513954102
0.000259526979270989
0.000220533828496477
0.000134880944788815
8.58417063346955E-05
6.01885286858081E-05
1.63944681120267E-05
1.88909783028913E-05
3.32582137231626E-05
9.57477208081696E-06
2.31560089234064E-05
7.98602367347689E-05
0.000116108586517014
0.000154601557244486
0.000132877079810539
9.83895099043193E-05
0.000119725398974666
0.000201938196085941
0.000116095722657796
0.000105891788490281
0.000115828666075327
0.000137987962101733
9.95737516460933E-05
0.000151787262028175
5.42762930068901E-05
0.000117357824365682
3.97508429635531E-05
3.52796962821279E-05
4.40455839717082E-05
0.000115862019109408
7.6134996086718E-05
0.000119412851830248
0.000116300443932913
0.000210231757153045
0.000265832130445708
0.000281322608729204
0.000231225836464454
0.000249803806019126
0.000278013639485286
0.000236006979337047
0.000181384319427332
0.000166052399653647
9.25920079333113E-05
7.81009752239649E-05
7.5559548539998E-05
5.58217037908146E-05
0.000104056759902822
0.000136754775422593
4.70270445460878E-05
8.74502921279806E-05
3.73974821661311E-06
-6.38226161714129E-06
3.71303766205983E-06
5.82198646441698E-05
7.61072694312199E-05
0.000159646758506864
0.000174310058001386
0.000270136006669873
0.000283414855142427
0.000296061111610673
0.000274780733777194
0.000211343249015448
0.000236083963503244
0.000153296373918912
0.000121639783885526
0.000136712575539633
0.000105162845714435
4.14461775522501E-05
9.08983053241577E-05
7.13277103080612E-05
8.02244689266298E-05
0.000141504004130815
3.74788101320925E-05
3.30776502479429E-05
7.9842249951689E-05
7.09544971977485E-05
1.29052976384868E-05
2.00935438425111E-05
-1.61271701258996E-05
3.27990586358424E-05
6.11873231027949E-05
-2.08404464016226E-06
6.25962455273844E-06
2.85518385627855E-05
0.000125957115766175
0.000130057818405421
0.0001520978215
0.000122807467235273
0.000162175641604442
0.000161055485222177
0.000205029879352243
6.94735791673584E-05
4.11086618667938E-05
3.25730510883635E-05
3.17548505448034E-06
2.18643541139514E-06
-4.73097984134328E-06
-4.12652929767313E-05
7.60933044256981E-05
4.81812146680917E-05
8.46492437453853E-05
0.000184338770858319
0.000146378052408244
0.000161991672822247
0.000129488050199185
8.31445918009243E-05
0.000167043638377767
9.79865175368299E-05
4.39921610474055E-05
4.88933924538664E-05
2.92751548635759E-05
4.39579745986925E-05
2.41145251489168E-05
-1.2078050062508E-05
-2.41579161409959E-06
3.65036572792481E-05
6.65245097127671E-05
6.2499672516744E-05
1.29603928203519E-05
3.77037544365118E-05
4.79867846841346E-05
8.41177273463037E-05
5.04779867003676E-05
3.46737368789011E-05
2.01670170899622E-05
6.70099713349503E-05
-1.24680848439398E-06
4.70437295880801E-06
1.22328145715657E-05
4.91025592551669E-05
3.07246685449915E-06
-9.80302881940268E-06
2.46642791307333E-05
0.000124544130566486
9.6880143605942E-05
0.000100965058963752
8.12543766614647E-05
0.000124277561833096
0.000184605585177182
-5.5626571269347E-06
-3.21008471455619E-05
3.58400068168653E-05
1.60462767187056E-05
9.49323348046331E-06
3.08929490745194E-06
-6.5294127425682E-05
8.39504207449836E-05
7.83513094418067E-05
3.51779820936751E-05
3.81189361156632E-05
-3.88389714950681E-06
1.00101502008276E-05
3.78085694723453E-05
6.03130721147916E-06
-1.77060154974643E-05
-4.35777408486138E-05
-3.24217545000377E-05
-2.87930564747347E-05
-5.06331056980471E-05
-2.94553224321992E-05
-2.94368298296426E-05
-2.67765125622226E-05
-3.10697963982339E-05
-3.09738721375458E-05
-7.29063396322135E-05
-3.8936051680569E-05
-3.33951356834856E-05
5.67339829714857E-05
6.05348216965609E-05
0.000113357542526344
7.5607510511907E-05
0.000106144802232809
4.55373775122883E-05
1.92793101542525E-05
-0.000150703186900836
-0.000120497460944632
-0.000144117258055201
-0.000121092522591639
-0.000111254711137441
-4.16574887650903E-05
-4.01820747169784E-05
4.64099066115595E-05
3.74493181267382E-05
7.68183773741974E-05
4.7111025995655E-05
1.06913518606565E-05
-2.23209618817449E-05
-2.75887195291297E-06
3.55314175364155E-05
-1.74071452412315E-05
-7.85694113003826E-05
-0.000107530543735445
-3.38337699891117E-05
-5.9942950081536E-05
-3.14434345861062E-05
-6.60249616248587E-05
8.03933945591706E-06
2.73931999930192E-05
5.12952559568168E-05
-3.23628042225964E-05
4.5302673848476E-05
2.43455141948104E-05
3.61312579991996E-05
1.53619168548808E-05
2.40671750472155E-05
1.23598740721166E-05
4.75405808103627E-05
-5.9358986290829E-06
-3.78754314625641E-05
-2.01178251872308E-05
-2.99353049227824E-05
-8.28778308622247E-05
-4.5245055626259E-05
2.630969519779E-06
3.09424703654094E-05
-6.08152380550332E-06
-1.00342398477656E-05
2.51480087045327E-05
6.74620818984704E-05
7.86305258993726E-05
4.71047251591464E-05
8.02150755566712E-07
7.54283751890883E-05
9.42385434302029E-05
5.42365304732097E-05
8.84171050857345E-05
4.54359900069474E-05
5.83588890163833E-06
1.81976898358357E-05
-3.23317080534698E-07
3.73661746284078E-05
8.51540590425078E-05
1.23357842660681E-05
6.72052393013218E-05
0.000107736094461025
0.000104740428114882
7.27734232704027E-05
-2.98715338045712E-05
-9.81683778730488E-05
-6.87743611450873E-05
-5.20953993782669E-05
-8.41654783644784E-05
-0.000105683845787538
-4.02241843480326E-05
9.656885589883E-06
1.73591191815572E-05
4.02553161651795E-05
5.33697120618938E-05
4.65725394159979E-05
8.06142127903754E-05
4.0780840896613E-05
3.95252977867418E-05
4.37057558852847E-05
1.5555505993789E-06
-2.24035069072276E-05
-1.32868414513601E-05
-3.06348293571982E-05
-3.86079114918199E-05
-8.86174159760308E-05
-0.000120306703346517
-6.49144029349017E-05
-6.24756859895633E-05
-1.50333068879644E-05
4.76213832639248E-07
-2.94374934719867E-06
3.37237872892104E-05
9.58399964797777E-05
8.08837093536924E-05
-1.34660641980535E-05
-3.60813114406224E-05
-0.000104808937919755
-7.10230477116542E-05
-4.67587653093253E-05
-9.00122578863209E-05
-8.75421991094172E-05
-3.00225457850643E-06
-2.04947566292734E-05
3.65304961029327E-05
2.28901611536514E-05
-0.000100917462674396
-7.82634444828172E-05
-0.000161200302181887
-0.000173212360001818
-0.000198894594172804
-0.000226637823599359
-0.000266541119056741
-0.000184707246145407
-0.0002047649073088
-0.000154818407363915
-0.000179969754130258
-0.000102993671052122
-0.000106823989332142
-0.000108234338583798
-7.73007600241879E-05
-6.39992059845241E-05
-8.45784788481133E-05
-8.60573892703903E-05
-0.000140888964181047
-9.96695424768868E-05
-0.000103182536104247
-0.00011140266796727
-7.98003621162317E-05
-4.66388884337973E-05
-6.3906173263916E-05
-2.77415207216513E-05
-7.5467712824649E-05
-7.29333778200629E-05
-0.000101589764909481
-0.000154733325192698
-0.000170732803809725
-7.86573501996304E-05
-0.000111105803328343
-9.21095695881515E-05
-9.10932957794724E-05
-7.01924365151275E-05
-2.77252743604437E-05
-3.1419112215877E-05
-0.000137264197342716
-0.000145611935627229
-0.000107130347463157
-7.01118397503455E-05
-8.78683179115297E-05
-0.000192082145386559
-0.000150217892060808
-0.000104510149204166
-6.70928358277643E-05
-5.72985779947779E-05
-3.48302151781646E-05
-4.05327659235487E-05
3.48854730329267E-07
1.46009932285713E-05
7.04852084373172E-06
3.48179899992406E-05
4.42962376762101E-05
-1.49478756851538E-05
1.83065505192127E-06
6.53221933632267E-05
-6.20826262207159E-05
-7.18461776249101E-05
-9.14849982118154E-05
-0.00010043371976712
-0.000111653225884883
-9.40719354186481E-05
-8.41090912567839E-05
-1.19668780397461E-05
1.91636387964457E-05
-1.3089604744668E-05
4.88656425287452E-06
2.45032854844451E-05
1.47586263510937E-05
3.1883838714029E-06
4.73736011820654E-05
2.12961223885118E-05
4.32808088326653E-05
-3.76638818462814E-06
-6.01575828087201E-05
-3.98738450088512E-05
-2.80688108778639E-05
-2.44529751625377E-05
-2.03723074085254E-05
-2.84311304886896E-05
-3.33214560843449E-05
2.33459054448857E-05
1.29478309351534E-05
9.81400660191175E-06
-1.79765926016043E-05
-1.64807973342958E-05
-3.05673790124099E-05
-2.80933363389801E-05
7.80462322515306E-06
1.48937389471363E-05
-2.82898784461702E-05
4.5678260017068E-06
-1.08560822918305E-05
-3.4855556087689E-05
-6.31579354257357E-06
4.34281156739963E-06
-4.67809848862945E-06
1.50759114091596E-05
-5.93490668967289E-05
-3.72134403562286E-05
-5.55325244663224E-06
1.97692298144014E-05
-1.13580643629938E-05
4.16543977386302E-06
9.55137844377506E-06
7.15394078337674E-05
5.2046182105982E-05
5.10106031480103E-05
-3.67132571479767E-05
-3.47989452050641E-05
-0.000102720918148787
-9.43745581385389E-05
-0.000142700297867778
-0.000246832608199305
-0.000228600311278503
-0.000176253749535341
-0.000209228646810706
-0.000154810918041759
-0.00013070900173291
-0.000108233121082779
4.16251105579567E-05
1.19922272913944E-05
-3.41305575735393E-05
2.92300180834198E-05
-7.64917992076186E-06
-3.5480561705352E-05
-8.34387215186246E-05
-8.19752057328246E-05
-0.000103185142034761
-0.000102507210833912
-0.000109050267213305
-5.31510157598997E-05
-4.28494896932945E-05
-1.00272998903579E-05
-2.49863457201348E-05
-1.58422815371266E-05
2.18687186880355E-05
-2.327134214921E-06
-2.89559946142027E-05
-9.61226590514402E-05
-5.00078191667991E-05
-6.78785873133238E-05
-3.92293906384416E-05
-6.22117750292486E-05
-5.34626373221337E-05
-6.65893364815313E-05
-2.40686297724202E-05
-0.000101229186071033
-8.57744253266854E-05
-7.23346141975846E-05
-2.7004670426901E-05
-5.12708253179522E-05
-0.000105146882035553
-0.000163638821633805
-0.000189605551422041
-0.000233486186816128
-0.000264838302023357
-0.000269116319902227
-0.000279254794266667
-0.000213501323212091
-0.000140613724465695
-0.000132618060874024
-0.000153352522623603
-0.000117656031118371
-0.000161817823966893
-0.000181772065042774
-0.000175223760242668
-0.000210835946514608
-0.000170144415793689
-0.000103064096518485
-0.000194529326245444
-0.000186735508812588
-0.000115465803361479
-0.000165480699071253
-0.000174858663690446
-0.000166552100163993
-0.000216171128591798
-0.000175147039461911
-0.000169612820905662
-0.000204313912211529
-0.000172123533060105
-0.000164441744156296
-0.000154534771724881
-5.36724162577166E-05
-1.67397623577786E-05
-2.93862305983462E-05
-4.51571749860985E-05
-6.15129596874708E-05
-8.58819978942507E-05
-4.61432617031068E-05
-0.000166171463808845
-0.000168340535032441
-0.000148221191332436
-0.000122044147047123
-0.000104602205906873
-6.88983187351089E-05
-8.25376936275714E-05
-4.75325314426566E-05
-6.03220129799462E-05
-3.57507777337116E-05
-5.79793989815842E-05
-8.01236790735976E-05
-4.55401058841637E-05
-7.10538903261189E-05
-6.10168950678363E-05
-5.69962484298013E-05
-7.78636620893334E-05
-6.98779699002929E-05
-3.07468606376076E-05
-0.000106032116481772
-8.16830845490674E-05
-4.29472230701206E-05
1.11392878791498E-05
-7.1700132169174E-05
-6.86320420576029E-05
-3.58258164354914E-05
8.15710604143159E-06
2.31406245217169E-05
-3.38820213801134E-05
-8.99517434811163E-05
1.10263224334932E-05
6.94774792939973E-06
-6.17525607021104E-05
-3.30670408267236E-05
-5.09917750914361E-05
6.83307330627099E-06
2.45087114114808E-05
-5.05810801294253E-05
-3.61455389800923E-05
2.61204841769873E-05
9.96803210340369E-06
9.62333461468688E-06
2.66044255660613E-05
4.06737187321486E-05
0.000100625722322817
0.000118519368226843
6.42931736337935E-05
8.92093118976373E-05
4.42414125483627E-05
-3.70597311355609E-05
-4.8727068598247E-05
-4.75701328844329E-05
-5.71603254965247E-05
-1.73601756695435E-05
-4.07222816325729E-06
5.46138253363777E-05
0.000109552967770863
0.000111430473652236
0.00011561498204007
0.000127665901519687
9.41963673950615E-05
6.0987850203715E-05
2.798858927975E-05
2.10450352362934E-06
-2.71243736821775E-05
-3.56997429466732E-05
-4.02255600070961E-05
-6.06665352714319E-05
-7.21970064719708E-05
-7.10213588826169E-05
-5.75038438956284E-05
-1.44931031452158E-05
6.16306053247844E-06
8.80311986016072E-07
3.05188905292387E-05
6.00876981805053E-05
4.65366181050107E-05
2.22096861977923E-05
3.92920608321689E-05
-1.59242801580164E-05
-8.47882465893019E-05
-6.41021976430358E-05
-6.55243215759179E-05
-4.20297278559333E-05
-1.65168164957954E-05
-6.31617343401535E-05
2.28970910796256E-05
5.4163902581994E-05
3.76893333321803E-05
8.33681514011965E-06
8.40882490357398E-06
-1.01311836412452E-05
7.17825505514066E-06
-2.45608789856416E-05
-9.96148158650287E-05
-0.000106983379848958
-5.96842126693913E-05
-5.85926158123324E-05
-3.65511474653547E-05
-6.97091781803738E-05
-5.24605739628077E-05
6.61617999576747E-05
6.37885003566563E-05
1.28018274102088E-05
-4.58701240044701E-06
-1.69283731109868E-05
-1.68151176270313E-05
4.85958025235205E-06
-2.40850181663431E-05
-5.46495585500677E-05
-1.06977604698084E-05
9.37845178838398E-06
8.80507040618125E-06
4.85045720955872E-05
-5.85580997942096E-06
3.41763668831711E-05
-4.47120263700155E-05
-6.44343120885001E-05
-7.0555992822924E-05
-0.000117521861779226
-0.000174720403522038
-0.000223667553661431
-0.000277873749386725
-0.000162931418546044
-0.000180133243687619
-0.000225127988339588
-0.000183617699459658
-0.000169298188311195
-0.000142735529721765
-0.000170200625910945
-0.000221641652317155
-0.000199076381085083
-0.000266028442070382
-0.000317214090331229
-0.00029680346389031
-0.000286912922796741
-0.000268727842125569
-0.000220437572164925
-0.000317922909593123
-0.000188887540933326
-0.000162313138415307
-0.000182785656945588
-0.000198567559654927
-0.00023254094488356
-0.000266201495897694
-0.000306809372372164
-0.000338290194306127
-0.000323129674494531
-0.000319658243346715
-0.00033812412824362
-0.000322099922065281
-0.000322208798584308
-0.000232919332582001
-0.000237218857553825
-0.000270782855081407
-0.000262142903247305
-0.000314507509607882
-0.000395935340315962
-0.000432912187666153
-0.000454136372476322
-0.000455315933474825
-0.000432981657263816
-0.000472679439939453
-0.000466754679067972
-0.000361429782170089
-0.000316237609923079
-0.000261377665452871
-0.00029246470098837
-0.000369570573625551
-0.000407901536772744
-0.00035900223494216
-0.00036734958681328
-0.000385023185049866
-0.000437345856144326
-0.000397677012525819
-0.000328731395562075
-0.000290396658450871
-0.000309036564578777
-0.000301984664497894
-0.00025870587881513
-0.00022383451460858
-0.000407059903526314
-0.000401811661811492
-0.000408169030525732
-0.000414542661246263
-0.0004031188965088
-0.000435134108354773
-0.00045148520051121
-0.000313226703500783
-0.00034737933378572
-0.000294742383802012
-0.000310306971901137
-0.000385504512395243
-0.000402191377199543
-0.000420422689303744
-0.000344804780874072
-0.000292648033717649
-0.00031622208287846
-0.000222365831432244
-0.000197878663943391
-0.000116822995139059
-9.07216330318381E-05
-0.00013799186985234
-0.000143382379900381
-0.000169419726111461
-0.000248490132932283
-0.000203760380800258
-0.000193906894716822
-0.000147835743098303
-0.000145446651295164
-0.000125615015217377
-9.62713652055722E-05
-5.75426606396565E-05
-2.63863203704191E-05
-9.29918266831316E-05
-0.000227397615602243
-0.000257945111088251
-0.000251991414105962
-0.000233656612872351
-0.00012880394030875
-0.000185124296103294
-0.000177341464733504
-6.86015539100443E-05
-2.54148278991634E-05
-0.000119710698111932
-0.000132843635719753
-0.000223028682857031
-0.00017936112750992
-0.000156320507889451
-0.000202226948247301
-0.000214563054312711
-0.000187152184908449
-0.000184473182085456
-0.000205971047180755
-0.0001945997048504
-0.000178280775251077
-0.000214385855346295
-0.000228602163600558
-0.000135773537832659
-0.000176524817622073
-0.000315389064747195
-0.000337434596764713
-0.000351023993016715
-0.000324483347408103
-0.000274364873035504
-0.00031910084702721
-0.00026768832952084
-0.000158468910599684
-0.000145265027590057
-0.000233313134603958
-0.000237915466020685
-0.000344347341103788
-0.000369625457140524
-0.000420606701883472
-0.000384047848283809
-0.000356018802592451
-0.00031234809038449
-0.000231664210484509
-0.000184545245767199
-0.000172957520183678
-0.000116513938664829
-0.000146944747169445
-0.000224399471867641
-0.000221277225430065
-0.000277021152775155
-0.000268715211220963
-0.000245232282789331
-0.000240511047391283
-0.000214100781013718
-0.000187914276345825
-0.000147977052983646
-0.000125010874565112
-0.000113361079125922
-0.000171072631345532
-0.00018502939015721
-0.000213882288720187
-0.00020171380148516
-0.000227175343361827
-0.000204157668854833
-0.000204599366351604
-0.000197658455861676
-0.000247005282623999
-0.000201281578536993
-0.000166833105321138
-0.000186557180667186
-0.000248653698499953
-0.000303480624584806
-0.000348047781619005
-0.000317680034609871
-0.000313195362508038
-0.00038948254233693
-0.000390638556683752
-0.000346138032275674
-0.000234715525891346
-0.000179805904367309
-0.000128790088115978
-0.000166215374480435
-0.000117766550776222
-0.000190245408955093
-0.000172881061317133
-0.000273531371753989
-0.000301688420390627
-0.000354467049216333
-0.000284999592229523
-0.000328070969718162
-0.000281021134277488
-0.000262258234958101
-0.000207332683767472
-0.000199972310277584
-0.000203253498338143
-0.000260853903949882
-0.000341224797678704
-0.000264148292364631
-0.000263788834339791
-0.000309198036609625
-0.000275025427120516
-0.000246918182242213
-0.000164938193527958
-0.000103159648650983
-0.000119190597600562
-9.57800198125052E-05
-6.29216235562417E-05
-4.82089730774309E-05
-6.18689956637831E-05
-0.000138800027939807
-5.57443727831924E-05
-3.53653430763541E-05
-0.000106596293333092
-4.08970845844397E-05
-1.65041246137658E-05
-4.79743753997148E-05
3.11673467044213E-06
-3.82416267715759E-05
-1.60463550652178E-05
-1.81408540571322E-05
-7.87278848415681E-05
-0.000100852005890402
-5.76248750828693E-05
-9.99933175355067E-05
-8.93908221328756E-05
-0.000145216182285561
-9.98606405649786E-05
-9.11197938698876E-05
-0.00012649469690629
-9.91225759924294E-05
-9.2035815369318E-05
-9.62054473316911E-05
-7.45552056262475E-05
-0.000111798041488801
-0.000112997998269271
-0.000103976927719015
-0.000148537332256011
-0.000117195095771183
-0.000100704404876395
-0.000118334203850291
-3.83372446891286E-05
-9.98090462083938E-05
-0.000123081960857354
-4.62446625284848E-05
-4.5018149741395E-05
-1.31646855824812E-05
-4.02328136908972E-05
-0.00013371600198931
-5.25712728713631E-05
-6.566403376349E-06
-2.86245668775143E-05
-0.000102972868533621
-0.000141479276206578
-8.68165513121568E-05
-0.000140007402192833
-0.000124495571698884
-0.00013215718566679
-0.000171407566898144
-0.000105466609091798
-3.70592627174678E-05
-8.87510126482207E-05
-7.00207871666641E-06
-5.35473031618341E-05
-2.08222470704193E-05
-2.94915857152348E-05
-6.00695008545671E-05
-0.000139893278766875
-8.3548873947504E-05
-6.99910623599184E-05
-6.1331094471545E-05
-6.69121848911646E-05
-5.07423825844566E-05
8.89695734078252E-06
6.23337217049856E-06
3.1435475893251E-05
-1.75685684143936E-05
2.84714490222296E-05
3.76452236919266E-05
2.33492283533209E-05
2.3119040566918E-05
7.57623633696738E-05
2.69341406670305E-05
9.8929816237918E-05
4.25023695432371E-05
8.04221542169027E-05
0.0001072344874335
0.00010875509241024
8.23844840338676E-05
0.000100932702051926
5.29404167851978E-05
0.000105243981737535
5.62417556857098E-06
6.84364075517927E-05
5.52719560400238E-05
5.33505220652572E-05
7.07849952174306E-05
6.7793437908579E-05
3.80502036508407E-05
7.96299439760674E-05
-1.51511602352949E-05
-2.241968599858E-05
1.20226427938631E-05
-4.67558561626931E-05
-6.17113550692326E-05
-5.80608181218872E-05
-3.11897186766463E-05
-2.16336829126587E-05
-5.98039362548653E-05
-2.95226460441115E-05
-4.3847364372376E-05
2.0634235983073E-05
3.07507390694077E-05
4.25028687973954E-05
7.80192282741811E-05
0.000108454535668036
2.10402261146301E-05
0.00013058492236248
0.000177516360135878
0.000164929494599801
6.71551144058726E-05
1.68338785435817E-05
1.11373743280617E-05
5.85868533366973E-05
3.39343918224176E-05
-7.50028681038067E-05
-4.27058612546897E-05
2.89504232350509E-05
7.19981581864207E-05
3.74835172212509E-05
5.80034504716902E-05
2.36924440408595E-05
-2.69584779373063E-05
2.46046457357686E-05
2.56796058088908E-05
-4.44050193743926E-05
4.10009297673979E-05
-3.89853317384597E-05
-3.68269882965595E-05
2.53575800179886E-05
-5.30428419642427E-05
-4.08918768283476E-05
9.95891571193384E-07
-5.41646961671691E-05
1.54663799595693E-05
-3.39766540431091E-05
2.67653273781933E-05
4.32550070079234E-05
-1.21694119692823E-05
-8.38700952593967E-06
7.25758260064755E-06
-2.04653884615453E-05
3.09551056195451E-05
-2.15501425751499E-05
-2.01662172298341E-05
-2.33419655822368E-05
-3.93531553296857E-05
-7.16670306640704E-05
-4.87118189256776E-05
-6.59328079036278E-05
-5.3506455047225E-05
-5.97469988015462E-05
5.29572360025486E-06
5.61311718048854E-05
8.40081113204218E-05
2.26624965857777E-05
2.0666100364163E-05
5.02856449374977E-05
1.18429183082604E-05
5.03679324009011E-05
2.87149372365395E-05
3.16950982935193E-05
6.26373753219441E-05
6.17693267980213E-05
1.29521690082795E-05
4.11515596382531E-05
-3.8012776732858E-05
1.53908219914111E-06
7.13613938194541E-07
2.88369371849817E-05
1.08461374395059E-05
2.21770155140592E-05
1.92294055602814E-05
2.44462524837639E-05
-2.33427339176681E-05
-2.49659425413871E-05
-2.56927008273176E-05
-1.89867938144532E-05
-4.13859719482498E-05
-5.44154716829433E-05
-3.63559410121682E-05
-4.37332053130782E-06
-1.7769364162959E-05
-3.95501646772343E-05
-1.64437069307764E-05
-4.62063683635354E-06
1.50154096429486E-05
2.04150893173169E-06
-2.65800046305086E-05
3.61140146297472E-05
6.22732646926661E-07
-3.15728395967683E-06
-4.63638614866542E-06
-2.57283737178996E-05
-6.16046246956505E-05
-1.99668054278392E-05
-3.63796240856639E-05
-1.70533275183585E-05
-1.42624947971646E-05
-2.16455603627001E-05
5.50207960457474E-05
9.43238375030881E-05
1.13646485604791E-05
-3.88203169364849E-05
-9.45602248864635E-05
-6.69305749034071E-05
-1.20677619780636E-05
-0.000113333749951151
-0.000130267405776776
-9.71415009998365E-05
-1.87129056681377E-05
0.000108001396350132
0.000111098487233222
3.88873718720985E-05
0.000120649121255976
0.000126928936329873
0.000145571968257179
2.55026746626218E-05
-4.813337412756E-05
-0.000119075923404128
-5.55971804601117E-05
-3.05419177496394E-05
-7.094007952697E-06
-5.0088578581597E-06
3.5913952399977E-05
0.000100878788697936
0.000141745255046628
0.000112790629001185
8.00080074399067E-05
6.13125117731181E-05
7.25112847600946E-05
7.41138552325075E-05
7.80752461354691E-05
9.32168567149965E-05
6.86893463124392E-05
6.784894238128E-05
6.11547586139453E-05
5.26500156043288E-05
6.25533381381083E-06
4.8785417125515E-05
5.7135161167616E-05
6.47265552630799E-05
7.90457126263803E-05
9.68999265838913E-05
6.56479298405083E-05
0.000110327860825755
7.55479864523997E-05
2.79312929879393E-05
8.62202575714446E-05
4.72515556214383E-06
-7.42294568966252E-06
-2.72867672489443E-05
2.57721088016834E-05
-2.98792218540807E-05
1.79127018290394E-05
-7.76242218236122E-05
-2.45053613960451E-05
9.3672753106881E-06
5.3100812104851E-05
5.47712207989231E-05
3.69153262782231E-05
-6.84416123131063E-06
4.07828759191736E-05
2.9244789822251E-05
-1.526912219798E-05
-2.53643676923092E-05
-2.80332544874075E-05
-1.63795015213881E-05
2.85313081510347E-05
3.76204319350774E-05
0.000110854483425505
0.000103155976715608
0.00011287134345834
7.61573247611663E-05
0.000134159410510351
9.02469471406635E-05
9.85744966564345E-05
3.69205196891507E-05
8.4855276566964E-05
8.02024477312376E-05
0.000119638228892606
6.73795721141844E-05
7.90700303316424E-05
7.13285537549782E-05
0.000105609973893732
9.18347451269454E-05
0.000108405734108955
2.74380123224096E-05
4.81304050932398E-05
8.5440751451062E-05
0.000101444221869416
2.81824507194962E-05
1.74383952613759E-05
-1.18263356313894E-05
2.22362369260604E-05
2.42544346340927E-05
3.56476533681385E-05
2.19745227441131E-05
4.77900052947263E-06
1.1160386429634E-05
5.28495935300671E-05
5.43703247172718E-05
-2.97294750068888E-05
-4.24427526895144E-05
-8.17910428290483E-05
-3.04763439865772E-05
1.69749720664279E-05
-6.19427363343806E-05
-5.54749376397938E-05
-2.10003207918562E-05
-3.5873882842076E-05
1.72833936026024E-05
3.09614143222728E-05
1.28816634749977E-05
6.16332453421269E-05
3.23450043438042E-05
5.62253491932352E-05
7.69430664228526E-05
0.00011644436022387
7.319986345048E-05
3.47073674415849E-05
4.31479770494713E-05
5.10423610501359E-05
3.23363450559582E-05
-4.33310145588295E-06
-7.64855795659316E-05
-0.000102422911791218
-7.07679894364908E-05
-8.42582347423568E-05
-7.42962469514964E-05
-6.62152802198877E-05
-6.11378853309862E-05
-1.27613511929838E-05
7.0429752966698E-05
-1.7988299760488E-06
3.25498528669306E-05
2.60722046323842E-05
-1.31672592228218E-05
1.23988447245771E-05
-1.67189121484094E-05
-2.04759438430447E-05
-1.93186139158368E-05
-9.55466198247267E-05
-4.56833691315421E-05
2.71409722391917E-05
8.36173326364701E-06
2.03872737038227E-05
-1.44486791542837E-06
3.90933857916265E-05
0.000117187687695903
7.37613862039958E-05
5.35119920113648E-05
3.35793104293376E-05
9.12082334819652E-05
6.65837508398523E-05
6.04204498494445E-05
6.42961381148573E-05
5.33176853977942E-05
6.62349358230623E-05
0.00012893094792789
6.30807273096281E-05
4.98174372267198E-05
7.96413877579989E-05
4.11476203980614E-05
6.02272920800098E-05
2.40221653880908E-05
-3.05849053645352E-05
2.2545947206366E-06
5.22690643931072E-05
2.97684378334084E-05
3.92831042811335E-05
6.1136052942529E-05
0.000108285315694581
9.99574255810403E-05
-1.73104664696342E-05
-2.46565450299154E-05
-1.7269323025536E-05
-2.02662807621631E-05
-3.03768406232027E-05
-0.000109550139413702
-9.98926068516749E-05
-4.60041593971965E-05
-8.86229745730963E-05
-7.74070404029306E-05
-9.7648169257041E-05
-9.76064084862207E-05
-2.20563737839417E-05
-6.22144080771233E-05
-2.59361484764227E-05
-3.54449522246441E-05
-7.02508732045674E-05
-4.19092364357816E-05
-1.77785823839201E-05
-9.65528327267193E-05
-5.89966164418477E-05
-5.36952387976265E-05
1.5848535254658E-05
-1.75216754510212E-05
4.54431959111129E-06
-2.63696519808106E-05
3.12598033287237E-05
4.39167492346868E-05
2.10783897727873E-05
-2.34579949170735E-05
7.51578917003708E-05
2.47305528292747E-05
3.80483478846485E-05
7.34092706726639E-05
6.58452967580904E-05
5.83955008612196E-05
7.37892739081203E-05
3.15562279449409E-05
1.73566457705473E-05
-2.83180506008643E-06
-6.59663176122547E-05
-8.52268019188784E-05
-8.99296441579561E-05
-6.40811465478119E-05
-6.34045000266844E-05
-2.29042236901118E-05
-1.66918975336364E-06
4.1862300901709E-05
0.000120102244548436
0.000121372815141276
5.47731101236074E-05
3.36623064589254E-05
4.392268791511E-05
2.1777650624697E-05
3.80309776701056E-05
-1.29729982181921E-05
-2.20881937442892E-05
9.41790956269947E-06
2.74788921974454E-05
1.79853658904255E-05
2.16794169363367E-05
-8.59472625393943E-06
-5.18996464755517E-05
-3.56042771181885E-05
-4.92433012203959E-05
-3.46863378089543E-05
-7.49256467647832E-05
-6.41430750908827E-05
-7.66148187356222E-05
-6.86177272734562E-05
-7.13315717612869E-05
-6.78923347074859E-05
-8.24652761714674E-05
-5.77368132839059E-05
-8.5274926945312E-05
-9.59717170409286E-05
-3.72569854150098E-05
-1.52234915672383E-05
9.66954215949646E-07
-1.5773537440885E-05
-5.79566958366716E-06
-1.32406417970653E-05
1.93569998925547E-05
-3.20006649378434E-05
-7.247713113131E-05
-6.61707981046077E-05
-4.70483676867216E-05
-0.000119723607298579
-7.93532562056884E-05
-0.000101367307227627
-9.40077843406585E-05
-5.99228839082637E-05
-8.9975177599564E-05
-8.199006834246E-05
1.22503458260568E-05
-4.94719104785363E-05
-6.64173123968665E-05
-1.46531623142019E-05
-1.32721092551522E-05
2.65792419018381E-05
-8.72227885189759E-05
-0.000124530348600453
-0.000107520049025806
-7.45008060841467E-05
-8.72782836238163E-05
-0.000110817893606205
-0.000116879156104976
-3.08474058742422E-05
5.09060507338502E-06
3.82668952684752E-05
1.30625464931234E-05
3.95370852700492E-05
4.39784726217456E-05
-2.71622274545609E-05
-2.41190315272204E-06
5.77623486194675E-06
-4.69748750920575E-05
-2.87563180096686E-05
-0.000119786397809793
-0.000116269211022948
-8.13117616019966E-05
-0.000112146574487958
-0.000152011001707562
-0.000113596991017882
-0.000104451960084659
-0.000134570708124872
-0.000124649717642781
-0.000105957229357151
-6.57298968208265E-05
-4.01386082326201E-05
-4.86536373017997E-05
-3.93326410894724E-05
2.15764496311979E-05
1.03745763971567E-05
1.4233167248465E-05
6.72819408513451E-06
-2.15265352057288E-05
-6.96254999682213E-05
-9.48265747097808E-05
-4.76889847629425E-05
-3.53872239030996E-05
-3.69939740319072E-05
-2.53777940058805E-05
-7.36587141029958E-06
2.51421024055186E-05
2.68482991717587E-05
1.96104435240926E-06
2.24024534550344E-05
6.1705651245804E-06
-3.70441651532772E-05
-5.31262440771415E-05
-1.18221213472642E-05
-1.00343393446699E-05
2.10961006381261E-05
4.87884023098433E-05
2.33529151970794E-05
3.67223066649629E-05
7.24443970579417E-06
1.80833540462603E-05
8.30600862262675E-07
-6.47823033787114E-05
-0.000119693545512138
-8.74649551993771E-05
-6.62904372465802E-05
-1.8030744218429E-05
-8.62355373578336E-05
-6.43869632132626E-05
-1.77644911033095E-05
-2.54697048115924E-05
-5.97633105525421E-05
-6.08539787398038E-05
-7.0089441190185E-05
-6.96000638495234E-06
-2.73093584694277E-05
-5.07583336842816E-05
-2.03194812858791E-05
1.25838562011365E-05
-4.16692306127214E-07
4.57038118774136E-05
4.94909236335036E-05
6.45529004832451E-05
6.3254332622638E-05
2.94365308174198E-05
7.36341346126531E-05
5.79152146602366E-05
-9.37899132366264E-06
-3.85062999024966E-05
9.41393202207295E-06
6.81477716212181E-06
-4.55118136299132E-06
-2.71146601534048E-05
-1.14320224235085E-05
-2.03078053138927E-05
4.03400991240128E-05
9.12306975301471E-06
-3.60715368997161E-06
1.93213158475304E-05
3.18190248345872E-05
4.23380486293899E-05
7.94124381904292E-05
3.69161912344063E-05
3.43656126693917E-05
4.50813406986252E-05
2.57867587781291E-05
7.38235399052133E-05
0.00010785817594653
0.000138353846904657
0.000156573655284331
0.000180710548348722
0.000100677096148164
0.000123074294705919
6.68952445346956E-05
9.33026339419094E-06
5.59364253503175E-07
-3.87642353307977E-05
-6.99086665533565E-05
2.78277061306251E-05
4.88707295290056E-05
3.11808066878165E-05
4.22997018245523E-05
5.00323441060486E-05
7.07289148009975E-05
5.78003525122567E-05
7.12961181442926E-05
-3.73102703752266E-07
2.54164439691475E-05
1.91201709419887E-05
1.21227285184643E-05
-6.55930500742855E-06
1.78584027217297E-05
6.67765963536562E-06
8.21894494209043E-05
7.18703271076528E-05
0.000105490850274112
6.12024401337501E-05
0.000119017825896781
0.000103454228248492
0.000112016459906473
0.000108344395612298
0.000112914507653217
7.69139026576022E-05
0.00012144513195317
3.53975062591628E-05
5.48953044291601E-05
6.42335026256417E-05
4.96556225385544E-05
1.70322943191891E-05
2.42680813271123E-05
-5.97487043384652E-07
0.000116395282085067
9.86657295173449E-05
6.64475147324535E-05
9.21621044577458E-05
0.000120505511978585
0.000128853181189018
0.000109808749070427
2.51258161995487E-05
4.28358891994274E-06
2.37943751550047E-05
2.97255193883446E-05
6.58901521225604E-05
0.00011021297936897
0.000109035915880217
0.00011016936684274
0.00019005076205786
0.000179517452280174
0.000137202150712865
5.1413659729031E-05
-8.50017176310282E-06
4.87679973845179E-05
1.86174084678342E-05
2.54740287596868E-05
-6.83023038442546E-06
2.56190062132542E-05
0.000105952710015228
0.000105479581583393
8.57813904061454E-05
0.000100624938400713
8.8375277805401E-05
7.77315942738473E-05
4.4411937089984E-05
-7.72843587905028E-05
-3.79569064794675E-05
-8.81759909796945E-05
-4.75171490708196E-05
-9.09696707742599E-05
-4.73353654739162E-05
-5.51250775048631E-05
9.54856692842182E-06
-1.42756097434972E-05
-4.14189630374386E-06
3.40412300691352E-05
2.21633036465973E-05
-1.65391960515153E-05
2.7646703904837E-05
5.38233007557705E-05
7.39429285898567E-05
6.95199414158376E-05
4.13352730306271E-05
5.38437201044221E-05
5.65319576226806E-05
-1.60808947925641E-05
-2.74721273259321E-05
-7.11963248410108E-05
-6.90115957249591E-05
-0.000112695726635203
-0.000108810997420857
-7.70525192363622E-05
-1.40501150447422E-05
-2.38458325266616E-05
1.86246757101275E-05
2.34599026225308E-05
1.08586155478561E-05
1.70054987910302E-05
3.4404767080183E-05
1.882344244149E-05
6.32682931117523E-05
4.29348542152091E-05
8.65953739820614E-05
0.000110560307263849
0.000113344527904944
8.28407883294946E-05
4.17332639762146E-05
1.57089804856613E-06
-2.15596680033261E-05
-2.25976145514468E-05
-3.48468524518487E-05
-5.5422669250554E-05
-1.84596973319519E-05
1.15922938415079E-05
-1.45417468402183E-05
5.21930033848512E-05
4.4107256839719E-05
2.98826689199022E-05
6.08145456728108E-05
2.45760182325665E-05
3.23684386015506E-05
6.63346376058584E-05
4.82930261041522E-05
-2.69200622043817E-06
2.7113732432142E-05
-5.84486557883811E-05
-4.64948866349446E-05
-6.76404323794481E-05
-1.5888114689224E-05
-3.04802664295596E-05
-8.09887384169084E-06
-2.19662370432469E-05
1.9537193099227E-05
1.61521078334987E-05
3.91243398888384E-05
6.97828117634191E-06
5.38012367016128E-06
-9.85603419451604E-06
1.0167704214195E-05
8.36632838771029E-06
-2.40676733385206E-05
-1.9111510365427E-05
-4.28713219931301E-05
-3.02254583971024E-05
-6.76416417641367E-06
1.91776639842641E-05
5.95858728702463E-05
0.00011019301003773
0.000101266820078747
9.98500846521734E-05
6.3107570185433E-05
9.84737688764358E-05
2.32265087378236E-05
2.0610742953278E-05
-1.60772991414845E-05
2.49647106400893E-05
5.17747838832175E-07
-4.60042708902553E-06
-3.08804470880904E-05
-4.28211629884299E-06
-4.87287197866162E-05
-4.46288069935898E-05
-8.09439350823737E-05
-2.19314545317663E-05
2.10892413560873E-05
1.64596220534728E-06
3.01044294393596E-05
4.75240098143163E-05
4.27693853526056E-05
5.14600459756326E-05
5.93216589315197E-05
3.70849808228948E-06
4.50129651917214E-05
3.84386568382753E-05
-2.6474125962459E-05
5.17665700428358E-06
2.42650538194894E-05
-1.89590198991055E-06
9.92898476808462E-06
-1.43506544793845E-05
-7.01188695453626E-06
9.17908966276951E-05
9.91285272570474E-05
3.58204466906063E-05
2.85376383140844E-05
5.72664881807938E-05
3.5427441329465E-05
3.70942345401579E-05
3.19186096466575E-05
2.0717019292454E-05
2.24364660584913E-05
3.87757456908471E-05
-6.69496945576231E-06
-1.60742582066973E-05
-1.68864840689095E-05
-3.94664417731616E-05
-7.06057646086702E-05
-1.65998349848347E-05
-3.61829046226457E-05
3.09676256987401E-05
4.21876954373957E-05
2.07365986953354E-05
6.1058566602713E-05
7.88395148633762E-05
5.2027837688005E-05
7.65196591126176E-05
5.71022560911224E-05
3.74595423869092E-05
4.3823259851644E-05
8.74676988222028E-06
2.76107049344586E-05
2.61707573307933E-05
-2.64329991519427E-05
2.71747396811906E-06
1.69548304768184E-05
-7.08802243234832E-06
-1.64349379092018E-05
-2.56996997984531E-05
-2.57362681530628E-05
3.31272944354957E-05
1.44217720253389E-05
7.47813297218389E-05
0.000107784722018865
5.01744137178478E-05
1.90278099436622E-05
1.64327493038504E-05
-1.5194854549178E-05
2.19066178508042E-05
-3.09762930804771E-05
-5.42028951141532E-05
2.85320661148193E-05
6.26172355381769E-05
2.89627374669022E-05
2.81485050830905E-05
-3.08926202722628E-05
1.98952369607401E-05
-5.30890811165316E-05
-4.50638743394E-05
-7.03773235474812E-05
-2.72428419385808E-05
-3.98062498882769E-05
-2.90442631810082E-05
-6.41223045408961E-05
2.53024634258355E-05
-3.10946566506922E-05
1.56007794745595E-05
1.97712924540936E-06
2.77321407529416E-05
-1.72766368595376E-05
-3.05793130417964E-06
-4.24711327904404E-06
4.98105598088733E-05
2.56403571190568E-05
3.09280783217574E-05
5.3429321060331E-05
6.33373381087887E-05
2.88338144010297E-05
4.75587438046704E-05
1.18445009021915E-05
1.82058876635234E-05
-5.99418346058928E-07
-4.52149219564714E-05
-3.52537647550567E-05
-1.97580546863865E-05
-2.61368629491226E-05
6.01614630884345E-06
2.97459852589703E-05
3.63891610892716E-05
5.23381911721077E-05
3.94506434920731E-05
1.16490450487986E-05
1.17260996122483E-05
-2.90894531750114E-05
1.52954449661259E-06
2.45083256705937E-05
-4.25382820385922E-06
1.38019639077049E-05
3.25710068897081E-05
1.18937432306252E-06
3.66249377590147E-05
-3.92967156378104E-05
-4.03349852527598E-05
-6.07606666174864E-05
-7.79742840064619E-05
-7.71715612943711E-05
-9.83722828484994E-05
-8.65397250800273E-05
-4.62647003413107E-05
-3.88857901491958E-05
-2.83349127394699E-05
6.62866736101017E-07
3.24434148332083E-05
6.82417098652376E-05
-9.14740335424018E-06
-2.61578306874659E-05
-3.52750801524216E-05
3.09906689957673E-06
-4.34313675220244E-05
-6.65923054392681E-05
-4.55774554135816E-05
1.6540060543499E-05
-7.91788785768274E-06
-1.47612785746605E-06
2.1099877091799E-05
8.32811719253562E-05
5.62203314604912E-05
5.1229194553478E-05
6.3449027638645E-05
9.88456238884839E-05
8.74417809773759E-05
5.19089906734165E-05
4.99142298044067E-05
9.54161928901574E-05
6.66071429865544E-05
4.91460865447063E-05
2.59832966635399E-05
1.68594046260386E-05
-4.29203218178301E-05
-7.26179472130734E-05
-0.000115643258744874
-6.03919645477652E-05
-6.64893040077595E-05
-2.49854597260632E-05
-2.27226080767754E-05
5.16219550937116E-05
6.50032786735034E-05
6.68956643445958E-05
4.09017518180141E-05
9.70674814746429E-05
4.80800702853106E-05
2.93889023951424E-05
4.25291208289578E-05
-9.22401905777432E-06
3.56830983073154E-05
2.8661737934393E-06
-7.17531400225334E-05
-5.7412369827915E-05
-3.63560638309952E-05
-3.63513910169219E-05
1.49961343271958E-05
-1.12958156304743E-05
5.1409253138741E-06
3.17009704248141E-05
3.03223552711445E-05
6.98656302237958E-05
2.64917932424301E-05
1.90417943891612E-05
1.67074338527461E-05
4.24179910293787E-05
4.79243801223349E-05
1.66472953331791E-05
-1.06536798348352E-05
4.06340493679918E-05
7.23935210958571E-06
4.58790598626817E-05
1.62424344226545E-05
5.82380266079197E-06
7.46352473835995E-05
5.24299374131519E-05
6.3867367523396E-05
0.00012190375557797
6.38624535843067E-05
6.90435729938783E-05
7.10992780193483E-05
4.13362975392875E-05
2.8586447525203E-05
-2.39696039036686E-05
-4.68741465777023E-05
-3.57905655697348E-05
1.6171702655126E-05
3.21949215379048E-06
-1.22884257585887E-05
3.37213291499234E-07
6.58670781355559E-05
6.64536739377746E-05
8.68151910905057E-05
3.78582824713029E-05
7.66786678783909E-05
6.52019200468292E-05
0.00010676906022233
5.18552680040139E-05
6.09777417631336E-05
3.02818388145971E-05
5.14604207024778E-05
4.30932935225413E-05
6.1381641400546E-05
3.59071043479275E-08
8.50273444689127E-06
7.70966305022472E-06
3.80942267005485E-05
4.89071571328497E-06
-2.8407123745357E-05
-4.55903991963987E-05
-3.86920200072313E-05
1.60722535685891E-05
2.95131851638319E-05
7.9046280911008E-05
7.1603905100828E-05
1.87648359171549E-05
3.51829800397597E-05
6.84696742219208E-05
4.80404744744753E-06
-3.90880574867907E-05
-7.46571752324709E-05
-6.26590502223238E-05
5.43519730441201E-05
7.43051577019907E-05
6.94868173167121E-05
-1.03557774710254E-05
-4.44318053971657E-05
-9.65505666084009E-05
-5.79050483325757E-05
-8.98312972137902E-05
-0.000131605374663375
-0.000127365747416581
9.54314369224785E-06
3.91476944799736E-05
7.16519782741047E-05
4.60069380594903E-05
5.40740385024856E-06
-4.06521535707927E-05
-3.87789355355888E-05
-0.000104846736019334
-5.78563100947395E-05
-3.10286254886878E-05
-2.15928297480097E-05
9.27550563776568E-07
5.7257320224999E-05
6.71211347780744E-05
9.95509072239495E-05
7.44347011605255E-05
9.95630790830498E-06
-4.27274034206624E-05
-6.39503002647204E-05
-6.84920580734754E-05
-5.13437616383386E-05
-5.17057732287553E-05
-5.77921610833234E-05
-1.16690834755082E-05
-3.95753837380622E-05
2.51000284927795E-05
3.37587155996242E-05
-1.55417311205316E-05
-7.36951513717852E-05
-6.91781682795519E-05
-6.58214681059008E-05
-2.70302550798839E-05
-8.51500492494578E-05
-7.58298721577133E-05
-7.56581450065837E-05
-5.88529180445076E-05
-1.88330071908073E-05
-2.57891274444015E-05
1.81741349271463E-05
6.97083299511118E-06
2.54568556213931E-05
1.13347130455951E-06
-1.74427933677046E-07
-5.12443227092682E-05
-7.56375665398913E-05
-3.73813222207515E-05
7.78366652597012E-07
-6.99833294139134E-05
-0.000110243984838804
-9.27095119282198E-05
-7.69545347333173E-05
-1.98097973341455E-05
-9.84454944303136E-05
-9.34523997367958E-05
-3.16089248435632E-05
5.40011285555028E-05
5.10263774195139E-05
8.50456927227834E-05
5.12131523034766E-05
8.97163645958078E-05
5.04418260708597E-05
4.22551964667112E-05
4.98176150924694E-05
7.04233788212888E-05
2.30085594796764E-05
-2.63173067110737E-05
-3.01457758218224E-05
4.42206389728757E-06
5.46593354917752E-06
2.19435129981924E-05
1.4098293650764E-05
1.49215234549159E-05
7.93461006160858E-05
2.69568484663307E-05
-2.66809247965934E-05
-5.96936678551541E-05
-0.000135644081153776
-0.00011503425680243
-8.20309914355903E-05
-0.000115301156354507
-6.10603550819702E-05
-7.66854457128219E-07
2.07335592039259E-05
4.58672274928828E-05
-5.36058941656807E-06
3.74019793985911E-07
1.79322046200726E-05
3.03419130382558E-05
-2.54642658697059E-05
-1.66661466596739E-05
4.94221384848607E-06
4.05721264267852E-05
2.97528972629316E-06
-3.94296574798981E-06
-2.39876039979446E-05
3.06131408324543E-05
-1.00346441166828E-05
-1.18139087228961E-05
2.99560215015623E-05
7.60170925307321E-06
1.32838932968448E-05
3.4357843103217E-05
2.23170148812966E-05
6.94396002291259E-05
7.89161237227066E-05
3.4719536621539E-05
6.04031247464879E-05
9.88014629061755E-05
9.08733173027883E-05
6.87058680813916E-05
5.9556097361961E-05
3.92801435367767E-05
-3.07315706082633E-06
5.47032327698911E-05
8.51088236619222E-06
-1.9148882733709E-05
-1.33883765253676E-05
-1.65359512473825E-05
-6.79285112440932E-05
-2.986592418585E-05
-7.21086311238811E-05
-0.000137883810152607
-9.26619815288886E-05
-5.92367867659444E-05
-0.000125611459650851
-2.89484537927571E-05
3.39016752880193E-06
-2.75351015055737E-05
0.000104761751495495
4.0247011110312E-05
1.97481189569167E-05
0.000106819174053643
5.98921791378953E-05
2.52957975913254E-05
8.36812211185162E-05
-6.02216018207306E-06
-2.78433705154941E-05
-3.87005107381805E-05
-6.11158990575267E-05
-4.31226802368727E-05
-2.17566247823355E-05
-4.16875865142056E-05
3.72836199798788E-06
8.20284957526566E-05
8.22950047719962E-05
0.000105550458056164
8.21621836887832E-05
2.11330979213999E-05
1.87247126921899E-05
-1.57012391047459E-05
-4.46512312077018E-05
-2.28805864456147E-05
-3.57613181681445E-05
3.94569557518088E-07
8.91786949680684E-05
4.4555141635233E-05
5.53216012571491E-05
6.87618043473686E-05
5.35415788881347E-05
1.56379449743467E-05
-4.00995224992629E-05
-0.000105656057489283
-9.91553344823008E-05
-6.82964417090568E-05
-7.75217772426485E-05
-6.16154604519737E-05
-3.17910346189053E-05
1.54678092721223E-05
3.53583449391471E-05
9.33862653388102E-05
6.82610750321648E-05
5.52779128765477E-05
5.21011215801039E-05
1.47339251180953E-05
2.08807662925472E-05
1.97495483263388E-05
-7.75893329617664E-06
-3.97974736221092E-05
9.67150458712573E-06
1.78175730088751E-06
7.04642091858616E-05
4.04922645048793E-05
6.8117240574116E-05
9.77907333358872E-05
0.000132488471863201
7.12747779716879E-05
5.09949448741404E-05
1.82752919815726E-05
7.47320621878621E-05
3.54004807046831E-05
-6.03712454012507E-05
-8.23541891300452E-05
-2.03007637412544E-05
-5.14364238850391E-06
-7.46028550080894E-05
-9.54031195723308E-05
-8.27628316743455E-05
-8.51714479792124E-06
-4.87552813129697E-05
-8.04164379996727E-05
-8.54299701657016E-05
3.18498720667189E-05
-2.98199602463434E-05
-3.0237554193234E-05
-4.04360692547335E-05
3.87518754720479E-05
0.000102159188467521
0.000102843213390338
5.77884070916658E-05
8.70037779367244E-05
8.51502186351887E-05
2.06721274636405E-05
3.31494780576323E-05
-2.55261122974756E-05
-1.87037484084779E-05
-4.96856484681278E-06
4.51306975325423E-05
-1.28602950644959E-05
6.02941481212743E-05
2.10091139408246E-05
1.72511773143651E-06
1.40103522403253E-05
8.73657731174233E-06
-5.98011396091673E-05
5.33584122693862E-05
4.92108740163228E-05
6.59490072451603E-05
3.75360337106509E-05
5.66703671117329E-05
3.30478505913554E-05
7.53624576603321E-05
3.01266846672303E-05
1.18407919840737E-05
4.04360030554531E-05
5.72654686139303E-05
-5.2504871546584E-05
-7.09066810076057E-06
-1.42530183884335E-05
-2.37600236849214E-06
1.92934523836713E-05
-1.88742484582365E-05
3.75545507475714E-06
6.99306490438874E-05
-4.9455193609522E-06
7.32784119004683E-06
2.55868055717385E-05
2.86116929368626E-05
3.48954537727916E-05
1.16836957779791E-05
2.93482926691049E-05
5.99202046725388E-05
-1.39751996852413E-06
-3.67397116301587E-05
-7.17381744502081E-05
-5.0008038386627E-05
-8.55166196052467E-06
-3.22877226431324E-05
-1.08437564583397E-05
-2.8543802823191E-05
-1.72458682173555E-05
1.10932355617324E-05
2.26747493597267E-05
1.81157768159896E-05
3.23276623710674E-05
-3.52551414981742E-05
5.07067189333892E-05
4.46686817860814E-05
8.23461610079689E-06
-3.62809284539795E-05
-3.29560562470627E-05
-1.53707228707014E-05
2.68468760038243E-05
-1.40885258617782E-06
-7.34411898207098E-06
5.15557401563385E-05
4.73182195506533E-05
2.26737484157255E-05
2.18692646913718E-06
4.81201890553311E-06
-3.09025561607698E-07
1.69135725853719E-05
1.14558097822489E-05
2.25721485705704E-05
2.29729106247704E-05
1.95745534132118E-05
1.47233394364254E-05
1.86634468476796E-05
5.96792494304045E-06
6.60884084556202E-06
1.98181939021679E-05
4.62137191179349E-05
3.73772072390814E-05
6.68443382315971E-05
4.57297068097585E-05
3.14187042481848E-05
2.29454135875112E-05
-1.08616212199736E-05
-3.89889156435448E-05
-4.83152694065963E-05
-8.70317083407846E-05
-4.77516866507724E-05
-5.92674354065073E-05
-4.9016128683505E-05
-3.21276447891864E-05
-5.29775890557909E-05
-2.47524008697706E-05
3.58833666510769E-05
4.78917274144458E-05
0.000119236474732013
0.000128399024926195
0.000128707918625128
0.00011339728077832
0.000127239142509307
9.04649801825691E-05
8.75057759469407E-05
1.20311052062277E-05
-6.19653312657245E-05
-7.07415795974889E-05
-1.84549544978638E-05
-1.03572163284787E-05
-5.27144583873526E-05
-7.77682406240246E-05
-5.48256150900347E-05
-1.49715325394515E-05
-2.02893291142459E-05
-5.50053377421472E-05
-8.28542959871655E-05
-3.52843192124509E-05
3.69865517363544E-05
-2.89024775050501E-05
1.36406132252406E-06
9.4217591001085E-06
-8.45365327992574E-06
1.95028606151073E-05
6.09680086301684E-06
-8.82393814555579E-05
-3.35197011456854E-05
-6.25590817585916E-05
-5.26761072859232E-05
-1.68474869168343E-05
-6.09456884189662E-05
-4.26189523863378E-05
1.41240615976867E-05
6.72319601542326E-05
5.91703900395689E-05
-3.52015602969604E-05
-2.14526737335034E-05
1.41785026913416E-05
1.30014744860444E-05
-1.42887346576305E-05
-3.33837665427983E-05
-5.8439903822194E-05
5.77888489971256E-05
5.98782793605687E-05
9.10076590156617E-05
0.000103333194828495
5.48981602630937E-05
1.05544318321442E-05
3.73839475130313E-05
2.69383949940564E-05
4.24095368914639E-05
-3.95977596076039E-05
-2.95672037545083E-05
2.12481552988848E-05
6.53462874117337E-05
4.68318692073006E-05
5.80055696525967E-05
4.22837887866535E-05
3.15960014336853E-05
1.33315470905973E-05
3.46627849689459E-05
5.28789837560821E-05
9.05830653074343E-05
5.1392331032625E-05
4.49507376750013E-05
0.000102857345101056
8.92285127155064E-05
0.000110989113664544
7.06899884460495E-05
4.29105429874678E-05
3.95739869079768E-05
8.237116222571E-05
8.86159472564723E-05
7.96210277742178E-05
1.97620649343815E-05
9.97508908596222E-06
5.74900214667232E-05
6.63640586562215E-05
3.85494624435686E-05
1.95452452614104E-05
4.85085344418593E-05
4.03713328604902E-05
3.24544769226396E-05
1.88851792808105E-05
8.43730218007722E-05
0.000100572996303813
0.000113551242486363
6.35750057635015E-05
5.16548697430827E-05
0.000110394177224899
4.0649897159406E-05
6.02347176561052E-06
-1.46834953083603E-05
-3.39588262844149E-05
-4.79002713055708E-05
-4.91547350588419E-05
-2.25908613309502E-05
6.69147664013452E-05
7.83468724603371E-05
4.36969868939598E-05
2.03435699215526E-05
5.61533739096287E-05
2.69924658712308E-05
-1.12916837540747E-05
5.76510802242423E-07
-2.40690569633405E-05
1.71433856406947E-05
3.43744666002856E-05
2.68807696470344E-05
0.00010047251207561
0.000108183848786959
9.98232441645132E-05
0.000101483156033823
5.62097452833312E-05
4.2122359623672E-05
9.32158198659578E-05
9.6348573027984E-05
0.000100448619265344
6.22854789529564E-05
5.61195424192729E-05
7.13414782433187E-05
0.000115434691957413
0.000128072879228802
0.000112001256526637
6.99527504090694E-05
0.000131036450900216
0.000149300294375953
0.000151813141316639
0.000130638759622141
7.38085293844104E-05
9.793702935315E-05
0.000133403340591897
8.8511782355864E-05
0.000120828119078553
0.000134245545896963
0.000151907829889698
0.000143939889149145
0.000140170284108891
9.80321440690881E-05
0.000108419859656745
3.2883381467112E-05
-2.08510147202484E-05
-2.43677117034434E-05
-6.28627147914886E-05
-1.36997733808186E-05
-1.88026416717517E-06
-4.93447340344491E-05
-3.67948512928664E-06
6.62007912192638E-05
4.7314719964623E-05
0.000145976750579396
0.000135268374206942
0.000190167757675725
0.000168468059620603
0.00014365941433327
7.66716904320548E-05
8.69767298207734E-05
6.13132213002931E-05
7.08626586724279E-06
-5.57818598434198E-05
1.4235950578004E-05
-4.75299515539957E-05
-7.1262415318283E-06
3.9861329713128E-05
7.81592464020289E-08
4.31527072007931E-05
3.7176482947091E-05
-9.81761189143539E-06
6.08533165446375E-05
0.000115430952622853
5.73079656982459E-05
9.22047123121978E-05
6.50829443580489E-05
5.319944507952E-05
7.85453659057967E-05
4.47482872136185E-05
4.76853588526244E-05
6.66461450014932E-05
0.000111161407881758
5.54491684189825E-05
0.000105076143553009
4.87422647375691E-05
8.48710936678689E-05
5.23414749121755E-05
8.60891981338694E-05
-5.53198475942168E-06
8.75217122675316E-05
9.26766426776918E-05
0.000145097849590682
0.000165422440461262
0.000157513701838806
4.09535718933021E-05
0.000171198133834923
0.000159115626630541
0.000172661931440135
0.000130385912858975
0.000129129568405306
0.000157947080345111
0.000212168629560014
0.000138431069538654
8.62304453124746E-05
7.98437206961816E-05
3.68013168543517E-05
5.79055512523709E-05
6.59001493752574E-05
9.78297913827446E-05
0.000106602586349323
0.000154053231552378
0.000135016336103839
0.000217156691097338
0.000152255704354356
9.19718101813552E-05
8.90700947467198E-05
9.60293363200183E-05
2.20152430652695E-05
1.36703211784607E-05
2.3836892339402E-06
4.58278308966546E-05
5.3807814900907E-05
6.48959423329328E-05
6.79034743735097E-05
0.000108834541819331
8.48554182167943E-05
0.00010660979926238
0.000154292933530933
0.000120678635984062
0.00011782481902618
7.07419539284603E-05
9.40860346503889E-05
0.000104962729203107
6.73778193234223E-05
-8.10253515726804E-06
2.136819040107E-05
2.02057148407891E-06
4.61887486012835E-05
3.10450202411894E-05
4.87970335769102E-06
8.57486874448813E-05
0.000102646395476002
0.000103829341275479
0.00010927152585226
8.65796059252855E-05
5.53684951084035E-05
0.000141870444122187
0.000119074903941603
9.05857588657162E-05
7.84724052775224E-05
3.38309681338866E-05
2.10093870817598E-05
2.7436621946801E-05
-6.80228735052322E-06
-2.00661874956467E-05
3.53083451522564E-05
6.88615044745594E-05
0.00011562133172221
0.000120247363830939
0.000132010204074729
0.000163015241203463
0.000127088693134757
2.74055011753615E-05
5.47719235923606E-06
-2.11760025111891E-06
4.49319976958754E-05
8.46647849396107E-06
-7.38022551426068E-05
-3.60936838484452E-05
9.42079887182014E-07
1.89162197171054E-05
1.39429319044692E-05
-7.71476431382105E-05
-6.5643994486941E-05
-3.03734476786216E-05
-7.28509585032285E-05
3.82891608886043E-06
5.78470593750041E-06
-1.87757811701778E-05
1.94631658274333E-05
6.83390037751533E-05
6.90270512947496E-05
0.000102442155288191
2.08067913065499E-05
2.22068414319837E-05
2.738109160622E-05
2.95913379225471E-06
-2.04483543360039E-06
5.75367519047549E-06
-1.52835474145482E-06
4.68079863187887E-05
1.19608325229137E-05
1.5991079022262E-05
4.93135005669293E-05
-2.52805314965096E-05
-2.16269507870014E-05
-2.12066497806325E-05
-4.08154505739456E-05
-3.57202773041128E-05
-3.13419791127969E-05
-3.92365590896246E-05
2.00570695074825E-05
-3.21340822349162E-05
1.36695106493126E-05
6.75919993199436E-06
-3.97784199207791E-05
1.95607794146508E-05
4.29035336449755E-05
3.06711120003648E-05
8.88678974674926E-05
3.62235200466499E-05
-1.83494736228024E-05
1.14305627627693E-05
-3.1493957410529E-05
-4.3776099789513E-05
-1.01472853295498E-05
-7.56318209735434E-05
-0.000110352898044595
-1.30754605400286E-05
7.48477312051823E-06
-3.26448649217623E-05
-9.2192158519116E-05
-8.90055999441967E-05
-3.68314176063643E-05
-7.34764399111876E-05
-7.42775123530617E-05
-4.02099633984346E-05
2.05191060327978E-05
5.33094447194536E-05
6.27674873546023E-06
4.53554252984062E-06
0.000109402932970482
1.13989762378219E-06
-4.19045122334937E-05
-4.82469437214082E-05
-7.99776733449539E-05
-0.000100292776524569
-5.75436145580082E-05
-0.000127265147374271
-3.85238047218244E-05
-7.64417732707816E-06
-2.70977954764437E-05
-4.02747523420405E-05
2.22616488577837E-06
-6.72376052698362E-05
-8.22695081622373E-05
-0.000119083202916113
-0.000148353778218009
-0.000144491124780269
-0.000116716194871138
-8.20585300724335E-05
-8.85455083127794E-05
-8.39057038674465E-05
-6.37997431869701E-05
-7.44127337841958E-05
-3.90024366729562E-05
-5.40838095107132E-05
-8.62913315538141E-05
-6.2025992181964E-05
-3.92804777351221E-05
-4.9058690487601E-05
3.07142944061659E-06
-5.49491621970965E-05
-2.09214626964054E-05
-6.16791895240995E-05
-6.12280808498559E-05
-6.12220488082952E-05
-5.64850208865035E-05
-9.04813927280229E-05
-8.72850406101229E-05
-5.4105340743033E-05
-2.12370121531211E-05
-6.98896012077493E-05
2.28680597129941E-05
1.54476193932419E-05
2.52819725806282E-05
3.70807180989821E-05
2.119169250821E-05
2.3592122260062E-05
5.69852705811903E-05
-1.16621914213668E-06
-5.3916901096096E-06
-5.87840417503545E-06
-2.58268172714282E-05
-3.62537922952198E-05
-6.11256783740892E-05
-3.08651731430327E-05
-2.58906977617393E-05
6.43203652432526E-06
-4.58277067317247E-05
-4.68560614308912E-05
-1.43613166982823E-05
1.35676956442559E-06
-5.25185292359466E-05
-0.00010146512781061
-0.000167040052203769
-9.32636964914522E-05
-0.000127637435402351
-0.000162099104878784
-0.00013292643433235
-0.000157640371809962
-0.000131812541093326
-3.99376048690618E-05
-9.51209101449222E-05
-5.25113775476247E-05
-5.33631199334768E-05
-6.2408134723023E-05
1.20575229847447E-05
7.32285923481343E-06
3.21769613113677E-07
2.86067508260091E-05
-7.58747948831777E-06
-5.26904218846172E-05
-4.16328638934657E-05
-5.71077561089738E-05
-1.77656239287413E-05
-6.4385118722518E-05
-7.97221320043487E-05
-2.4040952253208E-05
-2.15382121386341E-05
-3.10677038657135E-05
-6.6319435326876E-06
-4.33038217690586E-05
-2.24942595770873E-05
-8.5725115727252E-05
-0.000119516504747062
-7.49194680463496E-06
-5.84646994129392E-05
-0.000117900894169277
-0.00010967598253851
-0.000158393573410241
-9.07369104242925E-05
-3.07478642031601E-05
-0.000145040041724456
-0.000117256628721932
-5.93714724884672E-05
-0.000155118941566517
-0.000120999380668888
-0.00010100289641627
-0.000109363095159722
-3.22086391997746E-05
-7.61398466297014E-05
-7.92463235077523E-05
3.46109157028427E-05
3.51715552463969E-05
3.31214462961126E-05
3.03842456968201E-05
1.97734232186153E-06
6.4356259889728E-05
5.43579179903721E-05
5.77324146746107E-05
2.95293632594049E-05
1.22612937960424E-05
1.2089834064268E-05
-2.58351841977658E-05
-4.93146024192518E-05
-4.9318343178513E-05
-6.78604963572809E-05
-5.23668296006424E-05
-8.71288758376407E-05
-8.56500535377862E-05
-8.77754659798267E-05
-0.00010828403200691
-0.000109170080612285
-0.000153362487455714
-0.00012676029963494
-6.9717602091195E-05
-9.08735448457251E-05
-3.50163772845346E-05
-2.33109983652334E-05
-5.71534807876853E-05
-2.93630613787724E-05
-3.61352443844576E-05
-4.4756087240313E-05
-5.37359674933091E-05
-8.2463539036926E-05
-6.15009250489947E-05
-7.32906928401368E-05
-1.44510976316394E-05
7.97230691670963E-06
-2.84334261030753E-06
3.61686483025862E-05
9.96222906547063E-05
8.31564099391715E-05
0.000108005208712879
5.03437892492415E-05
-4.28458446390848E-06
2.27384673268151E-05
1.24344251389395E-05
-2.83861721880816E-05
-1.00423412468924E-05
1.20789771549761E-05
5.55510280632153E-05
4.39876637944445E-05
9.67786081423322E-06
-2.18288223079518E-05
-2.18433256974846E-05
-5.84073225625061E-05
-8.45684019416532E-05
-9.93616008349202E-05
-2.52809166793931E-05
-1.22460959288852E-05
-2.47993787019886E-05
-4.83211246138846E-05
9.39436390868576E-06
5.0155701999006E-05
2.46609188222796E-05
-5.34573888629763E-05
-7.57976696358946E-05
-7.36293504917553E-05
-7.81247954277653E-05
-0.000111829730578765
-0.000117807249174572
-0.000102786776033031
-7.7709641822444E-05
-5.22352921296158E-05
-5.27164143275077E-05
5.61321917256522E-06
-2.73708293214725E-05
-8.74578787708758E-05
-5.63490936162264E-05
-3.77035017649941E-05
-0.000131293297686075
-9.96336191290106E-05
-0.000126982238184945
-9.38164154170022E-05
-3.42521293884043E-05
-8.2618740028062E-05
-0.000117458844982437
-2.19013333739931E-05
-4.39255841742859E-05
-8.34842747230222E-05
-8.24021873130327E-05
-7.81381589760879E-05
-7.91216922129622E-05
-4.28216702200136E-05
-5.02056741927174E-05
-2.96645443422694E-05
-3.40489659483871E-05
-4.11503722443262E-05
-6.73692235926214E-05
-9.34478917708717E-06
-1.24914544845612E-05
-2.83456116759191E-05
-5.3994714693884E-05
-3.57257379511991E-05
1.51637064909864E-05
1.97052679999687E-06
-6.32250068581503E-05
-3.57536709015988E-05
-6.16831780085902E-06
3.3672069466002E-05
6.83440044113998E-05
6.49347056701065E-05
5.09507753486237E-05
6.43041075757849E-05
-9.51843018864791E-06
-5.84295264771632E-05
-8.70516245488097E-05
-8.69175145803804E-05
-9.33853763905221E-05
-7.69569110031479E-05
-2.69391904008699E-05
8.30744157426431E-06
0.00010074796866372
0.000152608403611127
9.62668414390017E-05
7.33352603294984E-05
0.000116255731143501
8.91237926710632E-05
7.60346776389513E-05
1.65548046189729E-05
-1.93603800741206E-05
3.02975332493109E-05
3.59057170669648E-06
-2.51637949634135E-05
1.40906881108346E-05
5.77827140189251E-05
3.2279287723396E-05
-7.57875489544725E-05
-3.94518074472778E-05
-3.59865534245386E-05
3.87904080013657E-05
-1.87045826816341E-05
-4.64002647373494E-05
8.46797298699295E-06
0.000155976137361627
5.57929690699421E-05
0.000105653814764751
2.21865223116355E-05
4.57850598737944E-05
5.60039834389899E-05
-1.7888084814292E-05
-7.29491296863012E-05
-7.03515350486088E-06
-3.72603235154077E-05
-5.61903725209366E-05
-2.38019122366933E-05
-3.06984148165166E-05
4.01167551359836E-06
-3.84801542900196E-05
-1.7109610115634E-05
-2.51352654322524E-05
2.52749950758754E-05
-7.77230193866237E-06
2.40539209281967E-05
4.00509846968568E-05
8.1052320694705E-05
6.80997014849095E-05
8.95119728270478E-05
6.9657750380432E-05
6.52803539234558E-05
2.43506116207431E-05
-2.83077685600971E-06
4.83060792585049E-05
-3.75432830183336E-05
-1.34168424925156E-05
-6.22013095946185E-05
-4.10087591961585E-05
-1.16996813101261E-07
2.57219808139923E-05
2.28866369564195E-05
0.000115149665769346
8.71992558787105E-05
8.67555192282728E-05
6.77855576570492E-06
-7.1003104275619E-05
-1.21446825302119E-05
-5.30341216567784E-05
-7.59467245658409E-05
-5.7415264519008E-05
2.31184850357564E-05
5.99424764841182E-06
5.36637098036908E-05
-3.80495155347932E-05
-3.64213794860809E-05
1.16322043079328E-05
-3.97123837419233E-06
-8.52656551919655E-05
-5.4528577903928E-05
-2.32298186940124E-05
3.70573956186225E-05
2.44285549491157E-05
-0.000111973635442962
-0.000107817949523012
-3.29321407232587E-05
1.78906161435372E-05
-1.79334881496261E-05
-1.75382827668249E-05
-3.76390039071664E-05
5.53442392959986E-05
-2.64404664302999E-05
-6.34359271288877E-05
-6.26552508563165E-05
-3.9486378768515E-05
-2.74909056004116E-05
-4.32810056406362E-05
-2.57494659479833E-05
6.89279897685094E-05
7.46329466289137E-05
-6.5720839210583E-06
-4.34369147431222E-05
-4.7943453754923E-05
1.19804921084391E-05
1.87504622903115E-06
-5.75406134280545E-05
-4.00031392225503E-05
1.4907960660135E-05
6.41767013922921E-05
-8.16566388819383E-06
6.4838329329647E-06
-5.61779263001312E-06
2.83295594954144E-05
2.55061519923156E-05
2.60471451716496E-05
1.12095724458407E-05
2.34164050593645E-05
4.05962566360847E-05
-2.41909490668048E-05
5.5416614897975E-06
2.16738352285935E-05
5.42674912689238E-06
3.02255521496992E-05
8.41769561392659E-05
3.0026659979326E-05
8.23971692318235E-05
-3.33755199215251E-05
-1.94154093144524E-05
-6.03274363211492E-05
-7.30638485469376E-05
-5.74979885032965E-05
-5.91956421477711E-05
-4.7650596567358E-05
4.20371037632267E-06
1.99875147811974E-06
2.11790202642175E-05
-4.13420149364889E-06
-3.29702143053226E-05
-5.467302498659E-05
-2.76583809476067E-05
2.24848464283898E-05
-1.73024259797389E-06
5.42272787660972E-05
8.08718991264098E-05
-2.14214420615453E-05
2.00308113518852E-05
6.46040944006518E-05
-5.74788481718255E-07
-5.40766603286187E-05
-6.10901512427714E-05
-9.94582748963541E-05
-2.46481064505264E-06
-1.8299063312018E-05
-0.000202011594660779
-0.000106945177708654
-3.34169650017199E-05
-3.2834408198835E-05
-1.23307642722062E-05
3.37833152131291E-06
1.46484559401711E-05
7.72187179647057E-05
-3.33308916607262E-05
-4.81070221299136E-05
-3.51625974095135E-05
-2.88524949801785E-05
-8.36622846990831E-05
-0.000105747422940769
-0.00013975278761471
-3.34246627732586E-05
-5.4675166094073E-05
-0.00014185372263326
-8.93608242437016E-05
-4.72535607126284E-05
-3.24240140241403E-05
6.49793816690937E-05
2.75451575207156E-05
7.42558372408543E-05
6.66391255921782E-05
-2.59853128399826E-05
-7.12223549490082E-05
-3.67728080386689E-05
-0.000131666697646787
-0.000134672922446448
-0.000227342233003781
-0.000169327689544254
-0.000123446023413684
-0.000100697947314459
-0.000241144195758556
-0.000113118502954921
-0.000107889453543499
-6.21523569776526E-05
-4.69157961183477E-05
-9.2581271684567E-05
-6.82898094034113E-05
6.30933382926298E-05
-4.53631201696247E-05
-8.56086504902171E-05
-7.22777552256259E-05
-3.38143657966142E-05
2.26458770889889E-06
-3.84555789185464E-05
-2.99574598939177E-05
-8.08176705263417E-05
-1.27614617017875E-05
-2.70486010079735E-05
-5.93821608048709E-05
-4.53783401231963E-05
-3.83403768567333E-05
-7.08071263175134E-05
2.03871726802705E-05
-5.02209037052586E-05
-7.94128653359367E-05
-3.48109924783351E-05
-6.16948729051536E-05
-6.77266964680579E-05
-6.99589333978478E-05
-0.000103639476936966
-4.70694761776636E-05
4.76592152132625E-05
2.79353353888147E-06
-5.66287033990827E-05
-3.32584714351442E-05
-2.87801381095776E-06
4.93075969158314E-05
-8.2156911708362E-05
-0.000174313051476517
-0.000184611906410354
-0.000153438377326575
-0.000130785568646282
-0.000193327344889343
-0.000177081361304933
-0.000140795522854866
-0.000111427942824037
-0.000138119756524183
-0.000141499620502962
-0.000116251977918427
-8.08922491719677E-05
-0.000140668826180644
-0.000207758628856394
-0.00018305801769787
-0.000141566457428091
-0.000126607192761136
-0.000177746955783216
-0.000177484283118952
-0.000148967072419722
-6.61514774245379E-05
-0.000172352714024029
-0.000184206895766584
-0.000164825776117565
-0.000210492027950769
-0.000288708455852336
-0.000295677697280065
-0.000273858536372941
-0.000254742887535408
-0.000247363652846165
-0.000278511313073
-0.0001942655400758
-0.000131908630946408
-0.000126115626673231
-8.86705772928702E-05
-7.95878583285745E-05
-0.000173235928345348
-0.000191743041238521
-0.000267498625911821
-0.000204837859466723
-0.000196898964454073
-0.00023235187302724
-0.000152101905299429
-0.000161168126150989
-0.000114045745024576
-0.000106101572710545
-0.000166092864142156
-0.000118865761364057
-0.000108857312481968
-0.000224765519346053
-0.000184313188269012
-0.000242013546036203
-0.000174792290421506
-0.0001472539567886
-0.000222784714629055
-0.000247051876783292
-0.000129452122553423
-0.000119365432322011
-0.000100433756819283
-0.00020182286252732
-0.000160474346426016
-0.000254180500764166
-0.000227045523555342
-0.000233869519447573
-0.00020210935202493
-0.000150586369428259
-0.000115842394253547
-0.00019319152513471
-4.70766301584433E-05
-6.92783358228255E-05
-7.4002143021013E-05
-3.62195404806375E-05
-4.19760418272803E-05
-9.86386138726297E-05
-7.43008922922061E-05
-5.52059574791864E-05
-4.78878463939439E-05
-8.35767174025408E-05
-6.05017266541272E-05
-5.88448367381952E-05
5.93194766227498E-05
-1.31713923911979E-05
-2.42763385794649E-05
-1.10601111727602E-05
-3.04761918248787E-05
-8.85839905365984E-05
-0.000154195151372243
-0.000208445944223419
-0.000193057295626596
-0.000201921848235156
-0.000152595873846996
-0.000130329336151381
-0.000155820170427743
-8.53523563476766E-05
-6.55334082527699E-05
4.86303468873238E-06
-9.34567355847643E-05
-0.000195880866463634
-0.000198376070915469
-0.000139746559275153
-7.94358553202727E-05
-5.06607680454638E-05
-0.000113974013216507
-0.000115435294139029
-3.69665082627125E-05
2.32225605666579E-05
3.95181178448499E-06
-6.16759946286952E-05
-9.21008428923081E-05
-3.74872747449446E-05
1.23022874277959E-06
-7.14292422389014E-05
-7.19376591771311E-05
1.3491587715873E-06
5.04512407527164E-06
1.57325626454074E-05
1.68824149837111E-05
1.57686686614244E-05
1.01717782554732E-05
3.00727644386208E-06
-5.9724881021121E-05
-5.74355227711163E-05
-0.00012183124760768
-9.24127970259431E-05
-1.81357545769436E-05
-2.80370212224702E-06
-7.12793023828219E-05
-0.000148312065399471
-0.000110503016170652
-5.53407939245318E-05
-9.77459271631373E-05
-9.97613336906527E-05
-4.84515100155678E-05
-1.75644865803534E-05
3.94227150214251E-05
1.34522134728293E-05
2.19804341100618E-05
3.66061668370823E-05
3.61420623438529E-05
5.19133273187047E-07
1.64125642279694E-05
4.42030389831846E-05
1.25676064819768E-05
-7.67556720694526E-06
-0.000101236503226881
-0.000121944631501169
-6.22321452975452E-05
-6.52606043655771E-05
-0.000178593324289727
-0.000124505224823957
-8.7800654497491E-05
-2.49982017533934E-05
-1.12352468946643E-05
-9.00391721433096E-05
-6.83431070759292E-05
3.0016350215788E-05
-7.67008235477937E-05
-0.0002046213960944
-0.000178430360061189
-0.000227431033963795
-0.000145367281188899
-0.000221774463071694
-0.000217819917191391
-0.000232924628418898
-0.000125540529186534
-0.000140527976794902
-0.000108637135229952
-0.000245225241186633
-0.000235809873471005
-0.000199990915551933
-0.00018050620258303
-0.000212540689364761
-0.000248824470423509
-0.000218957976581839
-0.000107604242283658
-5.12947594832959E-05
-0.000161989360399624
-0.000121463274339693
-0.000198852676515197
-0.000114368486290699
-0.000240589068542022
-0.000278606269768531
-0.000274324021869121
-0.000254023133643127
-0.000258756997251675
-0.000176955499983722
-0.000268057434456386
-0.000149550644793974
-0.000136360090682067
-0.000217590770009184
-0.00019472253986861
-0.000220775947237471
-0.000273858188581829
-0.000285148931772168
-0.000272099088545012
-0.000295840036300469
-0.00021433969040214
-0.000171752679597352
-0.000147731899949824
-8.87873262863821E-05
-3.43668048904619E-05
-0.000100268026258035
-7.84023005643003E-05
-6.32124944185622E-05
-0.000159791798211352
-0.000130766502697271
-0.000100198470668067
-0.000117933294143534
-0.000157886385060655
-8.82831233539266E-05
-0.00011267158270203
-6.9767599453108E-05
-7.19113576910999E-05
-2.12280443827528E-05
-1.31214505370757E-05
7.72790338942788E-06
-9.67755638323496E-05
-0.000156267488773744
-0.000106555556153544
-9.31873780101045E-05
-0.000126625904730795
-7.39401717820391E-05
-2.53540639808144E-06
-5.3448609218038E-05
3.14868909978221E-05
-1.61069032518144E-05
-2.66651883035675E-05
-0.000101501353104538
-0.000100325337520938
-0.000158905343107856
-8.96581087583406E-05
-0.000174273271644233
-0.000116710795629072
-9.20957247739227E-05
1.03958454576017E-06
-8.52423044948415E-05
-6.78148297553126E-05
-4.94892847741952E-06
-4.21008078942573E-05
-8.99343681650718E-06
-1.96852209014398E-05
-4.51948364424481E-05
-2.81040094677226E-06
-3.74902139512435E-05
-9.10622132703339E-05
-4.48140335267E-05
-0.000124569002683221
-1.60607712016944E-05
-3.29777492570914E-05
-1.20889009948791E-05
4.91961305312099E-05
4.4045665529012E-05
0.00014514474224231
0.000131704718375669
2.45644111219057E-05
1.87389182491006E-05
3.92528328894977E-05
6.32282287656489E-05
8.62138246710791E-05
7.55815880844689E-05
0.000143686195630832
8.51460713218046E-05
0.000120803528005102
3.46278028400902E-05
2.31226416228986E-05
-0.000101411368604879
-0.000139881852624735
-0.000141529635273715
-8.93002299648025E-05
-0.000161607493639364
-8.38224814999414E-05
-6.34456714068771E-05
4.43993251464516E-07
-5.79029833153845E-06
-4.72441131863184E-05
2.11538936466914E-05
7.13316385478496E-05
5.30699060320375E-05
6.6310343282639E-05
-1.24348463540882E-05
-4.28723597691867E-06
1.39799657991541E-05
-7.77641390238508E-05
-5.64483362386145E-05
-4.40620029212454E-05
-4.05155235786708E-05
0.000165703671586112
0.000143804984997537
0.000112354235993497
0.000168234150102431
0.000146716559715644
0.000126386827888024
7.60282904410708E-05
-8.57773277421312E-05
-0.000142851767211848
-0.00010751621746776
-0.000144217052811088
-9.86656622524862E-05
-0.000100378702972336
-0.000102278464200638
9.37322142427987E-06
-2.04961758443884E-05
1.01434308908899E-05
-1.18412723777481E-06
-5.53082322187768E-05
-5.8593015197335E-06
-2.87537047137006E-05
-9.62589359547456E-05
-9.41328500090186E-05
-0.000124812743492164
-0.000127413092123338
-7.57837387325091E-05
-0.000147929358488792
-9.91379090479648E-05
-1.07840288754509E-05
1.48976189364494E-05
4.37997358195925E-06
-1.23298670792466E-06
2.67874886867289E-05
2.9565588739008E-06
-7.75042534703678E-06
-9.50348372266687E-05
-6.07847630369833E-05
-7.29806821547327E-05
-0.000131680234668231
-0.000225356516598598
-0.00011238541311103
-0.000159281995560595
-8.7664035261629E-05
-2.31662197709135E-05
-8.95075744150532E-06
7.04208811396993E-05
0.000100074574322314
4.60736800478274E-05
9.11420366964004E-05
-1.71875914391431E-05
-8.10573392809858E-05
-5.87802737335588E-05
-5.16338701871921E-05
-3.52623938434981E-05
-5.72104695896665E-05
-9.11008490131732E-05
5.16561633240207E-05
9.7885666939534E-05
-6.05714961660626E-05
-5.72349223018416E-05
-4.40839127599455E-05
-3.96550240650731E-05
-5.43924157939482E-05
-4.74245048539713E-05
-6.98763701542169E-05
-9.78055167477659E-05
-7.04521247194099E-05
-0.000103169214133691
-7.57184663517951E-05
-1.12030153771861E-05
-3.11537564139732E-05
-1.40441370299766E-05
9.09508661294177E-05
8.03074291289333E-05
7.93351839788717E-05
5.12017614231941E-05
1.90528995210544E-05
-3.36033208653942E-05
-5.95443505211115E-06
4.32812569316831E-05
-7.82378568191248E-05
-0.000166272980058181
-8.0148487576504E-05
-6.73960083521889E-05
-2.445900291764E-05
-8.14556762552326E-05
-4.46712818877369E-06
7.44532433141588E-05
0.000231632617033972
0.000190874819128876
0.000144720507436576
9.8147833997299E-05
0.000142538104759464
6.54269660029872E-05
3.65993552837884E-05
4.4597943774252E-05
8.82698690641122E-06
6.54556631024032E-05
0.00014212657783692
0.000132884334246077
0.000124871826551161
0.000195039904066042
5.68707133091614E-05
8.40575664761574E-05
0.000107624678213071
-7.0098252476027E-05
-2.78239795535359E-05
2.23161179994977E-06
-1.79799004360594E-05
5.8499974525038E-05
1.63952657515741E-05
-5.60065288475079E-05
0.000109340336475721
3.49872276908032E-05
5.66316107234317E-05
2.22197645767921E-05
1.71544721708764E-06
1.21531563970686E-05
1.80083950856984E-05
-4.03415458951284E-05
-3.30760292647759E-05
-4.49801722710488E-05
-3.44054511190745E-05
-5.81919242510869E-05
-6.61336139243348E-05
-1.96940500275851E-05
-2.59578150641774E-05
-1.88443972844738E-05
-9.12948534805844E-05
-6.97886517034239E-05
-4.29303332762926E-05
-4.64284210428942E-05
-0.000134837816655092
-0.000138209670290337
-0.000123000959840261
-4.49881847696555E-05
-3.80258487588363E-05
3.0022165735918E-06
-1.86828329854523E-05
-2.0350861577592E-05
9.56926442149313E-06
-3.49269927668115E-05
-5.21832997320378E-05
-0.000116077019617134
-0.00014195568947398
-3.93879112492936E-05
7.71331188954487E-05
2.12666177921175E-05
5.85621552015798E-05
6.9929900383997E-05
0.000122421837382146
0.000114765794713424
3.76389869768564E-05
-2.94425304907523E-05
2.61019459751492E-05
-1.95628789366385E-05
-0.000106941451132345
-8.15064969655675E-05
-0.000147003040061943
-0.000204761020667603
-0.000195829061060141
-0.00019086123890038
-0.000158374532901281
-0.000102796155544032
-0.000125178086224575
-0.000130500691282192
-7.1813761592564E-05
-0.000100858748665779
-9.50649369716818E-05
-2.32196348939158E-05
-3.95384528266079E-06
-8.4262006339395E-05
-7.25077004962667E-05
-3.80369100435873E-05
2.03972713164258E-05
4.94047199915938E-05
2.73018353240624E-05
-3.66022677405052E-05
-1.21724498654325E-05
5.67242756934232E-05
5.09026185485439E-06
-3.62143072040528E-05
-4.14801133448905E-05
-6.07324742605187E-05
-7.48920120196892E-06
1.1951454829513E-05
-6.79591351726904E-05
4.39277682450179E-05
3.90619594009522E-05
-4.79045218160927E-05
-7.23988511528138E-05
-3.91543064639351E-05
-2.16797125418379E-05
-5.72352617199255E-06
-7.62662381474406E-05
-9.20958262001432E-06
9.88300093731648E-05
2.49234963054267E-05
2.70636985440627E-05
4.91265931822343E-05
0.000120996007846716
6.58963432493995E-05
8.93703677947173E-05
4.93331497817448E-05
0.00018683129495345
-2.59475427735456E-05
-7.86954019608757E-05
-0.000113585052549895
-8.36867029924647E-06
2.23855199435222E-06
2.31732988340269E-05
-5.18884925937664E-05
0.000225638612297691
0.000254077289818247
0.000368764384460933
0.000557597517698322
0.00054299864450451
0.00050970084886566
0.000520731602366523
0.00041628112665767
0.000422542340584969
0.000313550714135896
6.87388517485793E-05
0
0
0
0
0
0
0
0
0
0
0
0
0
0
0
0
0
0
0
0
0
0
0
0
0
0
0
0
0
0
0
0
0
0
0
0
0
0
0
0
0
0
0
0
0
0
0
0
0
0
0
0
0
0
0
0
0
0
0
0
0
0
0
0
0
0
0
0
0
0
0
0
0
0
0
0
0
0
0
0
0
0
0
0
0
0
0
0
0
0
0
0
0
0
0
0
0
0
0
0
0
0
0
0
0
0
0
0
0
0
0
0
0
