0
0
0
0
0
0
0
-0.000496256187694711
-0.000558118490794649
-0.000408389305201662
-0.000435745977840211
-0.000333692205966375
-0.000247098818004711
-0.000170109962107712
-0.00011124896400986
-1.46357404160374E-05
-1.77078388566467E-05
-5.11294842285554E-05
-0.000109038288829976
-0.000125647960481798
-0.000151832830444983
-0.00015094345277884
-0.000145560993370091
-0.000130901809860745
-0.000163699158226077
-0.000143079565146293
-0.000185606904263732
-0.00017941820403554
-0.000102041141919625
-5.41597482250587E-05
4.12346602721771E-05
0.000104802150397405
0.000147930415993597
0.000108032310409609
0.000106337277525035
3.65779086278583E-05
-8.0330779288295E-05
-0.000155481405575296
-0.000209307801528737
-0.000223598065283715
-0.0001982518676976
-0.000181325859782168
-0.000198675046437595
-5.06544651851336E-05
-6.46061961256104E-05
-0.000100048189939477
-0.000155502941170415
-0.00015829179581099
-0.00013598269286743
-0.000139577011275214
-0.000197502746785588
-0.000172247438548931
-0.000146947051826891
-8.0281835947029E-05
-9.47780326485748E-05
-0.000144040753457465
-0.000133230588030349
-0.000178806693217627
-0.00017646335173028
-0.000197638854476095
-0.000206511147454622
-0.000155641295905605
-0.000153062643436922
-0.00019251370169547
-0.000183538356848616
-0.000177044454398993
-0.000148971632598961
-7.75471032867705E-05
-9.74525873924978E-05
-8.14764562537634E-05
2.85630253160643E-06
2.6857739492468E-05
2.5471459713777E-05
2.89939146736988E-05
5.5825914000524E-05
9.8984806223167E-05
5.73240895515883E-05
5.95151537859282E-05
0.0001049603641489
0.000113050736560159
0.000103875567559161
2.86593324676063E-05
1.56540321142017E-05
9.2837398528271E-06
-1.05855675650492E-05
-3.80123902262693E-05
-8.28078811375272E-05
-5.31098524355952E-05
-1.63564478084818E-07
5.16729912499851E-06
6.0733216056147E-05
7.04470465543567E-05
1.80790784345369E-06
2.53381878205995E-05
1.24287315779636E-05
-3.33464974176192E-05
-7.62981199589552E-05
-0.000108377550806656
-8.52353069729245E-05
-8.46348836828916E-05
-7.77760629364078E-05
-7.87846209051745E-05
-9.47079505081697E-05
-6.33438756991387E-05
-6.08536677039492E-05
-0.000122460467635574
-2.98380048146216E-05
-3.94491306170818E-05
-8.07522397196362E-05
-8.82473653053383E-05
-8.46855071763874E-05
-6.5684159323791E-05
-1.64839807442325E-05
-2.92107861577736E-05
-3.79029045659516E-05
1.57458838100169E-05
1.32565787688743E-05
-3.1776228056322E-06
-7.6236074502219E-06
-5.75609134558928E-05
-0.000109679364866832
-0.000155694355073099
-0.00020661349571337
-0.000281595237637035
-0.000322519012594383
-0.000293198154811417
-0.000280339460153634
-0.000322608675529875
-0.000261135044124169
-0.000316753064594783
-0.000252177710056889
-0.000175083618939482
-0.000225108150787981
-0.00022308923935738
-0.000123384754796255
-0.000111172961390958
-1.11905362417248E-05
3.57964894744911E-05
3.9351175655327E-06
1.06051402732806E-05
-3.82171511022385E-06
-4.02954728592317E-05
-4.53801546640454E-05
-7.736426719803E-05
-9.15656377345009E-05
-9.15606518874222E-05
-9.53988425155204E-05
-9.28010209116219E-05
-0.000137790148303481
-0.000155270984947697
-0.0001434669618957
-0.000119127167857842
-0.000117110855492039
-8.08792914409961E-05
-0.000113175482141616
-4.49092777986167E-05
-2.78269328051031E-05
-2.0176965373354E-05
-4.0795190754848E-05
-1.12812313291403E-05
5.61615248988922E-06
2.50202704431987E-05
2.07187498970333E-05
7.26457708496088E-06
-3.92868472405904E-05
-5.22895129491175E-05
-9.18276204174064E-05
-0.00015776644208104
-0.000148525324461325
-0.000193921003916144
-0.000172224104118441
-0.000126173278098503
-0.000105545693473674
-0.000111421230769374
-4.69899899646901E-05
8.82532230842196E-06
-1.52903362104259E-05
-7.60902995281976E-05
-9.18534715793092E-05
-0.00014688703755639
-0.000123224961507789
-0.000130787204801364
-0.000168988422610332
-0.000164783943007734
-0.000123602062062144
-0.000134250608901778
-0.000125997465568193
-0.000133535181686841
-0.00013539935561111
-0.000135030254525203
-7.31180766686855E-05
-9.86178206722447E-05
-4.2205807787477E-05
-3.32722370047556E-05
-1.82194097448379E-05
-6.33211499394672E-05
-0.000117626440736996
-0.000110529603150435
-5.25797108140421E-05
-6.76050052981183E-05
-4.62379798317277E-05
-6.29791281826796E-05
-1.95507656224243E-06
6.30618568906733E-05
8.72117113168915E-05
7.01870288905572E-05
5.50723893312968E-05
6.73262564871082E-05
0.000113184046284477
0.000105357980818445
7.50143111502572E-05
5.70851822791692E-05
4.12182756094062E-05
4.57291191667636E-05
8.14385181667893E-05
4.78120378507267E-05
4.80956646545865E-05
4.50710247760934E-05
1.2202528532356E-05
6.19356774616932E-05
5.47072097572014E-05
-5.102512193734E-06
5.01711258557679E-05
6.83010590484441E-05
0.00010069918770663
0.000101118166127434
5.88356983664701E-05
5.3845530745815E-05
4.86325363493847E-05
-9.15529282169058E-06
-6.0846899698002E-05
-3.73870029047919E-05
-2.26286497221627E-05
2.10811964969706E-06
-6.61407444058547E-06
3.14441929278687E-05
2.58669606027789E-05
2.99683037507375E-05
1.29866748982382E-05
-2.31695513826145E-06
-1.7549018179207E-05
7.85040147244403E-06
-3.40388307315026E-05
6.49471532013344E-06
1.47846107794647E-05
-2.35158859124486E-05
-1.95812144628715E-05
-1.15248460802063E-05
7.31560152840483E-06
9.21626211264778E-05
0.000100516504879719
0.000124634016270115
0.00017031330947872
0.000198239381660296
0.000179162838840743
0.000183283980492215
0.000134069864745672
5.09870434235809E-05
1.82324034899306E-05
3.24743737313363E-05
2.19097215837675E-05
5.43016246975734E-05
5.14757422496351E-05
6.25501541941692E-05
0.000116694875710917
0.000162608021910822
0.000142089550365085
9.35121944511704E-05
6.74261772919819E-05
5.4780302196782E-05
5.5321372275026E-05
5.87518190172535E-05
3.82645339182738E-05
5.94387674589417E-05
7.64156137039201E-05
0.00014501297762383
0.000118955125321501
0.00011707908957848
0.000134069089167192
0.000108499677187366
9.90865263559771E-05
9.32283037575953E-05
2.64780523796474E-05
5.3449420320371E-05
4.48431924967791E-05
6.5914370679494E-05
5.64939697572321E-05
4.95225899574188E-05
0.000121281746997196
0.000129673574365647
0.000133781146061707
0.000157157739787682
0.000110443103856751
0.000158858514518755
0.000175907678510557
0.000182410500305734
0.000208118850493347
0.000200436861263986
0.000219910300872563
0.000254887562558608
0.000270629104239362
0.000267058316685926
0.000213679163233227
0.000234009853319943
0.000260945407687046
0.000240042770289982
0.000222046007585394
0.000185321925763239
0.000171295413270988
0.000197976871158658
0.000169094518686628
0.000192971192184165
0.000196757807596301
0.000195852149814015
0.000221356782428522
0.000181313084822333
0.000182833174448617
0.000178612470367398
8.76965493470656E-05
7.96994338774336E-05
6.22824761640889E-05
2.53781038148587E-05
6.55532647026359E-05
3.56833947735856E-05
2.59882526304815E-05
7.83606693895846E-05
3.32179483096195E-05
1.62594066035028E-05
4.47930368505421E-06
5.48944314819266E-06
8.93693259817289E-06
3.40145653245528E-05
2.56827513497162E-05
3.13778963147835E-05
4.47566456666476E-05
4.58086234978114E-05
5.10741704744572E-05
5.9552903757096E-05
4.51058033127099E-05
1.73237681925405E-05
4.44079175180489E-05
5.1248090950313E-05
7.57383794054372E-05
6.46453958826326E-05
4.43206037186434E-05
6.84707310187828E-05
7.95998612746113E-05
6.54754793517084E-05
8.82862888595899E-05
6.05540640924903E-05
7.18010545441261E-05
7.84609960747206E-05
2.55697301220467E-05
3.22918557752104E-05
1.99343927141915E-05
-5.18072837354424E-06
2.43066343169257E-05
2.45005084135304E-05
4.30058997582937E-05
4.8346786487191E-05
6.53973021369215E-05
3.68372482651501E-05
2.24621173462363E-05
4.08942373376287E-05
2.90824330779413E-05
1.67472821470457E-05
7.28441049238449E-05
4.73161666079708E-05
0.000101204008612261
8.81983129991203E-05
5.89290692931062E-05
6.57280834777516E-05
0.000103231485240269
4.7730898417218E-05
7.66917247191284E-05
9.11929553864162E-05
0.000114168823599343
0.000111445416030552
8.98339838869658E-05
7.26986304168607E-05
7.78798893172652E-05
8.68387447759393E-05
9.98892466071928E-05
0.000103231928590442
9.39541201568723E-05
0.000131082315656075
0.00015053171165603
0.000137921593182659
0.00010650043899023
6.09013080945202E-05
6.47069769364488E-05
8.00874554249418E-05
7.95603485407206E-05
5.8786925708191E-05
0.000106545930816317
0.000113628792241165
0.000174631799153534
0.000167015162592201
0.0001158463352327
9.42396338199243E-05
8.91523100764473E-05
7.16461934474166E-05
8.71111543778951E-05
5.93500855014954E-05
5.99502091090468E-05
9.25592246466351E-05
0.000118049482337771
0.000120971180095236
0.000114442409391869
6.82248105795647E-05
6.13202950387319E-05
9.34713863306101E-05
9.46041630427281E-05
0.000107284115139283
0.00014677648853505
0.000187598295491769
0.000197388839781301
0.000205047286270506
0.000166106376175492
0.000182235938810727
0.000140991471867411
7.53440875147615E-05
3.91947025113206E-05
4.97676450828367E-05
5.09970378164599E-05
7.63187541016468E-05
0.000130222197336358
9.88836086177659E-05
0.000129502593262717
0.000127505572638938
0.000134401438743797
0.00011749807382099
0.000143244600108026
5.2118387338939E-05
0.000131089590642947
9.87676403550975E-05
7.85852298368154E-05
9.58018883586077E-05
9.99860723372805E-05
2.2087220758662E-05
3.13746644065503E-05
-2.74348048325174E-05
-1.98575811039182E-05
1.4786161610673E-05
-2.49541157120789E-05
-4.58164836528226E-05
-1.90894129497111E-05
1.88218579650686E-05
2.59774395199082E-05
5.01320301777787E-07
-8.40266219976696E-05
-4.37768101213679E-05
-3.3808595076804E-05
-3.20141321887031E-05
-4.89949057563323E-05
-3.42977677635414E-05
-1.92725302732906E-06
4.63639458983392E-05
3.77717309855001E-05
5.63768717434023E-05
9.66960994630886E-05
0.000117741710448564
0.000114254310654412
0.000107330589369954
0.000135724923616601
0.000133280701551687
0.000120503633640754
0.000105307009992937
8.41028722482638E-05
3.09840821907551E-05
2.62885805305657E-05
1.90565955779403E-05
-1.1257636929555E-06
-1.62634674348331E-05
-4.51953588290633E-05
-3.86187053809786E-05
-8.78805750278383E-06
8.47546777616634E-06
-2.79159671410973E-05
-4.40666957552975E-05
-4.07411705141034E-05
-4.04743109539155E-05
-2.41046991857239E-05
-2.38198314650968E-05
-2.97097030666787E-05
6.70905168119472E-06
2.54146016114309E-05
3.10553892618355E-05
5.35533279477334E-05
1.99683484350403E-05
1.9697436467991E-06
2.71123879908834E-08
2.02329905338742E-05
2.40877501490678E-05
4.62305595736744E-05
3.94272449215523E-05
7.67314747450815E-05
0.000139974386842499
0.000156316722547101
0.00014726729346656
0.000104796437141337
9.48091970697743E-05
0.000100586643851511
4.13865439316692E-05
-2.85963803756225E-05
-3.25018159833513E-05
-5.21363557660481E-05
-1.57066488953028E-05
-3.19394196489575E-05
-4.58020494980485E-05
-1.53517595996898E-05
1.58676037117469E-05
1.77931588228382E-05
-3.9466889926565E-06
-7.74855018090411E-07
7.86556327825359E-06
1.68849391414087E-05
-1.28274521133712E-05
-9.20415760499542E-06
-3.10579202973834E-05
-3.42950619884641E-06
-4.8586059582665E-06
-2.52362131275906E-05
-2.59580848756389E-05
2.6625042408225E-05
5.35529541740709E-05
3.17057507579974E-05
4.27506809407091E-05
4.6918462335139E-05
8.21647904044802E-05
2.99356732149069E-05
1.59199780318216E-05
1.50459198937053E-05
2.6335977535651E-05
-4.91140287175149E-06
4.05284441997784E-06
-2.70283386648129E-05
1.28145948612724E-05
6.06928477377348E-06
2.35584011433607E-06
4.58828943784237E-05
3.26567299040327E-05
5.55235339580323E-05
0.00012000142746429
0.000126451134740489
0.000154516334292639
0.000135442606542867
0.000129866689700249
0.000137677982268365
6.7245920453594E-05
-5.86232042683297E-06
1.46604538123123E-05
-9.04589559371134E-06
-2.01226932497401E-05
-7.08913814569077E-05
-4.07515071798383E-05
1.66088740730176E-05
2.38668643304569E-05
2.75237321662214E-05
2.28793113836671E-05
4.90312279611478E-05
4.77150615970774E-05
2.07265219015376E-05
-3.14156557433254E-05
-3.4395006888252E-05
-7.42097512474283E-05
-5.52738857568463E-05
-5.70788026055793E-05
-5.15795427908987E-06
9.6899558998263E-06
6.83698752777377E-05
0.000104579008319073
0.000139051084512587
0.000177460887233472
0.000158578470291608
0.000116943903420927
0.00010641694370556
0.000103830194986537
7.87378963797278E-05
5.84870532180981E-05
2.16729448098863E-05
1.23383276632626E-05
5.54103400708687E-05
4.30919516222184E-05
-1.07034667907626E-05
-1.81459481873245E-05
-4.13225310143263E-05
-5.50023316212247E-05
-4.391329149719E-05
-8.06818329597135E-05
-7.64187873544714E-05
2.81415772518573E-06
-8.61580008340216E-06
3.06548098552587E-05
4.81716487855483E-05
5.5094792114244E-05
6.57217832708496E-05
6.74676341142642E-05
-5.52719188480721E-06
1.93760856767421E-05
-9.97625432069175E-07
-1.30858090075549E-05
-1.59363746178233E-05
6.01296621849639E-06
4.21884475164235E-05
5.26988733515787E-05
2.93843112387005E-05
8.07382711580224E-05
6.56596626697474E-05
4.45771408854695E-05
2.70821185419266E-05
-3.39927046525057E-07
2.80134387496099E-05
2.35607074878302E-05
-1.50958109523519E-05
-1.66832035280851E-06
-4.14777514142895E-06
-2.32278713955432E-05
-1.07979815260908E-05
-1.49499377201193E-05
-1.14421041700473E-05
2.11039855288475E-05
3.63957321767837E-07
2.92130274236669E-05
4.31474677245117E-05
7.3408338612787E-05
3.4534742954702E-05
4.45708290027144E-05
1.93034781554061E-05
4.69752896587641E-05
4.19598551553101E-05
4.82561220493399E-05
1.57058547580826E-05
6.19761040133226E-05
5.02322616407263E-05
4.58021828862915E-05
3.28948724268652E-05
4.81867706641419E-06
1.24801826340675E-06
1.71171085002787E-05
1.34776816538885E-05
6.66441134438907E-06
5.52724039447019E-06
-1.25286365166741E-05
2.26831465382045E-06
-1.75111740337913E-05
-3.88798854046275E-05
-6.09516965553052E-05
-1.47757539512821E-05
-6.25183096027888E-06
2.03215632505984E-05
6.30603983237276E-06
5.85511694357147E-05
3.9480172378584E-05
5.54258182596018E-05
3.75833012568907E-06
2.64567506839238E-05
2.20131976692716E-05
1.76681372670698E-05
-2.57849440429659E-05
-2.24241259174489E-05
-3.40603422657148E-05
-6.06841635119325E-06
-2.13987339957627E-05
9.02639355403558E-06
2.69860502278937E-05
6.00865646258938E-05
8.03699855431292E-05
8.06539621794346E-05
0.000124847101486963
0.000125123828139185
4.08377074781425E-05
6.74807324484809E-05
4.01056562941734E-05
2.31571116589287E-05
1.14252780682505E-05
-9.26304541483236E-06
-9.90394045451151E-06
-1.92419284659048E-06
-2.95862430300781E-05
-2.05741325525184E-05
1.61514510789971E-05
5.06156005069576E-05
2.97002534406157E-05
-5.78942728120399E-06
7.5982084253431E-05
4.65459956062034E-05
-5.92113227756726E-06
-3.84033217807646E-05
-8.7426793710301E-05
-9.5012194220512E-05
-6.87270113361752E-05
-9.73324833137192E-05
-4.08628198589759E-05
-9.28298097170723E-06
-1.40762396528946E-05
3.17909662980026E-05
8.84653851861825E-06
-8.3911128261072E-06
2.22909897579059E-06
1.97538328005494E-05
1.50863945268674E-05
2.18903074264653E-06
-0.000115131943429513
-8.40178605961586E-05
-5.75477910155457E-05
-5.52868789140257E-05
-9.17047604132878E-05
-6.75513841505528E-05
-4.13547211241615E-05
4.79707355639568E-05
2.6143622038709E-05
1.27580681520976E-05
-5.25631060790601E-05
-5.9467324818209E-05
-6.10691699007601E-05
-6.39273038746399E-05
-5.376358318058E-05
-1.26992545410924E-05
1.02175790884245E-05
3.13784482748674E-05
3.54689709129012E-05
3.98938423813189E-05
4.87129213408096E-05
5.5199347357524E-05
1.37404723139411E-05
1.41456093808497E-05
3.25567203022389E-05
3.14475186150237E-05
9.11302230227788E-06
2.56046994370297E-05
-1.26859290864279E-05
-2.53434349866325E-05
-2.06646052819051E-05
-2.92618996445988E-05
-1.90168208071341E-05
-5.31507908048186E-06
-2.32773173858273E-05
6.35125421261058E-06
3.87840176737005E-05
-1.10990441803085E-05
-1.02077845409259E-05
-3.6093394602336E-05
-2.63055310586976E-05
-2.75910563615731E-05
-4.95874599722262E-05
-6.00402087277937E-05
-5.62043212777331E-05
-4.92676151854415E-05
-2.67130688310559E-05
-3.22559694766331E-05
-2.6101469157875E-05
2.21352120110521E-05
1.01183329284402E-05
2.47447281735139E-06
-1.62106353206021E-05
-1.63706565780823E-05
-1.58563906441768E-05
-2.55164972458751E-06
-4.79833006767806E-05
-8.11426258547456E-06
6.21983587438726E-06
3.27872685830891E-05
5.19058392940994E-05
4.32916463106919E-05
-6.60516191292528E-06
8.98490637563197E-06
-1.70469599288868E-05
1.2557249614774E-05
-5.11329385625688E-06
-4.56544881856982E-06
5.03643244775058E-06
2.54439108390114E-05
4.86976227988645E-05
4.17609971201155E-05
2.65000070826673E-05
3.37000268711787E-05
4.73271310914992E-05
6.00373916476398E-05
5.4542912496204E-05
7.0269065254672E-05
0.000110693872059402
9.62959727776358E-05
9.20980533513715E-05
3.98950129810257E-05
4.25456774440447E-05
6.92349674628379E-05
5.95398707379484E-05
4.89303880698464E-06
1.748280320525E-05
2.81540462699245E-05
5.10572444790963E-05
1.60521446396456E-05
-5.23124868771687E-06
-1.54697359429804E-05
1.46395996222899E-05
-3.37372617793808E-05
-1.73184607298259E-05
-2.99863307424473E-05
-2.4095558259818E-05
-2.09797022637954E-05
-3.5434104545686E-05
-6.70407103562823E-05
-3.54238249346962E-05
-6.16386746180876E-05
-3.12828882950168E-05
-1.21935833776152E-05
-3.42764329386643E-06
9.71757741870592E-06
3.69341883380755E-05
1.98904933012895E-05
2.43725328433645E-05
-3.04582459250609E-05
-2.43558008559644E-05
-5.6217575788555E-05
-0.00010392188245269
-8.06445283614807E-05
-4.56851451935425E-05
-5.86996065459088E-05
-2.73581312773482E-05
-5.76157614392524E-05
-2.01286978874838E-06
3.4214212671741E-05
2.16927982492085E-05
-1.58479804049807E-05
-9.55716233642634E-06
-3.95604786559911E-05
-1.18400419947135E-05
-8.18971622280754E-05
-6.93592456618457E-05
-7.04827393307483E-05
-8.00952389326898E-05
-8.38065060440327E-05
-3.50362951195111E-05
-4.78288460884892E-05
-3.19891029604749E-05
-1.89226835124529E-05
-4.42896330888656E-05
5.57537193016075E-06
1.78201859599916E-05
7.37515538700549E-06
1.77040586438551E-06
2.649232825112E-05
3.26676146838535E-05
6.75232716402661E-05
4.34936631322893E-05
8.66131546974058E-05
7.48443020243162E-05
6.25408166673968E-05
6.36794336995078E-05
5.38923108603908E-05
6.44258521280471E-05
5.23708861713048E-05
2.82787058841368E-05
2.98574713494586E-05
4.00725876724285E-05
3.82830532803594E-05
3.50013726215999E-05
3.81803089453372E-06
-2.31051916784891E-07
-2.12916621923744E-05
-1.81382636897995E-05
-5.54563557280345E-05
-3.32282438780837E-05
-6.95289499236164E-05
-5.69318583723273E-05
-4.71168640174799E-05
-3.0381698210107E-05
-1.40592422466959E-05
3.81316871722213E-05
1.46700207655109E-05
3.70110796724136E-05
3.71371747216338E-05
3.35817732873192E-05
5.5180399610042E-05
2.39020326458798E-05
6.16335354617038E-06
5.89605772155398E-05
8.44400543486406E-05
5.44713760296904E-05
8.1424987515158E-05
3.09995239003289E-05
6.96271845901645E-05
6.82701994842717E-05
1.92421120878087E-05
-2.6159608936174E-05
-2.11265328043434E-05
1.12159275943448E-05
4.44546673080055E-05
3.82182062059051E-05
2.49381792382656E-05
3.2800147796807E-05
4.6181792722695E-05
7.35136984762996E-05
5.23220395731593E-05
4.62074822488941E-05
5.10463742555453E-05
7.92317979274776E-05
7.36383976380713E-05
8.25798578093199E-05
6.91109926932657E-05
5.50545775850809E-05
5.70318268516356E-05
3.37828794819969E-05
2.19112874009778E-05
6.01536397152351E-05
8.88576871767195E-05
0.000112399586575223
0.000106997196087403
0.000114632525712508
9.4557973756706E-05
0.000100137753414724
6.05892414742629E-05
2.96123424735931E-05
2.9102745474504E-05
3.54097594414531E-05
1.190352768743E-05
3.99847862784658E-05
5.08663451351565E-05
5.54796108194134E-05
9.01209677566211E-05
9.42265744117779E-05
9.93963464480553E-05
0.000105988411627069
0.000125328597433625
0.000115292203395806
9.35333095372307E-05
6.51978304434711E-05
6.60850608179346E-05
4.84342811879441E-05
5.88292012449836E-05
2.68024503174323E-05
2.95725981704612E-05
3.20694824110892E-05
1.70693482447959E-05
-4.07522780319634E-05
1.78595079852726E-05
5.08315859545517E-07
2.09725226737172E-05
1.90017687195725E-05
5.4565148795966E-05
5.77288016652048E-05
9.1263984689221E-05
4.93975523736156E-05
7.96260695439429E-05
5.88557644251387E-05
6.90079809335169E-05
6.20740968556073E-05
8.31555407636064E-05
6.63828725630401E-05
6.3157101280536E-05
2.6183821233317E-05
2.82982719237498E-05
2.67646729484739E-05
4.04621349643186E-06
-2.40176082919025E-05
4.80495567231329E-06
-3.48290870836572E-05
-4.6906937453928E-05
-6.4997488903731E-05
-6.93656911446523E-05
-6.72441461915716E-05
-5.2334326323985E-05
-4.94770945187169E-05
-1.75580143699768E-05
2.946210269312E-05
4.52113739882826E-05
7.63069544946161E-05
0.000101021424562046
7.46051392989208E-05
5.95427435914119E-05
4.66899295726029E-05
4.403681126106E-05
3.91893120946148E-05
-1.87510167188652E-05
-4.03294546960289E-05
7.24866451098499E-06
1.17226066138429E-05
1.7950792457646E-05
2.87562095882123E-06
-1.45393364834913E-05
2.21813511463771E-05
8.35195334536119E-06
-2.02249307519452E-05
-1.68729160014204E-05
-3.37004052886291E-05
-1.50951943409604E-05
-1.56486005803127E-05
-4.62171443812719E-05
-1.13172326519944E-05
1.69196599274425E-05
1.53634581391425E-05
4.27444722713371E-05
1.2580990581143E-05
4.71534026191261E-05
3.01514985440249E-05
6.82483376237787E-06
-1.89614212465646E-06
-1.86971693892642E-06
5.13041096090802E-06
3.26319801893122E-05
-1.04002843837948E-06
3.54767532509872E-05
6.28049190692447E-05
3.13444723273807E-05
1.6382264927132E-05
-4.01556848181586E-06
-4.74168621213148E-05
-6.11408063991929E-06
-2.57399654586816E-05
-4.7577074126154E-05
-1.34526413054189E-05
2.71491748094893E-05
3.15107931383444E-05
5.68684357404072E-05
3.83026399522192E-05
5.52196920592364E-05
4.6289300123812E-05
1.02362329365289E-06
-1.96475206637994E-05
-3.95059626419814E-05
-3.19924819655254E-05
-1.71812375101478E-05
-1.08842024165687E-05
-1.47816096228713E-06
2.02341351359589E-05
-8.48576101431916E-06
1.12034415357484E-05
1.41336449686361E-06
-1.60735588201513E-05
1.6828629545905E-05
3.10016733116361E-05
2.74571414631101E-05
4.23136417825006E-05
6.04126331356464E-05
4.83183776142298E-05
7.58027398539059E-05
2.53880383378174E-05
2.2986870596885E-05
2.4575035563104E-05
1.62721651934567E-05
-1.54715150598455E-05
1.26636627523548E-07
-2.97949882634219E-05
-3.58679281087304E-05
-4.91798051948866E-05
-4.62619258465845E-05
-3.58359638003874E-05
-1.50586167420644E-05
-5.43327736856564E-05
-6.91874289672463E-05
-5.41543384181796E-05
-6.99850627394953E-05
-8.28025409360874E-05
-0.000106232847268154
-8.5486203605077E-05
-4.25924914015364E-05
-6.00944347702938E-06
-1.93588981754853E-05
-1.77917545230041E-05
-3.61043106793141E-06
3.30198831923825E-06
-3.68975282282818E-05
-6.96635728078974E-05
-8.04357040086617E-05
-8.16316569464587E-05
-3.93622734021038E-05
-5.93960589529044E-05
-1.42447567021668E-05
-3.31650851214002E-06
3.55329505811437E-05
2.04347945557899E-05
5.49565626470846E-05
3.62691761829056E-05
5.37571124883794E-05
8.39276080606963E-06
2.07632278364286E-05
7.39164648609438E-06
1.68521002728666E-05
-2.32094873875018E-05
-5.13702982382417E-05
-4.0844021859578E-05
-1.52005108911928E-05
-1.50895099936706E-05
-2.65037585456474E-05
-1.21033157345404E-05
-1.17274580945053E-05
-1.70955968725495E-06
1.11315257456088E-06
2.49435503744887E-05
1.89983002944397E-05
4.03009648435155E-05
5.16049162721965E-05
7.12915354556063E-05
0.000111097795292849
8.45433051580129E-05
5.21804588995619E-05
4.46595786548682E-05
3.54872728379164E-05
1.81400823392417E-05
1.23900275195837E-05
5.11189828271991E-07
3.12996980302007E-06
2.62772261129502E-06
4.0765472207287E-05
1.34168081285508E-05
2.68479617758864E-05
1.89104555810788E-05
2.81488681508314E-05
4.78425877129185E-05
3.26926480508001E-05
-3.8853662461318E-05
-8.88470681849306E-07
-4.34883290426783E-05
-2.12505636951381E-05
-4.29958904959312E-05
-4.44762462704252E-05
-4.65361785946891E-05
-1.9486379891275E-05
-4.3163055869884E-05
-3.25505836758784E-05
8.50366290104194E-06
-1.47165792152489E-06
-1.3386030473097E-05
-9.49536040097484E-06
2.50756976601664E-05
2.83545133831281E-05
5.52178949730712E-05
-5.29263055141383E-06
-4.49810324057572E-05
-3.4806196253316E-05
5.36368026393696E-07
-2.20219215244203E-05
-3.6442768637697E-05
-4.7708852329231E-05
2.80671993085223E-06
4.05833802863472E-05
2.80713760529345E-05
-1.85116877852755E-06
-2.04020979730141E-05
2.57232557535912E-05
-8.3047186754067E-07
-2.77456734589786E-05
-1.53572032011703E-05
-1.0218920905099E-05
-2.79105309784888E-06
1.86922955849853E-05
-6.35274294075321E-05
-2.19904592920174E-05
-3.78074179568702E-05
-3.35090889107409E-05
-7.54199227767335E-05
-5.24100253632624E-05
-6.71884076498033E-05
4.81822829247531E-06
-9.21572727316708E-06
-1.82288855040871E-05
-8.20899707992813E-06
2.23873392062128E-05
2.72406982546192E-05
2.32278055067446E-05
5.29160685405229E-06
-1.68853159028753E-05
7.34506229489436E-07
-2.04064621607953E-05
2.48866856534386E-05
4.84884220740002E-06
1.98252704750401E-06
1.73066387394946E-05
4.0422856835005E-05
6.44846505861975E-05
5.12811274954881E-05
1.9620810922819E-05
-7.4961755318837E-06
1.14697984814346E-05
8.35543965085227E-06
2.673446693857E-05
2.34997272754534E-05
8.36570826863764E-06
-1.47135832765839E-05
9.23612725212363E-06
4.8255027899001E-06
-9.69353724109758E-06
-4.03054655736725E-05
-4.37466067601088E-05
-3.59241437652756E-05
-5.19747681716281E-06
2.19295584658585E-05
1.76821602186629E-05
1.93286688544485E-05
3.69511808335688E-06
2.23605533360899E-06
8.95422981521269E-06
-1.01452247822131E-05
-5.12464675065893E-05
-5.20530869854323E-05
-3.19388812730131E-05
3.20745231104491E-06
-5.64218624355719E-06
8.72725214700577E-07
-1.42215564792446E-05
-2.10780733760289E-05
-8.0970568172843E-06
-2.8485861816425E-05
-4.52070345198104E-05
-3.07239829187103E-05
-3.45035111613845E-05
-1.71161428047529E-05
2.97040838789467E-05
-2.87667075154102E-05
-3.11886408209742E-05
-3.81057094012615E-05
-3.61206689997489E-05
-4.5335714371455E-05
-7.07233863032266E-06
-5.65975497251725E-05
-3.9160334820043E-05
-1.43777637140808E-05
8.57369921036114E-06
-1.2028466046645E-05
-1.80466731084252E-05
-4.22351198835845E-05
-4.33715945061721E-05
2.5287855742867E-06
-1.29118229010619E-05
1.49616053354074E-05
2.89723541069477E-05
4.6560427960676E-05
4.00672530658164E-05
4.85818997246691E-05
5.85584735000022E-05
1.25930143455961E-05
1.35994018551481E-05
-1.1703670750324E-05
-1.34409407962481E-05
-4.33156555132945E-05
-2.99671327596702E-05
-3.00522356923727E-05
5.59969126126278E-05
1.60802659844493E-05
4.36587378397237E-05
3.75432752611549E-05
0.000103632815180422
0.00010526826552199
9.09947766124996E-05
3.74364821524945E-05
6.40893670708865E-05
5.50579700311329E-05
5.99924962211742E-05
4.35347976802903E-05
3.55042508030927E-05
1.33746588348122E-05
4.14599405896909E-05
1.84928614912814E-05
1.12928103799979E-05
1.90534306308591E-05
2.08374514283136E-05
6.09242154335287E-05
0.000147986210860352
0.000155394945915218
0.000150074382380565
0.000160004863835866
0.000137697456092636
0.000118313854050547
0.000106895727417296
7.02408583010909E-05
5.67076203704695E-05
5.61982928220207E-05
5.58105909245297E-05
6.9954624119798E-05
0.000100708721912641
6.65791465520101E-05
0.000102655853658197
0.000119831269017064
0.000163378508356992
0.000179584909376121
0.000217548776625331
0.000198528374022586
0.000227999986750917
0.000237007596861712
0.000242540555829399
0.000213544507943052
0.000166925393481878
0.000134772245901772
0.000115387529220033
0.000111139512960651
6.4149684960864E-05
7.45324977513477E-05
3.97133682129505E-05
6.12523295813961E-05
5.31553700312954E-05
3.15910543759297E-05
3.61052212744383E-05
-7.20542816191225E-06
-5.76317543820045E-05
-1.90576962311949E-05
-3.70571975987046E-05
-2.94685370869407E-05
6.56361365805254E-06
-1.03211374280855E-05
1.65139605663486E-05
0.000111002296516668
9.39394337732878E-05
0.000107780914341138
0.000159986435038339
0.000136794814549094
0.000159161898337559
0.000146273090341039
7.62565507145019E-05
0.00010008805113452
0.000123571342899298
7.73179138633908E-05
8.68824458715913E-05
9.87385429406387E-05
8.85115034475067E-05
0.000149630077738127
0.000125248661390626
8.97364504444812E-05
8.49966116242816E-05
0.000112314170139537
5.9771203494208E-05
8.20182201129917E-05
1.29312160819644E-05
2.45241379003984E-05
8.57535354004875E-06
1.67117907455576E-05
3.53675538668725E-05
3.12143068679453E-05
3.52103302424125E-05
1.80049902675386E-05
-5.8100637915916E-06
-1.66680765627116E-05
-2.66112234613511E-05
-1.67989436989513E-05
2.01144733424474E-05
1.40687391597157E-05
4.32122450060921E-06
1.01170522884544E-05
6.14126824018193E-05
0.000111964993856111
5.59350960584752E-05
3.1252080149652E-05
2.08562347835784E-05
7.0006998261474E-05
8.64359630874589E-05
8.61923601641774E-05
4.35573762980359E-05
3.87644327184459E-05
6.49072104900123E-05
7.33360832950173E-05
1.49437960570387E-05
6.68989332792771E-06
-5.42860344028823E-06
1.22745840907604E-05
1.73046917504681E-05
2.8031349040678E-05
7.79975023118029E-05
0.000121434863484324
0.000120878820184581
9.47096916688931E-05
6.2458524591151E-05
9.1450589115998E-05
5.42440683038372E-05
2.21432767527278E-05
1.0794859086236E-05
1.88590740954762E-05
-1.41034849594118E-06
2.53915686308734E-05
2.45885832315524E-05
3.44276464285705E-05
2.95786715341974E-05
1.14755534170429E-05
1.95059858826336E-05
6.0736842349125E-05
5.53997254407284E-05
2.54195897463986E-05
1.85928622371442E-05
-4.83247124285312E-05
1.99311938145615E-05
1.73516997053924E-05
3.1342343505237E-05
6.54314684949465E-05
4.44798673470186E-05
8.82256911931795E-05
0.00014282390245261
0.000117614905805967
0.000116016905841881
0.000107480985091086
6.87122085810856E-05
8.1467068569952E-05
4.8606429698299E-05
3.12832463723408E-05
4.68714984201634E-06
-1.87783965981713E-05
1.35182831758269E-05
2.05720937035675E-05
8.33364806782635E-06
8.88047107023816E-06
5.50408097327126E-05
3.68771282523869E-05
5.51430847379857E-05
2.45606085465528E-05
1.47127506032882E-06
2.88684963447131E-05
-2.87474896908069E-05
-5.92117876871643E-05
-4.70282028192821E-05
-1.51372990842966E-05
4.29032580176397E-06
-6.99379165190661E-06
-2.88087372715151E-05
2.0467399110698E-05
3.86640655824916E-05
5.51788003057225E-05
8.58005093658976E-06
-3.7784449401426E-05
1.27732997927963E-06
1.46705113009012E-05
3.09996176414512E-05
-5.93664286557222E-06
-4.19536086762634E-05
-7.12888247354274E-06
1.91605391513662E-06
-1.44703512520673E-05
4.92133945245284E-06
-2.46468805911447E-06
2.79465771521632E-05
6.40533226213952E-05
1.12852398621362E-05
2.35616436366642E-05
-2.55600848193066E-05
-2.47246128459517E-05
-3.00775903591921E-05
-3.31321339239132E-05
-6.78111712594634E-05
9.79051461353037E-06
-1.1442383681098E-05
2.70967957321797E-05
1.24792857507798E-05
4.42485812383549E-05
5.50215965256516E-07
6.17996348859924E-05
-2.61390310481224E-05
4.29783123772772E-06
-1.31118698173018E-05
-1.79624521711603E-05
-4.50210587737027E-05
-2.99046840272919E-06
-4.46743614654816E-05
-3.86397772807592E-05
-3.50691796902553E-05
9.03730051694612E-06
2.18403639774028E-05
6.56450671985012E-05
4.07050413819178E-05
6.35128546261877E-05
8.42461835773817E-05
7.9944508008393E-05
5.59587818746386E-05
5.64716637755202E-05
2.15497126918169E-05
1.20222305395273E-05
3.93160088529278E-05
4.48055662296783E-05
2.88934294306902E-05
-3.60505558488772E-06
3.71881949939397E-05
4.3948154859914E-05
5.11339565735221E-05
-6.22187200991452E-06
-7.23521210563822E-06
4.6682753978922E-06
5.06308747451585E-05
1.62942095016284E-05
-5.30520570478731E-06
5.52403179160911E-06
-1.04719031234148E-05
2.6468436023051E-05
2.42052374701097E-05
4.56005496191163E-05
3.53592031711348E-05
2.68665552372429E-05
8.9940323583931E-06
4.77724568795337E-05
1.14943070398764E-05
2.63921977305332E-05
8.45469255322076E-06
3.09299043124059E-05
6.97221433002294E-05
0.000109070846815465
8.04702844817114E-05
9.00601786095581E-05
8.86504377697708E-05
6.96843084726219E-05
3.3130464654173E-05
-1.27217131747432E-05
4.67551443031653E-06
2.19784346964997E-05
5.58664938274272E-06
2.49846817822075E-05
4.20479262487812E-05
2.39294159804844E-05
6.34924368164142E-06
-3.08213384962419E-05
9.35140290077901E-06
1.52520504817163E-05
2.85372792518176E-06
-1.35293538306253E-05
4.86029105659494E-05
4.63420843535437E-05
5.12656857371277E-05
-9.30816815388485E-07
1.94641927362722E-05
-4.09188228853475E-06
2.47912057785109E-05
6.69637575353671E-06
5.95745900725116E-05
5.25110099784727E-05
4.89837358140024E-05
4.41684889593047E-05
4.83238413277745E-05
5.30213272022923E-05
5.39108811790732E-05
2.34856359925566E-06
1.41298308504851E-05
-1.62057971853131E-05
-2.02674793221198E-05
-5.73939950521074E-05
-5.07539796746349E-05
-5.74063145802165E-05
-9.19282413988784E-06
-1.7687166136938E-05
6.06072935468575E-05
1.95717597709948E-05
5.9169187387259E-05
3.89859914079173E-05
5.43231705912698E-05
4.18621068733497E-05
6.92045614365006E-05
6.89412894822318E-06
3.18244464024683E-05
2.49005969124063E-05
6.13125410342758E-05
7.22742214113233E-06
-3.7979904570836E-05
9.23142026877547E-06
3.47279144239176E-05
3.78493126539897E-05
-1.40074721891852E-06
-3.05716956071698E-05
1.23058860071018E-05
5.16992531655124E-05
-9.3648381279002E-06
-3.24238037781144E-05
-3.77785083514134E-05
-4.51731642795964E-06
-3.57470618401015E-05
-7.27369561954324E-05
-7.78023367659909E-05
-0.000102898553469052
-9.80314244128509E-05
-5.89610450582149E-05
-3.2979982188669E-05
-3.06582752661451E-05
1.86104669407051E-05
2.71768886366855E-05
7.02105295216176E-05
0.000104695070140083
4.77711507860538E-05
2.60161691522727E-05
5.42828475338568E-05
2.32445087864776E-05
2.63503868491715E-05
-7.25372820196863E-06
2.97230454757388E-05
4.99368692789047E-05
7.78042824757276E-05
7.28948236336667E-05
0.00010364326677142
0.000112657494293535
0.000116652217579046
4.51471690961668E-05
8.12059637597013E-05
0.000109398377247882
8.54240888931436E-05
6.43425134971738E-05
2.56633134167189E-05
1.27300854432436E-05
4.3444060205772E-05
7.02337481865865E-06
-3.03526948657042E-05
1.96754435017327E-05
-5.88519300710263E-06
2.62272321764271E-05
4.02057823693449E-05
2.21192312129398E-05
8.70696325210254E-05
5.90244569714875E-05
1.75968490469017E-05
1.11917432656821E-05
1.38196592733231E-05
2.12691003892426E-05
4.60471553390542E-05
-4.07324090704691E-05
1.18857343619263E-05
3.13057250716381E-05
5.02352054228914E-05
2.42457119316225E-05
-1.58457766670631E-05
-4.5231234352504E-05
6.97120964642674E-07
-5.10198600621113E-05
-6.75718549543436E-05
-5.60427669167441E-05
-1.20164511313975E-05
6.08662654085857E-06
4.1869699185281E-05
2.784909157476E-05
5.12474910398537E-05
8.33983901369605E-05
0.000101059245605204
8.31286814361498E-05
9.34675004380869E-05
7.53997780906059E-05
5.61126406056246E-05
6.32118804964976E-06
-2.43850539156384E-05
-2.77165602414987E-05
-2.88926237214009E-05
-3.36682943409591E-05
-4.49515471933393E-05
-3.32394176573342E-05
4.1991171172503E-05
5.34697747515926E-05
9.61892677022088E-05
7.37168670893364E-05
1.79554648396905E-05
8.46190787058989E-05
8.12729557757053E-05
6.0180351740974E-06
-2.50018237863455E-05
-7.92215626849836E-05
-5.72192533270045E-05
4.56942862173434E-06
-6.38951932699868E-05
-4.56395725288341E-05
-1.61966310531742E-06
3.20088718291871E-05
8.65277536729692E-06
2.33595996310469E-06
1.06745519901391E-05
-1.94770835725438E-05
-6.88914477908037E-05
-4.05190382244808E-05
-7.61614499997487E-05
-1.58027849805248E-05
-3.11976876072633E-05
-2.18932535489361E-05
-2.50484081377674E-06
4.66971669975966E-05
5.30550772674382E-05
5.67265856224587E-05
2.46187316582496E-05
4.70192999479881E-05
1.68820666532849E-05
1.05073075098728E-05
2.44101320949954E-05
-2.85076286852059E-05
-2.45131454160022E-05
-2.87522243606364E-05
-4.0546528578334E-05
-2.55410576580108E-05
-8.05944310155301E-06
-3.10182328729758E-05
-4.47394190956284E-06
8.702814966857E-06
3.12719465905816E-05
2.03255510353035E-05
1.32384658141312E-05
-6.77321019530262E-07
-1.50239819224771E-05
-3.7002113955552E-05
-4.35615960145644E-05
-2.23023773974963E-05
-2.30958329978715E-05
-2.81673696579327E-05
-3.51947417583413E-06
1.31386009512488E-05
3.84424707428704E-05
5.15918708985727E-05
1.5203555899053E-05
1.68126593473394E-05
3.15522422482248E-05
2.17554001273102E-05
-2.19409128757271E-05
-2.84564223753012E-05
-4.77402381877063E-05
-6.75802455425382E-05
-6.49666963057448E-05
-9.10067045428595E-05
-7.7593244832633E-05
-3.07488736386858E-05
-1.32190514511395E-05
4.91769952632927E-05
2.37164367892276E-05
1.21794167318551E-05
1.11161362020123E-05
-8.4183061093985E-06
1.4868143435877E-05
-7.32101600950575E-06
-4.02571957958583E-05
2.64822515606636E-06
3.1478120595632E-06
2.87568333627966E-05
2.40536290197758E-05
1.07609235510872E-05
1.35067641120846E-06
-3.78969614909062E-05
-3.76325953792212E-05
-1.22913708040287E-05
-4.12857930795387E-05
-4.41945206963552E-05
-3.47395147950653E-05
-2.27945979473236E-05
-1.03397906973652E-05
-2.7333504098395E-05
-4.40592212422801E-05
-2.73570091866909E-05
9.81475833329947E-06
-1.07930096391905E-05
2.41546218485602E-05
-8.64107147897437E-06
-1.30300654934049E-05
1.83407957235939E-05
2.13191702024267E-05
3.4610041240463E-06
-7.23133051067748E-06
-6.18775293507867E-05
-3.14280615249938E-06
-1.65521677028594E-05
-8.44304552537519E-06
1.42867362389434E-05
5.18987324449179E-06
7.59711872015117E-06
4.40100118774096E-05
2.65504315573536E-05
4.84376350551515E-05
2.05694943640096E-05
-1.72207094397061E-05
-1.92586649905101E-06
-1.52364871206807E-05
-4.59327573246483E-05
-4.07817731889299E-05
-5.60630007461127E-05
-5.21186318722672E-05
-4.72761629860357E-05
-4.41602142675467E-05
1.7409018896436E-05
2.66667406077432E-05
-1.40937740539585E-05
-2.06421177620253E-05
-1.77466337712561E-05
-1.95268596953209E-05
-9.67413171697309E-06
-6.2361666773691E-05
-8.18756086887722E-05
-5.83408565180699E-05
-4.50219970529497E-05
-6.44243756238423E-05
-3.57369949040222E-05
-0.000101089524939291
-5.98362389857875E-05
-1.37919566299823E-05
-1.54062858312998E-05
-6.94355060430195E-06
1.01240598472367E-05
1.39011517691985E-05
6.90189238131392E-05
2.67142661945575E-05
-1.4981417596592E-05
2.18956341007802E-05
2.20672876439286E-05
2.91524563873749E-05
3.00614960299695E-05
4.48525175701183E-05
6.20033840273065E-05
9.22715403208487E-05
7.33827377328612E-05
0.000100066459950776
0.000105941512020191
8.38233393944745E-05
2.48992715299261E-05
3.26883291888758E-05
3.75877563446766E-05
1.96373502654628E-05
-1.26916020998507E-06
-1.36944463427847E-05
-5.04828776000334E-06
1.63014563926585E-05
2.08309447696407E-05
-2.13188420840068E-06
1.93035684702479E-05
3.09921207278185E-05
5.19712277061857E-05
5.96327437890858E-05
6.97007639419911E-05
5.25567395247834E-05
6.73544807698714E-05
7.62480780663191E-05
6.41043914364177E-05
3.9767506337968E-05
8.50650615422974E-05
7.98742450498031E-05
8.68652660774802E-05
5.64143053946253E-05
3.97636057888469E-05
3.64395560836642E-05
-5.54669683385445E-06
-5.22916664482759E-05
-6.73920590469085E-06
3.09286169369872E-06
4.08047028763785E-05
4.75068432924947E-05
4.9810869505573E-05
8.1366005205644E-05
7.11911904731501E-05
3.57961454704318E-05
2.23352531323356E-05
-2.14166228615415E-05
-2.39954526340427E-05
-2.87898111225541E-05
-7.5998806786719E-06
-2.62465944130921E-05
-3.59818148406449E-05
-4.90765530272257E-05
-2.64932246330831E-05
4.72600776604284E-07
1.71929737633613E-05
-6.46377483758222E-06
3.06578868020437E-05
5.81578707761497E-05
7.4533771859343E-05
3.30666342747523E-05
1.23617657646812E-05
-1.19666344320995E-05
-1.25475472349774E-05
-2.3933364270125E-05
-8.40244890414263E-05
-8.11223196148197E-05
-1.64039946448367E-05
-3.14824927355749E-05
-1.78907445880963E-05
-8.71949589957121E-06
-1.31670182229353E-05
5.63918818813647E-05
4.00878001138875E-05
2.7069918938224E-05
2.54637045775678E-05
2.5507065348934E-05
5.55512789459235E-05
4.1335203781604E-05
-6.87378588035993E-06
1.47481799890622E-05
5.06237547852208E-06
1.95722266943921E-05
2.8174658840965E-05
-2.73599642491829E-05
1.51377125934835E-05
9.82849408054931E-05
5.63677786522413E-05
3.00105191394766E-05
4.06469840786206E-05
3.58541924394954E-05
7.44521829734566E-05
3.11296552762355E-05
-3.03002818452432E-05
-3.59995255424891E-06
3.79881830514821E-05
1.70605817331041E-05
5.31696681662325E-06
1.64825551710454E-05
2.88465809561156E-05
1.25966695022416E-05
-3.80329999295158E-06
-5.11662235797161E-06
7.77178953501851E-06
1.8693428187107E-05
1.09843558706104E-05
3.53514435544785E-05
2.41866126866565E-05
3.93331102639105E-05
7.07831115809045E-05
3.74542764768E-05
2.2585785107464E-05
1.76162390671783E-05
4.65125329972515E-06
2.94078827355582E-05
5.9805902110879E-06
-3.02090182725731E-05
2.93870857331738E-05
1.94925671586503E-05
4.0191322851975E-05
4.38816891176698E-05
2.82560389536553E-05
4.03516253747104E-05
2.29378314275992E-05
-2.86681678922813E-06
9.32129232500246E-06
-1.09505440467646E-05
-4.74811240898228E-05
-8.66999391550377E-06
-1.06434471498665E-05
-1.7360505970681E-05
-1.22877338506689E-05
1.70018679575913E-05
-4.7929406617111E-05
-4.68793355825712E-06
-2.50196000850382E-05
4.51990276055473E-06
-1.87455870853169E-05
-4.79664331840576E-05
-4.41889744677672E-05
7.96704499847548E-06
-1.1691639442742E-05
-3.17210979519614E-05
-4.61721697983039E-05
-1.16460035565697E-05
1.76916955750569E-05
-6.84871309428571E-07
4.20856057019944E-06
1.75303782101566E-06
4.95043626256734E-05
1.81992763583364E-05
1.73413090943429E-05
-5.18594046326873E-06
2.70692481113547E-05
3.79128435145651E-05
4.83927535260161E-05
2.10696900678969E-06
2.76825475469627E-05
6.31395048201571E-05
5.47637161227731E-05
3.6076483213183E-05
1.90464301643908E-05
-1.11790743897065E-05
4.12422868476856E-05
5.97918565513611E-05
4.31410829966905E-06
-1.15105893909652E-05
-1.17085918942293E-05
4.03685490026272E-06
6.37622560140526E-06
-2.26888857259371E-05
-3.79333506446352E-05
-3.37095361761394E-05
-3.07461887655509E-07
-3.19733702945135E-05
-1.0108912252562E-05
-1.42713938944321E-05
-1.85797294056902E-06
6.4571896360095E-05
6.27333799164648E-05
6.37837822875799E-05
1.23715486265309E-05
3.56178196312787E-05
6.16191466081551E-05
2.50526800149509E-05
-4.77434944751292E-05
-1.7006734990793E-06
-7.54642287575644E-06
6.51242303024609E-05
2.30833826791763E-05
3.34761636377405E-05
2.9574093741525E-05
5.94222187397159E-05
4.22822209874529E-05
2.54052308600603E-05
-1.80665402497491E-05
-1.48935508418666E-05
-3.18335396387389E-05
-5.19047250679996E-06
-4.88109452358007E-05
-4.78837738700336E-05
-2.2523286249782E-05
9.46323143248312E-06
-1.18861072483152E-06
3.04703362007971E-05
3.07605522307172E-05
6.82881151906309E-05
4.77697296748612E-05
5.41216683854805E-05
7.67583290769268E-05
8.21377976550883E-05
3.41020753635797E-05
1.86826760119813E-05
-4.3661397749192E-05
-2.76775409245813E-05
-7.49594252407827E-05
-3.04582544875338E-05
-3.98195020439529E-05
-2.63096941762931E-05
-9.19927249264811E-06
2.48727940976501E-05
9.06246294628738E-06
3.1677251265209E-05
-5.3067727983164E-05
7.1237043932561E-06
2.48530781374898E-05
2.31724998476871E-05
2.38722948658338E-05
2.708965916425E-05
3.61417869540901E-05
4.14554458350477E-05
-1.09862001318492E-05
-2.6804115504783E-05
-5.09100983660778E-05
-8.64375466700789E-06
3.3043663715622E-06
1.61532186603991E-05
2.44895361124584E-05
1.98442806910837E-05
1.29337207802089E-05
1.88743081129895E-05
-2.48846202693339E-06
-2.05634779069815E-05
-5.19536202119675E-06
2.97797859482458E-05
7.30601141161495E-06
2.52607264832775E-05
3.13706022250889E-05
9.0592477156355E-06
5.08729298546299E-05
1.84675496790059E-05
-1.78880825879484E-05
3.16305996579205E-06
2.18558402742367E-05
-2.90466491295649E-05
-4.8273654752855E-06
-4.05718581333382E-05
-6.50226714198288E-05
-5.59147065108174E-05
-5.71838726875335E-05
-9.42934788594484E-05
-3.20814089945059E-05
-5.98317486331581E-05
-2.25505476587151E-05
1.65108991828736E-05
8.63597353638155E-06
8.31201163451774E-06
1.81920896395435E-05
2.97723301445615E-05
4.14495462367722E-05
9.4408605946776E-05
8.21779815655583E-05
7.23749400739978E-05
3.21377509222022E-05
5.42372329642416E-05
3.52794331639206E-05
7.15293874285804E-05
-2.36927272972844E-05
-1.33455621207624E-05
-5.93384654246536E-06
4.81964145802435E-05
1.27257322658881E-05
-4.63282307129856E-07
-1.34242764375533E-05
-8.63966905099965E-06
-1.7011506362347E-05
-6.97747421247356E-06
-8.29951585707322E-06
2.03362736260303E-05
1.36291766935203E-05
-2.2814291457481E-06
2.791885104289E-06
-8.56071000061996E-06
8.00412280358877E-06
-3.31017166889859E-05
-4.68216245708778E-05
8.98468575629728E-07
1.06415244468564E-05
-3.00093791267425E-06
-1.36151656875283E-05
-1.12276103421696E-05
1.19550756783934E-05
3.18853833109073E-05
5.83357623683485E-06
-3.33559873190214E-05
-3.78197967516203E-05
-1.66849940856504E-05
-1.98287068625971E-05
-3.18125445090431E-05
-5.08591873570165E-05
-6.08375960877914E-05
-1.70450651236871E-05
-4.94364870039721E-06
-1.60183334134384E-05
3.21312539923424E-06
7.3149517790271E-06
2.75966760639733E-05
1.81233955589778E-05
1.00265479523775E-06
-4.51870622223057E-05
3.95833270849686E-06
-2.0024937090865E-05
-1.54879221429543E-07
-2.64564500187214E-05
-9.67403541123461E-07
8.13552880065973E-06
5.81180055831628E-05
1.40887171887407E-06
3.83163980832814E-06
1.0481610701131E-05
7.44451413060966E-06
-1.31304816719024E-05
-3.28882573163877E-05
-3.71827554019713E-06
2.48303671931009E-06
-1.43821330291845E-05
-1.71783729825312E-05
4.79312129853191E-07
1.46094759536058E-05
1.28628736109116E-05
-8.03093508734724E-06
-1.53951515345173E-05
-8.01231629667431E-06
8.97027051181242E-06
1.39497094977305E-05
1.57131135169557E-05
2.01976748589258E-05
2.13680136245771E-05
5.62273966092203E-05
5.43905552255928E-05
5.53670347608884E-05
4.53820765221446E-05
4.97169010018317E-05
2.42725574866868E-05
4.73054811503022E-06
7.49674354128795E-06
-6.71781568381784E-06
-4.35427415704249E-05
-4.88989591890226E-05
-3.30032956420903E-05
1.93151040768873E-05
3.03953909904416E-05
6.69630422771693E-05
5.65644089791599E-05
4.56728480245444E-05
4.96313911392952E-05
-6.9566627530479E-07
-2.84217495908282E-05
-1.82752349357339E-05
-7.38176072012814E-05
-4.99855945532831E-05
-1.80102741925517E-05
-1.51135107091283E-05
3.31188808592798E-05
1.6172337270825E-05
1.03309100453104E-05
2.04624489360843E-05
5.61494320198389E-05
1.01826330404947E-05
7.55971379744958E-06
-2.84344705565152E-06
3.63890763599462E-05
1.52488035732076E-05
1.03222305302087E-05
-2.87610361330917E-05
2.68409717439369E-05
-1.2146590918626E-06
-1.7314204095928E-05
-5.44408146746599E-06
2.2358019118726E-05
3.06646361067599E-05
3.7181788365354E-05
1.51575364806389E-05
2.96473564151249E-05
4.22769275807718E-05
4.64955728942387E-05
1.88385887184965E-05
1.71411741319086E-05
-3.63708364710848E-05
-1.4927353252843E-05
2.16264115740529E-05
1.62166040129372E-05
-1.41008827938565E-05
1.97799257890046E-05
6.19114653146418E-05
7.87557840164446E-05
6.59138927836622E-05
5.38992314240937E-05
9.93929026015226E-05
7.45153449430448E-05
4.72268775846843E-05
-1.5518251175884E-05
8.49485117170428E-06
1.05334019477319E-05
-1.89944615120048E-06
-6.18860235633396E-05
-3.54016069751861E-05
5.38612692123087E-08
-1.53618355332121E-05
-2.66347565228251E-05
-2.04473484076431E-05
-3.60746172839445E-05
-2.8237003690493E-05
-3.73188440586358E-05
-7.84653741396542E-05
-3.77981023305665E-05
-1.70105039356261E-05
-5.84693980492514E-05
-2.57623362257272E-05
-1.35140546392622E-05
-5.53983493837894E-06
8.77518193934279E-05
9.0471487599503E-05
6.48531089438592E-05
8.90044389221675E-05
6.92277744691632E-05
7.62118379361613E-05
5.70440092499087E-05
-6.36560543737857E-05
-5.85108626855467E-05
-5.31981340462664E-05
-2.7796412724691E-05
-3.86089776483613E-05
-3.02956811169911E-05
-1.6831067524311E-05
4.77977179370839E-05
3.1504747836035E-05
6.09338998803553E-05
3.87538919414933E-05
6.54657358510471E-05
4.22581503983055E-05
2.96806869090811E-05
7.56726718045938E-06
2.13298356878429E-05
3.43020665744722E-05
-9.94829386210887E-06
-9.5380486233125E-06
-4.40077606921898E-05
3.33623000448039E-05
4.39603147309773E-05
4.17534527165388E-05
1.22787806138547E-05
7.22746917158115E-05
5.46257103226307E-05
0.000105564426366442
7.25179690127779E-05
7.49318589718711E-05
6.57652092650246E-05
9.0258330112866E-05
8.27179411791917E-05
8.12766392104225E-05
5.82161891655153E-05
-2.89181552273332E-06
-2.36407344370674E-05
-4.1711697256581E-05
-6.78801954078024E-05
-2.81771114008378E-05
-4.98670547564724E-05
-1.86963094973554E-05
-1.04129146662755E-05
-7.83743923367108E-06
1.6712647661984E-05
4.25009101081278E-05
-3.62021992119112E-06
3.38033875575963E-05
5.90159887200141E-05
6.77607716530962E-05
8.37018498800512E-05
6.43378163600413E-05
7.41229036151528E-05
5.34828394894157E-05
5.24576770502123E-05
-1.3656126076212E-05
4.65943271059643E-05
4.69287003309541E-05
6.67640459846556E-05
3.78129344769981E-05
6.84949150213605E-06
1.11477307849871E-05
5.04136519013384E-05
6.28659666789419E-05
2.17355084109632E-05
2.66363854168043E-07
1.50549954927247E-05
4.18769944512761E-05
6.40962313811398E-05
5.12818243590285E-05
-1.36610365599246E-05
1.55862860869645E-05
2.40014280069151E-05
-3.88033143209961E-07
7.31739355869212E-05
4.26163190639962E-05
1.99735169345841E-05
3.30083940036828E-05
4.53616917692153E-05
4.9816524357281E-07
-8.80474962207111E-06
-6.6019886358597E-05
-4.8328249067616E-05
-3.77527370285094E-05
-3.45440468976487E-05
-3.26702138532436E-05
1.71261869081939E-05
7.32620650859796E-05
8.68057601744E-05
5.50429712884291E-05
6.34675920053216E-05
4.02703270823467E-05
4.12679354469534E-06
-2.51418989527557E-05
-6.32836459409409E-05
-2.65213551149699E-05
-2.21373356816487E-05
-3.846369021536E-05
-2.18742033899141E-05
-1.56176913534588E-05
-1.33461939955685E-06
4.29127473468886E-05
-3.8201569785717E-06
-4.14658268399887E-06
2.31926886921887E-05
2.32873158691215E-05
3.62435818410748E-05
3.11441509224889E-05
-2.80680779876203E-05
3.64533121164489E-06
-1.00201318986783E-05
-3.35973406807236E-05
-6.55526370880562E-05
-3.44828050659054E-05
-5.62512360406675E-05
-4.75397350686322E-05
-4.89864078921856E-05
-5.55293045448888E-05
-5.61035631546838E-05
7.90273506089184E-06
-1.07560770249858E-05
1.10342353601816E-06
-5.03895187672503E-06
-1.28781868588574E-05
2.64055108841982E-05
3.54127443637741E-05
2.83872702395423E-06
-1.55747671324189E-05
4.1856482022373E-05
9.7586137449462E-06
-1.70221854690818E-05
-3.54178030619407E-05
-5.415955049984E-05
-5.37624704075879E-05
-4.90425652818506E-05
-7.02371284424965E-05
-4.31145010545986E-05
-2.22636574173958E-05
-3.20799155936691E-05
-7.76053197947401E-06
-5.30508499244953E-06
1.04506261169978E-05
2.41664922977957E-06
2.75640016932129E-05
7.30642532210255E-06
9.5619206592778E-06
3.71899227217829E-05
1.62317663101097E-05
1.39280491695792E-05
3.09758943907284E-06
2.16089066704056E-05
2.551599699868E-05
4.36408764171854E-05
5.51427973354859E-06
6.34393378522104E-06
4.4230350443051E-05
5.70073467969381E-05
1.33137278516201E-05
-2.94597819899869E-05
-8.77655089922766E-06
7.82728576215069E-06
1.40446905480723E-05
-4.8461927724166E-05
-3.53122721384591E-05
-4.56112689692935E-05
1.11364201930443E-05
-3.43861260018787E-05
-4.32384016445552E-05
-3.9680878317447E-05
-2.20861007163333E-05
-2.44508845016541E-05
1.05429881241721E-05
-1.78956603650269E-05
-6.303447116554E-05
-5.05831141395155E-05
-3.07875752025575E-05
-4.27798721883537E-06
-5.18205436692182E-05
-7.57401668240444E-05
-8.30204327621429E-05
-3.71510546478789E-05
-1.97699861797971E-05
1.01229657943289E-05
-9.55683015775721E-06
2.11337989779242E-05
4.68460666984305E-05
8.19830478549319E-05
6.31516460602892E-05
4.14146173534904E-05
2.67583753133964E-06
-2.29992269211807E-05
-3.37719154952846E-05
-2.56134281458341E-05
-1.79739981490406E-05
1.84660392134943E-05
-5.57766375980001E-06
-1.07486434390478E-05
3.46589613030813E-05
3.27490518410096E-05
2.72058882322797E-05
-4.89951528776858E-07
1.63837666235631E-05
2.63449495820046E-05
-8.0691467846233E-06
-2.74376437166916E-05
7.88943028685198E-07
-3.62973269199372E-05
-3.90560389294925E-05
-3.3033033310854E-05
-7.77676899005657E-05
-3.08861916948455E-05
-6.26571923040086E-05
-7.31016450221556E-05
-2.66309799422039E-05
-7.61830965601653E-06
-3.9491305502115E-05
4.0311733844125E-05
2.92097676090451E-05
3.71112257077253E-05
2.86089713379661E-05
-9.86716682751828E-06
-8.15293842097459E-06
6.68778181767244E-06
-3.07183318419985E-05
-3.41359067160721E-05
-3.21862417784559E-05
-1.97379120219202E-05
2.072329958705E-05
-5.92602056326041E-06
1.45438259005835E-05
1.5030976654112E-05
5.76181701653967E-06
1.81101854093096E-05
7.14662963974124E-06
-2.6169922432349E-05
3.33611598448692E-05
2.60665206251527E-05
-1.08068485311478E-05
-1.16385953987399E-05
-1.8936732604387E-05
-1.19166210729676E-05
-1.08303037021271E-05
-5.85465676387848E-05
-2.4333851156265E-05
-2.65996244154831E-05
-1.97070436525549E-05
-1.7784043891707E-06
-2.84646599028489E-06
1.25249785126296E-05
9.98219983374066E-06
-5.8420250631909E-05
-1.90352921429599E-05
-2.43662295018627E-05
-3.75030271963106E-05
-2.78600401670153E-05
-6.03190425429718E-05
-4.66786305745386E-05
-2.52604110130219E-05
-2.05451786757808E-05
-6.48508959836011E-06
1.07861664036021E-05
3.39064454123653E-06
8.477740145499E-05
5.59421347970751E-05
4.6559042836455E-05
5.80403121972469E-05
6.47574603215415E-05
8.27975391716371E-05
8.23460953272758E-05
2.52383847918309E-05
3.40368039759185E-05
6.2034615095828E-05
6.51483301833682E-05
2.48843356556371E-05
-1.38177514614807E-05
-3.46326269836815E-05
-5.00398850752871E-05
-4.55863995569237E-05
-6.00976547413041E-05
-7.38526226805932E-05
-5.56822998680251E-05
-2.32571676615646E-05
-9.64919384252998E-06
-4.12787572577824E-06
2.40795313876981E-05
5.20259239297096E-05
4.62584231945814E-05
6.55673947560537E-05
5.28109416226501E-05
9.54208563621118E-05
8.7065277186376E-05
9.28744934871013E-05
1.12081407944839E-05
2.88835748371174E-05
-2.16048198852767E-06
5.36940041215284E-06
-1.65600464878374E-05
-3.6431931368503E-05
-5.7571257686028E-05
-9.98414961850564E-06
-4.66152040901375E-05
-4.96831008905405E-05
-5.83051333822015E-05
-0.000101826813617949
-7.61330762150285E-05
-5.58613696998833E-05
-8.03322200588864E-05
-2.61002726009585E-05
-2.11980366514774E-05
-3.78666013124733E-05
5.68597523139353E-06
2.79199815007606E-05
2.48781053569841E-05
5.50009839422122E-05
-8.6768019179787E-06
1.60439973412264E-05
2.7039639289356E-05
8.00204575296403E-06
-3.95181854505284E-06
-5.51507092504625E-05
-7.20292938020211E-05
-2.30898682988029E-05
-2.62185396405266E-05
-2.66576301207653E-05
-3.98032013983725E-05
-2.42613709023465E-05
9.50961825060718E-06
-6.05905910160124E-06
-1.56092929904304E-05
-4.8878636525459E-06
-2.42650524333384E-05
2.53703414132068E-06
-2.24337838266259E-05
-8.59259827838109E-06
-7.2186941648227E-06
-2.09695117584566E-05
-6.69158252936664E-05
-4.29645483450285E-05
-5.03493721234231E-05
4.3318127921518E-05
2.54963545879244E-05
1.2179028005444E-05
3.4278921329734E-05
0.000110596893518843
8.24762345179363E-05
5.5714808828968E-05
-2.38074903324192E-05
-3.92950033057166E-05
4.16079605747432E-06
-3.54830358288549E-05
-5.86272291670102E-05
-2.25309321952587E-05
-3.98633443173973E-05
-2.14857929225455E-05
9.98482150955219E-06
-2.28408630106187E-05
-1.39623958145935E-05
-2.00134664626724E-05
-1.77681409497518E-05
4.41348885582547E-05
2.77329704679641E-05
-1.7679827493864E-06
6.5442439698443E-06
6.91430143943139E-06
-1.04464335459633E-05
-6.83438587040368E-05
-9.19095271684362E-05
-6.72026611641622E-05
-5.02547443201804E-05
-5.04889887022672E-06
-1.39616816449284E-05
-2.65890072064993E-06
4.26952097869344E-05
1.91186848588029E-05
-1.31114981799821E-05
3.72995190404559E-06
-0.000100303516761153
-4.71766733577107E-05
-5.01855849460081E-05
-7.12342112988271E-05
-4.58902671790886E-05
-3.42016339974702E-05
-3.29516829196521E-05
2.76009084634589E-05
9.64431267644774E-06
1.80823143386415E-05
4.17552533080276E-05
4.16873345918522E-05
2.89411208807203E-05
-3.69502914212916E-06
8.32279467453409E-06
-2.78455764265646E-05
-2.00593037624196E-05
-2.18056372994359E-05
-4.20034902594437E-05
-1.227301614663E-05
1.03709791151498E-05
5.54399143953047E-06
3.48900064405223E-05
2.9369608995641E-05
-2.27259093130305E-05
1.63132763351967E-05
-3.88679014116156E-05
-5.21438684571694E-05
-3.51928360017888E-05
-5.39666609329101E-05
-6.89582722390129E-05
-1.24258392694613E-05
-2.65611375307097E-05
2.61190275321045E-05
1.20718798122196E-05
-1.75732277741856E-05
1.741311356786E-05
2.90619389156648E-05
2.76224146687412E-05
4.20581096198949E-06
-1.28876721270008E-05
5.83337713704344E-06
-1.55667982955989E-06
1.02901870676255E-05
-2.88138590490192E-05
-3.8493376744067E-05
-3.08611590611394E-05
6.98256095990132E-06
-1.80073381259991E-05
3.78824265338023E-05
-1.88091024530248E-05
1.47589565503536E-05
2.28575699246046E-05
-2.65877777718599E-05
-3.13985923556512E-05
1.78551891610116E-05
-2.87602697114404E-05
-1.38074293724811E-05
-9.33035959139615E-06
-4.25782986637926E-05
2.19715547174813E-05
-2.00186141620735E-05
-0.000114580206339897
-0.00010511795299999
-8.18601344804362E-05
-9.30993731288585E-05
-5.01116608111198E-05
-5.44053542219226E-05
-5.86443138882419E-05
-6.39665577090608E-06
-3.66961655777955E-06
-1.34696950045598E-05
-2.86721734297198E-05
-4.95142240417638E-05
-2.77908693254356E-06
9.20321664963249E-06
1.13738190046933E-05
7.91924269414819E-06
-1.57615333664382E-05
4.30804204793849E-06
-7.08587460140747E-06
-7.42095874721187E-05
-9.568438595387E-05
-7.68522712192004E-05
-7.84378585833201E-05
-5.86736765298124E-05
-6.73076623997302E-05
-6.09779377820087E-05
-6.68709549929416E-05
-3.55285147646803E-05
-6.34747149832794E-05
-5.81086223707232E-05
-6.52323224112819E-05
-4.11379562559552E-05
-5.68557781953566E-05
-2.61044149913914E-05
-1.47660116185231E-05
-1.52180178044369E-05
-1.51081358539718E-05
-1.58076367362886E-05
-3.30342476152544E-05
4.58660045438708E-05
3.48475604052442E-05
-6.92653979345378E-06
3.57545247602117E-05
2.38379493542154E-05
3.8256389298075E-05
3.63508821265455E-05
-2.50413612088901E-05
-2.58645110106811E-05
-2.97098301945225E-07
-3.15499693677507E-05
-2.80900720453116E-05
-2.52133314301585E-05
-2.81366465326082E-05
-5.7453156544037E-05
1.9444332216541E-05
3.26420115865357E-06
-3.71739386886855E-06
3.096700268306E-05
2.59641918939207E-05
1.62512898546429E-05
7.06499218395883E-05
-7.79670476560328E-06
-5.71129570819218E-05
-2.9438490870299E-05
-3.04166988854416E-05
1.68275771071623E-05
3.40740584733575E-05
3.3602545463543E-05
4.37195956151495E-05
7.47603188741041E-05
4.87235074215546E-05
-8.26084488547519E-06
-7.97318584256872E-05
-8.93238626328769E-05
-0.000111438451251558
-0.000118706657303458
-0.000115497362318164
-7.51697695410803E-05
-3.25224586537637E-05
-3.48278094365523E-05
-3.60517215140768E-05
-3.10079492212134E-05
-5.952090286508E-06
2.13924256190492E-05
-6.12826756938916E-06
8.52319651995133E-06
3.11437938887681E-05
5.37643424486364E-05
4.43929521201613E-05
2.03819734228266E-05
3.119028988111E-05
1.74689783945034E-05
1.97193946014744E-05
2.37739794523638E-06
-2.49961496290818E-05
-1.4064899123423E-05
6.65542488710222E-06
-4.87955144735171E-05
-3.23954163727217E-05
-3.6219677229533E-05
-3.79414322714155E-05
-3.63629181462901E-05
-2.7420047356036E-05
-4.05619961705167E-05
2.28595999749382E-05
1.14073749971006E-05
2.60533972663196E-05
2.41555036973827E-06
1.582358562491E-05
3.77024123042973E-05
2.075448728968E-05
1.0716875744011E-05
1.48785767997562E-05
-5.85515715161779E-06
5.52077611461859E-05
3.38258154033168E-05
1.26031068216203E-05
2.02269514366288E-06
-5.85315001733841E-06
3.40434720742547E-05
2.87086148610709E-05
1.75461403342246E-05
1.42766585469674E-05
7.67336504194794E-06
-6.59146004518221E-06
9.11043709689035E-07
-3.11796241746348E-05
-1.43888481778861E-05
-2.07654622623532E-05
1.01766231504777E-06
-6.57122160188435E-07
8.13245608870048E-05
6.58960389148631E-05
5.57416832067182E-05
4.11157542817871E-05
-1.08482389398385E-05
-2.02883230848968E-06
2.11166683132886E-05
-3.06913157441915E-05
-5.72206861555781E-06
2.44427429060634E-05
1.86106114045774E-05
5.40378457069397E-05
4.80227011861378E-05
3.46800637392382E-05
7.64679474187113E-06
2.15856593634879E-05
-2.42321961173106E-05
-5.02245427512298E-05
-2.81786633885623E-05
-2.13465057254476E-06
1.15799813607232E-05
9.85746832672565E-06
-1.33303142655682E-05
7.95250682181506E-06
8.43773100781753E-08
-1.48515192503826E-05
-3.41033441889255E-05
-3.15425750548647E-05
-1.19703575395129E-05
-3.97089164414054E-05
-5.23372262512088E-05
-1.89564134552465E-05
1.83982226549238E-05
3.03033706537017E-05
2.55311397404561E-05
3.98488650608928E-05
5.23493833199317E-05
9.16457539668028E-05
8.05100972994802E-05
4.41188315436551E-05
4.13196712612738E-05
1.31155709549111E-05
5.85829830772106E-05
6.215824727939E-05
1.59220943581911E-05
2.08488657393231E-05
6.3648381540067E-05
7.30258118904959E-05
6.66862238014907E-05
3.11089111665013E-05
9.56721304369193E-06
5.91096950108644E-05
6.35681277750894E-05
5.14229638621236E-05
5.32478808160208E-07
-9.73153024013809E-06
9.01679340438197E-06
3.93052733856022E-05
2.98708144340259E-05
2.42833332643956E-05
2.28761404962768E-05
6.90614634458533E-05
6.95006324682167E-05
3.15105211997788E-05
-8.85994772190429E-06
-1.80884389574224E-05
-2.52540883778695E-05
-4.39370270109913E-05
-7.05163670331472E-05
-2.73305163169875E-05
-1.87819107344057E-05
1.19716257186552E-05
4.87367220819553E-06
-1.48194836450875E-05
1.1986992473451E-05
2.71327744401667E-05
7.67239603461083E-06
4.37571331890482E-05
6.0447226458718E-05
3.50970891804211E-05
6.43965206576785E-05
5.47106799203306E-05
6.99112733455697E-05
5.43841564088764E-06
-3.02782832766397E-05
-6.76067814342739E-05
-3.64053139924414E-05
8.09495192475892E-05
6.69806294936787E-05
4.9866009665904E-05
0.00010602709822012
9.86108596198518E-05
0.00013876588556746
0.000163784774194088
8.44643496788606E-06
2.62750297463035E-05
-5.76742736643679E-06
-8.82498623721158E-06
-6.12928772226215E-06
-4.36723811538666E-05
-6.04579477493746E-05
-3.24871985198802E-05
-4.73021826960996E-05
-3.72045340632221E-05
-3.87207478553486E-05
-3.5453103134932E-05
-2.43231204832648E-05
-3.73994080030009E-05
-2.53568092511632E-05
-7.15986307241023E-05
-3.14920134229335E-05
-1.45796669475677E-05
-3.72715448761072E-05
2.83603140965656E-06
7.54644171542112E-06
2.70837835363434E-05
3.38813816781549E-05
-2.61059695800628E-05
1.27803578111008E-06
1.45131892132077E-05
-7.4684688229963E-06
-2.59424297927164E-05
-1.51149641162056E-06
5.45265870693355E-06
3.14642853984785E-05
-2.58375415029537E-06
-2.43961050227508E-05
-3.46313301250204E-05
-3.65556605089113E-05
-4.52545793958088E-05
-2.97224613396758E-05
-1.34853433558057E-05
-4.15594255842391E-05
-2.04918605254732E-06
2.65483567538687E-05
1.35403364804662E-05
-2.92041494801499E-05
-1.51726544568959E-05
1.00132760832311E-05
3.82654261849163E-05
3.83104568389493E-05
9.36128753227954E-06
5.53148625150337E-05
4.1565676393176E-05
5.55661349437557E-05
-1.88288741754297E-05
-1.69458304517601E-05
-1.93636009220896E-05
-2.3223538814604E-05
-3.40916818832309E-05
-3.76725734484724E-06
-4.72691449443665E-05
-2.45749781669235E-05
-2.61833713678926E-05
-1.49980180546988E-05
-1.29875152942913E-05
-1.90120455083094E-05
-4.42154424369151E-05
-2.7466350364676E-05
-4.72545975351521E-07
-2.84402437416656E-06
-3.51587960777075E-05
-6.00559792507685E-05
-5.25264142148611E-05
-4.98344571875008E-05
-4.97508979569011E-05
-6.48014144993726E-05
-5.61449793953203E-05
-2.67973341714579E-05
-3.48558291655507E-06
-3.85654215399731E-05
-6.72294590497567E-06
-1.48719811630744E-06
7.00182437928294E-06
3.58454581123931E-06
-1.39264760983537E-06
5.34499038804456E-05
7.9900585172566E-05
-8.8997282988193E-06
-7.43698677175518E-06
-7.86974771671403E-06
-1.57227635318743E-05
-7.07411576120571E-05
-0.000149179946932662
-0.000132171431266658
-8.14082308620268E-06
-3.36852737083127E-05
-6.72567416809606E-05
-6.63243372067855E-05
-1.88277517564189E-05
7.4324281837629E-06
-1.96503618368571E-06
-8.31837479482449E-05
-7.99740065593207E-05
-3.44806392034217E-05
-3.13972387639808E-05
-2.32022695384347E-05
-6.84664383501084E-06
-4.92586948773124E-05
-1.48143517608562E-05
-2.84452350697525E-05
-3.22871765050554E-05
-5.61383999514731E-05
-3.47567765728248E-05
-6.37655449613636E-05
-5.56722556860469E-05
-5.82988847050913E-05
-2.19687918354144E-05
-3.67187183704458E-05
-1.47652402886546E-05
-4.43447408525776E-05
-5.15166110693896E-05
-5.53474220108895E-06
-3.15357681446739E-05
-4.35861292011767E-05
-6.30828425387206E-05
-6.34454059341171E-05
-5.62783165816172E-05
-2.43453063777018E-05
-5.12191140755352E-05
-2.99016599523699E-05
-3.3454901015794E-05
-6.77520730105275E-06
3.08176786013918E-05
8.72947421415463E-06
-5.58465489415245E-06
-1.81394778387229E-05
-1.14618582189957E-05
-2.89308453117422E-05
6.90959072193701E-06
-4.55587604961336E-05
3.22892314191193E-06
-9.75793428138705E-06
1.19250662584172E-05
7.56082133761165E-06
4.1272476275163E-05
4.28740337760294E-06
3.42341832351408E-05
-6.64857486799588E-06
-2.57503700552088E-05
-2.76989410579071E-05
-4.57495145290752E-05
-4.96580341317766E-05
-4.6828651904958E-05
-5.04900641360337E-05
-3.91612623770141E-05
1.33322523566364E-05
-5.28433517785289E-06
-1.17589907942631E-05
-1.0763508749962E-06
-1.33336204354619E-05
-1.88555233821862E-05
-8.80714424857611E-06
-3.99378355356662E-05
4.59432828160398E-06
1.62045692079126E-05
-9.6925235955539E-06
-3.14422212144216E-06
-3.65049769573642E-05
-3.70660182479577E-05
-2.84277317886419E-05
-6.78277591931888E-05
-5.65703966084013E-05
-4.26465292212882E-05
-2.59220375156469E-05
-2.07611721366673E-05
-3.37394754218886E-05
-3.60466602230138E-05
-3.65167129710686E-05
-4.97122125481346E-05
-4.72858874063558E-05
-6.41101456740839E-05
-4.0669466737051E-05
-3.14292403882617E-05
-2.42104222689382E-05
-1.29861500109678E-05
1.43636988328935E-05
2.77235894191438E-05
3.5366094962036E-06
-1.21163445435892E-05
5.6157141575841E-06
-2.51890328841489E-05
-3.37495536123269E-05
-1.83010832814205E-05
-4.63187209134282E-05
-4.66254764051208E-05
-2.87616276513004E-05
-7.19857188188714E-05
-5.34275112221089E-05
-6.06653821546023E-05
-0.000130675686784171
-8.99598600051027E-05
-7.99022462115909E-05
-6.04993158504011E-05
-5.37301611405554E-05
-2.54995879027128E-05
4.00887810434639E-06
5.16952842760308E-05
1.85568269970421E-05
-5.03168343983712E-06
-5.72547991320452E-06
-2.59959607438393E-05
-6.7546120665168E-05
-5.29045654642841E-05
-7.02293258679779E-05
-6.71542996115236E-05
-3.36062788324346E-05
-6.37613283635681E-05
-2.90795305709265E-05
7.5931364219452E-06
2.42700014895572E-05
-2.6972658094836E-06
2.08761212925365E-05
2.62823711450135E-05
1.5725743103949E-05
2.05287453608797E-05
2.6345942845561E-06
-5.36232963082833E-05
-9.15441619497177E-06
-1.81979736084838E-05
-6.69768616936081E-05
-1.83344416959275E-05
-1.24129950657665E-05
3.12932469793394E-05
6.16499726305839E-05
5.15238476221937E-05
2.89142733318165E-05
6.27115446616098E-05
3.0633203721926E-05
-6.99240940675128E-06
-3.03824907505742E-05
-2.43292737129886E-05
-4.79412134461213E-05
-5.66967383047561E-06
-2.60168545177643E-05
2.04199771889603E-05
4.47783525625224E-05
5.75793260373277E-05
2.83997170213914E-05
3.54879325314515E-05
1.983330813701E-06
2.94310596240786E-05
-6.62455379697014E-06
2.22666467187738E-06
-1.13412499652997E-05
-4.85404370462504E-05
-4.23806630768366E-05
-4.19055501460923E-05
-2.6771086506106E-05
-2.14016162779686E-05
-3.56455242703669E-05
-7.31647273250346E-05
-3.99259209891807E-05
-9.22044488174597E-06
1.02318390301689E-05
-3.43857079712778E-05
-5.52913993698024E-05
-7.60550809528835E-05
-5.69533300735205E-05
-5.11231416869991E-06
-3.71516196448556E-05
-8.20300747402713E-05
-4.2489869077827E-05
-2.96009064530893E-05
-1.36331096060288E-05
1.80385576405607E-05
1.38084901236031E-06
3.69245752145914E-06
2.34198382494504E-05
1.13009605145164E-05
-9.18336824095491E-06
5.48690945490519E-06
-4.87080044822364E-05
-7.08315094081884E-05
-5.79575739573395E-05
-5.73865597665687E-05
-6.28047698997336E-05
-3.80183715742166E-05
-4.46897817248135E-05
-2.85974842422001E-05
-2.85350264000301E-05
-5.37201986931731E-05
-3.81758540319117E-05
-1.35490093309539E-05
1.68436625430827E-06
-1.83310827021049E-05
3.51020448850298E-06
6.66518354791418E-07
2.26311588768982E-05
-1.57193990903861E-05
1.39099251958018E-05
-7.66297452785349E-06
-2.06054044595937E-06
-2.55404975839152E-05
-3.84498682603678E-05
-5.35750907573936E-05
-1.02065997831654E-05
-5.0201173388521E-06
-3.1800234135996E-05
-2.89813780199514E-05
-3.75818381238089E-05
-7.47610014900959E-05
-6.00504243654451E-05
-7.32029584843482E-05
-0.000101087713006079
-4.16969451917869E-05
-1.89915201281083E-06
1.81495286072266E-05
6.87614150689406E-05
3.76952874051241E-05
3.37756760845996E-05
-1.13003582906916E-05
-3.56551118444069E-05
-5.38792297698577E-05
-3.1230144802696E-05
-1.02241433374924E-05
1.28586694064599E-05
4.50448000730935E-05
5.38615400413501E-05
3.61092712387814E-05
6.08897426646112E-06
1.52436234534347E-05
-1.09649146345774E-05
-6.7395886472243E-06
-4.17520924995738E-05
-1.49464044563881E-05
-3.25708570789165E-05
2.10379760573958E-05
-1.8099735610708E-05
-9.76593605656622E-06
-9.10752507481108E-06
-1.60508858058005E-05
4.82591594233875E-06
-7.76233136230887E-06
-3.11036294436529E-05
4.70745943911085E-06
2.15216332068694E-05
1.27947811430803E-05
-3.61048660669782E-05
-3.90881236241239E-05
1.96796764309047E-06
-2.20882562841611E-05
-5.3288405309128E-05
-2.53185531837985E-05
3.20934932712801E-05
6.93458963218166E-05
4.56418843303392E-05
9.89396529865695E-06
4.49103869000581E-05
3.81197085666725E-05
3.83293144970232E-06
-5.20876688458867E-05
-3.84442988128306E-05
-1.60457225998132E-05
3.3043170875305E-05
-7.08429065342979E-06
-9.60975256119636E-06
-1.80631943489921E-05
1.73332294136057E-05
1.15410835771002E-05
-1.03462214243173E-05
-2.09451583948E-05
1.63815097807207E-05
1.34780426590391E-05
1.25370062047381E-05
-2.64636613089687E-05
2.48862555173606E-05
2.77176835222665E-05
1.75725338114983E-05
-1.26066322043116E-05
7.64874697123966E-06
3.20345405788962E-05
5.00905285567436E-05
1.70012725944981E-05
4.31470636881442E-07
1.14572054909563E-05
1.81411346698418E-05
1.06312565937601E-05
-3.79604619992056E-05
-1.48410539644282E-05
-2.02494446881309E-05
-3.22284999702695E-05
-4.26196846277546E-05
-1.78185173959039E-05
-2.75533986596611E-05
-2.14436631164909E-05
-3.46987938686476E-05
-4.9775934848349E-05
-4.62800691424985E-05
-2.70802671709726E-05
-4.28005565442459E-05
-1.71406091577168E-05
-2.08079773037073E-05
-3.11871294011145E-05
2.88350647711616E-05
8.39193704036439E-05
5.38987985409988E-05
7.85431142312767E-05
6.93769455996826E-05
8.68816440491721E-05
4.73403273080706E-05
9.19005660000626E-06
2.03439345302685E-05
5.02485695386917E-05
3.08988117893866E-05
5.99739333372983E-05
4.59886123798806E-05
0.000125422104055998
0.000122141192538598
7.02246878725391E-05
7.54177637368155E-05
0.000102913414918607
8.50317390448771E-05
7.71359562413783E-05
2.74119702772117E-05
3.63840822830672E-05
7.24979918131308E-05
4.32432236826114E-05
-2.08835250277228E-05
-6.80443756296528E-05
-4.59402489655464E-05
-3.899297707673E-05
-1.41901074282045E-05
-4.4482076916658E-05
5.63599206130607E-06
3.99542798843012E-05
8.86115875972731E-05
8.13567890811895E-05
8.35210638901696E-05
6.48581649700276E-05
6.95347980819756E-05
3.18211956209133E-05
2.17255663983289E-05
3.26410423506942E-05
2.08401581805187E-05
4.26339195791163E-05
1.18095352600003E-05
3.81446330088633E-06
-8.97955742360854E-06
-1.21185058955429E-05
-4.38480482432501E-05
-1.54182143304288E-05
-4.5446064396988E-05
-3.70349968471229E-05
-1.52281502367145E-05
1.72285821816198E-05
-2.31225859725846E-05
-2.28522438245116E-05
-2.8633673323778E-05
-6.10761793736557E-05
-6.2248663343657E-05
-2.05225010371229E-05
-4.47363616309128E-05
8.36693763255526E-06
1.25536099824431E-05
9.12366198109167E-06
2.7917112506371E-05
6.41644400085156E-06
-3.73358077934042E-05
-3.16953725415828E-05
-3.05749925290524E-06
-2.74851550738325E-05
-2.65382907364821E-05
-4.66895518562158E-06
5.60734299331365E-05
4.30998485108061E-05
8.46244582230416E-05
1.61126822345078E-05
6.08555483683572E-05
8.99971865111172E-05
9.33359471695179E-05
6.9942836864604E-05
8.02702002975243E-05
1.90685518462462E-05
6.20232052071979E-05
4.18466401923383E-05
-6.9351543323779E-06
-4.29136398898522E-05
-7.28776905842462E-07
-1.44591651159015E-06
1.73870721271441E-05
4.87169413189895E-06
-2.35007625266338E-05
2.83275706449497E-05
4.31917272938735E-05
-1.7718695680285E-05
-3.85226229158716E-05
-2.86415184858017E-05
-3.39359516301178E-05
-5.53768370512864E-06
-2.05088434405178E-05
1.17956298583323E-05
7.2737599171072E-06
1.82991896140981E-06
4.36239101411154E-06
3.69025433775596E-05
3.35934621293004E-05
2.39042776580725E-06
-1.11949643953461E-05
2.48497967996067E-05
2.75071758828258E-05
-5.03985925824471E-06
6.68820163150398E-06
5.48588984657524E-06
-1.3439648447598E-05
2.51215778645663E-05
-5.60437325291971E-06
-2.59509506621096E-05
4.1569844042797E-06
-3.6387210767917E-05
-6.6820293088443E-06
-3.93818303149413E-05
-6.63261346025054E-05
-3.89447007550937E-05
-2.49398784753914E-06
-2.00808908014479E-05
2.03187598810041E-05
9.72048272048281E-06
0.000112858605181225
0.000121543806101281
0.000115351071437848
0.000143135052347673
0.000157451528963755
0.000116597998638581
8.42300034878988E-05
7.27891200636417E-05
7.33127690615844E-05
3.29201386282431E-05
4.12837954867396E-06
2.2495015202113E-05
7.3099534176323E-05
0.000111688604549912
0.000118704313110866
9.91442943455707E-05
9.52587991884353E-05
9.85738451891311E-05
5.57013926028942E-05
3.28821372220765E-05
6.10142376117524E-05
-2.23880099648063E-06
1.38339737227012E-06
8.26550958984943E-05
9.43595438909291E-05
0.000119223893609781
9.46624659873838E-05
8.3723115828551E-05
0.000110222471549371
0.000106903240314482
8.1354908773804E-05
5.48034491652993E-05
3.47562874585968E-05
1.09279491331034E-06
-2.00666595307312E-05
-8.83593603071268E-06
-2.72628067217E-06
-3.9658394003916E-05
-2.59925125515186E-05
-1.33932111315944E-05
2.79259656545969E-05
5.58942919122926E-05
5.70316481318096E-05
5.56897716506247E-05
7.71651063188206E-05
9.81657576362121E-05
9.90681076809225E-05
9.14256147535482E-05
6.41825822188499E-05
5.46108423364426E-05
5.39432866274978E-05
7.66156829732551E-05
6.8748402057324E-05
5.85303085816087E-05
7.135322844059E-05
3.33182930293819E-05
6.06463489478976E-05
4.41575678388853E-05
1.93411028230122E-05
3.63058994890298E-06
8.93013837148558E-06
6.86471880372209E-06
1.58876830307517E-05
-6.55418500049001E-06
7.84427486937788E-06
8.73448069552617E-06
-2.32241789285428E-06
2.88495053913621E-05
3.01582995334419E-05
2.53002042095658E-05
5.23993465903508E-05
7.68688469863955E-05
7.10741175189696E-05
0.000120487434625532
7.82419188878698E-05
8.14415421965518E-05
0.000114207455651457
6.54403781685149E-05
4.42178260278894E-05
1.65333589664739E-05
-4.37183534259588E-06
1.68411591148061E-05
3.12994052189172E-05
2.30465403087344E-06
8.47619178917345E-06
4.5648459338642E-06
2.44035714824721E-05
3.73764276778509E-06
-1.69848785366472E-05
-3.12917206428404E-05
-4.39595585122188E-05
-2.58285305165997E-05
-2.70816195641595E-05
9.6503366734328E-06
3.31281673612604E-05
2.13877654026966E-05
2.08723756966931E-05
1.94133582640473E-05
5.10745117270944E-05
4.59418613409999E-05
1.08678777052951E-05
2.35320476659485E-05
4.65178299120545E-05
5.4821407120543E-05
6.71751155417593E-05
4.81651663824332E-05
5.25924045919939E-05
8.6135976644134E-05
6.47680139995995E-05
6.86071021622591E-05
3.80833505807377E-05
1.91746728290349E-06
-5.28496682477026E-06
1.82305903485429E-05
-6.56301132549904E-07
-2.05374950440319E-05
-3.80951260318812E-05
-4.92281370278991E-05
-2.47819438854953E-06
5.76081254521896E-05
1.9358132600902E-05
9.45963307414943E-06
-6.9033856729511E-06
2.04501213791855E-05
6.59736837963905E-05
7.58432463606703E-05
-2.31579230596182E-05
1.55439073497096E-05
3.78536438080212E-05
1.9269843638495E-05
9.2772926812473E-06
-2.074720806962E-05
-5.84474246785028E-05
3.3336152755577E-06
-1.32064264255582E-05
-1.05423618985126E-05
1.37732479582009E-05
5.38990556040871E-06
2.46111696368452E-05
5.68664543196953E-05
5.20336393039377E-05
4.07614968295755E-05
-7.62648863580614E-06
3.69914969128082E-05
4.8279054942653E-05
3.13407616047526E-05
2.44416065266549E-05
1.46117996790983E-06
4.53496693651614E-05
7.16200443665655E-05
4.44082228420498E-05
5.61966907523274E-05
8.28293420563571E-05
5.23317799872016E-05
8.4526639411964E-05
4.35938605912601E-05
4.19572945385903E-05
1.60704429808341E-05
3.1451516587795E-05
-2.64866718141588E-06
4.49560212789055E-05
3.73580699186115E-05
4.94215015944705E-05
4.84396939760064E-05
6.32722949219662E-05
6.15921147645369E-05
6.93952745973247E-05
8.99533394723627E-05
7.073785665979E-05
6.21072982440802E-05
5.05030773182844E-05
4.95114896863629E-05
-4.26069987488831E-06
3.7391239922106E-05
9.36303835797746E-06
1.96906888478874E-05
-4.24095620477115E-05
1.88341044682183E-06
2.78358593625456E-05
3.45510201030814E-05
-5.97227999339826E-06
1.28159993553337E-05
-3.35514352669076E-05
-1.6087222266507E-06
-1.14670357111089E-05
-1.07039701067545E-05
1.53509195160062E-05
1.85661616260821E-05
-1.09724564673781E-05
3.12672294872417E-05
3.46147361198569E-05
1.41638531088376E-05
6.88023469275935E-06
-1.50128908154305E-05
2.39260754387508E-06
2.97947608141746E-05
-2.69868666013567E-05
-8.80615162780884E-06
1.57295576111503E-05
7.97288687794995E-06
-1.20597783790987E-05
-1.84591690881693E-05
-5.98561937729925E-05
-2.08983503666785E-05
2.54151033669008E-05
2.06783347323558E-05
-4.43016502594239E-06
4.43934928603458E-05
2.68111866934186E-05
2.84253201342414E-05
2.27177511783376E-05
2.52324464829839E-05
-1.91571333181076E-05
-6.22693173748906E-06
-1.41425095816523E-05
-5.23245410178276E-05
-3.98002692307579E-05
-7.21532296449541E-05
-9.21467063507866E-05
-6.0309181040341E-05
-2.05226605948244E-05
-9.79935659995342E-06
4.3810841510391E-05
5.61874822575684E-05
0.000110935766128105
6.61948817253039E-05
5.64777693976235E-05
3.58135221210666E-06
4.33995410016859E-05
2.31548694469657E-05
-2.00210661813593E-05
-3.63211437789818E-05
2.76583245661112E-06
-7.10616627864045E-06
2.20290008550749E-05
-7.19761752563042E-05
-5.91373420215564E-05
-2.69513275134938E-05
-2.63697005908214E-05
-2.23200707361022E-05
-1.50204131255661E-05
-2.74147124908299E-05
3.08542464225963E-05
3.25826365373383E-05
5.37493727895613E-05
5.73192560655357E-05
9.68905672322683E-06
1.99425934650654E-05
2.27657642756634E-05
3.53171737839848E-05
2.65704119461571E-05
4.12603840961871E-05
2.53327237164468E-05
7.08512881975484E-05
5.54283899684909E-05
5.01349157396919E-05
1.69841118563717E-05
3.84557069915969E-05
5.41203965662901E-06
2.224271570245E-05
-6.24362949832794E-06
2.83571645616944E-06
2.85123129843011E-05
2.57777336127186E-05
6.96381290623636E-06
2.93809895002056E-05
1.06425412998228E-05
1.83882356374993E-05
4.80343724561185E-06
-1.189939747012E-05
-6.42247683635747E-05
-8.46146746537037E-05
-0.000136065392628746
-8.42734904223901E-05
-9.05584288331648E-05
-9.57034275417581E-05
-6.63844080576614E-05
-3.22725908203577E-05
-1.66509834823999E-05
4.07565793041986E-05
-1.87234793269226E-05
9.99144724413075E-06
4.08455643987424E-05
2.89770244381319E-05
3.92978579519511E-05
1.62259124862295E-05
3.011740421989E-05
4.98041414965301E-05
1.63084905687406E-06
-6.11442623798814E-06
-1.45814992540827E-05
1.73686363255777E-05
4.74638818242352E-05
-2.00058002410342E-06
-1.00232060621052E-05
2.25387901602126E-05
-8.89032547669726E-06
-2.50755148777968E-05
-5.23082072065942E-05
-1.64966457281917E-05
-1.57078569357604E-05
1.83694258074188E-06
-3.49238160313703E-05
4.02279427527844E-05
3.70356260513424E-05
2.68949162150461E-05
-5.14293663588554E-05
-2.57504307025072E-06
-3.13421662785154E-05
4.95977427702154E-05
-5.11762537160277E-07
-1.60847939190787E-05
-2.4476160608331E-05
2.27187476924429E-05
-2.67252147200114E-05
-3.17728300364509E-05
-8.9429425313404E-05
-8.34574654274824E-05
-5.72718171969906E-05
-2.08532811263355E-05
-1.29401129392739E-06
-5.15143707432065E-07
2.09659208165607E-05
8.75457911961065E-06
2.57506048200074E-05
6.43602268227863E-05
1.60085323967354E-05
-1.14232365294605E-05
2.97360011827599E-05
2.97739524180328E-05
4.58206211280906E-05
3.26282323273498E-05
-3.96422097646502E-05
-3.15321390063117E-05
-2.43964946699394E-05
-8.02120501770141E-05
-4.50354686267276E-05
-4.46437621375624E-05
-4.64048652637569E-05
-8.00384293797284E-06
-4.15291429361939E-06
-5.10087485995608E-06
4.37339727617138E-05
-1.69818471513434E-05
-2.35620430642532E-05
-2.20509737135357E-05
-2.32184483479082E-05
2.22245141221296E-05
2.52551960417139E-05
2.47131852448479E-05
4.07781662775627E-05
3.64036158808512E-05
2.8442359537845E-05
2.03797042890309E-05
-3.35344668236971E-05
-4.05010290723762E-05
-4.54104303000525E-05
-9.37633206983161E-06
3.62876930431556E-05
2.45267601422542E-05
3.65623594458579E-05
5.654401880414E-05
9.72993735109174E-05
8.54125877743851E-05
9.65287959634913E-06
-7.20634974433344E-06
1.42948601258683E-05
6.48072546538541E-07
2.331097877945E-06
-1.3273655125658E-05
1.92204630403512E-05
9.98272170566944E-05
7.4258223498895E-05
3.41430202546388E-05
2.32022844040054E-05
1.33634745597947E-05
1.40211080722305E-05
-2.9061431625356E-05
-3.81903723075059E-05
-2.51483919080856E-05
7.28970037912707E-06
1.7744490735655E-05
6.31845748592804E-05
2.31577143939016E-06
3.73417685550728E-05
9.81400968804311E-06
1.4325545783241E-05
2.52230216249653E-05
6.7917215345361E-06
-9.51735953136655E-06
1.69232193954598E-05
-3.27590887350297E-05
-5.71380404364171E-05
-7.74788023128727E-05
-8.33233610304244E-05
-3.97867951879945E-05
-4.31902272920516E-05
-4.67922838288054E-05
-3.10597907412193E-05
-4.6382965528654E-05
-7.4948619493961E-06
1.29241975810834E-05
-4.80772909282399E-06
-3.41940575277181E-05
1.43955833641549E-06
-1.23341599349292E-05
5.44571269229218E-05
4.62624772738637E-05
2.06117958000311E-05
3.18490168310783E-05
7.21744891495891E-05
5.53554510674435E-05
8.20245937828836E-05
3.76596653116155E-05
1.61103410289913E-05
4.04316541890636E-05
5.34726891505333E-05
1.80655285169636E-05
2.70425609003812E-05
2.30983504363334E-05
4.08071448168903E-05
3.78048296302627E-05
2.86835606965581E-05
-1.65476104301654E-05
-5.58058336947309E-06
-1.07449888509843E-05
-9.12853887781861E-06
-2.6264000293716E-05
-3.19599456517211E-05
-5.63412715765716E-05
-2.06609517655285E-05
-1.98662616011973E-05
-2.40458068974002E-05
-6.67432846550005E-05
-6.47024595368018E-05
-6.93030564092782E-05
-6.76204079851741E-05
-8.30959259278285E-05
-7.20150810159221E-05
-5.94543462785519E-05
-1.16543441769847E-05
3.22276647540418E-05
5.7939244404285E-05
6.89686298625163E-05
4.70907918236981E-05
4.14578300159641E-05
1.28636201793327E-05
2.63248407106213E-05
8.15605957506655E-07
1.76437272077303E-05
-6.08245557182509E-06
1.71455247291077E-05
3.48017899535E-06
1.54761725296123E-05
4.70807861398211E-06
1.35556378769433E-05
-3.52974955709311E-05
-7.30872904751042E-06
-1.12146334252556E-05
-1.86204416986978E-05
4.46448012006178E-06
2.40550220861974E-05
2.26490642306334E-05
4.74757542556251E-05
5.87722695609279E-05
3.76095011400987E-05
6.71692294541773E-05
7.50042826296592E-05
5.87712155250002E-05
1.88784761722368E-05
6.13758151685565E-06
-4.7604183633073E-05
-3.06129802314474E-05
-4.13343070694345E-05
-3.87262426695251E-05
-5.93165185049881E-05
-2.72045270427927E-05
-4.14007265303836E-05
-2.3031353894333E-05
-2.71292921122636E-05
-1.97051640105532E-05
-2.2674612471609E-05
-2.79815223022282E-05
-6.45738031126861E-05
-1.78250410175628E-05
9.645383220423E-06
2.1511236279825E-05
7.88073018444379E-06
1.18861982825525E-05
7.95483720115594E-06
4.46816216424647E-05
4.08996070231644E-05
1.3269071434402E-05
-1.58194575594341E-06
3.15811247958208E-05
-3.26440367874913E-05
-1.76037640448574E-05
9.93781229441146E-07
-4.28937495055621E-05
-3.94866603189363E-05
-3.76014257825812E-05
-5.0273498808874E-05
-3.18385471300473E-05
6.88404998957361E-05
5.13768743839279E-05
6.91240343832757E-05
7.52420895159162E-05
0.000104889655054734
8.90524377832914E-05
5.83143950835429E-05
-6.51478581302104E-05
-6.04263279205199E-05
-6.86088354175375E-05
-4.50672312557945E-05
-2.22027198329963E-05
-1.76971772221286E-05
-1.49327946270964E-05
1.73870635479858E-05
1.85371411437871E-05
3.15788722240961E-05
-2.8771344791961E-05
-1.60522059511544E-05
-3.11809839119952E-05
3.77931790906657E-05
2.54195462774268E-06
-3.62553449227812E-05
-3.18270748643273E-05
3.21654378025296E-05
2.88836837889108E-06
4.8398075763935E-06
-3.51054694079068E-05
-3.46193426547564E-05
8.74964472303897E-06
1.06204692354531E-05
7.46516126530811E-06
-1.62215507025045E-05
-1.73829410755327E-05
4.83608490089191E-06
3.69255092562127E-05
2.9356993561686E-05
1.81710486889196E-05
6.81086011061237E-05
2.76258390531677E-05
3.88784094655738E-05
2.92099278724387E-07
-1.32821658594226E-05
-1.78389842448688E-05
-1.87267835391952E-05
-6.18624112962886E-05
-1.8911421320075E-05
2.64725434128965E-05
4.45348023591925E-05
2.56865183480386E-05
6.51185543173487E-05
7.91289609838861E-05
7.6319173644427E-05
7.01475673126766E-05
4.10530058385208E-05
7.27406019754638E-05
0.000117567848587339
9.30272589013997E-05
7.78902548812642E-05
6.67802393023612E-05
8.38784498084884E-05
7.10750798470524E-05
6.26050666901035E-05
2.64068206050346E-05
4.97229948293086E-05
5.78276971126359E-05
4.02736955924612E-05
3.25819472335234E-05
-8.36084240144489E-06
-4.05803856293266E-07
3.67779705487139E-05
1.80127084086339E-05
6.43255314692361E-06
2.39738522229999E-05
2.66848573608696E-05
5.14929700790181E-05
-2.19196073191411E-06
6.22868928969258E-05
4.2710009823863E-05
6.07935192911579E-05
6.04799386404162E-05
3.38335056389615E-05
4.21788992632158E-05
6.76543781883017E-05
-2.15180275814461E-05
-2.54482694699716E-05
-3.20010944665971E-05
-2.03462795800386E-05
2.89124705046787E-08
5.83587384709596E-06
-4.09822152468764E-07
2.63473180269113E-05
1.92444747961511E-05
2.0431579317321E-05
-7.77406766949456E-06
-9.67612743841237E-06
-2.49908236066836E-05
-9.01393390361375E-06
-4.54762647260131E-05
-6.01906483979791E-05
-6.4374077280224E-05
-3.79299791492332E-05
-4.02790471777943E-05
-9.07055057449402E-05
-7.7756725597328E-05
-9.82400151223104E-05
-9.21534244302604E-05
-5.99072698285773E-05
-9.80243106809812E-05
-0.000146313661855329
-5.63364593235337E-05
-5.50635751226422E-05
-4.33447547273973E-05
-5.76932272247341E-05
-5.63533713030871E-05
-3.82353988500491E-05
1.08602570033197E-06
-1.48673536557963E-05
-2.22822998185329E-05
-2.31994237463061E-05
-1.42685455860108E-05
-3.24893333671723E-05
-3.02011599448995E-05
-2.32149250951518E-06
-2.3971791670632E-05
-5.77613567708216E-05
-3.79920896252724E-05
-1.33393775970761E-05
2.67320454312848E-05
2.93741630827275E-05
-2.13922071601631E-05
-4.7981465672847E-05
-3.25255401624233E-05
-5.42236456126652E-05
-2.86343820289146E-05
-9.0971351323487E-05
-0.000120587461893114
-8.3162574700546E-05
-1.0362709131173E-05
-1.83203547000788E-06
3.44176059299263E-05
1.37950032297477E-05
7.28663032912551E-06
5.28131907126747E-05
4.28232795027705E-05
-1.80639915239827E-05
-1.28422952263841E-05
-2.76120451079816E-05
-2.55030597631413E-05
-2.20279954724444E-05
-0.000436889714553695
-0.000421283161506043
-0.000362322094379777
-0.000328086024918093
-0.000300268333179974
-0.000299199936715507
-0.00028724393174543
0.000134977089647638
0.000109093983645109
0.000101634878144587
6.66698616931434E-05
6.2216748679321E-05
5.06209341256062E-05
4.37323640032936E-05
6.28817299741978E-06
2.49913527848006E-05
8.05665597428897E-06
-9.19376910753742E-06
-4.74013779529141E-05
4.56656660554201E-05
1.25866007955931E-07
1.65957826818282E-05
1.86938958804158E-05
1.69006151822106E-05
3.11142389251498E-05
3.51328629809962E-05
-4.04469651182164E-05
3.1215659399019E-05
4.4646853210893E-05
6.33933328743809E-05
4.77107642930739E-05
3.12399472363747E-05
-3.48212355044393E-05
-2.0933719681423E-05
-5.18385409353643E-05
-4.78412951676613E-05
-7.05164213400081E-05
-2.13165900500669E-05
1.17084408559348E-05
9.01180948249098E-05
5.82582249216675E-05
7.66439355241034E-05
4.01585058053116E-05
5.88627725553091E-06
-2.19557957932869E-05
-4.6525047799156E-05
-6.05152166803293E-05
-5.80154121116571E-05
-0.000109986830559082
-9.86582686197133E-05
-7.98626638572371E-05
-7.89126893840173E-05
-8.91987478575762E-05
-6.7295109150769E-05
-3.78990141592426E-05
7.00964390660732E-06
2.40979375685183E-05
4.67844761238596E-05
7.34497955238129E-05
7.19177267500039E-05
1.41602715227771E-05
7.60927679628739E-06
5.03018253656317E-07
-1.73341431094728E-05
9.87173915235008E-06
6.45687784687833E-06
-4.03578055258972E-05
2.84463133902902E-05
-1.49632832342291E-07
4.09979465222726E-05
4.15878408090564E-05
-6.62181515028165E-06
-9.66423653059229E-05
-9.23297648104691E-06
-1.91659208662945E-05
-2.14397766260006E-06
-3.15550979200762E-05
-3.00996954012393E-05
-4.26532168547511E-05
1.63983556351112E-05
-1.72370882832748E-05
-1.5559644851246E-05
-2.74546347250572E-05
-7.23529275673686E-05
-2.46972182344347E-05
1.92695386464052E-05
1.0721941255992E-05
8.25995846326688E-06
-1.22548111667808E-05
-1.52521979539319E-05
8.02133493569737E-05
1.69204955907413E-05
4.51317707555136E-05
4.33218309741982E-05
7.98701831800057E-06
2.06872717863702E-05
3.66821624641465E-05
-1.79561184314115E-05
2.17829680778488E-05
-2.67081747106424E-05
-2.27116517763257E-05
2.45737204511349E-05
-3.11504139437065E-06
1.10256066548004E-05
3.76852551478308E-05
1.15788947167319E-05
2.98267240720403E-05
2.39698862013598E-05
5.58910186032509E-05
3.44122045630156E-05
1.7216900254075E-05
-2.32269500293331E-05
2.46707337443885E-05
3.73613410116691E-05
8.66237679298335E-06
-6.63598796368889E-06
1.10859907325603E-05
1.55612645578148E-05
4.0972004228059E-05
-2.61992747233365E-06
-3.05311363593165E-05
-1.08454097655441E-05
-2.15737901191594E-05
-5.50111909774232E-06
-1.42817231383663E-05
-4.48587898964251E-05
-4.21059721586891E-05
-6.88223694746747E-05
-4.89744238866539E-05
-7.74892678626867E-05
-2.70282803006091E-05
-2.54184745573743E-05
-2.35413355887156E-05
-2.44132607212463E-05
-1.62189263658273E-05
-5.1056664792354E-05
-3.79930821879376E-05
-0.000410382140833374
-0.000334995008255222
-0.000263776183372145
-0.000264527709507928
-0.000206072861296044
-0.000159149888324078
-0.000143643120944114
0.000188599972321088
0.000157940255305772
0.000116116163619276
0.000124917718793595
9.07123771239615E-05
9.34805174338993E-05
7.56165774370923E-05
7.52914877046729E-05
2.15100946145632E-05
3.08764404082788E-05
5.03929247450485E-05
2.11837014016298E-05
-1.41755710698628E-05
4.39720082310118E-05
5.61121092238713E-05
3.41628808849818E-05
1.83792649802984E-05
-3.4865026220403E-07
1.64815694851985E-05
2.87969482896111E-05
-1.15850734047863E-06
3.33535858052899E-05
6.62808935722196E-05
2.07035289425727E-05
2.65258459132789E-05
-3.97630569174105E-06
9.51322864173266E-06
5.42150788683054E-05
1.29282096722603E-05
5.22251253638908E-05
6.37017466108248E-05
2.2541751441006E-05
0.000100362456045452
0.000104830081164301
5.98742219566919E-05
4.97743048710202E-05
4.46012279542839E-06
1.64821972845672E-05
5.13433038822886E-05
-5.81641390620442E-06
1.02386589013121E-05
-1.64886959453083E-05
-1.56361934327678E-05
4.23503888228732E-05
7.65036616915878E-05
7.03539595807818E-05
8.24240683991816E-05
8.03443453947956E-05
0.000103139498646625
0.000111614735383322
7.7988027642941E-05
4.81352024156708E-05
4.29654828003917E-05
3.76531302649747E-05
3.41103408259798E-05
1.28309835973618E-05
4.91884118400719E-05
-1.67163677408478E-05
5.39734171832732E-06
7.71387876308299E-05
6.2841489242766E-05
2.65062855516559E-05
3.22641573158845E-05
1.6959870368045E-05
5.14444247802923E-05
2.05739680392322E-05
-5.44392266396983E-05
-9.58799397030777E-05
-3.34997292342321E-05
-5.04433664088789E-05
-9.63899219036081E-05
-6.648545001884E-05
-4.33745946490082E-05
-3.49548349189861E-05
4.69712583293252E-05
8.58639994322925E-06
2.00128534835268E-05
1.67856484006962E-05
2.65918186405434E-05
3.73612544152268E-05
3.44353717162334E-05
-1.76284297975456E-05
-1.43538093399095E-05
9.23345889393432E-06
2.3372153619639E-05
1.1162467226084E-05
-2.19584186344511E-05
4.82562041295551E-06
5.21420218273557E-05
2.67727810431993E-05
-1.04587639890589E-05
3.76967896099664E-05
2.36647174556771E-05
8.52832638070424E-05
5.84365119970746E-05
2.6803089181575E-05
3.46253273815909E-05
4.48254783644179E-05
-8.32425088132958E-06
2.12220346663403E-05
-8.3181191451404E-06
2.82240752638058E-05
2.87883588252008E-05
5.55246876137245E-05
6.31798418766603E-05
9.95354262103367E-05
3.78785720729409E-05
-2.32297893400462E-07
-3.67529115403506E-05
-1.62939681047273E-05
-7.5683651113189E-05
-3.5899817186802E-05
-4.24502789857962E-05
-1.0831545725687E-05
3.25264742420208E-05
2.09084122301023E-05
2.48155834135156E-07
6.14710816049874E-05
2.40915331190987E-05
2.10787296064935E-05
-0.000265141693274654
-0.00026792519230744
-0.000193327242800428
-0.00017851998038562
-0.000197650799653625
-0.000193938434324803
-0.000173178876509435
0.000119279120091489
0.000121827480789656
8.26951693884827E-05
7.46470923536451E-05
0.000133290530813031
0.0001301895036771
0.000105861017693929
9.89914300959144E-05
8.2815282728529E-05
6.53538049636727E-05
9.83298661321339E-05
3.9785093432548E-05
1.51845174116958E-05
7.61198691355154E-06
4.58676635565881E-05
4.99158775919233E-05
5.18102255308761E-05
5.12970402276554E-05
5.40471529623703E-05
0.000105180827591923
9.76352307919033E-05
8.09495309149326E-05
5.06885664393453E-05
5.34496951399056E-05
7.11866184750878E-05
3.01919588917699E-05
1.79304276303638E-05
1.4706836865674E-05
1.71043895082207E-05
4.40714001937754E-05
3.48883670830771E-05
1.00908462323581E-05
4.77026141948145E-05
9.76446458697523E-06
4.15910121571464E-05
-3.21229690652965E-05
-1.07060150841745E-05
-8.25724064410182E-06
1.01036684121915E-05
-2.11960000212719E-05
2.45455606312337E-05
-1.50468994490323E-05
4.88837824180298E-05
8.54039489531685E-06
8.89580013945183E-06
-4.36093407140909E-05
-1.0082490259627E-05
-7.12361275405715E-05
-2.26120032227575E-05
-2.55296108998316E-05
-3.9489021696848E-05
-2.87677069919844E-05
-3.07465015366317E-05
-4.03518982713541E-05
-0.000263571809262314
-0.000185106584265281
-0.000167239002454147
-0.000101048320873344
-0.000112211826871264
-6.70919981825938E-05
-6.10867122124787E-05
0.000231169390352563
8.9702870381512E-05
0.000102301643897658
6.49372820249684E-05
6.60283071649634E-05
3.68125639988188E-05
4.72573033684288E-05
-1.44702541409012E-05
2.74597582521162E-05
2.84180279392856E-05
2.405047675855E-05
-7.50145434673767E-06
-3.60406262084654E-05
-3.66165303293673E-05
8.15571518647513E-05
6.47098482180946E-05
8.9693357712532E-06
3.18823172365531E-05
6.46856141092539E-05
6.72568850152575E-05
4.6623808449155E-05
1.72963002561363E-05
1.61726541192352E-05
2.15143002363516E-05
1.69351809377221E-05
2.30266871569283E-05
7.56927433886179E-05
9.4627886881048E-05
6.23924379872851E-05
9.85321690163651E-05
6.79918235356408E-05
8.54824522151832E-05
8.05683158534702E-05
5.36549101445166E-05
6.00614780136747E-05
-6.44919860657646E-05
-0.000228772808777733
-0.000158558258903543
-0.000166979931069884
-0.000155516742220222
-0.000157882058736006
-0.000135209646390023
-2.92494286904196E-05
0.000164123295162135
0.000121204156884639
0.000127535532147086
8.51455930358423E-05
0.000101723319882947
0.000122885940957196
0.000114376134814956
6.38758360709889E-05
0.00010146236604547
8.25692248894916E-05
8.35901196775741E-05
8.38605303619459E-05
5.87408240116515E-05
5.07333942907366E-05
2.55166398369836E-05
-2.5062001084643E-06
-1.92205068213216E-05
3.53425150887194E-06
-6.13161802861247E-06
-3.35655193788439E-05
5.72607944532428E-06
4.63435889948478E-05
5.51470530044966E-05
6.03983926596306E-05
5.66535359747706E-05
6.58617610607386E-05
3.43762599494473E-05
1.76355303098544E-05
-2.80322015558808E-06
-9.8808733363797E-07
-2.63588000408629E-05
4.27348038584591E-06
1.60002558826445E-05
4.3573790958687E-05
6.64682903563712E-05
7.02407712502571E-05
6.66671750716859E-05
8.13183827844261E-05
5.71827405241675E-05
2.17597661930044E-05
-3.10353616535189E-05
1.52242386065336E-06
-6.37329765649611E-05
-4.71524618936473E-05
-2.92358077478556E-05
-1.1929331805699E-05
-1.55818443036254E-05
2.27411626782571E-05
-3.3068739778699E-05
6.94953320312796E-05
6.59875171051651E-05
5.05723955837918E-05
4.00527395565997E-05
4.14058473220214E-05
-0.000190165915419504
-0.000163507766319382
-0.000188319137001153
-0.000142910101505116
-5.24309249729702E-05
-1.63085572997135E-05
6.82166876128619E-06
0.000274015048066838
0.000194187755358426
0.000188438725008736
0.000141614871934996
0.000104363933332806
7.00535644838932E-05
7.11224307463654E-05
6.63213015355937E-05
0.000100505749899901
8.13567793427862E-05
7.32084444281556E-05
3.13396214842776E-06
1.03455454765176E-05
2.11609853622779E-05
1.19070133846224E-05
5.14340511484395E-05
7.81084792601584E-05
2.82415105094554E-05
7.08013486382278E-05
8.02559802732822E-05
6.87770011948132E-05
6.73524934299111E-05
3.700986247232E-05
1.77834989810429E-05
0.000109725198732128
7.75530309287244E-05
4.45945568102211E-05
3.38282919056317E-05
5.3985167109504E-05
6.87305889286277E-05
8.94736618064473E-05
5.58423445387218E-05
8.88380820501358E-05
4.62133875334622E-05
8.87695941805786E-05
8.17935358262047E-05
6.52263962618743E-05
5.59932185606584E-05
5.47092054993972E-05
2.91792201346607E-05
9.31766042687197E-05
8.02655024011544E-05
8.22138369577251E-05
0.000122812088741064
0.000119585510358408
9.94272268257744E-05
0.000116487455051382
0.000111407219434407
8.60810786537765E-05
5.77338752944022E-05
4.76966588149768E-05
8.23528136732958E-05
9.95394101739226E-05
0.000119848767836062
0.00015511032028249
0.000160266427210261
0.000165438206382706
0.000262571196605311
0.000239908169611045
0.000225327934111592
0.000199365303592938
0.000152818186811883
0.00014551884332302
0.000144249761436709
1.85622624282107E-05
0
0
0
0
0
0
0
0
0
0
0
0
0
0
0
0
0
0
0
0
0
0
0
0
0
0
0
0
0
0
0
0
0
0
0
0
0
0
0
0
0
0
0
0
0
0
0
0
0
0
0
0
0
0
0
0
0
0
0
0
0
0
0
0
0
0
0
0
0
0
0
0
0
0
0
0
0
0
0
0
0
0
0
0
0
0
0
0
0
0
0
0
0
0
0
0
0
0
0
0
0
0
0
0
0
0
0
0
0
0
0
0
