0
0
0.00433298288329628
0.00321062078434435
0.00345048273120647
0.00481570557585456
0.00186658849928929
0.00168292632784305
0.00179294755372736
0.00153006641564692
0.00194104097030993
0.001892566304383
0.00137399957724521
0.00150827180147675
0.00146155113274166
0.00183662646719663
0.00139942239437115
0.00141529648401509
0.00153058721283814
0.00179464034576911
0.00163069075679762
0.00160547778876379
0.00164565390842971
0.00150175348990791
0.0012950780506964
0.00135130314206506
0.00135930435884101
0.00130508222458879
0.001220041113515
0.00126693047500728
0.00138189777720875
0.0010595056146823
0.00186276938972647
0.0013291827543506
0.001204101525084
0.00135797497555105
0.0013843111776304
0.00125903203208046
0.00149761387738853
0.00144420707950805
0.00131557089389143
0.00134432413191068
0.00110534486023227
0.00120563499555786
0.00149647323949635
0.00127822524640743
0.00147059683579214
0.00123699928265194
0.00147621843324649
0.00132522439987092
0.00129154637199058
0.00121665624587723
0.00124003022240896
0.00127987522609992
0.00122840681985139
0.00116637196125152
0.00123678386945668
0.00104326301839032
0.00128982993890345
0.00118499831131223
0
0.00166510397414229
0.00116458085391265
0.00128680862552272
0.00108331510339393
0.00131959212483118
0.00119969893818326
0.00129260192630509
0.000960466081218962
0.00115765759174604
0.00118465834597701
0.0011918763074485
0.0011331385788001
0.0011889707787359
0.00136864201994035
0.00108461904885509
0.00108258820470809
0.00116653320833451
0.00135833770754264
0.0012654106477946
0.00111458276625968
0.00123057072979556
0.00118465522981125
0.00128937523438804
0.000958898753230348
0.00108994766126499
0.00123647884573329
0.00106267620389296
0.000993322938107117
0.00133131356480549
0.00128204215240901
0.00106834433772704
0.00104400133967155
0.00115433873493195
0.00118089143227451
0.0012907290232857
0.00122256289985387
0.00118830479646353
0.00100045202979033
0.00107107078238664
0.00103790925443219
0.00092437531326335
0.000995790029978999
0.00115019464641516
0.00129098078033449
0.00115464922536908
0.00112263908998376
0.00110888932127265
0.00105664076354462
0.00112490456627718
0.00112691681644902
0.00113238113982965
0.00102409102470396
0.00119347249988882
0.0011971718061163
0.0012651791094348
0.00100553402169335
0.00110977880236542
0.000948195811902132
0.0010516702517089
0.000871195497366416
0.000881543934118652
0.000950055348243135
0.00102571805904855
0.00100910613008753
0.00137882679639781
0.00109037094044995
0.00113924547866148
0.00111956356926738
0.00139716026963247
0.00125329740805464
0.00115426519235387
0.000954010899650232
0.000971096810538582
0.000987127206286284
0.00101198876231507
0.00107647791504065
0.00124629124967463
0.000871584987630626
0.00092871149099262
0.0010676035780716
0.00107545476559268
0.00121841262009718
0.00106324505752866
0.00114099457822106
0.00100937942717453
0.00110528567424436
0.00106516969513862
0.00125984916362189
0.0011026370518746
0.00122589151482953
0.00111866663637158
0.00109031465686241
0.000912434441522366
0.00100820454934289
0.000959598651243975
0.0010591568536112
0.000961988666966279
0.000918243867574176
0.000993805667059015
0.0010464077390315
0.00111209320980232
0.00101520984298855
0.00089307109060535
0.00104879677207561
0.00102870280569247
0.000888672131534607
0.000949817399686427
0.00114883833791206
0.000990300571970745
0.000953633067283847
0.000926028213570057
0.00100201073924501
0.000941358385090212
0.00117229733522426
0.00104411004840042
0.000920242356068359
0.000980342035148174
0.00096468400308486
0.00111372112553931
0.0008874540306586
0.000940878696488573
0.00104046503338095
0.00104742397234002
0.00107536582370987
0.000873445885974352
0.00104131280862775
0.00110780149870302
0.000922490034798185
0.000919632076191266
0.0010801414178548
0.00095464063351919
0.000947025979200951
0.000962542232674393
0.000907026489582084
0.00104310284604896
0.000921985427830704
0.00113475666564067
0.000862699339813691
0.0012067028316886
0.000922229809888262
0.000804937201764156
0.000897491630066725
0.000852480095565221
0.000768874112863704
0.000823312002067139
0.00078927861172776
0.000849345556157202
0.000941886383628127
0.0012158460863106
0.000989825286680845
0.000907993413667468
0.00109708627799806
0.000929043924549745
0.000779783094780309
0.00106950006624964
0.00102819587789615
0.000967279258178869
0.000905268156820643
0.00117993209875381
0.000954218577760553
0.000999758430669968
0.000924089981752335
0.000981391725074481
0.000885780492660657
0.00102154208306878
0.000982764156511474
0.00092591475329147
0.000922306821499457
0.00096227743055298
0.000824082080300838
0.00106595344907431
0.00101478205181156
0.00107096465436283
0.00100748820222344
0.000959505343887766
0.00128613877518378
0.000880239504666559
0.00102611699785638
0.00101077395212108
0.00082346093298851
0.00100989870421945
0.000848021585364971
0.00086901807553304
0.000899848117412136
0.000950152576916348
0.000902998317846517
0.00102831299320813
0.0010024001728916
0.0011120560163053
0.000971306416390797
0.0010195687977927
0.00102154472402488
0.000929886645145991
0.00094393558785781
0.000800464197353322
0.00095535454911755
0.000957780063026201
0.000953968247723634
0.00090558740006423
0.00113482992798495
0.000759423888429423
0.000793649735654575
0.00104821866219965
0.000913698703714234
0.00102428633355964
0.00091698751552408
0.000831205636448174
0.00112362886723563
0.000938870653774673
0.00098960546502563
0.000885927259262577
0.000843749900759991
0.000863927197783728
0.000834229313390834
0.000895381981329107
0.00112833071340758
0.00104143185415038
0.00101992726643052
0.000883609841015002
0.000834370054023534
0.000917611898267948
0.000971941119310982
0.000825650781130382
0.0011504903514228
0.000831512656555915
0.000812681197974515
0.000873014971172293
0.000890987685384477
0.000964344155488748
0.000912861550635987
0.000850472781457742
0.000875811285358721
0.000869010933700267
0.000769318189766627
0.000962778589283181
0.000946778018614236
0.000794140631338894
0.000869569863069536
0.000790434407717323
0.000833361734181957
0.00079526834230159
0.000881993101284175
0.000843186166636068
0.000835805757184282
0.000860184548464722
0.000827646284664659
0.000763153930554219
0.00100872261447921
0.000902205337400817
0.00105573309528481
0.000865266320876095
0.000800753627975056
0.00107140951639966
0.00103010398321773
0.000950554529346488
0.000917975552761781
0.000863673502146758
0.000961269653913674
0.000811891727212985
0.00097122345887724
0.00105768116552172
0.000877087482730591
0.00108396432456353
0.000926528511927143
0.000759475571358974
0.000986406303818548
0.000860690802418802
0.000820798103570684
0.000864487779046926
0.000805866661425562
0.000836910850361062
0.000898415847739458
0.000781481732106227
0.000850513627986731
0.000972584708972112
0.000861621720079718
0.000968611304721799
0.00101041707962365
0.000766092270497639
0.000888390613599616
0.00103320410317463
0.000987823200627266
0.000978010373155807
0.00080331540777363
0.000768805206214849
0.00093171216600946
0.000960520668695898
0.000960033583452034
0.00094067111933595
0.000749477114213961
0.000817043464080181
0.000793715809390157
0.000835724435281993
0.0008549333572771
0.000902101394530572
0.000905226238069996
0.000955874459473043
0.000975472025518123
0.000897194122493988
0.000732288458726246
0.000844606087208517
0.000820172663401277
0.00100785525587901
0.00102939472175203
0.00148504842718656
0.00102209435375497
0.00081789815000398
0.0009743733991572
0.000766706767628812
0.000806326446102752
0.00102102403762399
0.000909902596582338
0.000940151740833551
0.00104611503590911
0.000967744949721854
0.00076376708760999
0.000856088956520061
0.000976549121079549
0.000857908690198166
0.000835352650826766
0.000807891411676245
0.00084308571045579
0.00083478847233053
0.000913430894221865
0.00133932255262119
0.00093133580218226
0.000866657304403085
0.000970927330288745
0.000876012805659061
0.00082370853965363
0.000901391645634208
0.000897095843945033
0.000922251300197391
0.000889079289003113
0.000881137040814793
0.00082663384310246
0.000784474862725351
0.00077697892035405
0.000947556398325327
0.000929656018185951
0.000800890821094182
0.000740076046182453
0.000856562011411394
0.000802597827876478
0.000991648822845743
0.00109263032678866
0.00112316838915931
0.000846766094595799
0.000873283954693183
0.000883694656086462
0.000795390201053312
0.00083239838251746
0.000792804724390712
0.000766088004016675
0.000868512941215783
0.000719852569461414
0.000840959581953897
0.000757173994895276
0.000776565766818952
0.000888850983468652
0.000810707672755524
0.000762122371467217
0.00085288739077456
0.000828953480555919
0.000777210849873634
0.000841289714767496
0.000843948643705824
0.000849492598577906
0.000815528093255409
0.000893718324713169
0.000863042601617521
0.000992762439091305
0.000925333673927984
0.000893627057395818
0.000868866651477486
0.000854482508294301
0.000963416639464248
0.000972101486299952
0.000982908444609783
0.000906033872173594
0.000809931056989182
0.000903341758452874
0.000828169560101216
0.000829750917954963
0.000743415315088804
0.000893679201960338
0.000856706145137585
0.000826754272069222
0.000982095622138044
0.00079083574471742
0.000772566034025711
0.000811419467912211
0.000743008715714335
0.000891522807157674
0.000815965505202087
0.000998466907911445
0.000866596389353185
0.000925155689874862
0.000790833893963135
0.000859454361713392
0.000929465964438578
0.000858419617329734
0.000871953140015114
0.000702285833095035
0.00095750324067442
0.000833136479316936
0.000698698334301657
0.000738197527248164
0.000781096062247015
0.000826784889374577
0.000830764726504064
0.000913951722314752
0.000852432449575831
0.000786980184918761
0.000721194823624446
0.00085304424156162
0.000734207610966006
0.000803628009121552
0.00082920605748738
0.000702840997009017
0.000751694945887605
0.000820609211963971
0.000819703541551696
0.000800064354076676
0.000899279765348239
0.000819171788816172
0.000913717271959837
0.000793453317973387
0.000800279160664156
0.000684119608271922
0.000841500743964534
0.000742707658276503
0.000887585939730777
0.000928922189237105
0.000737183901962984
0.000826352649251153
0.000771805676650401
0.000786323992431802
0.000801399490684447
0.00070448185362929
0.000846158193305108
0.000756179036224802
0.000664680685913402
0.000855551241862637
0.000933759513488599
0.00098361341457399
0.000850480620989139
0.00086156989122962
0.000876304317245317
0.000721652153538561
0.000882944426002987
0.000766295488279237
0.000730810348313977
0.000953104887959434
0.00076689677791562
0.000866895904844769
0.000901349965951362
0.000890601659976716
0.000727596057810693
0.00086693115635172
0.000800101754682719
0.000773601634469277
0.000788108151143141
0.000918302041048705
0.000912098942256484
0.000949696772541076
0.000830962535549445
0.000777896112019093
0.000723326211434844
0.000813663423536159
0.00106456715495486
0.000769073087388789
0.000731521925938168
0.000987313662948358
0.00078513919889527
0.000719719758950093
0.000885157967137915
0.00101593571996719
0.000764237440140596
0.000890336499335718
0.000722308218383591
0.000818320729036606
0.000822303800115434
0.000829099032133863
0.000659380756498394
0.000867588427495962
0.000914820002577107
0.000843263832854438
0.000861756764300927
0.000983136358063309
0.00110811646130446
0.000818953457932041
0.000808165682834529
0.000739636116991504
0.000766833233541116
0.00121215353282281
0.000757446628291297
0.000770891475567793
0.000915974488422481
0.000747557829911866
0.000714969963812714
0.000757165230226469
0.000891942718175486
0.00100050182000971
0.000769536560917644
0.000909092786418889
0.000708294070418093
0.000706067301278832
0.000771744431816141
0.000863943707456488
0.000803225530014711
0.000697262394224885
0.000799208754965859
0.000773286325726494
0.000779391965272262
0.000709648409285289
0.000867298985801933
0.000846269889019862
0.000814412894471167
0.0009238901545867
0.000773825308777617
0.000828278448522013
0.000851515799285007
0.000778062094622564
0.00074773950867934
0.000733382117981881
0.000844699224239577
0.000823590445289415
0.000928176813829994
0.000706463425867325
0.000808377257541421
0.000866274210286955
0.000748988960931939
0.000708324112264959
0.000790753064743529
0.000791050044254844
0.000828128879586119
0.000836563736008725
0.000680647688931083
0.000728465984115596
0.00103358120313926
0.000730618949568964
0.000803328366079622
0.000859613704206741
0.000801122613487094
0.000827766426229561
0.000861500483716792
0.000900784596989507
0.000732668463600401
0.000928216541753542
0.000885659672610924
0.000837345532041089
0.000692337063266253
0.000723405797983378
0.000831614311909236
0.000932000191463844
0.000802944979716746
0.000794584644061932
0.000862977129898733
0.000745663022541283
0.000827373048390822
0.000804589254551283
0.000805619669899794
0.000880290819868053
0.000686302715730514
0.000947820578294332
0.000767776494323066
0.000906688289458401
0.000787513507781551
0.000689248975828361
0.000689448385565239
0.000853224394135224
0.000777702709449431
0.000902674961275174
0.000860421920287612
0.000770996617552332
0.000836805551359648
0.000913200358293158
0.00104296399391482
0.000868266828712131
0.000768056921534716
0.000736434837701084
0.000800970804040951
0.000802782716222031
0.000703688541415521
0.000728600549637459
0.000933689904241617
0.000759745694849311
0.000857799609106519
0.00103792142586
0.000936000994332655
0.000839742271392497
0.000748523518757803
0.000708387821030784
0.000713114747255063
0.00074474696462935
0.000791853680138639
0.000702952899240484
0.000770958883516156
0.000772672839075588
0.000759673243912259
0.000825177690551711
0.000818689848263329
0.000758746562580628
0.000775580874163461
0.000974202364153862
0.000769422265509352
0.000760332280902538
0.000761860379330385
0.00086756761873581
0.000764483328833895
0.000780017011517474
0.000748150892737593
0.000774615380648448
0.000759140874602948
0.000809732036012972
0.000767233579143442
0.000786155580851922
0.00078017469109498
0.000727793298485526
0.000760280025104897
0.000725282826804245
0.000704371214085496
0.000773749450221022
0.000638768989463961
0.000788334250250959
0.000839612887475562
0.000782283543016362
0.000762307369005445
0.000843424166057003
0.000863258369127372
0.000738578202837842
0.0007881627574599
0.000754160503332724
0.000888475214540092
0.00086697156050545
0.000715481853849497
0.000917579715514848
0.000940175847261116
0.000828918893862512
0.000791623463377323
0.000853950322258369
0.000852986402586422
0.000826256136009042
0.000757448859730538
0.000861453727455912
0.000844606998928336
0.000779145238800084
0.00067412490120227
0.000923615243234822
0.00093240189584395
0.000772882136713257
0.0007276284803943
0.000818862568430067
0.00076651522323005
0.000843464878487295
0.000742643530367844
0.000867037242323851
0.000830546245479411
0.000845747911783338
0.00091950741256175
0.000849810045164389
0.000784385547924875
0.00084712095547152
0.000754035800476335
0.000846557650566829
0.00078008848519177
0.000760874883397652
0.000793231944008259
0.000914706428420734
0.00101895536779266
0.000806830446917022
0.000792730291452752
0.00103267816529148
0.000745085550873712
0.000711932577618267
0.000785129888685685
0.000683395914619692
0.000879551769511749
0.000820493327259553
0.000759552078461721
0.000741435605908792
0.000838437157365526
0.000760488913116718
0.000687619002635718
0.000762129874001128
0.000904797895207646
0.000713893588309618
0.000831081082719459
0.000783213976341867
0.00081289993967633
0.000750528325665537
0.000710964869074548
0.000859778218335237
0.000721416380044626
0.00072881956576932
0.000897808997929243
0.000716534179186361
0.000719090182590783
0.000884900215516789
0.000712773702381167
0.000778825835547593
0.000678844102020456
0.000733522706525509
0.000732423905173813
0.000772195002078766
0.000693690769106641
0.000738879276212615
0.000823011633506489
0.000653879434232673
0.000767878035753268
0.000863611722636489
0.000706562388585256
0.000763929564420775
0.000934522012545643
0.000840695652181596
0.000690789276141972
0.000761189790781462
0.000782909322240029
0.000789805501056469
0.000814155989604407
0.000844766627453076
0.000849367668553658
0.000783110681205504
0.000778621950644537
0.000680767657501921
0.000676344146929334
0.00076050842224989
0.00110594741657901
0.00106465800506067
0.000763834930296128
0.000737575906892871
0.00074793565307209
0.000907256429252977
0.000784542562158955
0.00093839607313776
0.00100763865499904
0.000823180216250005
0.000819718580669364
0.000781190089516279
0.000864979341697519
0.000767016065977057
0.000757822916902269
0.000824659398613256
0.000849677177352496
0.000815682388685883
0.000887755043163065
0.000830847912097604
0.000837134871262135
0.000942606416811467
0.000876439504989781
0.000960424300841909
0.000728721530560306
0.000859219875185988
0.00080150481590277
0.000837709463843217
0.000918295986310897
0.000762259043307792
0.000803379747001121
0.000829645610997363
0.000818950165039521
0.000857897187815891
0.00079604844479724
0.000936002442566094
0.000842623620619908
0.000852855525157447
0.000740881641022294
0.000786895523109159
0.000721175342868686
0.000844168278437996
0.000799767703384132
0.000799594060814722
0.000754147814752784
0.000711957090363012
0.000765178634264593
0.000723391550951284
0.000784068751852657
0.000918367763811905
0.000741592704951938
0.000748822762781255
0.000690210734731276
0.000790470289415867
0.000831272088453582
0.000836798023986349
0.000756196204395102
0.000730084456803696
0.000812023664780881
0.000865143065824343
0.000783514645753047
0.000692784189843375
0.000715685129753262
0.000785490359546807
0.000725467781731003
0.000725996214837033
0.000778942746480224
0.000797805808492302
0.000757787121532602
0.000765711184842015
0.000715291381727415
0.000680477441688847
0.000778292947019455
0.000743138443390961
0.00082608301812184
0.000828387619605437
0.000815085726526965
0.000802225116186179
0.000898395299175985
0.000744642086249686
0.000740372737846238
0.000827323651255626
0.000856022609795239
0.000679313490476187
0.000742593764078145
0.000810790389816566
0.000886294439854519
0.000774792029891262
0.000872159677132348
0.000673943777219346
0.000785944743921487
0.000701618461213547
0.000733238590730677
0.000926246370444138
0.000667213311244072
0.000929806819087862
0.000783217969458287
0.000896407132625213
0.000876046394899469
0.000683575770171555
0.000866811168380924
0.000824516381392054
0.000710226016765591
0.000878388076451224
0.000714484721047715
0.000877091599237813
0.000665538998005701
0.000848706870873273
0.000999252083812635
0.000871589671928682
0.000799796982778061
0.000725651997223805
0.000705050541763572
0.000793537776281161
0.000934893798972841
0.000739892760886512
0.000860883533362681
0.000594348605773881
0.000849011264612712
0.000990529078548535
0.000796153430861108
0.000859577153984013
0.00077068740744711
0.000766270254234114
0.000738867900429327
0.000818126467007886
0.000843773087764736
0.000798971460784793
0.000666688464072803
0.000758602019944754
0.000735834088677949
0.000844013096711569
0.000730297832083063
0.000753243396451016
0.000718889826069566
0.000668255674112141
0.000889949789661839
0.000869358271020576
0.000722525393668693
0.000797313843255592
0.000729833132662946
0.000747907323375707
0.000627019481849389
0.000710828880410044
0.000701334447130244
0.000691564617166691
0.000693659872092131
0.000709277925816114
0.000793121662711832
0.000907457246176029
0.000805666553053275
0.000723223603703783
0.000849165380501903
0.000772381845278343
0.000771848368624242
0.000749097731750089
0.000761919095935781
0.000744794934045213
0.000696773125176003
0.000669014917946049
0.000769906934060856
0.000654231505347408
0.000704842092220042
0.00084037129603846
0.000710390281697892
0.000738974749340545
0.000720809846417337
0.000729217315913361
0.000644592615826844
0.000857766747574564
0.000586211833047899
0.000806787215095138
0.000806242537318654
0.000665161048129232
0.000827522454080006
0.00099911499509857
0.000920194427705745
0.000844195826556575
0.000741949925660187
0.000853727471685998
0.000801872860376754
0.000683200564799525
0.00076364848474397
0.000738998423634529
0.000971977388839333
0.000833240698269424
0.00092784273764287
0.00089104180049246
0.000907321210277408
0.000916175759298821
0.000761414012387262
0.000871624395845636
0.000741241533129379
0.000850831024840607
0.000873186860019191
0.000742649967498963
0.000851597911546407
0.000685271340591859
0.00078518204978343
0.000837873110947988
0.00100432448623605
0.000703480584491532
0.000726365061552025
0.00088010912822297
0.00073779894036971
0.000698155315119363
0.000769950542448658
0.000811968965197184
0.000702703672901736
0.000834325203789522
0.000633826745350011
0.00076663120581374
0.000713822485563512
0.000647391087258387
0.000693383777611484
0.00081456743497339
0.000798086702178208
0.00097073299243741
0.000668072814821752
0.000717564187269601
0.00094237296422425
0.000780446546497721
0.000794251847736553
0.0007458053289881
0.000729452741492951
0.000915651936153716
0.000755424474086979
0.000744002273402292
0.000763016036659358
0.000763508758280124
0.000847884003726343
0.000748313569005116
0.000737109283378212
0.000831543744191136
0.000759979972571863
0.000755181838857496
0.000699277093718313
0.000727826434025492
0.000642345785501571
0.000783483231682758
0.000725376383874429
0.00075721704452347
0.000679168948262283
0.0007200348425103
0.000773948340444269
0.00087168466144786
0.000772755514161713
0.000693367407952028
0.00070562018232432
0.000749139328742751
0.000712213132673489
0.000742130359919329
0.000749192777624678
0.000665240911744355
0.000712979639729183
0.000587138161606979
0.000754337684743476
0.000734302954332447
0.000724252730216363
0.000709892570903849
0.000818631413172202
0.000679110904283848
0.000776257448404985
0.000792438276679112
0.000611448056483417
0.000784966065219817
0.000786209137476329
0.000651812032206499
0.000949201157440452
0.00071969394061914
0.00106696642666072
0.000727733425693833
0.000606521403855756
0.000700266855864041
0.000737271640989965
0.000716291948879558
0.000814332999273816
0.000753718318727371
0.000733641941232114
0.000689585514361375
0.000775018653631353
0.000748424776431206
0.000740240077507543
0.000624682093591962
0.000672104453453399
0.000694697873568385
0.000673049584872704
0.000740897184396371
0.000848484839065611
0.000806174465767089
0.000648565785182829
0.000776388675382262
0.000738740896232789
0.000741270427301435
0.000764781215010939
0.000687570002633612
0.000799274407330779
0.000691651112836814
0.000868527125774102
0.000735747211711661
0.000760618270104912
0.000759866119935152
0.000862435476244493
0.000786860870313301
0.000806076057919841
0.000718180513802231
0.000835781098805588
0.000778676295925523
0.000825146909100039
0.000775361592619261
0.000825136047857718
0.000755323858964153
0.00071762622236815
0.00078680885068969
0.000728251657958777
0.000676621915884089
0.000744063537471619
0.000720634497872265
0.000778875577521321
0.000814292495324843
0.000653654486001824
0.0006846235508906
0.000606973642251715
0.000620612313413023
0.000742559850356179
0.000667263843826186
0.000675456114562663
0.000733838056682358
0.000736839882604136
0.000775478083291736
0.000676001729882792
0.000741912789612443
0.000826338650020135
0.000773779711340769
0.000766106749762453
0.000808182491533611
0.000725484594666493
0.000800069610414565
0.000763588668995635
0.000662674689321973
0.000748405368365245
0.000774996650263872
0.000680381458757629
0.000744000595688693
0.000772674183800801
0.000726326249694742
0.000777841550166252
0.000689737611608441
0.000722959374330108
0.000867517878093316
0.000749665267766449
0.000790892092468869
0.000967085163924646
0.000790119745005394
0.000847863217295549
0.000812775069527902
0.000706972277149626
0.000767897219771221
0.000727489267666025
0.000800504148096197
0.000731467648580018
0.000881142231676946
0.000761338768864047
0.000778602116535999
0.000781687630002744
0.000774251109328632
0.00089052911038934
0.000847125474570828
0.000824861397930625
0.000658435451711353
0.000714416554444945
0.000912430889972357
0.000693716467345283
0.000855021169165918
0.000800517405602388
0.000927485003826376
0.000753039053530654
0.000611326356751332
0.000794009340464921
0.000643790636547846
0.000980868663783602
0.000763634211914798
0.000780293728351016
0.00061813240022536
0.000735362195104071
0.000683796455615006
0.000711470435917127
0.000774181005679183
0.000826990081972039
0.000656015678673511
0.000778845389916803
0.000744852546066006
0.000846728124919642
0.000900178296270937
0.000636863212554565
0.000862835094929918
0.000740586698953205
0.000846603129158941
0.000713871783030769
0.000858467457255926
0.000811549801409057
0.000736000710231729
0.000773628071837262
0.000715375512529277
0.000714088431405303
0.000740815296764049
0.000650468075655817
0.000737099194110522
0.0010453583701569
0.000755482474986634
0.000816382120248659
0.000775872203648056
0.000715451087308864
0.000746358931266488
0.000969148521694322
0.000757090250671651
0.000795312562584377
0.000744398131474364
0.000721650510165095
0.000717224926510066
0.000760631564723492
0.000814584869119092
0.00087325880703507
0.00060270197771145
0.000814221103778848
0.00069881391353929
0.000728372098479093
0.000708615749880814
0.000873620022192405
0.00086799572638448
0.000835799361724272
0.000678918054594984
0.000798458533721065
0.000816579920081851
0.000762997408945693
0.00083899055914738
0.000717754704576397
0.000777641085529341
0.000756630209081657
0.00074780278823637
0.000698214035208922
0.000698336724706559
0.000831725987770449
0.000695436622557056
0.000705410338068012
0.000842893445673585
0.000633173050806242
0.000757880711953787
0.000725381707743246
0.000672534861402798
0.00074782649879261
0.000617413158686444
0.000787879209582339
0.000779025873024374
0.000806605786081045
0.000888839870894526
0.00076952794769407
0.000727927201573922
0.000627252781306666
0.000810281112880674
0.000913288927562014
0.000796338942156603
0.00075639961586363
0.000703102866595057
0.000627535759117353
0.000821747040915441
0.000800612452186722
0.000697791145802531
0.000808964867548536
0.000622604438300841
0.000725712923647014
0.000649873267608895
0.000694430091832566
0.00062672067063556
0.000780511645405667
0.00076753063418314
0.000742060061625233
0.000731406198834726
0.000833110987416393
0.000615758584859012
0.000931921269761088
0.0007516494624961
0.0007126077138048
0.00066243891387147
0.000700126569745782
0.000745399221527036
0.000733511953467554
0.000769885293554088
0.00069913408450673
0.000684444922810821
0.000749701724153259
0.000744177900585284
0.000775190863333858
0.000714489245404979
0.000665489728621561
0.000640962119481568
0.000708025113252599
0.000724890420467801
0.000662016363569752
0.000694150174010577
0.000667447497561237
0.000653376002054279
0.000712769443711131
0.000755881192132787
0.000744989029771644
0.000684004002652851
0.000865465083576619
0.000840551321616516
0.000715441385352643
0.000822795217616372
0.000706710417117399
0.000735839327615096
0.000646776496065695
0.000712138396453722
0.000664019633774577
0.000619246439404186
0.000796905058801232
0.000645041736383859
0.000710592358211786
0.000540010573521295
0.00079652102072504
0.000755617030148656
0.000700277074707015
0.000617126522381403
0.000777516818364947
0.000806878195210324
0.000783193271273205
0.000614420302062165
0.000704965016775864
0.000730118985745301
0.000724907723086622
0.000731378341030938
0.000801457806226725
0.000934334778106001
0.000763165760090301
0.000690485385241641
0.000714318276195069
0.000659512690703417
0.000719600725163374
0.000717668582996032
0.000717629728563422
0.000784239604957559
0.000738796817786681
0.000847992879508789
0.00075587475713535
0.000676676150859401
0.000664485217401806
0.00074207268483358
0.000637421619773292
0.000786635741684358
0.000867669002792892
0.000844169804855232
0.000817565077403413
0.000708002413678248
0.000736619444226765
0.000840492672063297
0.000742795794876029
0.000611298456275956
0.000794146804684938
0.000740969427948616
0.000818875695020275
0.000797121110744201
0.000859742585640773
0.000751090240877458
0.00080768575464741
0.000729594823582007
0.000710023641089493
0.000722428752806137
0.000913268276064041
0.000760225541061706
0.000752665268793186
0.00084585739991155
0.000739761141308742
0.00069088786164896
0.000809211061398736
0.000748336903089056
0.000765992335554561
0.000808231978594312
0.000835450253229928
0.000859361533571455
0.000893054773580186
0.000659694708097791
0.000800435867695001
0.000702130504926999
0.000746872947701871
0.000693046334349447
0.000781582652281852
0.000775991142499795
0.000827099455551555
0.000606836890202764
0.000786772986244397
0.000638340862503146
0.000713373603705049
0.000715444167334926
0.000848244808667213
0.000773774573803854
0.000762335914228614
0.000863869799795867
0.000947777565064256
0.000761688499169635
0.000863489771644981
0.000817179301661769
0.000699810081871667
0.000724991928979009
0.000768486498809554
0.000752899565876771
0.000753820633563149
0.000772797299343435
0.000696742427016155
0.000904595614305855
0.000817670785836942
0.000734405350543286
0.000751134728420219
0.000778904162072211
0.000680235592127616
0.000740134910963193
0.000701468259382174
0.000753397068665554
0.000741144493938618
0.000852264563291525
0.000668174075449515
0.00067469758988565
0.000852961250025702
0.000767984444169378
0.000762907894894322
0.000653848891590131
0.000677109185398373
0.000702763312570983
0.000723412631404455
0.000851320629196113
0.000755493841403276
0.000649043233133776
0.000761238662146707
0.000670203784887435
0.00063202202683225
0.000676428422054413
0.000736294926785867
0.000696354344283418
0.000763076844585955
0.000810521951697818
0.0007661731758477
0.000811661042886793
0.000648974243136916
0.000694422033792993
0.000658253719741007
0.000667660601389794
0.000696796911269287
0.00067963391679611
0.000703133493314596
0.000698715205090721
0.000664566948037932
0.000639265646172538
0.00064104274250052
0.000661093713787055
0.000793555807202233
0.000766589436843394
0.000631239164362675
0.000624871503111613
0.000680289773101825
0.000673183745582937
0.000757164296502081
0.000715595029423845
0.000652143329859069
0.000720718941267847
0.000874780679183816
0.000720316510857703
0.000676576312757322
0.000689841333904005
0.00065466234535418
0.000625458384952207
0.000672826996936531
0.000710780364251802
0.000717098761372068
0.000732918483516753
0.000697486901583366
0.000709488049447763
0.000666039053056553
0.000637658566717078
0.000636606719868312
0.000739069036049577
0.00136861748610569
0.000697613594690875
0.000684654719463998
0.000738136992767841
0.000673497112962277
0.000837091753607076
0.000752272880172159
0.000749073510542129
0.000782546384566374
0.000596079466135357
0.000688149395102512
0.000618373746413316
0.000623809405370831
0.000542287008871726
0.000634847496590083
0.000743744863866423
0.000753054328920914
0.000606420290306876
0.000692117724820515
0.000691203785499301
0.000680875753655235
0.000763535155567456
0.000646245028114828
0.000584886470713272
0.000708647609430361
0.000663827592627198
0.000683966176791922
0.000749552142327652
0.000626718052074069
0.00113863741620233
0.000693109478709953
0.000713047442683302
0.000776895953265808
0.000732841699534564
0.000998142901487647
0.000527651315225573
0.000630342515254035
0.000748757860258181
0.00082161926725542
0.000730554827319499
0.000738316120014747
0.000621435130034822
0.000653469710806507
0.000728603705771602
0.000774741732225545
0.000687230469847289
0.000770019002869313
0.000701780371081649
0.000617737493502619
0.000657216049650427
0.000664805338411003
0.000641961519134544
0.000808552671600113
0.000720541664838819
0.000720297647752257
0.000664544826828556
0.00066620647641324
0.000749762587481663
0.000809375333092101
0.000823174434583608
0.000927542388438984
0.000754168522525006
0.000710278008814071
0.000833482148840291
0.000854397042217556
0.000677064281390654
0.000759367586767204
0.000834723656556737
0.000837502443364212
0.000918712144458922
0.0007762210447537
0.000813341968183275
0.000705018083225065
0.000725934115388377
0.00072093533919907
0.00075683207020726
0.000659854851942087
0.000686840678813625
0.000702238816681467
0.000710071739150637
0.000700815562597159
0.000693529274169986
0.00064680208640186
0.000694700045464163
0.000761913418128107
0.000707697012677389
0.00069593378153217
0.000733947863637766
0.000703843298290315
0.000703151007482876
0.000816693896797656
0.000614374419401465
0.000693914213503006
0.00074713536439409
0.000838571407230591
0.00074470309918389
0.000781499109592064
0.000709997979670867
0.000656874124433869
0.000643841553386402
0.000636273932025097
0.000699317877302543
0.00063789880899485
0.000878402174725004
0.000792002154098309
0.000683955317804453
0.000868339033228433
0.000753217571991537
0.000724054996575668
0.000834393895018
0.000801148617578527
0.000701066261388941
0.000709868270021576
0.000763656859794513
0.00071779902876899
0.000848904973385134
0.000765293034982479
0.000688544926112587
0.00060933492606319
0.000592816367677217
0.000670877720959163
0.000788067515890248
0.00072346728031186
0.000710361786946956
0.000733220250691639
0.000755755678287719
0.000608091688096955
0.000799023233205864
0.000830551569038012
0.000667396736844855
0.000719146857531064
0.000795699270867756
0.000709769283583472
0.000750092700280209
0.000846793455319849
0.000711619680761025
0.000710622375312586
0.000635930455249275
0.000629034814670848
0.000731706899009987
0.000664496390448199
0.000725744327380714
0.000663426567358673
0.00071692493592364
0.000626541583862022
0.000723027735182011
0.00068848714951057
0.000768860238180266
0.00072430755922992
0.00068663407476258
0.000782555070012906
0.000641512167634798
0.000734768573546624
0.000759398801784828
0.000688009880726865
0.000639772901582336
0.000702999217141576
0.000691773681388303
0.000716126399218091
0.0006998815462351
0.000690052351015274
0.000631400021750806
0.000685128038989341
0.000745118194776166
0.00075566531613095
0.000809267842454855
0.000835297034049334
0.000713347411217724
0.000639189802657043
0.000632732878152579
0.000779894647774795
0.000662310355186769
0.000731606394623435
0.000922701334399241
0.000666800623375063
0.000698280781830404
0.000659372630084639
0.00067050884321829
0.000682180843603309
0.000693886528664938
0.000705611090709804
0.000735941227081633
0.000707569627271586
0.00061881411298709
0.000775199711096126
0.00089313049968648
0.000650743520843472
0.000615860802857695
0.000643944319411563
0.00072317559079492
0.0007117931990158
0.000641369537596464
0.000673175714141725
0.000828040815139106
0.000703206022569383
0.000761304593566183
0.000655284632827084
0.000688370759443711
0.00066494542623518
0.000720987583321775
0.000613508746187506
0.000694854845577818
0.000705025117954131
0.00068027064252886
0.00079106615032082
0.000624852305390215
0.00072870218897952
0.000821853336930223
0.000673290186451529
0.000707819095618313
0.000665650251911125
0.000710598433092279
0.000685644887898714
0.000889193534034032
0.000751343764624071
0.000631138567031185
0.000757497750118963
0.000738090229015086
0.000895144337347833
0.000731004150029652
0.000675882461742925
0.000773590578383624
0.000677548883444664
0.000706876724962454
0.000697069384424399
0.00057588809172982
0.000712363240746964
0.000725793201574662
0.00067881939399706
0.000788572634295844
0.000758983108692713
0.000691801403851461
0.000883008984286138
0.000878902885910211
0.000691662490544184
0.000702544202809967
0.000781392145721784
0.000706852040562547
0.00075152120672334
0.000866327562214809
0.000713447009693208
0.000787920976188187
0.000774519703560281
0.000630540958502142
0.000711609174418346
0.000649072033582363
0.000642636061338807
0.000659667796528538
0.000649152362477957
0.000727352214739189
0.000659064303718885
0.000725215081588147
0.000840055189963244
0.0006130048835426
0.000918161718693593
0.000652175663429296
0.00065845258887558
0.000691698891568695
0.000688630158787129
0.000708230814922968
0.000760995912187809
0.000642648050646079
0.000870717284751122
0.000739778027113923
0.000718409809016244
0.000757106297329434
0.00060534893837374
0.000651978638755189
0.000628108114146378
0.00104163454509137
0.00108980378986143
0.000808419983590934
0.000683576989913026
0.000759680652888418
0.000818822926444945
0.000748576058743136
0.000801039119174963
0.000898798829243677
0.000717390534745121
0.000724388457285037
0.000719922010166921
0.000667257150330784
0.000720472597732166
0.000626371877392144
0.000668043890200302
0.000666030675975127
0.000652026412261151
0.000873272783321926
0.000723677878460942
0.000690067991844836
0.000578465071854276
0.000720750074552135
0.000864412840668002
0.000698640848127306
0.000774168325925694
0.000657701974977023
0.000763552835870388
0.000704830082759353
0.000737875570365125
0.000747325247538965
0.000737974820379608
0.00066010744729247
0.000801869475694029
0.000641444417944497
0.000759580555075491
0.000674798307349578
0.000772945734409307
0.000739623181350285
0.000696952550002528
0.000636432962464763
0.000999336437475183
0.000728935869069451
0.000679366322397614
0.000843357188821252
0.000709962314933903
0.000665531199007261
0.000684960227151697
0.000831969748489312
0.000668844320734979
0.000741816728270173
0.00074292209157588
0.00087916254828674
0.000743713390534699
0.000684575125875005
0.000695085872113167
0.000792233548888119
0.000672379241034098
0.000823158555674013
0.000896928589817557
0.000695855881400798
0.000671872148247248
0.000737176652091944
0.00071031656978426
0.000768722755225249
0.000788214305977419
0.000737045362807457
0.000724368471446932
0.000682106237129433
0.000608927498214259
0.000709866912868695
0.000643845828095268
0.000671800991029201
0.000619737685069843
0.000693955915613477
0.000663941414630714
0.000875561382118073
0.000593946918477091
0.000611435476655192
0.000701601813258045
0.000755384033121484
0.000689657533092014
0.00070085325157192
0.000732756539445727
0.000674237442131453
0.000679103989099392
0.000737015053000007
0.000797900611088799
0.00073529117950527
0.000578028485631112
0.000750685246032313
0.000662179353659587
0.000622433113792239
0.000805397632613557
0.000646981721521008
0.000670067172568156
0.000718708155255931
0.000724509383659036
0.00069427557430439
0.000663039285024663
0.000681641062077464
0.000720190699462591
0.000730262796948824
0.000634815524769814
0.000702477399797157
0.000762412506175534
0.000663631367587226
0.00074263264888825
0.000658465687610424
0.000589619586332439
0.000802677607236814
0.000648965349128604
0.000597588681915011
0.000584132775336903
0.00064419125918155
0.000729482399276677
0.000766010726375977
0.00065099540208484
0.000681134340226351
0.000607529429088298
0.00065224876316694
0.000709426375082615
0.000660843048959278
0.000697588102384466
0.000686944339693299
0.000705504563518067
0.000700576603850245
0.000929256040851788
0.000631703928211131
0.000746151250271233
0.00077721530308395
0.000697154082424161
0.000692067713700194
0.000744352986808728
0.000591031375440445
0.000770087233398913
0.000800744098880976
0.000758739252568715
0.000611785194405855
0.000613372663385987
0.000743167459750334
0.000691300007619174
0.000740341429524145
0.000731779295286688
0.000751498027739798
0.000595870967458029
0.000647056301705647
0.000780218207785103
0.000727222271144261
0.000629479574985406
0.000632418725467871
0.000767476643173985
0.000671349375485222
0.000674739569854038
0.00065056867710477
0.000705662639458958
0.000713183085638056
0.000777647151524696
0.000748870882923059
0.000582451687836513
0.000626531383121406
0.000679951223142153
0.00074091524657633
0.000648491373588596
0.000722997412084119
0.000684938865204049
0.000659811603125293
0.000718596919066426
0.000698044660225257
0.000619381608924088
0.000913643714840387
0.000828356574813413
0.000706727917717209
0.000701047933441465
0.000611678251956545
0.000687312506641332
0.000614952917291516
0.000704168174396555
0.000716016512642117
0.000691887597683625
0.000585838754476567
0.000629830383599113
0.000680213522465449
0.000880237973690793
0.000873721461510652
0.0008091229447494
0.000721724933208002
0.00070093213995507
0.000680939237537812
0.00075286526098085
0.000675365988662328
0.000707864233391779
0.000672152616771456
0.000749038545368432
0.000571389107202571
0.000712649054935534
0.000616832493579218
0.000641365422842292
0.000646272523561585
0.000694574295453817
0.000779973015184955
0.000943674235940437
0.000757967715581942
0.00078946856328709
0.000875374381769723
0.000660784233190695
0.000758853852994886
0.000747984036594052
0.000702515138043794
0.000677383835193933
0.00069373997046527
0.000634238660993237
0.000617631288115776
0.000774646218780838
0.000643246853951844
0.000859763389685448
0.00065615587978406
0.000691086524544284
0.000734540644539017
0.00077932394598916
0.000686084629385363
0.000770874965885067
0.000679947490875184
0.000639637402951887
0.000641971957996366
0.000741876486353043
0.000703054756519937
0.000718384965112885
0.000683233052431934
0.000752058397712908
0.000611219833225938
0.000757020314610274
0.000716782606337626
0.000628903083127826
0.000722666433054496
0.000716924892459612
0.000722043405023797
0.000844789323532658
0.000736634510018276
0.000785364325209461
0.000666407203977156
0.000652581473438205
0.000843385103382938
0.000791915978948242
0.000734716438355075
0.000735629060794116
0.000929318095464238
0.000779142812387783
0.000826997868627113
0.000774642444307357
0.000689576773850602
0.000756661439351995
0.000824183117615178
0.000866933672015796
0.000794415638634436
0.000622849708113649
0.000684830449438432
0.000652115984057866
0.000745785567889829
0.000692871113820317
0.000653824179251816
0.000690832215046819
0.000674388621594257
0.000669142514971427
0.000695190376108678
0.000688121067103592
0.00061107408652887
0.000644559850089367
0.000692516991351559
0.000877560929096755
0.000830688538402092
0.000626239036198644
0.000684955999120729
0.000688291755577809
0.000680922426927692
0.00070064536794039
0.000682927470766691
0.000644736121489782
0.000654350736915332
0.000596097297665835
0.000753353021603277
0.000656591014016971
0.00062809436946485
0.000837262409280967
0.00078092460778888
0.000661613304274472
0.000727877408983461
0.000702293593630766
0.00066696318859513
0.000676650844752764
0.000569883240732484
0.000620703955193105
0.000708479932907692
0.000578233572869557
0.000657910165321057
0.000631238890422782
0.000678020502800714
0.000711400952271433
0.000752486643646597
0.000667221810469118
0.000829974645966152
0.000597352012883978
0.000644598935226971
0.000650059178425685
0.00071942670637607
0.000643613297123048
0.000709728068533505
0.000672684442920203
0.000647089893256914
0.000742753446236211
0.000631260415930145
0.000686615469888564
0.000676475464150804
0.000664348636159058
0.000673862209057806
0.000682961067207469
0.000597877582028874
0.000724586382261226
0.000678359652775306
0.000663666880154079
0.000651772945552772
0.000646843360333048
0.00056796062107678
0.000552962934815765
0.000596480047213123
0.000664389345296667
0.000657166747215187
0.000660408103126668
0.000776081893335923
0.000702462498577117
0.000665374882178886
0.000650401739398726
0.000733039406090756
0.000646057426854758
0.000666212794723213
0.000635408200981399
0.00067257432234453
0.000607629727259025
0.000776701288176218
0.000737977834212913
0.000652141555814629
0.000693984993963264
0.000632404425972345
0.000626202750297967
0.000697627173412961
0.00061230943837815
0.000705704540341837
0.000672394728262579
0.000798995855738198
0.000683023317769632
0.000692053074235712
0.00069920323242448
0.000753419504947312
0.000713031519919666
0.000651485303397658
0.000753277410987643
0.000686725106796341
0.0006582352941648
0.000668622231367126
0.000726577064304418
0.000559470220251339
0.000640610679234202
0.000738758615049786
0.000631248666820274
0.000700794065756568
0.000670151348255345
0.000666227312814583
0.00065511388953547
0.000721123590327636
0.000774026974835989
0.000698760246474304
0.000588883946602083
0.000618132422204542
0.000663710935597371
0.00074479643512236
0.00067481410302823
0.00080356037669702
0.000631944566337363
0.000674612630208408
0.000608358080344578
0.000573052652798531
0.000668551450134404
0.000638332883251067
0.000691619168613414
0.000638241017117165
0.000764819524036175
0.000682256476460788
0.00073233010730883
0.000631445716630806
0.000644119580754405
0.000703015442549186
0.000538770632048987
0.000600089880311887
0.000704096527961024
0.000718500844119252
0.000785222324987335
0.000709086989158214
0.000671206941053442
0.000667382768133635
0.000763472529387689
0.000612155213195118
0.000653892451766713
0.000729740833429868
0.000737475984065391
0.000651217987939698
0.000669083822304917
0.000768271639275652
0.00059765958045055
0.000564036072234663
0.000664016666028761
0.00066814400544732
0.000739746114339818
0.000626460981258143
0.000747379486207369
0.000584923656766806
0.000758969579676401
0.000769212115863466
0.000676238868155914
0.000721321231800971
0.000657204363080115
0.000743492243454897
0.000742983509794439
0.0006420838385164
0.000654586639259429
0.000715901076533352
0.000671545552417476
0.00070678935150877
0.000622816773427268
0.000652184817380443
0.000608303135526304
0.000684239618615272
0.00069865491689031
0.00061930974047971
0.00065276933279891
0.000717584509774733
0.000657220902178862
0.000592194625622201
0.000684449137796219
0.000633571565931922
0.000869141366989003
0.000681045837542066
0.000788038909761747
0.000753741401773378
0.000652255164756292
0.000677607136574348
0.000753902652259121
0.000552201637286366
0.000720022968714327
0.00061862092085488
0.000720679688054511
0.000633243605855107
0.000609909430893121
0.000704589752664326
0.000662724280152104
0.000734649164248212
0.000505497684941241
0.000637887222091708
0.000648217977252876
0.000745889099152417
0.00065373291027598
0.000809847375111357
0.000644105718604294
0.000656548325433939
0.000631758779612357
0.00070323649150361
0.00074756128068543
0.000682500031374289
0.000636256126779554
0.000723596102860822
0.000691721920215864
0.00069376468873103
0.000684734088884504
0.00077932285208454
0.000761141873493105
0.000672065093181495
0.000643366084454535
0.000661866776487484
0.000698700111465946
0.000586067097861776
0.000724352974707099
0.000721874559055148
0.000757078064666816
0.00070578029522725
0.000636115521550006
0.000651229907648913
0.000743955799522548
0.000714034046863043
0.000807447745506497
0.000748066075610968
0.000777979708900571
0.000821444498452915
0.000607061841165346
0.00069338351881769
0.0006711896588336
0.000638429399383781
0.000743635385045729
0.000694889742370477
0.000672360679687588
0.000655278658741483
0.00068384513175139
0.000718691673290417
0.000643452877905912
0.000703938672100774
0.000718945822476755
0.000754066891010141
0.000755631929001852
0.000804613176436041
0.000699267183674715
0.000700167487286692
0.000667913010718533
0.000649892721827055
0.000783688465756351
0.000732365643603859
0.000707157066990989
0.000668756455596697
0.000697006035151315
0.000643161746481759
0.000709886723054635
0.000769819567122283
0.000754700351111412
0.000734690257997417
0.000656644662209244
0.000730477857051288
0.000735121015939283
0.000638610817812748
0.000798577106259558
0.000733087396624218
0.000694558559820178
0.000654377666402944
0.000661941685096848
0.000741370325622731
0.000738913433810242
0.000717448655401149
0.00064889851068459
0.000611787250186999
0.000700238129917148
0.000736199465087299
0.000681236100000537
0.000818490567245515
0.000610411076542729
0.000822621922018418
0.000761084687516156
0.00084640072622201
0.000698992146644139
0.000688519459542262
0.000809479372870113
0.00068062003224724
0.000723937264217575
0.000826939274998919
0.000755287934994971
0.000772324041989204
0.000916294506840446
0.000724591635514928
0.000711804364363019
0.000691057012693873
0.000624023749233032
0.000648538330636773
0.000746732713923751
0.000615090628313902
0.000652501912348927
0.000708153780001212
0.000690959488160277
0.000841411540419118
0.000633083478026194
0.000713268139202273
0.000681791772627895
0.000771415429463422
0.000739705489159603
0.000904424255201532
0.000684155910420926
0.000707526852553342
0.000618661835585816
0.000690944056385421
0.000585957048278634
0.000712202369501438
0.000663704721544842
0.000649544570767558
0.000764927642040122
0.00064789419577547
0.000656619887595959
0.000710806912495133
0.000719561964987917
0.000672530058789063
0.000542955302724778
0.000604462894538146
0.000651345629929836
0.000588143210613975
0.000673390125771195
0.000637888606325196
0.000770343744574603
0.000933705993967621
0.000893113337526489
0.000772565678043139
0.000613801048771553
0.000658297347556202
0.000622849067613025
0.000663893222822866
0.000659467228046294
0.000777007427788547
0.000646900807975993
0.00095386524777315
0.000761981898548958
0.000717841660923827
0.00072440209969521
0.000590399388081932
0.000867362860954202
0.000704074130756019
0.000838871357575567
0.000663929846341474
0.000677465132596003
0.000610343955203715
0.000643947497854641
0.000719748320867611
0.000678470073170509
0.000630181968272976
0.000687984199734268
0.000659659233671969
0.000750415217610186
0.000755121096488979
0.000738381395921185
0.000630757023491618
0.000941064464195974
0.000847073392628368
0.000672712211100413
0.000871910541262305
0.000683828938237131
0.000686429402282572
0.00064677004374739
0.000709880185052092
0.000608988845326999
0.00071059007538186
0.00056730580193762
0.000628249694865858
0.000652994873332763
0.000607043700559314
0.00054984995384123
0.000843444879222282
0.000622746043434983
0.000655006127017694
0.000666435294237303
0.000834945419131755
0.000719819475617724
0.000621961440039573
0.000752216156272851
0.000673610267673996
0.000773856769533918
0.000612276076483079
0.000680988234906694
0.000593715240964742
0.000750943787949843
0.00067992943833788
0.000679484708938755
0.000607066416610096
0.00057524059168518
0.000616694956465121
0.000752821223688397
0.00088985322110771
0.000674930339095665
0.000728424043022518
0.000661251169272818
0.000793690161106183
0.000631045483583726
0.000673062445874033
0.000633504895478989
0.000774044353482798
0.00074546911669584
0.00064750674441245
0.000725977604958556
0.000748003751532424
0.000752560983136305
0.000727595394817548
0.000695780349363859
0.000673508086413604
0.000781739585650409
0.000707005941483262
0.000766130014498689
0.000740568779113613
0.000834519667655468
0.000645709732818033
0.000641724269935106
0.000829177225315471
0.000706013393831328
0.000678913732273082
0.000694587010223113
0.000647830398785816
0.000653449356066624
0.000679693839059152
0.000642696548391443
0.000634128011216368
0.00074047637455313
0.000675991603977359
0.000771050564048483
0.000794079516511894
0.000676076999874784
0.000633396806209682
0.000619363275679174
0.000605086613369779
0.000731215618079429
0.000656172513266286
0.00079447620632415
0.00069739819816561
0.000694039851505587
0.000699616926665622
0.000719930666689255
0.000712286071670064
0.000652752637476128
0.000677050198071445
0.000580616622687169
0.000722265024624057
0.000613260550198663
0.000573616509243544
0.000628576401637052
0.000688963472753175
0.000609021835094633
0.000639835928971683
0.00059324207896281
0.000649545336226323
0.00073446008555705
0.000664423600859164
0.000720323821929263
0.000792239330560004
0.000618519185465105
0.000704593334329658
0.000773983955785652
0.000695642346256238
0.00071406370825433
0.000641039879623428
0.000629332477084261
0.000704202207478254
0.000730054944904204
0.000754730432279431
0.000673638093363269
0.000622377101198547
0.000662996229629818
0.00060819971949541
0.000595136071703676
0.000552806193147609
0.000622443195427335
0.000725272898774156
0.00064343690317668
0.000794005958737525
0.000723322738186927
0.000748737180107985
0.000705614283175449
0.000769339852203988
0.000704555137714006
0.000756918766819893
0.000670839128989523
0.000724331582130124
0.000707917012652879
0.000658914168009054
0.000680511044641579
0.000845870503033877
0.000757738655505034
0.000842782407634167
0.000726391986055031
0.000892452428717724
0.000667982484799543
0.000732906390379909
0.000664331254042237
0.000658314458219077
0.000853579444325724
0.000692652210911352
0.000619414075900976
0.000720179476202545
0.000674499739083985
0.00073789611611602
0.000646911782057621
0.000699761021587701
0.000592728596980022
0.00060283125309654
0.000618841803444831
0.0006914503621699
0.000684604581292579
0.000772643536239434
0.000677999762441957
0.000698929002613265
0.000698889874694305
0.000733997579472531
0.00075448948484183
0.000793084114819252
0.000709071325125232
0.000697561401779977
0.000634358818832034
0.000691716715910011
0.000750358804758679
0.000680725338231613
0.00059238227139729
0.000663513117714301
0.000632498753106047
0.000649100232294389
0.000673420399166909
0.000603605419580951
0.000674835110800208
0.000691659650606558
0.000678295272401647
0.000624378328279193
0.000668245853021479
0.000744506115485958
0.000777138493678817
0.000624418855116449
0.000604425204633047
0.00067283769020359
0.000599082928185796
0.000697589208070994
0.00072163280446469
0.000615849611210467
0.000727207827692532
0.00064066327853099
0.000803071456706693
0.000665330996702786
0.000696333096814417
0.00065464300665467
0.000631579381684503
0.000669162761245796
0.000914012627787368
0.000713777501549997
0.00070125491198809
0.000679476074431765
0.000736753652764342
0.000634624859650526
0.000572912331554608
0.000556582778633476
0.000722128846588043
0.000654544593854237
0.00067287397349406
0.000697024510265953
0.000654466029984801
0.00066696177916291
0.00087268117068403
0.00068949687364322
0.000602468118998924
0.000693400521643964
0.000625977747442961
0.000672890943817077
0.000689833940877501
0.000781380162887632
0.000788188676754214
0.000611131017395258
0.000669595495048543
0.000679904578185639
0.000676763095027158
0.00072223720748484
0.000557217686720942
0.000735024078422265
0.00069524240304384
0.000666972154850877
0.000633887341630749
0.000898202994285653
0.000738479755881728
0.000660315936680873
0.000761956363035466
0.000697671830728842
0.000695009181196085
0.000772107763047832
0.000631014082482341
0.000884874637967894
0.000811970549754622
0.000720988484773541
0.000933860269847017
0.000869143531580188
0.000740912998614455
0.000643412893559827
0.000741760370273769
0.000710341917583626
0.000808191200275596
0.000881458829882717
0.000635142326313067
0.000683359845469307
0.000632960331124052
0.000647968231763281
0.000757654925314121
0.000683967107250221
0.00078814291166053
0.000687841468179838
0.000758653259132792
0.000652172098860023
0.000671896962916022
0.000725395418637378
0.000669226439758086
0.000705143010896023
0.00065098183908735
0.000710947041624431
0.000878264311487875
0.000699765838381621
0.000701291769224885
0.000789667349549123
0.000760939711700303
0.00075417960408245
0.000739753169827455
0.00068119955503874
0.000684420690889772
0.000622114509007008
0.000565038326099466
0.000848345472152014
0.000635360508817013
0.000702920162742988
0.000709564625427845
0.000784655660600367
0.000772006832687431
0.000765852495987919
0.000654198815024111
0.000759974814483882
0.000731559576064647
0.000739252471227424
0.0006210420340916
0.0005896801401075
0.000681075492547081
0.000734345433530944
0.000769998235125501
0.000685481592718378
0.000661507338075735
0.000686627406194857
0.000662958988302019
0.000657230740322935
0.000748012604529054
0.00077605192869079
0.000780529387286834
0.000681761221921624
0.000613971582950254
0.000987215081092723
0.0006553557000469
0.000652649655108871
0.000687890015732058
0.000617088994476858
0.000657140763478869
0.000587284927303029
0.000728496363806093
0.000686366043777055
0.000677208418745011
0.000770787382654965
0.000869119776014181
0.000650111768122974
0.000677850654582565
0.000642318524968629
0.000671652120040037
0.000720186870158035
0.000721164096350638
0.000753527616293741
0.000760959956001841
0.00077251724651685
0.000680705468682684
0.000681179868744878
0.000807469301594313
0.000751736377398952
0.000622708202385848
0.000674741650714661
0.000671059643323951
0.000734951868248076
0.000712458285494533
0.000757043121516822
0.000845744788921886
0.000762032177484262
0.000729160870719188
0.000624974886181072
0.000755998183031773
0.000696923648951465
0.000684520736772593
0.000790440215961805
0.000666746569964068
0.000533031493796909
0.000712798110762219
0.000714294271118976
0.000777394190998229
0.000715689543897103
0.000740925857691715
0.000632786089791149
0.000571102597918091
0.000662320405208605
0.000808627279272547
0.000810055210055072
0.000671626104839185
0.000626129729732338
0.000677850980758468
0.000612578773348857
0.000721876624653749
0.000689031467967383
0.000740109235207885
0.000674004059592079
0.00072917084963227
0.000645207414278731
0.000645683640227679
0.000727826595538231
0.000765823896826238
0.000621905253021648
0.000835569680069342
0.000691769139724447
0.000727321439520329
0.000689388257927269
0.000714102670387922
0.000760217008857605
0.000653208734175853
0.000701997825631895
0.0007119761131589
0.00063677343923078
0.000683792232422196
0.000656173524840317
0.000744236668846614
0.000933216174776344
0.000760705427150222
0.000733546697943094
0.000726916693497218
0.000787580625796634
0.000703002012131585
0.00066190300838626
0.000841425691750468
0.00073023804454515
0.00080432587429833
0.000635771024928963
0.000801598332353332
0.000974420109384494
0.000799472054046533
0.000732646835835874
0.000700330584753365
0.00078924936677837
0.000899084840172657
0.000673938606655048
0.000780491587360843
0.000672498286584688
0.000662588887903769
0.000695699624175198
0.000606454479448678
0.000772729547613904
0.000884483664842907
0.000687207729566468
0.000664744558226661
0.000630793253019592
0.000718106912857368
0.000649478905549406
0.000782883969240779
0.000859317558075238
0.000680188941986201
0.000716691318456196
0.000665134962948656
0.000720559546447272
0.000732177023173781
0.000772065213140343
0.000743442477334516
0.000684893904654797
0.000710593712039911
0.00079275488032118
0.000692355028990638
0.000814923546913603
0.000891361910466623
0.000863033943825417
0.000739095187352252
0.000708548638234683
0.000725489550584896
0.000789975988767278
0.000965478078982326
0.000646851290526575
0.000744001772902383
0.000702649267782389
0.00071438167649357
0.000674980736905205
0.000770272911083889
0.000737066630865638
0.000658944877415057
0.000726454691643362
0.000784090872591199
0.000827727359879583
0.000609167463004303
0.000678119974156015
0.000688540840446731
0.000655968271628788
0.000693524687415509
0.000703455713047793
0.000687777256415711
0.000716351802824004
0.000707810966817701
0.000792740630599956
0.000701247912468305
0.000691555867328026
0.000701821302243318
0.000732185668372268
0.000686474680636793
0.000685868684799275
0.000687933194427982
0.000729998039269024
0.000710443450123763
0.000630517210818232
0.000808114129089401
0.000771248689631941
0.000646435391467112
0.000641321339555077
0.000621012405110331
0.000737976951543323
0.000703228995454611
0.000917990653467793
0.000728257657649295
0.000753554645606128
0.000674910555845271
0.000783006369579233
0.000749688244421941
0.00084243496789751
0.000711706923390964
0.000702625656244647
0.000626499149476858
0.000633983175290208
0.000806551373740955
0.000713431580175615
0.00095198095909086
0.00065627865751394
0.000809954271912279
0.00066919759789765
0.000748005317045382
0.000619003380635237
0.000653843920534595
0.000750043127847035
0.000894796343839047
0.000665616120380744
0.000671383927270239
0.000718627731797137
0.000744996309993768
0.000823347139983054
0.000650116683130474
0.000847566654695364
0.000737965853190962
0.000779701140843884
0.000651304112530203
0.00071754403428002
0.000693640352388429
0.000722141455426359
0.00067528494185747
0.00071539780065954
0.000672819316910673
0.000854197767977212
0.000864528765101877
0.00073865257335206
0.000709182985231028
0.000662318505397192
0.000690431915138196
0.000716094258024822
0.00069433774558534
0.000766194228390303
0.000612444416381332
0.000652414507132264
0.000808061656811205
0.000678742592909247
0.000644240165972473
0.000777380368419951
0.000584625137005627
0.000694840983087203
0.000839754437254642
0.000655068129325605
0.000604478813228648
0.000703900112972032
0.000670201072152523
0.000725809376248287
0.000745489094081282
0.000674643479961049
0.000756744302498152
0.000689905857869124
0.000575288785120241
0.000736541366449372
0.000790335964514768
0.000788250904396094
0.000774441396044453
0.00071347264027026
0.000683979455968136
0.000624943642706917
0.000639568623503116
0.000679867967158745
0.000658586378645604
0.000677200967493088
0.000687080569111589
0.000637113550527808
0.000753772825121914
0.00068260110656975
0.000616755684077356
0.000600901072288532
0.000634091038261156
0.000746525098387273
0.000751610692698975
0.000731329918738604
0.000642323265269126
0.000666895225773618
0.000688180145854916
0.000720544300291337
0.000723311263237035
0.000669430658630119
0.000625740896903494
0.00061064427377173
0.000694140922198996
0.000773646487229551
0.000636852382124182
0.000613354139019087
0.00066942467599189
0.00071816472757544
0.000568607983432423
0.000638483201849666
0.000652105039956639
0.00076570473791876
0.00073751782908035
0.000613136819047328
0.000668456087833756
0.000580640007636567
0.000667994686991414
0.000618748569201887
0.000672545276322836
0.000676762223006178
0.000773176742110593
0.000644292561264524
0.00066040136935314
0.000667849683385339
0.000619298304244862
0.000642797226974953
0.000767029956171767
0.000728929318229883
0.000770985850513927
0.000718119280202635
0.00070297075946659
0.000831916591963084
0.000724288248087827
0.00067179701148422
0.000785181878699776
0.000835791048532557
0.000757776831919826
0.000769182386023133
0.000726308532496884
0.000925611874938465
0.000713975331731833
0.000682317448265604
0.00074055043345704
0.000744331554506422
0.000667282623966445
0.0008407577990244
0.000806529113456252
0.000602448906163106
0.000654877041461855
0.000661469489269785
0.000785841583928405
0.000841196574390274
0.000621631935558556
0.000567303098710017
0.000726799610691302
0.000656767431358388
0.000617841999105468
0.000740114854004809
0.000782205540684307
0.000710722889582725
0.000607265157730661
0.000684361151467895
0.00067240033486871
0.000754997388203885
0.000649776438675204
0.000637068385128518
0.000597546275547572
0.000665203153578808
0.000584933277762679
0.000998314638373314
0.000715965997099963
0.00076556215419503
0.000732329308173767
0.000784022023270523
0.000799749064527288
0.000757146630682379
0.000745794451141567
0.000766291500915604
0.000832340496268192
0.000642566442558849
0.000751236587604708
0.000735634844175161
0.000754344850303643
0.000815007016894735
0.00080042786504227
0.000687543121179025
0.000660311900673531
0.000689537731181317
0.000999861737340215
0.000736345832791151
0.00076474414863676
0.000884375951087988
0.000894565626488611
0.00064623744137835
0.000808212249046456
0.000718075899486685
0.000675302794869415
0.000713550944455812
0.000762093118778159
0.000987353020569878
0.000813935212422937
0.000769974671993266
0.000673668151076746
0.000691047336520235
0.000714263702004707
0.000677234310319271
0.000758075174918308
0.000721208912022989
0.000739299670733006
0.000789732358591068
0.000676724884344861
0.000727356461192924
0.000719131746800371
0.000901492800948183
0.000800014041022817
0.000632247474846472
0.000783260021997379
0.000745672694446553
0.000729403542146053
0.000839462958737898
0.000668591873996006
0.000830863463761313
0.00071836621765687
0.000725713007896376
0.000640261955296221
0.000695427482597306
0.000698427223064286
0.00072964475110925
0.000682260325103732
0.000666593840915096
0.000639154856982
0.000762086288318638
0.000650165433420783
0.000740129602129921
0.000696474444674282
0.000758302629415874
0.000703247958513293
0.00070705727158979
0.000691662921335286
0.000800254633137579
0.000771470155328496
0.000814574111203908
0.000874034738280189
0.000817889592005863
0.000741332755685086
0.000810186847479307
0.00069187177457067
0.000664820031086029
0.000775198875964596
0.00075337286141131
0.000714782392865482
0.000675842103412096
0.000718105120019421
0.000744985526244054
0.000711661389731201
0.000698074846153223
0.000729834196387496
0.000727059146876908
0.00061998571103254
0.000725493471982944
0.000643361355639452
0.000716914687550555
0.000610088405051233
0.000733641054104023
0.000830014009777828
0.000703897547318434
0.000738056118144146
0.00075242551609945
0.000860668550438056
0.00081783132143999
0.000726318871248606
0.000829349237751729
0.000583775278063907
0.000703584188851327
0.000653551035923113
0.000653136472786313
0.000740930964760001
0.000635720374206157
0.000676116529039776
0.000945975900222484
0.000711699043325087
0.000805781575906436
0.000740687942620371
0.000850553970521007
0.000698482617792222
0.000928420060319607
0.000711896357244824
0.000671972306626226
0.000759618377541984
0.000722401734755625
0.000749014210976763
0.000652647798060102
0.000774142124865866
0.000725385579348321
0.000700678633963621
0.00068529629292548
0.000621423771369749
0.000765474929049898
0.000723440487614814
0.000746024798162173
0.000862915489227227
0.000835558267223121
0.000808294722525387
0.000716799493586084
0.000679745011227873
0.000764112813093853
0.000727836836525854
0.000735819499331908
0.000792494401512282
0.000745433493270665
0.000767815418917268
0.000682360904669248
0.0008738149585866
0.000705033139480627
0.000745751719312716
0.00067603898842731
0.000719861051365384
0.000680592158023058
0.00074132083785783
0.000661437629922908
0.00069327670317879
0.000887878381680756
0.000801978876394448
0.000688278116818375
0.000722879050351897
0.000778795536517476
0.000778737453821724
0.000741783165849021
0.000717394178218386
0.000839867153871794
0.00082756921361996
0.000757035150885527
0.000847591317615601
0.000655211189717913
0.000760382374799658
0.000635196495163033
0.000666789705701889
0.000664702700454343
0.00085078307100535
0.000829355419353281
0.00070688153175886
0.000762233794787035
0.000637455061384543
0.000625658532397419
0.000663089073969952
0.000736218217010364
0.00068684296823625
0.00074074025717376
0.000842274624899258
0.000709259066360357
0.000833375273295538
0.00072936509756865
0.000641755804624539
0.000737519798716481
0.000772690962977091
0.000702004011882146
0.000743858682189259
0.000724457193327085
0.000670551574815025
0.000662161848148151
0.000850596130415619
0.000630554434316168
0.000735848695978109
0.0006467379860561
0.000707546568688897
0.000668387416677777
0.000750038589955425
0.000632811496167768
0.000783098884389979
0.000720181083004616
0.000838951129868308
0.000749738333443908
0.000700987823511681
0.00082097186762072
0.000778472807596636
0.000688340697426795
0.000685825343136791
0.00073002763838514
0.000707313245295413
0.000664554216787902
0.000734711657804127
0.000678617616453709
0.000841478929459604
0.000778898055024138
0.000759827747921594
0.000707254253353412
0.000690200088503006
0.000719768662178947
0.000700983687882119
0.000703491646454937
0.000760874147731112
0.000825228967761045
0.00085111990595604
0.000795858795052574
0.000780786754367363
0.000730029167369761
0.000731665655066158
0.00073869285700334
0.000791488245861468
0.000746189644649752
0.000666808996606825
0.000674520567294869
0.000856555475490031
0.000701886936595122
0.000790741144285819
0.000888539368320327
0.000729855040688
0.000986310691742022
0.000934690439398452
0.000791861093075751
0.00079109340208589
0.000774704246210534
0.000717494059479586
0.000863956319039516
0.000758080455750094
0.000818756836873976
0.000671421941127859
0.000722922325597129
0.000748782747857117
0.000617276148490802
0.000675190319632768
0.000790496547421584
0.000722368671132291
0.00082099344944893
0.000877601146831942
0.00090076526341005
0.00076315957973249
0.000772327231917503
0.000668650501547659
0.000818242050546991
0.000756703767550857
0.000693318389960342
0.000767214636965437
0.000763041709465035
0.00070077783761823
0.000772222749106076
0.000715660670801023
0.000736553387166647
0.000701289725172426
0.000721473570604659
0.000673862258096063
0.000790549462692354
0.000876601570562972
0.00088649107918362
0.000888691276737317
0.000787956825719434
0.000731553586693917
0.000763638437636533
0.000724016504365489
0.000643717973404991
0.000699536620246925
0.000801564531785382
0.000749156099752938
0.000743004520743665
0.000677416530638382
0.000778406954271988
0.000865253336683606
0.00086893800845436
0.000630846336731975
0.000717962417562389
0.000621388789153445
0.000796884726921276
0.000680036117813648
0.000702162344450585
0.000703288278034434
0.000729574065613271
0.000734575487666736
0.000593253560909888
0.000732487637953297
0.000651866370932617
0.0006966156728737
0.000755788406184981
0.000816282178824347
0.000669802423782343
0.000778873019121759
0.000767251001930449
0.000725154036385617
0.000711447348424854
0.000702865577674208
0.000789352592994342
0.000838737885108693
0.000724019482992009
0.000773863619183538
0.000691799184155656
0.000787546081398018
0.000711438505361791
0.000715361315957424
0.000654437959022874
0.000706761594968766
0.000661267172908457
0.00071283868747384
0.000658783118400132
0.000758965705415046
0.00068973918656139
0.000740113469964772
0.000673066528749898
0.000670590882355673
0.000595623571199963
0.000594311622508646
0.000769875808471908
0.000703048625585639
0.00060444112207815
0.000713508850153157
0.000714202232261556
0.000799061757857351
0.000769667546761917
0.000755541109363061
0.000784758677889977
0.000710647143163138
0.000627719296805732
0.00077921377200936
0.000613452653413523
0.000683323001473006
0.000767456879507995
0.00067153289307661
0.000646843197940786
0.000781474265098551
0.00080413813389046
0.000767651857665262
0.00067146109901576
0.00069721751812327
0.00073844280816902
0.000604887791024812
0.00071388857060464
0.000678552811462908
0.000718858540311456
0.00063422371032295
0.00100450326083024
0.000829497430094037
0.000743638399337667
0.000669913710080319
0.000735088319260103
0.000853479199246656
0.000660183957302307
0.000619652281778216
0.000598639666350095
0.00065940097885199
0.000623447606659856
0.000714620888886689
0.000649420008261444
0.000788312421528858
0.000792895133346815
0.000919559212603141
0.000829327894347198
0.000629010999092241
0.000699815756607034
0.00060677122932413
0.000957693058498449
0.000934640845369894
0.000743641779991439
0.000690823434674054
0.00061016575598914
0.000659297476901466
0.000747676935949497
0.000828566918049665
0.000614950502645445
0.000602062026583286
0.000761253163971425
0.00070769234024962
0.000657060432134377
0.000735370677065223
0.000802314229888742
0.000712702473576775
0.000786608750214465
0.000626278730174491
0.000736286872417563
0.000697165273374362
0.000620720766203297
0.000707101098606386
0.000734080663519831
0.00067841388805378
0.000756625320845939
0.000797514388912499
0.000943450336953002
0.00083255313000802
0.000712687035900954
0.000793251216907459
0.000611976213660369
0.000773533723443624
0.000742580008648723
0.000778537300693402
0.000634178325893511
0.000677377557972299
0.000686173988815909
0.000694035658435493
0.000699708054211618
0.000689285504583842
0.000768294017534291
0.000684059988555579
0.000798549157991055
0.000666970006339721
0.000695769726585955
0.000643972178361149
0.000701415604524453
0.000726971154451356
0.000791359021736552
0.00067688539628184
0.000633873021210915
0.000684755096298449
0.000699432471985672
0.00062182130772854
0.000702606299963224
0.000679203889605134
0.000679574214694822
0.000742546220286278
0.000684613790101689
0.000708619691037515
0.000756497700961146
0.000711899972901406
0.000713087031106459
0.000755741854357815
0.000759095121326648
0.000712301329854436
0.000610444603656724
0.000749084170539889
0.000701698839443169
0.000794131136878017
0.000826368556101459
0.000686179470848475
0.000793679789963041
0.000692289283191695
0.000676702547178834
0.000723651023055872
0.000930656966855889
0.000759062384384084
0.000798373347207405
0.000800105546466752
0.00076552606368203
0.000751427074963192
0.00072550623123365
0.000792716756946856
0.000881193910227967
0.000703971040230072
0.000779291403973062
0.000785435223749084
0.000796701473379532
0.000687697954813448
0.000722424875893733
0.00076055150734627
0.000942506437846775
0.000708731816988509
0.000698802825594989
0.000791039254855281
0.000860169657704002
0.000837049529485185
0.000806858480793899
0.000814631435228425
0.000764567415857102
0.000712155871697377
0.000851783812984347
0.000713760821611168
0.000756893045436912
0.000823948071606155
0.000696807265604878
0.000730896714217416
0.000794515148454169
0.000791682926020019
0.000882858472272306
0.000785263754981249
0.000886042971319635
0.00072449111381561
0.000840158483017832
0.000740024498670487
0.000764698879651098
0.000820679487167979
0.000719905319551854
0.000832173029765598
0.000744600508958382
0.00089546180509302
0.000714906008112323
0.000707681689197639
0.000781143910530421
0.000728660580736781
0.00101603007553263
0.00087621792927937
0.00066577063723099
0.000824772709622559
0.000820766445047489
0.000737093401364992
0.000777760885466582
0.00072900035267782
0.00078551175519406
0.000750334634197991
0.000766800205796817
0.000713632890795486
0.000748261729105788
0.000695369065211384
0.000706179833237871
0.000787744584837992
0.000686418179428993
0.000797204351192004
0.000770486689505498
0.000856482020606135
0.000838315029504226
0.000688335243569881
0.000746051106138797
0.000881127081738066
0.000738419899280555
0.000756012038909748
0.000832636991264201
0.000771972340739405
0.000784170383512775
0.000721523130968744
0.000749975087262416
0.000776027288585793
0.000793030303914522
0.000777036094042919
0.000711376342895963
0.00073241691928589
0.000910828540775725
0.000748757079830253
0.000769351504721576
0.000757301401078976
0.000774477768534802
0.000830048129786846
0.000865870947836592
0.000778071821255516
0.00073808037922137
0.000737660883340896
0.000682196517928629
0.000773387364653356
0.000700329843005089
0.000770800935280479
0.000641941550993435
0.000703306601394496
0.000784427493111675
0.000755419612148986
0.000864950501586565
0.000816592540648029
0.000819826970820191
0.000725447216279252
0.000711856954656404
0.00068180726276374
0.000721351651013356
0.000798421099977995
0.000808346933352299
0.000669807074478778
0.000930566780353243
0.00073541690893726
0.00128150530698725
0.000718716167720716
0.000785277624934991
0.000833110436238936
0.000766728567825882
0.000835774201879358
0.000831675772469329
0.000695491135616483
0.000745730628367554
0.000733039860403388
0.000753118593860067
0.000742212803543152
0.000718841187443746
0.000764416006475328
0.000819273413797137
0.000763676152320172
0.000774046738464184
0.000910469203822144
0.000724709460024327
0.000733906764520895
0.000668857917364733
0.000811483170538347
0.000738476027602068
0.000697914863815257
0.000759753037296706
0.00292649535304545
0.0013480400657436
0.000824568664234509
0.000734714290287412
0.00107109847370091
0.000738651107356278
0.000899920952580858
0.000845101424479271
0.00090634502237128
0.000836479860415947
0.000678943814482848
0.000871897364167857
0.000774138345847718
0.000718979350185612
0.000934751984543636
0.000785950091274179
0.000711784705168075
0.00100434385420368
0.00100310006039796
0.000890555526943804
0.000988077603761727
0.000803073974768152
0.000737701100212058
0.000728687896553488
0.000853876523764501
0.000880691691865839
0.000810146514835982
0.000810017222078097
0.000850183001781273
0.000707666693054804
0.000773482538025657
0.000715798616694387
0.000803829354256825
0.000851220647906123
0.000835391358224322
0.000864206224789128
0.000690401143109758
0.000731414179648945
0.000738978303741202
0.000971014902637755
0.000831496062911289
0.000740496282317951
0.000864157982040124
0.000722425543623396
0.000773059445727082
0.000788384546157202
0.000816908638851461
0.000790807620214166
0.000795786007642649
0.000784435492276777
0.000643078736389127
0.000868868788683213
0.000739156776942586
0.000735665118386558
0.000799327271239309
0.000710130085302956
0.000706357577394711
0.000755530997820009
0.000808729884223377
0.000860499413886582
0.000792063625932359
0.000797943402594541
0.000810176622151596
0.000818523836146707
0.000758223440113529
0.000873471733879446
0.000867746272219854
0.000773886709734824
0.000751877410205239
0.000739531548155822
0.00100235655156564
0.000687710754726511
0.000800076927751166
0.000670751807505969
0.000689295846309406
0.000792094320391397
0.000750948656169104
0.000774189554421799
0.000797234732061062
0.000838746648490121
0.000675214823638781
0.000710560651497236
0.0007701007991977
0.000873073354939175
0.000826679025264396
0.000753091111300343
0.000768473146037165
0.000879785486889162
0.000737557540801509
0.000743896502650352
0.00089548941096868
0.000866023233411737
0.000843154439712875
0.000688220664912485
0.000787406908735363
0.000725267448424407
0.000627907849461577
0.000779934121150809
0.000836089180681681
0.000742720758568413
0.000822673090543053
0.000697636901388318
0.000625178373778164
0.000741482275079618
0.00081320995945098
0.000870068028093383
0.000706004083051976
0.00096787534156685
0.000737422471821562
0.000797656782064193
0.000914488828512881
0.000749847972618688
0.000781539318222854
0.000953624916548627
0.000722938700631276
0.000744348968054302
0.000845896378271302
0.000802669303699809
0.000865143766842121
0.000702196743185752
0.000669434787939275
0.000787675307437451
0.000689473638878188
0.000715725708283437
0.000746551113627237
0.000877101802350076
0.000862936124498954
0.000718908629843496
0.000880391382360256
0.000947407732325814
0.000694267075119034
0.000746963499645374
0.000905473566294127
0.000850451109789301
0.000781162359144931
0.000875778578274553
0.000740614452535033
0.000820246465633919
0.000917690628818922
0.000799537619172724
0.000707714757178397
0.000828376059701726
0.000723159484027755
0.000840239404459561
0.00083033396286203
0.000760310842481327
0.000840803815238868
0.000753154752175946
0.000735062239820381
0.000747777761720351
0.000737486437283976
0.000782008014775175
0.000728017480094421
0.000615327070174765
0.000826842148660828
0.000804650017630595
0.000820466252945586
0.000803399651369358
0.000751485605012097
0.000843714377104026
0.000780620397578422
0.00086193173383672
0.000815740630982587
0.0009213885544608
0.00074331271279189
0.000710578377538672
0.000739452396131177
0.000756159507902029
0.00068251153049905
0.000928229304836442
0.000748517341172066
0.000853097186206638
0.000817304166497407
0.00082072448291618
0.000872064275760258
0.000903518905556966
0.000768982375789269
0.000873581650650174
0.000896716041986215
0.000703100281758445
0.000754533602143271
0.000828825127815659
0.000832023517238432
0.000738622647383354
0.000783406327001937
0.000780320519349203
0.000861091779079397
0.000754054692616118
0.000806948731511614
0.000880918087257868
0.000799778642360502
0.000791967529422466
0.000790753366006769
0.000712950307474884
0.000788282829561537
0.000776309700978636
0.000863700205402928
0.000880556229413877
0.00074822191715974
0.000749036349589041
0.000827888215601019
0.000942355374365911
0.000747887328846691
0.000813729220638743
0.000791145276542752
0.000764111501501995
0.00074031883764337
0.000828989188109858
0.000807446318556915
0.000886939325970464
0.000823610262048504
0.000780571712234506
0.000708177663493995
0.00077627846467245
0.000795485561173976
0.00087304246843314
0.000883271724044689
0.000876868649414389
0.000739004050271493
0.000786500319689359
0.000819047922967617
0.00077179038087483
0.000815717617856396
0.000770803361075377
0.000723204145348868
0.00079399200886296
0.000759381068739483
0.000732200389405579
0.000840199604036656
0.000819217535063194
0.000753012201912232
0.000734584044057773
0.000803814333662076
0.000812584131071996
0.000679362989614415
0.000655893478188157
0.000861071469481737
0.000792939446448996
0.000732180011074175
0.000828479881511545
0.000803312479092931
0.000802172986256123
0.000779901680665561
0.000856649607343808
0.000765333680461025
0.000777618357364649
0.000750613290574449
0.000817869835633711
0.000765860875047143
0.000769470407801336
0.000931837185711868
0.0011649795413902
0.000697766645444902
0.000727611047186245
0.00072073763734253
0.000784416669734412
0.000797250123870928
0.00078064092880207
0.000754803246778728
0.000681417082186699
0.000733909713430948
0.000764323708414952
0.000826601765803776
0.000730101349250068
0.000728264784524255
0.000753200172809062
0.000783075122157312
0.000742177046276707
0.000765082488213877
0.000699390440269269
0.000766484145214694
0.000710415525661793
0.000874028798931072
0.000775083482642583
0.000840224446943086
0.000846819146847959
0.000759407819910055
0.000779139513358704
0.000873012290532529
0.000764862128778857
0.000678962952364567
0.000815600074646822
0.00070748781181978
0.000803849505540558
0.000862579787146834
0.000767993860232609
0.000771416556730767
0.000818495693058664
0.000773875151387725
0.00071903217599383
0.000800391138132717
0.000729085063504738
0.000821105994014939
0.000792144330085922
0.000833508186912278
0.000701718484681789
0.000857443200216292
0.000817818932934137
0.000837246731737951
0.000698098014569483
0.000764122591510622
0.000692356595014758
0.000810023260236743
0.00067474109268408
0.000811610683968604
0.000759016709853953
0.000868209415394119
0.000761925442861449
0.000851828729446935
0.000800352169249549
0.000734414682267921
0.000808321871684653
0.000767789537725615
0.000832074411409415
0.00069314176903985
0.000884652426534224
0.000707399875655353
0.000759586162570696
0.000748795422711989
0.000712540637042936
0.000940147402257235
0.000887050489965615
0.000780580362665499
0.000731092738332466
0.000731593549672453
0.000859287939487277
0.000794970244377078
0.000822940733356429
0.000958764673479868
0.00072924112895635
0.000810161254531181
0.000718808577648408
0.000809010193230865
0.000705723428954198
0.000834528299077541
0.000901861940325259
0.000803889342018272
0.000760963545816671
0.000766010839557787
0.000818330189344866
0.000758694763478707
0.000851499467014645
0.000759294283938396
0.000803571093519043
0.000847638471176279
0.000828695017976527
0.000742745883432116
0.000811835022231497
0.000834906824199454
0.000770511919032712
0.000827529902438646
0.000797382598604742
0.000860033438248919
0.000871498550263107
0.000857913558232177
0.000912693012059632
0.000758944676207269
0.00076032190735115
0.000849459059065776
0.000754045933344889
0.000731353868843798
0.000862634092609743
0.000830642985331375
0.000896022701625883
0.000748570481652027
0.00083386430977538
0.0007826241037431
0.000904883049224028
0.000860404923813209
0.000946410977566434
0.000947488365915805
0.000746601519347555
0.000862054785883043
0.000748928852183066
0.00081527424873262
0.000791480741178965
0.00087716629341038
0.000765616685323168
0.000796301121976194
0.000740410864124384
0.00081421089521329
0.000742648865780768
0.000830227248922067
0.000708704104267477
0.000804079243658638
0.000749168996024526
0.000889589617217482
0.000750042960248262
0.00077532851010985
0.000735422289003892
0.000684112245048803
0.000744259839473268
0.000784941492837301
0.000832749882365067
0.000829928117770906
0.000859274210107651
0.000696219010864716
0.000870818896275137
0.000753395751089043
0.000711586712194478
0.000874968009415654
0.000975463770513033
0.00075826760937747
0.000738896030897812
0.000972181611986672
0.000942136866695062
0.00088083970875669
0.000817550642775638
0.000814748625047313
0.000911528254279209
0.00077720744389526
0.000887862325322318
0.000742781074671911
0.000749049019561316
0.000883397972950409
0.000891231032829792
0.000805123624692209
0.000804599613394753
0.000800297327034625
0.000818942135321588
0.000769835841359284
0.000852444369265734
0.00079929269096795
0.000815450634184283
0.000886949563992713
0.000802699118127371
0.000909248016062514
0.000755770372534391
0.000766901079493347
0.000741972928185917
0.00077609864302305
0.000757908047769615
0.000811653939268953
0.000701303863864446
0.000724614034395322
0.000802351398818295
0.000814706886612142
0.000770547090769015
0.000813159559002134
0.00102926811849769
0.000768829298322425
0.000832786360743483
0.000856721902070271
0.00079365547273876
0.000740226963357781
0.000825833875909007
0.000877643634851373
0.00084778875305782
0.000846089767701276
0.000938845234257641
0.000763554781910246
0.000856457282150508
0.000872371022040606
0.000803063521839296
0.000819821123759959
0.000840883976383494
0.00076460090970848
0.000796757637049312
0.000841084553267642
0.00092949846985683
0.000838348938108341
0.000699526923010769
0.000823279015193118
0.00103831640532008
0.000731640228501058
0.000825661698578998
0.000726004777774127
0.000811714206062578
0.000887171252710896
0.00077729230820459
0.000827927344123889
0.000798255925347904
0.000923313937713351
0.000767352260631638
0.000784533598131722
0.00078775910772872
0.000792615082058557
0.00069113417476559
0.000794019106516063
0.000807955001430118
0.00079221707404169
0.000853294824821817
0.000874488657771163
0.000928854192487169
0.000945857863970601
0.000903102178895948
0.000927932729770329
0.00083996367443154
0.000952976987260255
0.000835037604447041
0.000906091709121136
0.00086964752195655
0.000843245420468952
0.00118895006089594
0.00072222720421076
0.000854026270126674
0.000846977089079197
0.000733121749778196
0.000789829481896253
0.000764267163087258
0.000914724036877421
0.000741842752641978
0.00104542008534586
0.000780250614401292
0.000956276530394218
0.000804170455519613
0.000757742046581876
0.000934707898134347
0.000861744030732825
0.000769659884778987
0.000751533926599028
0.000788289992872946
0.000700183064918485
0.000908828784265609
0.000808907733456381
0.000735118569405996
0.000752455937898067
0.000787922692823003
0.000904040431307176
0.000891358663021141
0.000813489163048538
0.000820885466733808
0.00072105973657048
0.000825201486981863
0.000811118523268495
0.000818154100848108
0.000785672927950509
0.000842644301388871
0.000884674810087658
0.000811664427334814
0.000795213621663899
0.000745022952994811
0.000762193417659465
0.000739415297572806
0.00084669130397247
0.000791826660745864
0.000871801946989686
0.000914922310868165
0.000898863901517597
0.000847712925589635
0.000817220054067048
0.000774039461856369
0.000808710690635701
0.000783159957861511
0.000797598316091162
0.000890923177704342
0.000792643018865458
0.000899211225558542
0.000859710795636914
0.00077701448811455
0.000945144052216347
0.000816295067774157
0.000682061715471599
0.000781148704786198
0.000897021595673433
0.000948056578154626
0.000798334872979334
0.000842042511459545
0.000869410709333845
0.00079096599942133
0.000871256018215606
0.000783974211861001
0.000866477372591586
0.000763625111005755
0.000839398890971419
0.000813912639946029
0.000901005365834728
0.000841608146104169
0.000775926956216007
0.000715447714635791
0.000907656630390258
0.000821198557312684
0.000779537364489034
0.000880951093781051
0.000773044472477683
0.000874173447189706
0.000819274260217428
0.000826698931932397
0.000706026784646816
0.000767901803873647
0.000788048061324852
0.000780948741804942
0.000846243839241077
0.000840116652260064
0.000829641507477032
0.000783403516459431
0.000728706212132353
0.00085497783268699
0.000770719972025849
0.000759257136129103
0.000945961235853989
0.000911237559030569
0.000831183649128804
0.000758921461060743
0.000824155088014906
0.00092494038900145
0.000827164180214257
0.000925890559593934
0.000887696902860132
0.000764836435448327
0.000790391755971369
0.000846928269578454
0.000784958831624524
0.000804235268262076
0.000855930747170731
0.000727819127490221
0.000808723895483379
0.000768425188084814
0.000818431455826341
0.000848065867460486
0.000872232622551024
0.000876717926360867
0.000947335508759711
0.0010986796282591
0.000844511098556637
0.000780881863825022
0.000822625444641542
0.000860739220584081
0.000928350053290465
0.000860759290315576
0.000931369184632162
0.000947132494518613
0.000988183077785824
0.00075921949679543
0.000799282150841096
0.00153486384019506
0.00081130545389042
0.000799124262667832
0.000827015906827022
0.000787467786828767
0.000852864790055276
0.000798832834796465
0.000757614650850889
0.000979391651333681
0.000842156771644188
0.000776207302580396
0.000799276114672481
0.00084599494819976
0.000944186046394559
0.000881307046802746
0.000860880227244772
0.000853494786578295
0.000794764177604528
0.000855484095375751
0.000817592626628712
0.000859177601555635
0.000800043201205706
0.00083345717975322
0.000803623195739741
0.000798903787459915
0.000744529611205142
0.000917878188952263
0.00078335863114797
0.00123970039399877
0.000741792772600641
0.000832833952380302
0.000839034582297559
0.000883105019342639
0.000862821899775092
0.000892292755851223
0.000850440857619869
0.000836138435251394
0.000915372837595232
0.00084042434847911
0.000775816977967535
0.000754516211105261
0.000792362115416323
0.000888144876483567
0.000769193929498268
0.000834702701661965
0.000935216044224212
0.000858246474455584
0.000789256311040299
0.000898862258657572
0.000818310041737647
0.000936952604270809
0.000915775888532095
0.000767567498870075
0.000747930150766782
0.000949045720763845
0.000939175291002626
0.000820109475411775
0.000880777554183875
0.000827582458257813
0.000850275193421646
0.000944791825373236
0.000871856647774987
0.000853449133179044
0.000807245291272457
0.00098454685446661
0.000756268461264216
0.000886390361691043
0.000823887716179642
0.000762318172678221
0.000796965042027519
0.000959222976023088
0.000786204697480698
0.00092885461875797
0.000815593733691508
0.000844776903511554
0.00093481630676355
0.000887201521994734
0.00100039055164297
0.000762382740267436
0.000822371955401169
0.000881771328047939
0.00090380648530627
0.000904811365652523
0.000937748163745088
0.000891237061482716
0.000867320434182632
0.000839960812235988
0.0008651053370732
0.000799066693226811
0.000869476617264858
0.000803362650317361
0.000901978965628024
0.00116334244406669
0.00105531306787603
0.000818837638801523
0.000824559940873209
0.000954566975903211
0.000845838183625357
0.000916939999592868
0.000832607425617417
0.000870753107332501
0.000839823683267133
0.000908704228915618
0.000783114346435378
0.00096153805625414
0.00104918779279688
0.000927907814533466
0.000891968080817699
0.000925829524022964
0.000892439713921796
0.000853336780023197
0.000899202411804118
0.000897053559820784
0.000751225758009892
0.000832913761976613
0.000844678658805531
0.00079656742800606
0.000790300106709367
0.000883860472484667
0.000720731237744655
0.000774579891759036
0.000827489638623887
0.000779715271520601
0.000818369248132602
0.000928709747211908
0.000855135522382962
0.000846407568368866
0.000889848843094719
0.00108818151690737
0.00106501323355103
0.000822682783026332
0.000836017074362857
0.000792914097067414
0.000846563633384727
0.000915872745057291
0.000918256429175002
0.000913952717578662
0.000799913451707292
0.000963003443780999
0.000831335301290008
0.00082079419197839
0.000776745784408759
0.00107099615944478
0.000953332681371285
0.00121787672148553
0.000876984394505466
0.000895265557277873
0.000905651653975296
0.000902963058429862
0.000752444125846693
0.000979408627137247
0.0007656353455657
0.000863259697220096
0.000970362611043141
0.000830211399481475
0.000797893036183647
0.000781023169938358
0.00077814623073163
0.000943750300176606
0.000843280862531008
0.000909196132071424
0.000830795770145036
0.000856269849348337
0.000807165475274536
0.000886757238668459
0.000899707360965618
0.000863340027478891
0.000848683013228327
0.000791152125200559
0.000894646159637445
0.000923935013515051
0.000818693097266784
0.000802087630718853
0.00082960082782036
0.00111794513226915
0.000869804937768309
0.00099152156575175
0.00096926592193917
0.00079726933930894
0.000895080158189709
0.00095872506587048
0.000825994701210877
0.000804540313720598
0.0010116455594835
0.000872994220324034
0.000854918892414923
0.000760741994162731
0.000875670739300234
0.000949182848097205
0.000919497631583794
0.00083832081436486
0.000855472238360436
0.000863404300868551
0.0008309377453217
0.00107041642363419
0.000807382696901755
0.000848405229982755
0.000929329048967232
0.000913637333360338
0.000897186926667795
0.00087433310111124
0.000918216919955097
0.000908793255017967
0.000961028440948171
0.000785851573139343
0.000920223219223085
0.00100043008128153
0.000827854530233514
0.000839106752132785
0.000890031511217197
0.000887215060441086
0.000886346082843994
0.000956344798861853
0.0008862504600939
0.000820076667502793
0.000807851223634792
0.000924051989986043
0.00105433097085769
0.00100748615976298
0.000971972993586058
0.000781936859792959
0.000860528706704249
0.000979695258889315
0.000954486280060586
0.000951153557455264
0.00104033620820578
0.000885409148810488
0.00086256691229341
0.000794618204030014
0.000829991899661355
0.000860621158193938
0.000992598014153984
0.000839515143383969
0.000896522193395325
0.000818836262254346
0.000899834470932786
0.000872107934962365
0.000873448745300877
0.000803908391568727
0.000879184913402073
0.000983737252304681
0.000787487214424063
0.000944065972769545
0.00097669378635216
0.000780460005792077
0.000827049180254191
0.000899288392387782
0.000953398793924658
0.000962371599069832
0.00088557860553693
0.00081817342438693
0.000889621986548146
0.000961732906220475
0.000903424301388845
0.000982747610996145
0.000848894501255703
0.000875631996589423
0.000907359081656239
0.000875286697501601
0.000896982298410968
0.000912348260923295
0.000977527339245592
0.000831065212119957
0.000910534013619583
0.000919094238488515
0.000901586628361592
0.000890878668235533
0.000918425869724614
0.000892237804013315
0.000847190222699848
0.000873741196024943
0.000817601845060059
0.00103585981237833
0.000924192791003436
0.000863716890192982
0.000979070139993418
0.000902295436456329
0.00126804865763429
0.000816209152257112
0.000826373626021583
0.000887520047680782
0.000879337845466422
0.000993260271917126
0.000925444589203651
0.00105913005371234
0.000959512346393993
0.000806895801559486
0.000898959489461845
0.000895766250356009
0.000923586076408694
0.000923096931557424
0.00109155846255018
0.00091760427029009
0.000959262122314109
0.000805016115532612
0.000989606124679632
0.000928883714202478
0.00106530187864359
0.000948397861294805
0.000789614935281999
0.000780511557177454
0.00093267317857863
0.000936015502816635
0.000857530606527939
0.000936244890785361
0.000934609655872988
0.000958750748158246
0.000831984223999621
0.00110284214043374
0.0010376400375505
0.00093007556269842
0.000922711641231711
0.00105563274160433
0.00104291832185764
0.0010671451994839
0.00101021665117953
0.000974349953586521
0.000936993042397478
0.000803745557949908
0.000989236847807349
0.00108634828870164
0.000989597476883389
0.000883844745731364
0.00103981384168503
0.000958093712243035
0.000904398396443909
0.000972096476787815
0.00105431800747994
0.000992673178530773
0.0009983539595016
0.00118200903247672
0.0010297072926102
0.000956096099716544
0.00133024340954198
0.00107257713218602
0.00122307678707828
0.00117215485433777
0.00116718177176153
0.00134365960456511
0.00118004093604336
0.00112712070395431
0.00132922485486473
0.00130884423266757
0.00131789104334816
0.0014216023629915
0
0
0
0
0
0
0
0
0
0
0
0
0
0
0
0
0
0
0
0
0
0
0
0
0
0
0
0
0
0
0
0
0
0
0
0
0
0
0
0
0
0
0
0
0
0
0
0
0
0
0
0
0
0
0
0
0
0
0
0
0
0
0
0
0
0
0
0
0
0
0
0
0
0
0
0
0
0
0
0
0
0
0
0
0
0
0
0
0
0
0
0
0
0
0
0
0
0
0
0
0
0
0
0
0
0
0
0
0
0
0
0
0
0
0
0
0
0
0
