0
0
0.00389631460824421
0.00242970225235799
0.0026978987410166
0.00238014425508113
0.00310864391745982
0.00231018415175905
0.00258646260262341
0.00193507882117387
0.00192200895510663
0.00187008878501936
0.00235318892315979
0.00207024763670411
0.00179699796279298
0.00168858729328684
0.00160982603484766
0.00179664703383315
0.00190086865787485
0.0016564258744891
0.00172846186352263
0.00184140127190955
0.00169948084106428
0.00181830790869959
0.00148831064894376
0.00172683587230091
0.00165753519002055
0.00205333733670786
0.00154384984172303
0.00164841311498141
0.00148896729790698
0.00150176493755904
0.00131647049616049
0.00190547787147579
0.00136132292721078
0.00145246943295645
0.00149306742412734
0.00122723016374721
0.0015453939973969
0.00146939732030446
0.00124978741689612
0.00158093524431235
0.00147475273484367
0.00145749484606778
0.00137645010455821
0.00148188256465789
0.00149746630051788
0.00132417218487088
0.00144988392025796
0.00147337283477257
0.0012881231738113
0.00121793049167103
0.00132966385338633
0.00147262207515046
0.00138472044249038
0.00125531444509508
0.00132504886528824
0.00157963125320053
0.00138545442058336
0.00124276320465236
0.00127667658838593
0.00145941836751893
0.00167852308387206
0.00123855839410986
0.00162507660839669
0.00133506458919897
0.00133931149168733
0.00164066126787038
0.00149711886148381
0.00130802201557658
0.00120731436540946
0.00142905603795529
0.00139494373061886
0.00131479018837497
0.00141931444312979
0.00114831846638875
0.00140365227178185
0.00133027175548636
0.00128239872920631
0.00127062370856367
0.00135518162711339
0.00120005716763206
0.00139186079020435
0.00127924191497254
0.00122973143963197
0.0016034042512042
0.00131348927941528
0.00117928875742275
0.00127118374164361
0.00108863600160906
0.00118822167497881
0.00134447678403576
0.00128200479037762
0.00116676692456675
0.00115674102885949
0.00110723947208606
0.00123876963144507
0.00118127408519539
0.00121685384664376
0.00119653683296002
0.00142839841977497
0.00135469376451308
0.00118000958994991
0.00110352745154952
0.00114607143958523
0.00154025883148803
0.00124075901102466
0.00135028306494005
0.00114358681641925
0.00138559205327002
0.00127561796256977
0.00115375696066274
0.00111106191489602
0.00139380233226035
0.00135466347034288
0.00113520277981129
0.00121842014356262
0.00127100582711986
0.00121620546596367
0.00136461371614343
0.00122991156553815
0.00122735727156925
0.00153298021578853
0.00124298660377081
0.00125199665837431
0.00147171795830769
0.00122483281785778
0.00131808272921402
0.00138961587642701
0.00131768243638619
0.00113739692251438
0.00120757752593899
0.00126494537814427
0.00108875440849197
0.00130818632187327
0.00133630937904962
0.00112342309796293
0.00126960574491648
0.00129998621359841
0.00127110806030192
0.00127001378828457
0.00111789333653404
0.0013110161532103
0.00122227297586355
0.00150564567216826
0.00135057883752803
0.0012677125306406
0.00130515632408123
0.00165323384413214
0.00124003751029404
0.00130936543995081
0.00110892890085314
0.00122996775042276
0.00121236784082049
0.00107262119270568
0.00121121683504531
0.00109124435947296
0.00117296139876151
0.00114597345624168
0.00108178926345034
0.0011177039632869
0.00122943263693344
0.00110675946908261
0.00100669573065689
0.00111074938058888
0.00103554460417134
0.00132052085532394
0.00132480613872929
0.00126290530341593
0.00124397435116981
0.00111790105822548
0.00123768283909446
0.00126201466810696
0.00105664077355249
0.00104646635854162
0.00129310439593921
0.00115718489487061
0.00120740431304581
0.00115535481578802
0.000970205132252535
0.00104693887055967
0.00108098224312678
0.00098670859198825
0.0010757752123215
0.00125823873168763
0.00110259804887868
0.00101032246038814
0.00116398120699821
0.00113644188027275
0.000995881712951598
0.00114802498939257
0.00101620883639932
0.00106785537843287
0.00127450343882428
0.00117519318700305
0.00121752957608369
0.000891567088169883
0.00107660356348619
0.00140568493427233
0.00116153192655983
0.00118369505345637
0.00116090591658219
0.00123672622214817
0.00108470772235498
0.00114955980207585
0.00114575130195163
0.00107653811867049
0.00116906543347069
0.00125794785566045
0.00107241536987
0.00107869228663584
0.00129017242785588
0.00173831463456932
0.00110359443114453
0.00108856452772892
0.000986191392834865
0.00101809343775433
0.0009840454328646
0.0012508017778582
0.0011348698178369
0.00107727768367868
0.00110149644639524
0.00113150159032182
0.00112949671354597
0.000982060330531684
0.00105267534413013
0.00100509450091895
0.00126421425750688
0.00117865132793182
0.00117551106734704
0.00149067975780198
0.00130732122816444
0.000938615461564558
0.00113485235412296
0.00115826719166936
0.00107368292541045
0.00117536566004664
0.00134772972467195
0.00112822046782926
0.000966959157398051
0.00112159660305685
0.00112560374880105
0.000922590052641631
0.00100377491539449
0.00117954115815767
0.00097850174406532
0.000983377362750733
0.00118708209486917
0.00109109276234756
0.00127946491841108
0.00119325215837421
0.000990302438308748
0.000974194856178518
0.0011997745427789
0.00100836717639815
0.00100908965606168
0.00102714924977365
0.000924995179331842
0.000902578470240965
0.00113964986709181
0.00153360615290093
0.00120486740954018
0.00106234684241582
0.000971184974419824
0.00120015108296201
0.00113783749437395
0.00128385038330621
0.00108864012427775
0.0010322117585668
0.000978792422537412
0.00123444239754436
0.00118346196438053
0.00123891793220254
0.00117872891141452
0.000974792721188682
0.00107740325388963
0.00109491958854407
0.000978076514849006
0.000969520773279968
0.00102545786573779
0.00108408825031797
0.00112926589425792
0.00107902473931004
0.00108348601117655
0.00100485724846352
0.000949971317843041
0.00111042736493919
0.00101212870033581
0.000969575613599974
0.00119122951523399
0.00110507396105165
0.000988262787119377
0.00103083474133581
0.00110751568426624
0.00113800130214264
0.00102351161381852
0.0010145009917153
0.00113343723496304
0.00101740973758299
0.000879277274532914
0.00113734514133324
0.00116591550706101
0.00110139611753333
0.000896745341103696
0.00112036923591031
0.00093564268811781
0.0010204878254851
0.00098919892702551
0.00145339719022479
0.00100837302555837
0.00095070082929106
0.00101148003804147
0.000900200777038913
0.00119966702029164
0.00102677292910484
0.00102764060785155
0.00121863884289195
0.00114986141060581
0.00100370754665945
0.000924357976786981
0.000943983460826276
0.00111340466864375
0.00100731552574535
0.000933866578414793
0.00104804140439854
0.00106889878314305
0.00106406671700011
0.000958239292030622
0.0010182740326825
0.00116103932274802
0.000961556458092783
0.000980028462590933
0.00113094705667051
0.0011066657836834
0.00101698520969761
0.00102797372161548
0.00106275657241646
0.00117961701234054
0.00107378974276381
0.00102510247594272
0.00107969950640498
0.00113351371042378
0.00093921947053582
0.00100151965903432
0.001078453262447
0.000977272005803586
0.00104841275257172
0.000894562895219297
0.00101892079685546
0.00102471109886758
0.00110808747845656
0.000985778730310087
0.00095899050284407
0.00104714877296128
0.00110221339443161
0.00104910051450924
0.00102835969019738
0.000985741830223234
0.0010531334150691
0.000932524307139961
0.00105004989323203
0.000969584779161091
0.00126911739131886
0.000890500335617943
0.00104489192669683
0.000953906548392923
0.00105784305265648
0.00105371741948718
0.000973645444488481
0.000894241225878572
0.00116561347825992
0.000881906295049849
0.00110181766997036
0.000816711832988983
0.000898487559990752
0.00090754840500031
0.00112313170036458
0.000916986381718795
0.000884722023273575
0.000940199203531575
0.000875890049217468
0.000951743404986201
0.000865361539365519
0.000915327933803117
0.00094836415962819
0.00100458547385482
0.00116563112561647
0.000802008185429875
0.00102099738332208
0.0010393869850961
0.000905023862394498
0.0010605714109411
0.00123582993526733
0.000948333344550597
0.00096159162355269
0.00100735981499509
0.000995519107065157
0.00101370890102688
0.00101337645928049
0.000986839429575838
0.000964607128780603
0.00106969193487177
0.00105544383254359
0.00105314865231557
0.00109717334666511
0.00100758915032482
0.00103472357072137
0.00107753836902279
0.00100027389931906
0.0013975378544664
0.000910057502516049
0.00111322972040983
0.000992410381906173
0.0010338489688596
0.000931142736021138
0.00104024895083322
0.000959456558794794
0.00103257737749509
0.00106479273770004
0.0010146771221593
0.00114685857761304
0.000954486162496988
0.00102883562037547
0.000864076711689281
0.000920678431850692
0.000774612508831722
0.000967398516011269
0.00120702973301522
0.00112725533485514
0.000841349765640376
0.000974297464893128
0.000899608993492389
0.000950497422028767
0.00107456926925155
0.000898879369287869
0.00089014683345861
0.000810238576127526
0.0010397755401786
0.0011800714025881
0.000964428648227128
0.00097521388729243
0.000908997874998563
0.000840692423069158
0.000932212314388479
0.000846389297889541
0.000862507631350923
0.000941862174676715
0.0009538282728096
0.000853518507173871
0.00117004563832258
0.000957777636934537
0.00101356236256689
0.000955535111638719
0.00104389342460557
0.000981224482238854
0.000897052609949241
0.00109375065243303
0.0011769191861953
0.00100175225463589
0.00113684002706974
0.00100697395221432
0.0009613939211894
0.00102119724116182
0.000866990917943573
0.00103535178910103
0.00092043408451178
0.000983919663651849
0.00124179462650536
0.00116887687464878
0.00119368357859758
0.000917977725274888
0.00109534529389427
0.00112303410569011
0.00100679356825467
0.0010772068914888
0.00111322323747649
0.000942663714226625
0.0010083972650869
0.000994563929370341
0.00100122723026333
0.00100220268760333
0.00111477510712383
0.000872576685808727
0.000966417229264745
0.00108844924750384
0.00104690806765716
0.000933091604283518
0.00101687414401132
0.00103865281261344
0.000945166950919746
0.00114959591091711
0.0011780226733279
0.0010366367034938
0.0010407117421057
0.000979337351481879
0.00115236126449846
0.000947453767945309
0.00102553440688116
0.00100916809549722
0.000906946481139892
0.00107148719573383
0.00114149952752082
0.000906361966377991
0.000988985653812624
0.000918801012574264
0.000909845454746147
0.000983452003786957
0.0010970365979484
0.00113022980558593
0.00103018185971585
0.00109268783648987
0.00105446079393667
0.0010154859345486
0.000993875207920579
0.0012858232667629
0.00100861660649641
0.00111120184968676
0.00113817458058908
0.00101423561406284
0.00092623570014889
0.000987378294530059
0.000826508378531232
0.000958014760056295
0.00122584011143914
0.00108315938071084
0.00096125706859078
0.0010519694840554
0.00104933035926232
0.00110038460901296
0.000957875619042122
0.000959872425626051
0.0010996233899662
0.00102863340666837
0.00101806578107359
0.00100445217399152
0.000975809295562817
0.00105039105385261
0.000871233945628164
0.000942997530607174
0.000939590691392265
0.000891050858193483
0.00100637690255399
0.00091615090869892
0.00100630554147511
0.00103864850220071
0.000878047522331408
0.000957381310025797
0.00114469323241252
0.000913296066890681
0.000952390952486685
0.000913068327362392
0.0009185521353236
0.000903430054982448
0.000920961750001169
0.00102339846103543
0.000993615509714979
0.00102969198290877
0.000881710719601023
0.00100889946797462
0.000899385930649127
0.000895946965154965
0.00109899016790659
0.000922843561837298
0.00100043099150193
0.00100655004699337
0.000840140048902604
0.00102985030015707
0.00105844649609322
0.000767057520451303
0.00101938304508285
0.000920592375558827
0.000818263272722903
0.000839167215441391
0.000908512748595316
0.00102637575868382
0.000850019849340521
0.00102134567326744
0.000865081355373308
0.000945266678018226
0.000915016873839378
0.000829107530029075
0.00083350950151444
0.00101832283025648
0.000982252026896591
0.000881511034274625
0.000999792609353931
0.000956810729784319
0.000951917730960635
0.000870208271379421
0.000906734928243344
0.000994073382080449
0.00100858297170881
0.000929334813318555
0.000953924190188406
0.000980415570643958
0.000927014093181651
0.000984886970272767
0.000841062820639803
0.00104787752387209
0.000891160581673
0.000870747522452764
0.000945649097601172
0.00116127751667932
0.00101416772870773
0.000814141510737262
0.000872726246196432
0.000979570961953931
0.000782305908059014
0.00106085076948633
0.000829616685215263
0.000999667548792326
0.000857257724427093
0.00101206605532576
0.000955911918687655
0.00102038796104608
0.000960080241837948
0.00109959311872043
0.00101367356566662
0.000957919047544629
0.00108135054490255
0.000975400144947713
0.00108716349996598
0.00085582373755931
0.000860200564275231
0.000845678562993323
0.00083441324891868
0.000844547640555728
0.000962985356853257
0.000865298024931653
0.000921753146230624
0.00105789756928015
0.00125578386391907
0.000785453209561267
0.00108775031075479
0.000900620152276638
0.00119644838523108
0.000951476486429487
0.00089736371694652
0.000923978987179374
0.000949733165671278
0.00103044103586201
0.000912804157901901
0.000974886327272937
0.000983860995416187
0.00098224197130386
0.000874012291615163
0.000858693078910886
0.000908888755965112
0.000960924879347632
0.00087705753715209
0.000921016300940414
0.000924045503988073
0.000893017539478983
0.000839342256381209
0.00100284649438322
0.000711954820016342
0.0010196988247041
0.000759819389774523
0.00147804483645566
0.000912791835541645
0.000952574092217814
0.000900383407400217
0.000885465192292676
0.000998110969953084
0.000799942465571436
0.00185448934505881
0.000854493043511849
0.000903140733186322
0.000992627674267547
0.000930476451055003
0.00122461397739828
0.00087935806821814
0.000931678097306639
0.000833207700474983
0.000908310994901553
0.00101646877408756
0.00085137841667513
0.000741906150251789
0.00079522228222796
0.0008254653871328
0.000919207925887646
0.000906663236402373
0.000738306627485115
0.0010165804658568
0.00108385051009952
0.000933901439030371
0.000932328386237573
0.000891069843818156
0.000980657295511674
0.000980900725674556
0.000990743513274115
0.000957066015215069
0.00110476473404829
0.000871813084890587
0.000901618462375769
0.000982412064169266
0.000901676333200974
0.000894964897324224
0.00099095742851355
0.000968508172520814
0.000996036279382699
0.000812078756882352
0.000929765997245437
0.000895288851048361
0.000933537556871053
0.000891969734839977
0.000884478742395605
0.000926389330648952
0.000959834294800957
0.00101393800996433
0.000864433345266306
0.000831733977469341
0.000924919425467739
0.000991867639646032
0.00104317226725201
0.000848484415880661
0.000902552375199309
0.000781764572405222
0.000987934031363603
0.00102781058820282
0.000970174902423726
0.00101634243479109
0.000896011489398657
0.00119004172346006
0.00106528632360122
0.000937726015357576
0.000871533392251378
0.000999917064437135
0.000894719036982363
0.00104096432113018
0.0010856096773197
0.000900303757590185
0.000896929371485494
0.000874161136933769
0.00130113425933951
0.000997725657831593
0.00103011919871749
0.000898646525503066
0.000915802197864859
0.00100754319246849
0.000791139673846338
0.000974735991902591
0.000883682924665786
0.000943655469301136
0.00092068763633792
0.000871549479860461
0.000888083392036044
0.000800444055231576
0.000920207982123778
0.00100666323097986
0.000882481622363596
0.000985705943686823
0.000977840255598402
0.000823731557736859
0.00102485140980629
0.00101127463749709
0.000845612331448873
0.000954264267385282
0.000975841491999549
0.000929782376316052
0.00110696850236864
0.000964136068257452
0.000905967105269005
0.000925824384028024
0.00089138157246129
0.00116342137500675
0.000906001972715044
0.000900079442938449
0.00100938094585196
0.000795129368739846
0.000982713893138362
0.00104884721413036
0.000909426124615118
0.000782916042357634
0.000925437365419194
0.000902417711460585
0.000794373928419362
0.0007724020585482
0.000775844238178694
0.00102335713384872
0.000934472649079987
0.000828617688540447
0.000906390831105829
0.000874745654018408
0.000910390283294388
0.000776208132297138
0.000892306635735561
0.000943316150964882
0.000870695199275134
0.00089188785454422
0.000919374476446687
0.000870412301392936
0.000802515960068245
0.000843500662836549
0.000801104087670903
0.000948687185640309
0.000979882447583079
0.000762154430539873
0.000829462530202395
0.000905980751554126
0.000765999279649612
0.00103410812524136
0.000874630971035791
0.000946572173621077
0.000807105560391169
0.00092011152790734
0.00101211866616557
0.00116008003954714
0.000881496437330301
0.000953991001608726
0.000775157014314493
0.0008402281506577
0.000875334315726253
0.000912393986428883
0.000893892974315139
0.00105725952895378
0.000967843367148431
0.000841355305938418
0.000791065938791653
0.00104753230126125
0.000812308224038641
0.000976632026802672
0.000866065684451083
0.000864120842203799
0.000961365258877975
0.00087712572439996
0.000798694515721045
0.000811174032409291
0.000887967255528892
0.000818328983658869
0.000787736751475136
0.000802777520077125
0.000875974232106419
0.000729579150283145
0.000634148203754513
0.000916106790521075
0.000752672026317693
0.000829119586011129
0.000827289629466951
0.000760764821301585
0.00109461053552925
0.000790244240869301
0.000892409523626955
0.000803408016285977
0.000932545976141461
0.000824868794255458
0.00107671638118427
0.000935252701192247
0.000986105706246939
0.00104703047972641
0.000869704310174474
0.00112350041816957
0.000993786884063973
0.000848356524980797
0.000975151717760761
0.000761979370440963
0.000835405697946747
0.000801140697707561
0.000975783241356376
0.000944075023820089
0.000843014201836006
0.000773865841354796
0.000958976817646568
0.000816147600319656
0.000742594806891723
0.0014999359110689
0.00080147801666288
0.000837547177974135
0.00108069220167763
0.000764522011944125
0.000847001040958305
0.000864699651317084
0.000810787244996851
0.000941982321003224
0.000992668066546613
0.000925179681785325
0.0007313142268144
0.000950217996896691
0.000683560014991541
0.000989241614086979
0.000857539543962351
0.00110698849541115
0.000873035503756193
0.000812971876383402
0.000708735874267748
0.000758844048224383
0.00103786838523481
0.000643070874274562
0.000918586299751014
0.000797212499069398
0.00089497233129745
0.000955907415774654
0.000874974874082928
0.000925283850817502
0.00100766440170048
0.000785521992460139
0.000633078177775823
0.000901288771125523
0.0008373407993295
0.000722332549583528
0.00101370805877988
0.000993873137524844
0.00086640860288959
0.00110954927271162
0.000860535407139076
0.00108954256441521
0.000891234029395703
0.000914973026281209
0.000782505595256218
0.00084149852429286
0.000979620354313867
0.00096426967691653
0.000946555461681476
0.00096501796835755
0.000960596318189738
0.000956993584952866
0.000870760588106563
0.000963043036839165
0.00077020371301368
0.000795740743713022
0.000892334553142894
0.000831508620284649
0.000714523460755541
0.00104669172102658
0
0.000940507374540526
0.000834554081216174
0.000768049238292906
0.000802052630740555
0.000828536345257523
0.0010100655917301
0.000817080460026471
0.000918020429965218
0.000831810778385514
0.000712514779351895
0.000862249731814432
0.000991264836629751
0.000832306063784415
0.000770127387346508
0.000985589067426537
0.000805388715014739
0.00082533246319919
0.00069990939214303
0.000793210194992649
0.000912290868967209
0.000956696869058351
0.00102940012920056
0.0008365060175024
0.000777269918906973
0.000764674444114341
0.000872170560101476
0.00101961867156375
0.000836157008376376
0.00102617569823984
0.000861121568975019
0.000895198344603694
0.000804359689036088
0.00103469715438298
0.000828331349128928
0.000895743132855798
0.000831159917731062
0.000760768111608274
0.000724577782488303
0.000817775894211823
0.000937581247578631
0.000771707004179045
0.000791778538460014
0.000872073454180704
0.000839550197413114
0.000852568098112514
0.00102723206409444
0.000873365549181277
0.000857205361357379
0.000884143000802867
0.000727535373426721
0.000937535020453089
0.000935663369356402
0.000719086175149643
0.000671573138918756
0.000756083142028635
0.00092160126606246
0.000944035418358594
0.000886502675745174
0.000903029825007607
0.000746853188250996
0.000709162241294681
0.00092678396126965
0.000809284936808485
0.000873673979624856
0.000774621136836148
0.000795889169817531
0.000896893882665318
0.000787387067413301
0.000856002356073794
0.000774783418462214
0.000809547432489985
0.000722515403794197
0.00101712376038302
0.000856067945213258
0.000949417634941539
0.000850366851862792
0.000954176486592114
0.000722292034518575
0.000838015779372815
0.000761448129919469
0.000831204608358815
0.000866034494928
0.000946075477538501
0.000899033594535423
0.000912757968163189
0.000837100537463007
0.000902702430236275
0.000974857200106191
0.000800375612766648
0.000904795640242565
0.00077666481688951
0.00083627557763502
0.000798487012199077
0.000959858154514298
0.000870394710617929
0.000788949134435243
0.000705792878163028
0.000774011675522873
0.000873207522390741
0.000777330362015574
0.000838079530839243
0.000925741816273834
0.000857603238868925
0.000701712162865886
0.0008767022286008
0.000870652893319831
0.000753184473183099
0.000741473537812653
0.000767610012523746
0.000769099327910628
0.000960587841338615
0.000785589830637884
0.00104630419824891
0.000943325657545947
0.000698945258399025
0.000841452083663865
0.000903804472236726
0.00108219207055138
0.00136073696811321
0.000970607540803645
0.000767954902680865
0.000946295833836498
0.000832287081214544
0.000780366331024702
0.00101368138355573
0.000849236149699455
0.000808617164328107
0.00100087282661264
0.000891833935716488
0.000760132762275915
0.000773296039487803
0.000764049482486599
0.000666566666669909
0.000920224852810176
0.00112475368618695
0.00101828461738032
0.000855187151106852
0.000827757342913424
0.00098189172348485
0.000852227909209594
0.000909729160276154
0.000756384761514463
0.00077739325716048
0.000763770644832934
0.000823775673574304
0.000800741226012923
0.000879080652620293
0.000736849592802089
0.000835617391929387
0.000690431707414801
0.000667440545251952
0.000737979303446404
0.000677346892866567
0.000900388238937874
0.00103774539605775
0.000975874346419262
0.000835900494000488
0.000765547403780096
0.000861976177425495
0.000763949768219412
0.000749420838272737
0.00072614773820068
0.000741860537709455
0.000907930249733561
0.000763854196418611
0.00108782564927693
0.000803433112764544
0.000829119417407146
0.000882641627672375
0.00088800419270642
0.000890626433255769
0.00080058119014231
0.000839208501626967
0.000814679052167552
0.000799038655360703
0.000829102780795721
0.00090548712268981
0.000781548971776951
0.000796202232610505
0.00081757709446593
0.000871633650752694
0.00082270892512737
0.000839507051866271
0.000784805364530089
0.00076868848154238
0.000774906117691062
0.00101228154438419
0.000965270096734443
0.000871786680068459
0.000815051075622728
0.000907780976644306
0.000854844300818165
0.000881951045371876
0.000978548619700096
0.000842282892141259
0.000803774697341032
0.000868139907691704
0.000963931133194159
0.000836956683477688
0.000726388456257348
0.000896536208343582
0.000807195274772334
0.00103587543899816
0.000888043981531762
0.000860669089362815
0.000816355459514534
0.000810948033582535
0.000835989286092807
0.000816177613689753
0.000905682684167678
0.000801588015741115
0.000836444349027666
0.0009709983447138
0.00072307934331666
0.000875149207617733
0.000875735376734078
0.00086586846565391
0.000904985756653045
0.000743044889580075
0.000801198970770936
0.00083510058207351
0.000800025311917416
0.000755191285446163
0.000988506849643893
0.000725861186750126
0.000966210297697737
0.000783329383186479
0.000806083421456244
0.000987546686430937
0.000951438916867369
0.00107322346683392
0.000807487304765396
0.000822865080738085
0.000827409285955582
0.000820470130167643
0.000787269169224805
0.000786243899950051
0.000658634520597796
0.000711368318153834
0.000753112543707813
0.000829381490449247
0.000845815556929715
0.00074366160120762
0.000724806252373744
0.000744828360686152
0.000775346056340089
0.00066462605325982
0.000688752667198854
0.000681147936380222
0.000840614523055949
0.000750679528855047
0.000842437089789323
0.000726608362415782
0.000731944862216212
0.000796448050897434
0.000782027419638126
0.000740023115927999
0.000899465721849463
0.000796118523303189
0.000714123889863801
0.000732056444453389
0.000885684074299104
0.000893830003956394
0.000776349025371141
0.000731230583294333
0.000805726672732787
0.000776737406297138
0.000830856110109808
0.0007649675447558
0.000852000115697821
0.000835125313048707
0.000925615116777798
0.000754363789918165
0.000844374865937855
0.000746532476731685
0.000841954638850262
0.000754917893898989
0.000791318237757444
0.000836996546783862
0.000830934683869643
0.000836836014934888
0.000692610039440663
0.000826380713484653
0.000787544002836039
0.000799486530295357
0.000873403481535774
0.000808298586847743
0.000760027792154084
0.000859022291053659
0.000823310853077956
0.000746981078010296
0.000631977578563927
0.000722462374207957
0.000842287812980605
0.000919586406090224
0.000738547648469056
0.000791831556272271
0.000812916251792926
0.000759349213063779
0.000731005419929059
0.000731961495967441
0.000796181428167584
0.00066980417628649
0.000735521817081705
0.000862998244849796
0.0007079822183782
0.000764313478879987
0.000759246950959316
0.000811448766885745
0.000802547784865185
0.000733248866184448
0.00077046212510132
0.000703368489288773
0.000731184661291351
0.000896229528854112
0.000833098520264012
0.000878862906819004
0.000847727582940378
0.000706676095926638
0.000794663187176232
0.000952272519242498
0.000662176536081187
0.000612625756714377
0.000731079139611218
0.000744267675103167
0.000726294962427882
0.000717561343513559
0.000735771398220451
0.000742887426374203
0.000752581800184607
0.000813566762172262
0.000818974335444162
0.00084022041641011
0.000863655579001407
0.000803432858944774
0.00076221782528385
0.000908223672129259
0.000700033271628262
0.000772914711497576
0.000806684197312725
0.000758081576376564
0.000853267175438568
0.000851097742200092
0.000984993048256535
0.000868964935243766
0.000834445509155374
0.000817672548687428
0.000835885227014164
0.000821283416742231
0.00068523497448064
0.000708501638677661
0.000825856436419854
0.000804573129904396
0.000713962723158835
0.000707467717877602
0.000714564772008609
0.000827571640568447
0.000917280753030622
0.000659087397930178
0.000652556354089428
0.000777956289627223
0.000773952506779109
0.00109286381905679
0.000949530697458311
0.000839867419512968
0.000891848600458908
0.000918166494891089
0.000785192440949089
0.000900891364778589
0.000860472783405712
0.000901758511522659
0.000918603343116447
0.000803938770091984
0.000803414861118936
0.000757855275242991
0.000882509209199845
0.000851538618648977
0.000933070371032918
0.000758684909880027
0.000730473149168489
0.000799137148816497
0.000674099285471893
0.000763727298566817
0.000682719897819532
0.000953362722612033
0.000764811342325009
0.000882131215081709
0.000686767362498048
0.000849118445920186
0.000737797767707771
0.000813615734099043
0.000792389384752564
0.000792105597860417
0.000930978697583996
0.000988329526785143
0.000755153542080544
0.000756039874194541
0.000860145250392863
0.000741502031563236
0.000874453199399114
0.000819428611758781
0.000833724655822059
0.000757295003769698
0.0008927790019256
0.000742632317745999
0.000743844918937759
0.000869208431403151
0.000751792210481621
0.000785709305980475
0.000783171479948694
0.000700054776672469
0.000905900155139651
0.000665619078379995
0.000862046653469258
0.000668020878390685
0.000750343279246872
0.00083602820447844
0.000799539808912171
0.000709393071616653
0.000683498184074705
0.000791008661690568
0.000651044654663949
0.000661631732202239
0.000721912246602741
0.000804567165802933
0.000802056124261745
0.000850980466159097
0.000864582073731415
0.000740786236329124
0.000684566385453414
0.000646339694457937
0.000766371989349131
0.00100128118029063
0.000716433004886979
0.000758437612108132
0.000793130384337883
0.000781023248546889
0.00106533807094475
0.00084593173038111
0.000800221929699916
0.000785633178868511
0.000729254411285497
0.000729705413499475
0.000823886680462167
0.00073693711040355
0.000688178937119962
0.000713662335597265
0.000695578913003499
0.000960448574490405
0.000656720676939605
0.000843354190106331
0.000866235674747541
0.000733707337689869
0.000911180287783781
0.000873629700932821
0.00081282430430328
0.000978357758253285
0.000832727327590475
0.000773384314308447
0.000993815805299418
0.000901607203473207
0.00101344473576117
0.000740979972639686
0.000747094987222093
0.000666251894649939
0.000918066321320531
0.000787889836123414
0.000866284133310554
0.00084884031025924
0.000890688199434085
0.000914203828809159
0.00103694752679454
0.000830307838789324
0.00080084128609004
0.000882382389693273
0.000862115487454667
0.000781235170121241
0.000835585444054583
0.000758921107661352
0.000865861712749042
0.00077922580880812
0.000875799625596384
0.000773255402191405
0.000711952538563395
0.000785161858965046
0.000699347921533175
0.000793925366033274
0.000869570122309616
0.000756775880307954
0.000748947197006756
0.000788689945869786
0.000744640866974731
0.000764954698761198
0.000710433241186507
0.000795925209137448
0.000820918225757913
0.000950216221618398
0.000869135205851821
0.000776418371592505
0.000797159348074248
0.000855184310379779
0.000708923680530907
0.000772091085422111
0.000774039413503593
0.000785217316780203
0.000788464854477715
0.000841209692149298
0.00069068505852907
0.00088571828044935
0.000731136271477554
0.000694938858578287
0.000822305482939454
0.000767760259874268
0.000703179964160503
0.000857764441230241
0.000824606114025912
0.000713828562772865
0.000733234378179885
0.000714516002351195
0.000777074324979121
0.000814332480099917
0.000808224439159845
0.00114154519144984
0.000894252485702257
0.000770463837795777
0.000990411873586168
0.000774188902907057
0.000818570783838784
0.000858936912881555
0.000847015059630596
0.000849451649852464
0.00108719366310901
0.00102841680528232
0.000722814314695987
0.000725337312969295
0.000793198694494673
0.000960159755088238
0.000817005047495536
0.000903527623184407
0.000711597666384093
0.000678325399090015
0.00078659181157541
0.000731734209970961
0.000977163460232339
0.000818503482978237
0.000698517811144637
0.000774456698183199
0.000736567846197966
0.000742663141722624
0.000886385853930364
0.000710581632927964
0.00065972102941492
0.000714196256704274
0.000810537838261391
0.000576355780819981
0.000802857498584407
0.000591204117316927
0.000794031834179007
0.000735281805450327
0.000753513178588927
0.000786588933043743
0.000873007214453522
0.000669395920589632
0.00081636234348556
0.000699228226101895
0.000799063291763321
0.000701586244468756
0.000755333632605382
0.000745713686449896
0.000803288329463026
0.000686725636256274
0.000673593839965126
0.000589291610482696
0.000830296868437474
0.000912163453491851
0.000790510123334898
0.000763236421652577
0.000740261522493445
0.000682711954580964
0.000765542817391835
0.000911149599662672
0.000735376595368773
0.000660626424268115
0.000749775533411435
0.00154948692758228
0.000826870076951449
0.000853270887231962
0.000686289191339307
0.000870401640607985
0.000735373285284889
0.00091644074151811
0.000864762193067352
0.000747263522569976
0.000879723344348598
0.00077422429763524
0.000742411053460513
0.000816075968807715
0.000775793068339698
0.000793723337607735
0.00085861977895556
0.000870935769017925
0.000800391117713156
0.000794941240143636
0.000823812570066001
0.000692284394178255
0.00080318104804942
0.000929618567008439
0.000666340404226573
0.000771022324726837
0.000846712290317799
0.000719177420555486
0.00200152435564661
0.00082869879636141
0.00120756769001979
0.000912286184694556
0.000803550638246442
0.000793897640980201
0.000900995632057943
0.000834417911534846
0.000675708415816057
0.000704143749802199
0.000741865676801597
0.00086778433313965
0.000738842120333054
0.000666440285064973
0.000668863226869512
0.000743686961023114
0.000851510124800849
0.000753355191774752
0.000740942958798166
0.000685120008842861
0.000708070258017407
0.000971921190575604
0.000926377604805442
0.000681574029405256
0.000784662858787827
0.000958746914268886
0.000682722430778508
0.000831076419272639
0.000808946699698833
0.000791877492565398
0.000827166439915669
0.000651557087283784
0.00075966839516906
0.000753148884262651
0.000715391299948913
0.000698272509520313
0.000709139174456252
0.000753077989992359
0.000801477830990919
0.000690558071178353
0.000811540255856353
0.000734355918051943
0.000759759302310326
0.000832863032037238
0.000735464044770795
0.00076580388814349
0.000714949430650344
0.000781782382268198
0.000769101912157708
0.000739370163256433
0.000665174496068444
0.000760206589768898
0.000700296958965826
0.000831391210008174
0.000699787667088779
0.000822141719497597
0.000661356336864488
0.000830012768245456
0.000713744831677108
0.000790144261287605
0.000689420122322681
0.000804661514524643
0.000934073135794532
0.000856525634511736
0.000754418206526925
0.000665386833518487
0.000770611186501295
0.000679521419928655
0.000743209738737073
0.000699372878903309
0.000741408830988938
0.000797753934399417
0.000666553597153386
0.000739037921447396
0.000844123434598162
0.000656823257449422
0.000782781906137418
0.000715290975806933
0.00084972203706533
0.00122618690321111
0.000759425570372969
0.000714985048983682
0.00068089507477248
0.000757983092793906
0.000803468341103722
0.000795304312978706
0.000912653320798784
0.000867494519012959
0.000766348126706542
0.000728463980026268
0.000723253085585107
0.00082438612570029
0.000727946353464003
0.000858354328481132
0.000716857933730172
0.000888754987257313
0.000694949679961082
0.000811400763175011
0.0008334489275318
0.000713690667218883
0.000834190271267785
0.000936824994990252
0.000712806986768269
0.000674522491561326
0.000760795716701099
0.000709756789914531
0.00074708152082615
0.000861865238082886
0.000799277966051359
0.000708386697074361
0.000678847607725185
0.000821702165820575
0.000656818836495214
0.000857638400295162
0.00076705789751437
0.000769576602195491
0.000845076120573183
0.000789765894238652
0.000894397727971249
0.000729488978020331
0.000742045690421879
0.000791270148171112
0.000710751122210556
0.000673521604781918
0.000897163008135656
0.000736078726254038
0.000683668942906801
0.000756199287368737
0.000692856066188287
0.000658845455450658
0.000704773903952169
0.000936000959218304
0.000780610328818827
0.000712231525562293
0.000668042259225418
0.000742757593650042
0.000660939256100942
0.000748484451213705
0.000717305597905377
0.00071586732119761
0.000783747800368515
0.000662834691762846
0.000786171846324976
0.000701883951880103
0.000700495480056976
0.000852899739451945
0.000746584647260837
0.000899313700760891
0.00092515214045879
0.000718021103660923
0.000697824698311984
0.000850338602606927
0.000661866893508918
0.000678200301998662
0.000750045033712593
0.000582742246210631
0.000685606613773874
0.000637722296380504
0.000726445802828819
0.000700015841456942
0.000674473826236361
0.0006777883770153
0.000746219176769869
0.000697415124876282
0.000649586364007536
0.000705846390738117
0.000672019715077428
0.000746252892782266
0.000753761845947088
0.000681128226782645
0.000646841388312203
0.000625806725922402
0.000701551174445974
0.000731303948207681
0.000805813929115498
0.000620871495804828
0.000668777395721627
0.000690293826614009
0.000712326035504371
0.000733469340242228
0.000779675046115342
0.000598509836066978
0.000678241486237862
0.000745088648216795
0.000804343115676532
0.000700240586020034
0.000593979798790056
0.000649239352874302
0.000641113761412536
0.000694561462852078
0.000724927168181888
0.00087832300577811
0.000803528805464234
0.000768610187558059
0.000820548130595956
0.000861050729610242
0.000868582081379763
0.000904168318774369
0.000676963913443306
0.000712506059308388
0.00074606976263508
0.000646562340194319
0.00066515996633322
0.000683077278924794
0.000710026538301502
0.000650329411589469
0.000715136822033826
0.000811189031742796
0.000750474259560483
0.000659185684532903
0.000671020768264339
0.000809406551118777
0.000740556770231392
0.000811045676375037
0.000708171407145221
0.000629091983671832
0.000748518403800684
0.000784680986838267
0.000794835833633331
0.000688111807711521
0.000734866750563964
0.000594803894217641
0.000731455727601485
0.000694927697399022
0.000827532726567183
0.00070998532310978
0.000709962654668745
0.000686257492691315
0.000683761457066507
0.000767062828888791
0.000655705473432921
0.000699124077005492
0.000714990395077462
0.00066424932816282
0.00073815343041299
0.000677830357614927
0.000616522522400526
0.000745197162862266
0.000746437958148857
0.00075642256883092
0.000615045463190772
0.000681530084607335
0.000710865827324104
0.00108098243278842
0.000917220523813162
0.00069533244087179
0.000847838513775061
0.000803504879663285
0.0006564996544494
0.00070183745881331
0.000774383647029061
0.000704329740483375
0.000716047555348413
0.000749578282894339
0.000782105197824448
0.000735579786009934
0.000765636246747698
0.000697971767603908
0.000825079034015253
0.000777804416845583
0.000706973030989429
0.000782764118191855
0.000769471780957841
0.000650541713072028
0.000787077931480013
0.000756345113316707
0.000764354983427775
0.000680188993786003
0.0008008460239908
0.00065773079229144
0.000669597554436859
0.000635147526138075
0.000595162774573249
0.000772037710679694
0.000731594061747175
0.000693468952105933
0.000678030149718435
0.000813049363680415
0.000950677588460655
0.000684118991504403
0.000797161465607419
0.000745299975836398
0.000877956326862485
0.000740517813670647
0.000714510107282886
0.000699065188708806
0.00066278812472783
0.00078955297876254
0.000809382427058215
0.000704551716854192
0.000716875654843685
0.000686244288310031
0.000674762294297593
0.000643181331975511
0.000749356484444629
0.000777178157861476
0.000687926187715128
0.000716700109006428
0.00074326714406663
0.000842491048004747
0.000776371130541219
0.000707656427711065
0.000672459691580215
0.00062528179699017
0.000790038618554737
0.000856081274110068
0.000912544355836093
0.000739990453570359
0.000772817267346968
0.000700791514129772
0.000638258153193732
0.000641977121539848
0.00066070364469724
0.000592781575666739
0.00075712663028597
0.000665504056967966
0.000711435055851876
0.000688549151997806
0.000809410664239704
0.000614357435514873
0.000717541136490446
0.000509503706364089
0.000579728927533129
0.000769155450487171
0.000781758965692841
0.000594926101919839
0.000702134425330911
0.000672499712150369
0.000637332889585177
0.000809836742659008
0.000784115243708396
0.000699259458551233
0.000709099583013492
0.000598694708944657
0.000756136689523003
0.000644840596057914
0.00071244670856461
0.000753061512605357
0.00063021687569971
0.000597832689225005
0.000755493309962512
0.000750790582638446
0.000702351062828859
0.000632543909383559
0.000857087502574244
0.000716035527859829
0.000734355462053925
0.000621431108093392
0.000625209061065488
0.000699584263852018
0.000623166497288592
0.00062557884013827
0.000599334541192235
0.000714318667614758
0.000606492792936406
0.000781590098852947
0.000665267594195854
0.000698192736498144
0.000688562102419315
0.000778052609557544
0.000599618927768923
0.000651469082823469
0.000692880483596945
0.000682161174339997
0.000804766631877966
0.000596681973629757
0.000647823871058442
0.000769595632566562
0.000700683171466952
0.000744999152464564
0.000712426723158829
0.000615284174498821
0.000724506836790574
0.000719481526854225
0.000630503902428337
0.000916150152382654
0.000670377312498898
0.000697823377954066
0.0007807778312415
0.000602159009048798
0.000716335648164357
0.000590884503427747
0.00078875127674344
0.000614220034556497
0.000680618426048914
0.000701184493011561
0.000708809274979951
0.000731677638632962
0.00124845412927943
0.000719682284958793
0.00076909445565526
0.000691999414333477
0.00067249693139915
0.000730313185633356
0.000676244971269302
0.000775307142892233
0.000730335143658514
0.000809667636455891
0.000796320110895425
0.000771887818639921
0.000636402042106533
0.000655349529305117
0.000824459453823764
0.000724730294095782
0.000928867197735706
0.000814322992496566
0.00074368868426868
0.000634117171602451
0.00066270461589763
0.000747924500447885
0.000735777634670726
0.000525562037168636
0.000627841367870417
0.000614033484804267
0.000701135701409985
0.000710950444114589
0.000673006522399355
0.000722296461337884
0.000833793599236669
0.000707670179284682
0.000743971306953012
0.000679047488333889
0.000856491249601124
0.000715872564366062
0.000704873993098184
0.000684430423939918
0.00077420680522264
0.000810190167661039
0.000767724432524872
0.000696238878633443
0.000893754625814692
0.000752086850811119
0.000727812050956356
0.00064910774637406
0.000709206281632034
0.000712422581524041
0.000661083540321501
0.000694775568035677
0.00063870186154416
0.000636109447757662
0.000730410980719796
0.000675184163793553
0.000645098257065431
0.000655261071763415
0.0006917749031416
0.000586331157881948
0.000664313318593179
0.000554688377166191
0.00058877541333773
0.000648991783696033
0.000581857285142458
0.000705870721280028
0.000635905368646798
0.000603375341371671
0.000696115514771914
0.0006402875055972
0.000597422209238296
0.000705126346906233
0.000737968587699419
0.000684851747178121
0.00070590808820762
0.000687026196244057
0.000825779793924573
0.000726217806741509
0.000678300315764352
0.000737905559394721
0.000732119259253063
0.000635314347343636
0.000611052255002606
0.00061196142273649
0.000765908169730442
0.000663862205718259
0.000736799306093396
0.000740419380718558
0.000603232971103692
0.00066348177963466
0.00100981034880451
0.000759739041657178
0.00091573289541752
0.000687275154081026
0.000715558198229733
0.000748357979978043
0.000716813375110473
0.000744926466125041
0.000703937003756913
0.000814635554245611
0.000749800939895131
0.000740755169884592
0.000648881421158221
0.000767907507919787
0.000700495623408446
0.00083204152355681
0.000811463790094365
0.00110839901126397
0.000702957948576012
0.000680168400823836
0.000771937430216192
0.000719034542389366
0.000731637647077534
0.000825420684650924
0.000700429374682288
0.000759399370704553
0.000639526287328044
0.000666607127927428
0.000688385198343401
0.000782411204435976
0.000725760496159531
0.000613344513210889
0.00069448861833981
0.000743205539125511
0.000622688747789012
0.000655176802705758
0.000704532411070374
0.000636466247605918
0.000735164024286342
0.000675497977046575
0.000636177103423704
0.000720461391005905
0.00071861439479436
0.000671871712987124
0.000752069087878987
0.000714945862324018
0.000604644117765311
0.000641864361690127
0.000575135045798499
0.000753582734976146
0.000691075585664027
0.000758389372908343
0.000616240086683573
0.000637787589023917
0.000589119056715711
0.000707776032198669
0.000749832652584712
0.000602938064590874
0.000704599083160331
0.000697032758238553
0.000986760116147682
0.000822960590273049
0.000644170097032053
0.00057710369250535
0.000615371936193226
0.000513908816384329
0.000834840590057616
0.000703837003270249
0.000594559183610913
0.000625996482030756
0.00053577968753446
0.00067633542189916
0.000620540857222252
0.000562564173097777
0.00055595499627798
0.000542138155496442
0.000746806024787225
0.0005796781002961
0.000514404350711904
0.000700636258806751
0.000696544780425885
0.000735164906484911
0.000703517689422082
0.000755394076993715
0.000698451006165969
0.000760576277304657
0.000677602630507523
0.000667361257399274
0.000747092722836929
0.000633903612701971
0.000731591517748988
0.000619884317297883
0.00070719091395941
0.000698787244305732
0.000729058779530241
0.000706620743512938
0.000767100144981852
0.000675430681933949
0.000717008650243868
0.000520783717429095
0.000738444467402244
0.000776982397054789
0.000639187537135116
0.0010965647166991
0.000710088731551499
0.000736856899682526
0.000657975532286253
0.000670370389327625
0.000720045658680976
0.000567809044891814
0.000658866185189383
0.000613636072511025
0.000659279916500557
0.00118697125881043
0.000724964743692785
0.000635412709096833
0.000571437614785375
0.000702108544409325
0.000663716137985432
0.000732779747807414
0.000650283309166869
0.000640125048460247
0.000586909455985285
0.000598105330477792
0.000700839820539664
0.000538397720165877
0.000703365753761222
0.000836280312900709
0.000737325617391081
0.000604204578669584
0.000692538754867987
0.000795772019577633
0.000561231200169545
0.000655329777208329
0.000597540393725773
0.000647044458583427
0.000618331537218566
0.000605277667053694
0.000574773005143732
0.000627702839956221
0.00052180778192573
0.000560596072683698
0.000733266635830638
0.000630861827738343
0.000513037401783337
0.000608841173961542
0.000794218490756556
0.00067466959846511
0.000719912782422565
0.000716578567039019
0.000714879388739841
0.000664290435854568
0.00116413487346394
0.000653938037415687
0.000623294677233817
0.000661019767767792
0.000661471174027158
0.000775401923042295
0.000645343745702975
0.000574085806801965
0.000705113673596309
0.000625313534246867
0.000535210485557714
0.000555580756361352
0.000693111921161281
0.000637250355966063
0.000698751299983823
0.000621224765300204
0.000607433225174686
0.000614382357632263
0.000624809270897054
0.000818444764551496
0.000645477132236515
0.000716881012976006
0.000798292232539573
0.000713949617360915
0.000677739343120706
0.000754578933242437
0.000728824361477675
0.000733023956939748
0.000618643519241327
0.000634072387277231
0.000649152356975093
0.000468875669429624
0.000700463397698169
0.000567164520428729
0.000734230856966219
0.000636710113554963
0.000596033514356266
0.000780845988572468
0.000559734689519734
0.000603387957600289
0.000569975389629517
0.000566764462118694
0.00067917017769953
0.000640386028464329
0.000650014153624212
0.000605238914405612
0.000539368745974149
0.000755835327582862
0.000870280823874968
0.000701092934620127
0.000545837220180079
0.000803135852638171
0.000703224761368013
0.000584138342890612
0.000599839285985702
0.0006114048286058
0.000632288723934645
0.000616917964852839
0.000590370549947233
0.000563429801810565
0.000717341602805065
0.000614687635217436
0.000620767731630344
0.000675381823708932
0.000604520324688429
0.000663928553520695
0.00074392540078972
0.000542556969821598
0.000664238341780088
0.000669522347494228
0.000625551074549364
0.00054372100875921
0.000584139315746387
0.000603637355230887
0.000660173180257759
0.000598378710228549
0.000568115347037308
0.000663927790498543
0.000604287452026297
0.000762203649435154
0.000709837572274141
0.00076313286761117
0.000644679503895241
0.000536282521591114
0.000607751776968763
0.00054315735729978
0.000762511374334837
0.0006727373592897
0.00072482816361851
0.00064156847017312
0.000617710824187982
0.000701626307679619
0.000754243780178265
0.0006443729363717
0.000661274894895075
0.000606092756421328
0.000614891083496891
0.00059384374903866
0.000627769730220584
0.000651615477571337
0.000552129534917752
0.000593860840409518
0.000746882683035703
0.000616956796844785
0.000641156553288488
0.000561571966587014
0.000604052092923878
0.000680372166284714
0.000654689368605179
0.000820645573455523
0.000586624294435176
0.000645694232451782
0.000663796545984959
0.000613219314975805
0.000618770892132979
0.00061533034499717
0.000681776352083054
0.000688900984778021
0.000621108258564835
0.000639494964621228
0.000632832915331601
0.00057103691598061
0.000608590415103164
0.000617946915309742
0.000628814313950241
0.000650541924662134
0.000655744754420533
0.000671671809570334
0.000677432355714458
0.000628416791324886
0.000588127847663415
0.000586058644444777
0.000615562119768061
0.000693772344888567
0.000619991418039494
0.00062462379394059
0.000633981554936949
0.000733593967260828
0.000592713976507552
0.000654739566470274
0.000487657340601138
0.000712984258898915
0.000834084883759949
0.000632125971439155
0.000611214796486423
0.000600419920737976
0.000581025853265213
0.000536912278157975
0.000667735378907942
0.000595922914668799
0.000649201367683685
0.000710616725314258
0.000700664798212024
0.000685466894050136
0.000586813832276546
0.000650258986708494
0.000529307043250475
0.0006402544148271
0.000573987481086656
0.000549041698665369
0.000560713967768563
0.000710534217314719
0.00065341147484053
0.000608257329896723
0.00058526046196881
0.000649748149068224
0.000581588111972979
0.000540677848381385
0.000627564493976619
0.000592003724725368
0.000595217417699446
0.000690627299199079
0.000534476434112084
0.000773096054108954
0.000593342566895893
0.000614382186138108
0.000593534447979606
0.000598848324248439
0.000668017800582874
0.000598841951475573
0.00063745201667574
0.000556048381543031
0.000805588061952323
0.000605214642724831
0.000611036106534182
0.000690182196160956
0.000736959072588807
0.000684453567537356
0.00067266256673584
0.000684519237034528
0.000646812950248001
0.000576655205929382
0.000776604439587167
0.000675853777098049
0.000674854235118057
0.000540050388395701
0.000580697156790772
0.000686335722583984
0.000580671054640577
0.000555167294624691
0.000621371313953467
0.000579395911271078
0.000610029677597584
0.000889264276075451
0.000672650926287606
0.000654711638361269
0.000531747911771069
0.00072144144482074
0.00054255441159488
0.000710087265293777
0.000645519103148031
0.000619685712942211
0.000613483406368136
0.000608577271575294
0.000629505891038545
0.000605961663516701
0.000758675074671723
0.000684639060231767
0.000714118693704251
0.000729657038604492
0.000728531024207531
0.000595835311502805
0.000641038944765519
0.00053969299332658
0.000679715958085633
0.000606467350887889
0.000713091750780196
0.000619997827696786
0.000630828170337709
0.000695335028187136
0.000567195710108306
0.00064118704067591
0.000742793744058619
0.000724244580997753
0.00080182416018274
0.000699785088835973
0.000587471231616178
0.00066102693976163
0.000628900674208522
0.00071804780117407
0.000636992244821621
0.00056370780335978
0.000620633909933627
0.000530459152608783
0.000682687859095117
0.000664515766940399
0.000696387528569894
0.000615916257784906
0.000731257334271127
0.000689267594168133
0.000660350329094951
0.000703664134700586
0.000645355196250149
0.000596834013948479
0.000666167576714251
0.000577613530796151
0.00072364671016109
0.000596099626541426
0.000707074004222869
0.000591821149011029
0.000692308330274146
0.000678316615203975
0.000670193966289008
0.000637010022223666
0.00070399009537833
0.000627351850351344
0.000771063216461611
0.000635889280144695
0.000645774655660904
0.000734326143860401
0.000726568357981519
0.000634556850751812
0.000562782485238085
0.00063342197735877
0.000545471414414941
0.000594220505070737
0.000557020610458541
0.000622831520783807
0.0006671452251421
0.000713883911702986
0.000600356731450805
0.000617025279312683
0.000579327354893776
0.000870693176657371
0.000571486286687155
0.000667930078191783
0.000719332177955967
0.000724963168811012
0.000652068197655688
0.000745462670624411
0.000656389433920593
0.000715272398535616
0.000732321527577649
0.000690894941314647
0.000739750516708439
0.000621041378374721
0.000763599016055541
0.000757505257031533
0.000619384194970346
0.000670801583203051
0.00066198146836648
0.000684561549648053
0.000666898465059678
0.000607457152168799
0.000612010546300367
0.000667429192361613
0.000732435108037742
0.000657213415506787
0.000661604725932602
0.00072708070807975
0.000713989635666058
0.000623335710966815
0.000523263965514835
0.000597532866056729
0.000640999994633436
0.000685946888027179
0.000739184002577993
0.000613594479951924
0.000717350787818029
0.00071456771294929
0.000882784808383717
0.000695936611097255
0.000749707162249446
0.000634274868630246
0.000690378356588761
0.000759370165038037
0.00062796512445989
0.000660515626520684
0.000705953393875963
0.000607461294007093
0.000535866120815448
0.000681690941064235
0.000582079318315401
0.000586325390998714
0.000556128974742087
0.000602884354103251
0.00070638089869095
0.000733581511502511
0.00067146429641253
0.000628471699751601
0.000834671672310048
0.000645067933383367
0.00064263775933203
0.000675504292489415
0.000664789530206215
0.000718155971443461
0.000704385534929939
0.000812318995889888
0.000669488685629541
0.000645243877768778
0.000838892705201684
0.00060061671275228
0.00077527539630526
0.000721847771995662
0.000738433600233711
0.000754416096002377
0.000541536483719828
0.000682834432268639
0.000697436532567156
0.000681057691813898
0.000612568584541207
0.00077941036575492
0.000635053056235075
0.000716754659680914
0.000576625557210326
0.000544609052949904
0.000701711009313687
0.000802419541186602
0.000595543161113956
0.000683893843820597
0.00070880759262255
0.000733600190228891
0.000580585443945294
0.000549109325549214
0.000627774170512173
0.000708821288860591
0.000593715938058792
0.000695663460675231
0.000761196966083774
0.000641839119866811
0.000713189654119954
0.000573301844511031
0.000770456951336556
0.000604452656827638
0.000731878174807438
0.000675296405165139
0.000658947156195147
0.000593923980755304
0.000629498226867129
0.000741512591813869
0.00053711821012355
0.000536487368179254
0.000575584298392665
0.00053710382836093
0.000653915003285381
0.000668370145578621
0.000707256358244672
0.000651000944079839
0.000662028208201923
0.000565149737496563
0.000683577915162617
0.000816490376549825
0.000639282428755388
0.000751600152564183
0.000781312293584914
0.000552237564187228
0.000569226420401727
0.000815656270359916
0.000613506274351903
0.000512273896675337
0.000717723160462579
0.0006593115724629
0.000605598699687509
0.000680316635560845
0.000634697251912505
0.000519181844016644
0.000663074606376375
0.000815470965865164
0.000586112189772292
0.000715904735537959
0.000740158670122033
0.000611781638667856
0.00057633291051415
0.000788006671274395
0.000579499671412109
0.000619421576199011
0.000462155608472174
0.000661201852383015
0.000587283068729973
0.000832416164987433
0.000700415474404367
0.000663214284953997
0.000730375705084273
0.000587163686088084
0.000617442085266074
0.000576241828498206
0.0005831476433121
0.00065535685988281
0.000618415981884236
0.000557697458089423
0.000746514342041879
0.00052292416531011
0.000615639751555367
0.000590458458007766
0.000792246370196596
0.00060127314474582
0.000709359881311129
0.000689603309891319
0.00056113507235682
0.000681044978232957
0.000658573734046807
0.000767140885881842
0.000548308130309892
0.000687517541758238
0.000626277756695982
0.00066618837956154
0.000649988188992892
0.000631904549693813
0.000585266022539025
0.000665124059979509
0.000621239305604165
0.000658424419461249
0.00065195885858989
0.00076588789593379
0.000643762418762392
0.000725294574279485
0.000616759240933006
0.000711524826947774
0.000586926970554545
0.000671407494448713
0.000596034209619296
0.000686085340015898
0.00066551680571106
0.000633083251847522
0.000774510888740553
0.00068883083809265
0.000670107356873711
0.000789788971722751
0.000665386677176079
0.000678321646041189
0.000653951509839945
0.000680324113498023
0.000707427344630599
0.000683715311324227
0.000726605519243248
0.000634753441137517
0.00083261732834312
0.000683659628243168
0.000748800431621952
0.000821594236836272
0.000707257190618034
0.000732197608022231
0.000653955271932803
0.00076511041770623
0.000682311487405991
0.000528530388222502
0.000629120845497318
0.000716973428887708
0.000786213660737176
0.000790059021619129
0.000654806040464872
0.000615333198381712
0.000610549892091595
0.000708342862276448
0.000682272197597448
0.000844461362249352
0.000633960578653558
0.000700056499034802
0.000638318408278228
0.000699500297865027
0.000643397567658035
0.000699988588981699
0.000534956952291173
0.000735328573478424
0.000656599921077018
0.00080506500943321
0.000651886820938642
0.000714904134851315
0.000734873359028913
0.000734557603341769
0.000780350967890817
0.000622529705295141
0.000762706514928449
0.000599133823388014
0.000765747522418021
0.000786689132763477
0.000836794238034047
0.000583708266886229
0.000616643523825604
0.000624689823073864
0.000718268954416893
0.000661971170395582
0.000812096818858921
0.00072584607868751
0.000742457543590883
0.000675353684147047
0.000666197770585907
0.000798273703898789
0.000699040938172167
0.000833743616435291
0.000688805160164876
0.00068980195528294
0.000678708582889742
0.000681843834471907
0.00057853405161175
0.000692133162093434
0.000687509809656842
0.000699181443355851
0.000620360644517544
0.000774948796173199
0.000670680163378801
0.00067818184400739
0.000627424238190988
0.000762029725775665
0.00060063501118664
0.000611531628732285
0.000806210877562292
0.0005783846488553
0.000743882918971592
0.000561097483646474
0.000676642556377937
0.000665385596200297
0.000667040471620689
0.000702175637875938
0.000646639701259492
0.000696509903996669
0.00074042216736144
0.000681732542471226
0.000786168497927312
0.000741481997879566
0.00080059402105928
0.000611552758315276
0.000669455059027048
0.000627111357680152
0.00072168830660923
0.000724990612460765
0.000645898325301991
0.000710196560200517
0.000747579012813541
0.000680143638931201
0.000670340234393979
0.000829085047462015
0.000763714816876804
0.000687390013681188
0.00065475472731329
0.000632401417822274
0.000604962630020973
0.000607156742386913
0.000652498458826651
0.000765129197212375
0.000538884367568197
0.000723087752562923
0.000696156870969634
0.000556124237770315
0.000686315121994162
0.00062679148648386
0.000655189898174085
0.000728098033023862
0.00063917559897374
0.000765137345995701
0.000625422662584826
0.000697925721050202
0.000636531380882439
0.000675730041907284
0.000721835745858741
0.00075863177644762
0.000744841012220354
0.000675479557846701
0.000726027325013588
0.000687898168993103
0.000647324265993298
0.000597747617046543
0.000791917793468163
0.000520265028997019
0.000741029151563421
0.000649707028363741
0.000714225024754036
0.000543588728137385
0.000695398015119824
0.000649191102772327
0.000588376507601209
0.000655954976578588
0.000765433359759994
0.00074202769821732
0.000673931944336907
0.000606862627253568
0.000742639525123729
0.00060255469568975
0.000703237858506333
0.000814106709761102
0.000655110495206589
0.000640159640428552
0.000751532671517525
0.000706863006002979
0.000690935112353331
0.000707566534689676
0.000809595058173315
0.000709824311759313
0.000694523076431421
0.000690314484978233
0.000806030107708657
0.000643501616884854
0.000722785412543703
0.000742600427189459
0.000800309341211824
0.000714391366499982
0.000646184156809192
0.000647095149765474
0.000815067963699008
0.000658846319853285
0.000739301373792052
0.000747400209407994
0.00073316187008141
0.000575882198234111
0.000615295159446425
0.000768206083770167
0.000667619632302449
0.000596015985457292
0.000670609601550037
0.000684797617514949
0.000629117773440275
0.000645731214485119
0.000692495552300202
0.000704915097434027
0.000708323239915757
0.000581189490820948
0.000569225736797328
0.000629708295570047
0.000724754020027529
0.000596412824698273
0.000616169628258244
0.000743719947298457
0.000617506417428654
0.000640076974288845
0.000689489262331693
0.000683384324837015
0.000544399006673015
0.000734840352135774
0.000754664809739428
0.000654905125067229
0.000635180392031174
0.000595103392486434
0.000781167974905784
0.000764023673762129
0.000701766610239305
0.000679631211106197
0.000741814892942566
0.000652966202346573
0.000660009185155674
0.00076060390610088
0.00069312036807105
0.000680145014078474
0.000666100928413389
0.000640991411307739
0.00060226228491215
0.000646207755835376
0.000568992812276103
0.000723171832158514
0.000824787469815239
0.000598246133139673
0.000673628628247626
0.000612135658424321
0.000666059042383782
0.000654064118205987
0.000710456807774996
0.000711039673335852
0.000843274484652626
0.000600948198504483
0.000757238552818567
0.000724401965362357
0.000649542979528743
0.000681186631258194
0.000708821854565525
0.000816743374418293
0.000539468200735034
0.000705403945068799
0.000757070298044271
0.000603371703086626
0.000696277839056949
0.000651880213310541
0.000764646621885042
0.00066296184026931
0.000775714565181548
0.000721605548790305
0.000755818983272855
0.000722130846311109
0.000617675789945829
0.00073906613810749
0.000676932017495613
0.000709024914954702
0.000758002187714012
0.000680983293427673
0.000615827527398376
0.000737637086501437
0.000551829627207311
0.000681151711690936
0.000697301796989219
0.000733097076621026
0.000664423019632939
0.000792577020460145
0.000748208717342392
0.000723537527142809
0.000710121747655975
0.000680930636838877
0.000654419145958534
0.000583535876195248
0.000592829138802312
0.000648929427401685
0.000759136276636486
0.000680037595829028
0.000778782301199267
0.00070580285763326
0.000851186061725661
0.000692475651326674
0.000763494719035052
0.000694195005790667
0.000642268818068276
0.000650298280236555
0.000698356412387167
0.00062273342339948
0.000631952576148836
0.000719743380388547
0.000690170027291176
0.000650076249244908
0.000740735109847144
0.000640050806688833
0.000911084593138549
0.000697583493524991
0.000601068476853578
0.000759488086156683
0.000746270586701721
0.000705823306013657
0.000563434914620178
0.000734230221228484
0.000672197257856053
0.000653059901559035
0.000898059846769716
0.00074430858757523
0.000736747029197053
0.000725478350009481
0.00071470806583676
0.000764301237785305
0.000636848088420673
0.000673594461780925
0.000651572165106647
0.000599995078622825
0.000680610651156417
0.000635148960461805
0.000763324448524943
0.000679947705786688
0.000581916224155827
0.000654049309601762
0.000613015866137378
0.000690031723378112
0.000603181363293957
0.000624773480932811
0.000757569063959751
0.000711731737437268
0.00060324661622504
0.000781857571837877
0.000808441270722627
0.000732140716726992
0.000692754816615164
0.000619064489776949
0.000606151899375459
0.000647838550878387
0.000769891076894321
0.000770698566184868
0.000772583935757125
0.000685118853534595
0.000680885929425273
0.000704486672052008
0.000685689605857151
0.000774010175655111
0.000736114271905837
0.000673248170086922
0.000672151343156937
0.000809533403735507
0.000548710256779036
0.000671366264198059
0.000571210925411151
0.000768333306445565
0.000859129310795268
0.000760706083447811
0.000615021429483239
0.000626820498374545
0.000765092822227192
0.000663841889335815
0.00077811654290084
0.000624891049864794
0.000660532472573476
0.000824115808053622
0.000584938605212313
0.000741501731330209
0.000751960635581642
0.000567961088967716
0.000548576735138946
0.000702197749661736
0.0006399831853011
0.000588450861214415
0.00067716752594245
0.000714869531996899
0.0008537554619295
0.000755413314390465
0.00064371625513197
0.000594662680532798
0.000678475503448707
0.000741981064305907
0.000633190997575933
0.000756765990734038
0.000729532634373777
0.000623812324161615
0.000682362880302177
0.000839085387039273
0.000669874023735078
0.000721680837823211
0.000740083053220008
0.000715528402729808
0.000629493748803892
0.000661373024088966
0.000740293480867214
0.000625896229800862
0.000651010613995832
0.00065492896251957
0.000591452171535097
0.000618648006635857
0.000677242691137175
0.00085175864273952
0.00077147936628966
0.000788606217384493
0.000687064801425018
0.000618581270093895
0.000721355232598453
0.000747557646188427
0.00070366090306152
0.000873311005349939
0.000677167673868995
0.000796347280424127
0.000795610030731068
0.000621322111859848
0.000725508527110876
0.000532972497889116
0.000622255133672433
0.000692654325361401
0.000693568400651208
0.000601782624781081
0.000716637546841197
0.000696523774406713
0.000719574559752893
0.000604626874379441
0.000716090217135483
0.000628263141015182
0.000718947385209353
0.00070441727329471
0.000785696831468377
0.000735906621713076
0.0006582724066636
0.000731371788641089
0.0006868575418325
0.00071972711918394
0.000867126204508237
0.000743630307363983
0.000768756297441879
0.000681266331723697
0.000813422977760977
0.000691041026946026
0.000698899241750446
0.000776820688183136
0.000707255300154823
0.000773827709570759
0.000599357261191885
0.000586849878792012
0.000769521289614184
0.000837495480224524
0.000681609855872646
0.000682854922463935
0.000709105712291199
0.000747879668206985
0.0008349847688697
0.000640401296268606
0.000822882024379671
0.000610026250062616
0.00076039565715498
0.000659900165999376
0.000571349504834749
0.000619464498992184
0.000691888905501113
0.000701069739492794
0.000675857306817522
0.000658231190711588
0.000724407952079004
0.000616312351923884
0.000727979784841629
0.000804628417100128
0.000682423547966923
0.000719701444231912
0.000638942547711638
0.000706678357482268
0.000734240959269233
0.000668665949641744
0.000720577288544484
0.000663513106596755
0.0007397873954859
0.000747565255264477
0.000620770480668021
0.000774591739721141
0.000711094137605306
0.000741469034316026
0.000843880082632923
0.00077420480504549
0.000800845806642008
0.000752112556647626
0.000775751903024544
0.000646072697314136
0.000606535900427743
0.00074172362393254
0.00071907791674661
0.000787000367173029
0.000738513936600957
0.000734679275945371
0.000857990714781585
0.000773261148894722
0.000898144214220869
0.000967292474127789
0.000689163026460748
0.000763595364912758
0.000802352145592344
0.000834986888999236
0.000683206611214856
0.000663950231740019
0.000741490540933072
0.000694204091348196
0.000698041857921218
0.000756982398332134
0.000640089120359258
0.000615887884724095
0.000758424451187017
0.000768940108213485
0.000660664842140531
0.000747724544548408
0.000821374437197247
0.000743663027658813
0.000834374850532786
0.000776411897898272
0.000689217569376815
0.000770675281242012
0.000788161358923387
0.000806557560454566
0.000676262262669546
0.000788082563390692
0.00065130328093605
0.000561948082425058
0.000765045881212003
0.000761532793286546
0.000803753734343861
0.000727897113703666
0.000680632446204474
0.000822212149586098
0.000705456888024809
0.000834263787611487
0.000857377695870182
0.000913118975229287
0.000744013522084483
0.000766619390409782
0.000663297283086055
0.000876550606442153
0.000717067171713071
0.000664257837400907
0.00066732237311341
0.000854733298991308
0.000657671011324598
0.000728566698545682
0.00065262012101388
0.000740861204576638
0.000640237774181308
0.000770680909979052
0.000761059053967669
0.000691309319729472
0.000709868046268515
0.00073680602814117
0.000666116458625919
0.000651864591662343
0.000692150351294118
0.000845566532363136
0.000700881284335403
0.000705875698264936
0.000733481989612894
0.00069230571313046
0.000713217673368054
0.00065104998151526
0.000732337711222938
0.00073128556658561
0.000676818174736289
0.000722143484566368
0.000662596244450204
0.00079315035454454
0.000714583205261314
0.000647905502102334
0.00084489290438363
0.000729698138106169
0.000813246149834809
0.000671273325850024
0.000737222290856499
0.000696044870512551
0.000686729844120951
0.000697371275019833
0.000621511488907527
0.000888439733120825
0.000750851071827927
0.000763130401714947
0.000716310126016493
0.000814293183103813
0.000726503704899776
0.00080840561277817
0.000702444304794408
0.000870852911173413
0.000652809752295838
0.000908541320185552
0.000855790722201119
0.000813892044612878
0.000774520605077747
0.000799414487143215
0.000848208821696466
0.000715445907763694
0.000833390871027962
0.000737396076194103
0.000665094319723497
0.000766220686868998
0.000814433889549071
0.000714565114450272
0.000813752529292395
0.000627260556003749
0.000613199829119469
0.000826076981824991
0.000679830166850535
0.000619897851952678
0.000908995240188626
0.000735758969303408
0.000667344048655991
0.000784898693508182
0.000801857577252313
0.000860967888982968
0.000802771782393459
0.000685286635834631
0.000746087418731211
0.000663479214387427
0.000760728401296384
0.000736745451195921
0.00063660653642352
0.000786367421137941
0.00077379579997922
0.000794344070200597
0.000757375807147417
0.000755976028091705
0.000762618860886554
0.000825052458765045
0.000877022749392841
0.000874082688918526
0.000675345072182981
0.00072807277036788
0.00076932484696385
0.000661415392957786
0.000716025892256233
0.000622923814738872
0.000689995452193182
0.000798346229355158
0.000793155470117042
0.000674589158456893
0.00077801723815305
0.000773252686088748
0.000644194954590875
0.000711557851111745
0.000770195071961915
0.000800626179780045
0.000773433270064198
0.000854100145215864
0.000740195235155592
0.000699280296265147
0.000777121990155727
0.000674477079786663
0.000633597906145516
0.000863762650431002
0.000734697739425653
0.0007476046496469
0.00082098637934193
0.000833149921204136
0.000754416475231074
0.000697631409068249
0.000845002549079036
0.000824800646419119
0.000690056565717915
0.000784638641157774
0.000713782049108612
0.000779205255718522
0.000720081469713842
0.000667027038208404
0.000725102117873444
0.000760155510570219
0.000721161633353864
0.00060799191640308
0.000763741672297348
0.000578216948528719
0.000672387351857935
0.000743359104696506
0.000801374026760476
0.000738905242399543
0.000794690858924696
0.000733936686952086
0.000732199599862953
0.000823799432671923
0.000620711832399783
0.000737903485048026
0.000616751828384111
0.000606061797944935
0.000632510259158492
0.000605350944886943
0.00070699129406125
0.000854538743212427
0.000686248798724968
0.000682472209432429
0.000658830529765089
0.000733141382849039
0.000767725982095476
0.000714177227212382
0.000733760229708193
0.000634283039653028
0.000761683582470206
0.00070893991506264
0.000726156301344903
0.000683657189577821
0.000637495336943633
0.000630472248030147
0.000522782673649652
0.000689222805767994
0.000671017893711782
0.000610781335363395
0.000817825571961349
0.000762057487276374
0.000697952125314933
0.00070168894499898
0.000704147965014138
0.000747258833696086
0.000621226855804227
0.000671360155802104
0.000734974629072342
0.00069997094571182
0.000628799680042717
0.000702929591267661
0.000649360158545675
0.000802638107296875
0.000716118820700955
0.000761383650779767
0.000741049179402288
0.000672630181560348
0.000629490335435478
0.000763057633967048
0.000742306613852116
0.000565353892676695
0.00105442740424953
0.000992064581436204
0.0010450787237739
0.000629865843380701
0.000683779272860078
0.000767302705572226
0.000616680843285601
0.000799734612146024
0.000739859266230485
0.000719261530994796
0.000620898049880017
0.000655875721625006
0.000749806323981149
0.000762018734476045
0.000672000765402028
0.000720013813523213
0.000787242525751857
0.00116820653028074
0.000723464043727878
0.00101246528027268
0.000619959341850872
0.00081180460572744
0.000600766508480495
0.000682673819379969
0.000675642689309712
0.00070804380642198
0.000655587449952981
0.000761047702176745
0.00072144686654882
0.000620400339163134
0.000618691520987086
0.000680125452277605
0.000649525005047416
0.000665378453852931
0.000673354278643793
0.000769473392976711
0.000691980325055263
0.000677272742066099
0.000797026034353466
0.000703821156237107
0.000643662340772599
0.000678343518871487
0.000688260707625995
0.000627938336644029
0.000629266474731801
0.000676874153793733
0.00064841809097359
0.000738749503465984
0.000794043374877089
0.000763535499607498
0.000854603803210683
0.000794477103659483
0.000999073507073296
0.000722588027514513
0.000768020777271711
0.000745663622320518
0.000716060927950393
0.000724093279105256
0.000653454695582059
0.000726869106588868
0.000708386843509243
0.000736852160087704
0.000777256015416357
0.000781749471634028
0.000899410048048801
0.000892303324516111
0.000847314975941049
0.000775741706285728
0.000795758354507348
0.000812477136279032
0.000800545455813761
0.000710652892355024
0.000753831805220025
0.000705417145951015
0.000887521275389958
0.000761877422204296
0.000858385876528244
0.000799727787600946
0.000806821249651275
0.000808261401458395
0.000768586932743673
0.000677033818844255
0.000865847706376881
0.000814380445889983
0.000865699438496119
0.000808560739868988
0.00078814516874017
0.000859037349575671
0.000964744229045623
0.000754346243857132
0.000794672481972412
0.000742786009808526
0.000626988073718983
0.000781736937787143
0.000739092525721903
0.000792059785917208
0.000784276941907657
0.000840903648836184
0.000882624578578202
0.000630558553086382
0.000940594874153189
0.000711899424501966
0.000729622011332201
0.000759085334959562
0.000846021526385544
0.000802416398168311
0.000792879785483586
0.00074046960558139
0.000753263874544293
0.000776955042864705
0.00077378574553893
0.000786812512620965
0.000655982596858547
0.000735704803169377
0.000690599464557713
0.000885760414125897
0.00078912589868759
0.000793829514939538
0.000698309358653587
0.000783301878725137
0.000728081858832457
0.000696293636155215
0.000666861954846931
0.00078582785427819
0.00100768661254306
0.000631365587872318
0.000676081447692822
0.000667462614148146
0.000806967343599032
0.000771251656280815
0.00076853186254066
0.000807115394435454
0.0006682312301393
0.00074464115540631
0.000896965269411695
0.000733930300673459
0.000668144842934897
0.000798355485015819
0.000766476118401399
0.000751324800870183
0.000758116191013456
0.000856430867335622
0.0007365341375048
0.000740051228805566
0.000794043409417358
0.000688077885306875
0.000721938125677485
0.000622347018731195
0.000802095166738319
0.000677128565526052
0.000862946678749735
0.000971555012894366
0.000709263856415146
0.0006965103359621
0.000840567685098455
0.000892989312172603
0.000827754885894431
0.000803024169461
0.000672469649478473
0.000666008343612988
0.000691567763312391
0.000807294980132754
0.000726231080210536
0.000779948034119595
0.000687605717250167
0.000844202133327249
0.000700150568317967
0.00073575147924401
0.0007457237632248
0.000757474745449094
0.000794492302049242
0.000741492037956056
0.000742226761101523
0.000698217020315021
0.000718399172140719
0.000815703184790736
0.000825308245436882
0.000713408092613008
0.000808610541276457
0.000766631199582958
0.000752586518913091
0.000700632615400154
0.000749896269194018
0.000685835053899695
0.000679055509800917
0.000844443455388371
0.000747439352348346
0.000799061381500266
0.00077431365014328
0.000764048401711591
0.000783887032389534
0.000745410954708089
0.000809200928306394
0.000840202765770779
0.000866556133052728
0.000730750704721387
0.000717929811139031
0.000891849728838559
0.000741039257071934
0.000667367868107395
0.000676342477200437
0.000712095582713614
0.000700510796213766
0.000746096013881838
0.000742588488085897
0.000774005829376711
0.000654868027093013
0.000855518943558689
0.000667281600054082
0.000860007872009512
0.000795829743063716
0.000658553475556819
0.000932775508162619
0.000724587772813281
0.00079315412749219
0.000760987303221296
0.000743658013118432
0.000619668333536696
0.000837358105315272
0.000618137998175143
0.000891956710383892
0.000800904823171466
0.000746296675291665
0.000786916175802484
0.000786400476624059
0.000742095222110612
0.000819238413358303
0.000701897280043635
0.000769199093996039
0.000792675653224034
0.000784916828507165
0.000938403589744041
0.000734326159610069
0.000762308984401141
0.000725301582576545
0.000819140810048397
0.00084112349540156
0.000896637752303912
0.000800695605197534
0.000668381804095828
0.000853901992565804
0.000847590912430686
0.000763114311360954
0.000732995180686103
0.000850058321506599
0.000790382128993593
0.000842743218061538
0.000795472974235855
0.000769330675663654
0.000717045908201329
0.000797901090699954
0.000685220406048271
0.000810231643192233
0.000801877818643673
0.000787832692173055
0.000791845890077208
0.00072121364150746
0.000748082192518931
0.000655740525174211
0.000748115390104542
0.000792641527481907
0.000877791067717333
0.000808186857133707
0.000751108077614037
0.000799795708115053
0.000817308344505005
0.00083424582771698
0.000805072239433939
0.000765302723913661
0.000770117598637153
0.000881048467500898
0.000732739671049115
0.000652321068173667
0.000740459959295685
0.000696589759019926
0.000731513352315996
0.000778318815205745
0.00083383025405284
0.000684636303221182
0.000784855735648804
0.000681749102061119
0.000676624755054179
0.000724938707883623
0.000837043141363017
0.000719275410706015
0.000744612184950378
0.000716290880539385
0.000719873990523805
0.000792382757985995
0.000767614664515794
0.000774442816243592
0.000681028192141928
0.00101323270749293
0.000751003510051012
0.000760749889457425
0.00071814876360566
0.000819840158553982
0.000903072606949673
0.000816781003213495
0.00084315462764039
0.00087018550517914
0.00089591614614488
0.000745752619050674
0.000821180120586507
0.000841601887158926
0.000725293792665727
0.000769843935313881
0.000854577673159329
0.000849266170433644
0.000732658229890054
0.00072893557018209
0.000745443191697608
0.000890455895668442
0.000904609522443622
0.000741293091795915
0.00072251008623526
0.000733523554874496
0.000852426863512193
0.000765376672239539
0.000738813315256125
0.000753941559131361
0.00084321561097388
0.000695814248345439
0.000802774442621842
0.000797103880722159
0.000810973828665428
0.000766154061358242
0.000708225934711263
0.000826665969160056
0.00068310698211606
0.000726311208308734
0.000944416556317569
0.000796380219643624
0.00116320627519103
0.000854551196092548
0.000968595899939181
0.000863548548620902
0.00102293474290004
0.000862316433111683
0.000855191410839137
0.000789507482140265
0.000696391585005784
0.000777481970443918
0.000809646536824387
0.000822054277324645
0.000741150496088293
0.000682674252054568
0.000836616472399856
0.000849780546738165
0.000837227135473132
0.000742456366310015
0.000944478625467793
0.000836095145214874
0.000844388214749661
0.000823254231407039
0.000844598812170743
0.000746367592076528
0.000936294051451899
0.000811887866044097
0.000924426354017428
0.000827260455071099
0.000770384225448838
0.000815941697313801
0.000791785776109854
0.000775812644040281
0.000848381132357021
0.000815088674456859
0.000822069210062834
0.000813018200153754
0.000796831661434869
0.000792993763177042
0.000815532314853768
0.000678213357573898
0.000783249001572773
0.000963643746339477
0.000728334860161784
0.000880737381307242
0.000891174938332729
0.000764297207467738
0.000715127951934001
0.000774080357389476
0.000671364839297982
0.000724128567667865
0.000777360964890996
0.00086916629546328
0.000956218606148495
0.000678269518818568
0.000768723337457615
0.000800977336504286
0.00075572654123763
0.000764189521253427
0.000727912059346106
0.000693524965735306
0.00067741245062471
0.000785785428313342
0.000698270910272521
0.000790476411168806
0.000650467187969056
0.000744777714868647
0.000744256626428134
0.000671136791058003
0.000821000350317293
0.000722329440154296
0.000767576804897853
0.00106547142610275
0.000791498987080318
0.000680917168751398
0.00113334727093259
0.000699588941525806
0.000768297700768363
0.000749539992943096
0.000678646375074353
0.000808856119880708
0.00101427040912924
0.000981513689601073
0.000906318554609985
0.000749401857069387
0.000752180488227058
0.000673037306971646
0.000789343195468131
0.000871296131029193
0.000823751773643527
0.00100241911788989
0.000643785465592241
0.000690037989325243
0.000842289765854504
0.000876220312377661
0.00100747029063002
0.000800039850022898
0.000763976896849957
0.000778959343534065
0.000784937171703815
0.00086493666599515
0.000770419254344845
0.000776002025625794
0.000761745752958462
0.000845440535227359
0.000763953433826497
0.000811731264834689
0.000892910183235919
0.000810787190083833
0.000762388825759464
0.000839479615747913
0.00082016634348833
0.000850441471915149
0.000837730671828435
0.000899110548245886
0.00081991784885041
0.000857445301287152
0.000972156988813518
0.000901460748571624
0.000851841990636401
0.000914425596860592
0.000821680713534143
0.000978872744228386
0.000814421226726519
0.000780656767632276
0.000927687291325826
0.000724598409931271
0.000825095428613055
0.000812509352561926
0.000869349230972995
0.000802494195919078
0.00089339720608732
0.000815412444984618
0.000861776995126688
0.00084702833421285
0.000811842310823477
0.00084188744980008
0.000903209658391961
0.000838789882341354
0.000824656505487657
0.000816366479594592
0.000859451475423175
0.000749005909808546
0.000822548312922041
0.00076795157974383
0.000916394172535008
0.000877360523113469
0.000871792867040556
0.000909754709722364
0.000811379897935984
0.00086219904709404
0.000815124527469984
0.000872272602494956
0.00083926002405471
0.000826548573518801
0.000778006507856592
0.000880322575419084
0.000889471187885192
0.000850187771014978
0.00108720162596041
0.000884976747655647
0.000948819695595281
0.000912806846142529
0.000862818641777751
0.000885246242949834
0.000900492643645617
0.000853012177984128
0.000855989427326737
0.000869430375746945
0.000928931595710747
0.000960661543541097
0.000755778504046164
0.000780675540169253
0.000941639262149606
0.000977955595428932
0.00087707452914539
0.000833153579519381
0.000820671628608014
0.000877781999257956
0.000950636122637619
0.00094120075304991
0.000928245285435841
0.000767263532809542
0.000932962141527557
0.000898552152734328
0.000888055489741837
0.000887999631070346
0.00091987533459094
0.000952049698717584
0.000862171618968134
0.000818354668305731
0.00075589657615273
0.000842689148891994
0.000941668789927194
0.0010057361780868
0.000870365716867654
0.000851230363985074
0.000940928458572906
0.000987206439693188
0.000980486289267997
0.000999473022029507
0.000934989003977174
0.000859124117289719
0.000813624687731982
0.000889573211637314
0.00089662776456368
0.000826277935627201
0.000852382138924928
0.00101996997380398
0.000879848613046288
0.000933738288052025
0.00103061801736367
0.000859312483334074
0.00105467811240367
0.000944217648008902
0.000995691094617482
0.00084848327936914
0.000927862030423783
0.000822740644749761
0.000811754071017874
0.000906871689685614
0.000949342066278784
0.000971578835840462
0.000813740315645215
0.000934356995492796
0.000845654388325433
0.000856200135898183
0.00084812141823357
0.000732477858979759
0.000803064033723886
0.000936762555328656
0.00109216142208663
0.000810970532987398
0.000797978850674753
0.000837042748060344
0.00089566959298553
0.000906173031047919
0.000830619306731826
0.00110853940689252
0.000813112567510033
0.000903674432771792
0.000878972883692244
0.00111438264979847
0.00108763108100541
0.000835284654246226
0.000877233564681859
0.000809563966827609
0.000859637335841392
0.000973550896265652
0.000813301915772686
0.000814536060031019
0.000981934680790496
0.000959390705003032
0.000847393319703893
0.000809918004946104
0.000953625967408388
0.000897042650204566
0.000955309052776163
0.000843115092459343
0.000881333640985455
0.000836536761763067
0.000838227140271461
0.00100496228165377
0.000843419768986846
0.000800633287019728
0.000909686445062632
0.00088999330096451
0.00104102356802893
0.000754187044889261
0.00079625335940288
0.000874526588508896
0.000887483191188537
0.000900224784601329
0.00091998165222374
0.00101918706598968
0.00080608899612846
0.00081251168287373
0.000820028049185241
0.000856387995344086
0.000854738059714532
0.000861362399878204
0.000966526542650978
0.000858379073963477
0.000781079296389556
0.000776304409241723
0.000778508236128381
0.000837104453711376
0.000860045459520073
0.000841443298350741
0.000863605847822673
0.000821291189972427
0.000819286043148014
0.000800163217090191
0.000797516956016194
0.000736063355063621
0.000878505462079233
0.000718012008920624
0.00077172744319102
0.000809121626679912
0.000779714003131299
0.000834546161020005
0.000883854648563078
0.000791218124243706
0.000835168174866349
0.000755858809603564
0.000898406901396584
0.000896697666551738
0.000849010348895119
0.000894575846321984
0.00083789832727524
0.00114470104948206
0.00109418767461925
0.000855094570893288
0.000924885828897992
0.000942264001290952
0.000911747416644445
0.000844591510244198
0.00097386772008957
0.000912575942516815
0.000803003964705603
0.00084489992303629
0.000847349284888593
0.000867740406554599
0.000939953433689796
0.000822218706648109
0.000829736079906761
0.000766557001315349
0.000857492619196221
0.000874825830250012
0.000859227207959401
0.000808085802298827
0.000874413595170776
0.000931423915525051
0.000765526430586706
0.000827082064727768
0.000874858637362773
0.000883925933036659
0.00083079401031975
0.000813906857879882
0.00070181528908657
0.000775952749339063
0.000984778783809028
0.000756478772917605
0.000829892797582049
0.000724196353520642
0.000906856233005195
0.000915773888637573
0.000828816830752553
0.000848483640600268
0.000881038191252976
0.000900231857301382
0.000893310085919064
0.000791930171984228
0.00089308088463596
0.000774544178084272
0.000958885372402598
0.000826882596439748
0.000851929791494761
0.000738111496648419
0.000802809711456285
0.00080611188511923
0.000819254788222253
0.000837241377150459
0.000824853977300113
0.000863545555460834
0.000860967518500377
0.000936143652407631
0.000785582574935751
0.000768725857724316
0.00085744898304947
0.00086149333127162
0.00086861299472657
0.000730024104424549
0.000912192088463241
0.000799978354143299
0.000799210232519916
0.000850319260276136
0.000865958744591672
0.000786833127301252
0.000748781821156108
0.00088768542135144
0.000913328475356415
0.000745226496755057
0.000821682768294733
0.000791282901412013
0.000787467543711095
0.00091838451036017
0.000832448063223332
0.000846890104750306
0.000733947599733557
0.000983797733764809
0.000775029700520052
0.00087717406028652
0.000720947278675693
0.00080305552936588
0.000870590553517107
0.000779242304347355
0.000766531497376387
0.00080043473450251
0.000761536058921589
0.000785450778115925
0.000703631558927701
0.000805645755989648
0.000785019690466353
0.000810422735804893
0.00108286873898587
0.000739200572602015
0.000772072220688415
0.000835400842177829
0.000782851756899233
0.000930077131227021
0.000924084809777146
0.000778216217942753
0.00084647077785752
0.000802449340600044
0.000848026858901974
0.000693383581738805
0.000812988860746098
0.000713387517903751
0.000933054415115865
0.000783760207276936
0.000891260485579774
0.000839988357558826
0.000912376088388274
0.000811191839315355
0.000977128680492414
0.000799517667280663
0.000899436443734291
0.000807762193474795
0.000855889434101526
0.000716167331175715
0.000783948332170871
0.00068296444765142
0.000799724508137509
0.00083707742644359
0.000803040285885921
0.000869740928544933
0.000788838457939686
0.000980157277606056
0.000880013547849238
0.000868679912540449
0.000718405628108022
0.000880591240517307
0.000896316055697112
0.000904639837166777
0.000831656351829216
0.000679288338108604
0.000815763627963281
0.00080456322143701
0.000922256258505207
0.000784961467733092
0.00076692455959838
0.000923323271789906
0.000963020863088162
0.00078674533070701
0.000879371350379171
0.000760345300914823
0.000922343323798284
0.000899241052493348
0.00100433370394499
0.000833007211333086
0.000803245646806339
0.000934173224333079
0.000903379573258787
0.000927343345830212
0.000959842893411101
0.000796515636287952
0.000816812860898253
0.000963545064838748
0.000850761809210856
0.000711771283634783
0.000759523349677299
0.000835530227429244
0.000774547192433901
0.000768893173544931
0.00103337549813632
0.000853698034971569
0.000899140690872578
0.000863116472901736
0.000923137614700493
0.000991350525078308
0.000791320476678107
0.000889735008297332
0.000892798899412756
0.000982094659023041
0.000964709328823083
0.000868330419126635
0.000949267764605878
0.000815324971881673
0.000964392722559463
0.000939166918375724
0.000819367550912213
0.000968108961531027
0.000914615604016296
0.000791051320480084
0.000828021802114601
0.000819832434552522
0.000909358657958229
0.000885082971542579
0.000760268560854343
0.000919521554207485
0.000900898207695937
0.000886594274331024
0.000776279189894765
0.00083877199059607
0.000847773520949234
0.000938658725890383
0.000893203405336962
0.000960079540925921
0.000875144330101738
0.000842901366812903
0.000810423727247948
0.00100508669199746
0.000920967454221763
0.000969268930941383
0.000879551582789434
0.000829179217644951
0.000900920168785687
0.000798993746258005
0.000819998256011118
0.000899195376673014
0.000906520209885164
0.000917498251712928
0.000871020756799455
0.000907568170514298
0.000753179117134506
0.000849326483351123
0.000669879616106384
0.000937428977227938
0.00088100926633528
0.000835589087331771
0.000905677345155074
0.000762274078831341
0.000905911049843331
0.000880527708397659
0.000736652856940613
0.000807885550245473
0.000909815632577087
0.000925377067519621
0.000909115887986872
0.000809568104042973
0.000808464314110054
0.000839350529961406
0.000913436306463008
0.000940869916027933
0.000850075946494043
0.00084773871776248
0.000878107470369498
0.000916148489149382
0.00084300309448066
0.000847582920020651
0.000902309080995103
0.000813228425176546
0.00123923636923643
0.000796731085684422
0.000900980894682782
0.000795922692844193
0.000812795775309018
0.00085803278499515
0.000903297989584544
0.000792679662766363
0.000876797301293177
0.000860278808045898
0.000787790791109131
0.000764642796179705
0.000764601020220796
0.000856507541981913
0.000881535423320696
0.000856062476480302
0.000785997697761049
0.000967443027055402
0.000932177037572807
0.000970341177641619
0.000780793369126285
0.000889455836506337
0.000691787741157935
0.000911101841200607
0.000848167882376607
0.00100942725497005
0.000892882626985708
0.000835927747369237
0.000905949769048688
0.000885984533032491
0.0007439980304637
0.00087228104789923
0.00093973521219268
0.000881614746961448
0.000787327101420189
0.000940343677645228
0.000890590896603949
0.000994226108030164
0.000830592158826957
0.00109629157260984
0.000817285097498233
0.000950928719225558
0.000899877073705201
0.000836964694058861
0.000831728113875339
0.000929350031837199
0.000883352526453412
0.000875174492361962
0.00089817088798538
0.000877752122515142
0.000905639718219751
0.000906563655034521
0.000985367457016674
0.000730152358441169
0.000964668432380231
0.000856193864686342
0.000809410927484746
0.000740759968553249
0.000848479744558714
0.000949887974035017
0.00104804424894339
0.000890004892843911
0.000989169024300506
0.000773067630725359
0.00108385930777777
0.000934823928036659
0.000825573089318708
0.00120608999621001
0.00111493655151271
0.000900767783871039
0.000916241979309445
0.00088562753542655
0.00109656131210911
0.000927217334627399
0.000893678287687568
0.000909752996425081
0.00094583511959015
0.00090064945595353
0.000817491343526788
0.000903007830345779
0.000892713126975787
0.000917661062274046
0.000929205108669662
0.00111144540679614
0.000885121050213303
0.000933310171204995
0.000929496629387382
0.000884003019272388
0.00090443761734952
0.000888553771010372
0.000844435295522402
0.000789156643173234
0.000835565256738113
0.00080753017490826
0.00104181013426223
0.000934344911260363
0.000964634899925346
0.000922746360079442
0.000919282348720949
0.000918660521868068
0.000948504898220476
0.000942518717931897
0.000887814371237227
0.000851131367035867
0.000972982659484594
0.000810247821124406
0.00095179153811973
0.000804221701816277
0.000860178446688208
0.000883356620563254
0.000917177928880164
0.00093613245803176
0.000997818916270258
0.000799805076320275
0.000870780582024294
0.00094962053934728
0.000904859995833249
0.00101068354533595
0.000847728138418545
0.000915085125059443
0.00108983144379799
0.000959017566538549
0.0008639035336049
0.00103186395000969
0.000847683957586417
0.00103930068564238
0.000978226112915092
0.000929513189540914
0.000865885274981052
0.000903902577523452
0.000998046494105929
0.00104849547018006
0.000936757165874991
0.000882585715390379
0.00092769890337873
0.000871577076080264
0.000867917452532466
0.000959419505268245
0.00136368355762833
0.00093374332241318
0.00139164025976007
0.000941978495571185
0.000808243389659827
0.000921294374234683
0.000759338360416705
0.000788355864320576
0.000856829019345552
0.000869085038815231
0.000954217228294802
0.000917659051724792
0.00094735024317362
0.000854105490959582
0.00096065247198398
0.000834467417172194
0.00088491995218344
0.000971897201070746
0.000921389967882927
0.000896303032879387
0.00093927946021557
0.00096479011925895
0.000813458776135474
0.000888174549085893
0.000796688233703578
0.000941966387021864
0.000815140087516318
0.00094056907122814
0.00101641779241101
0.000943969493475999
0.000856633617431481
0.00089474749755577
0.00101027178197786
0.000884439264481711
0.00100742917599442
0.000863014969782286
0.00094482933231688
0.000905740428206846
0.000877141499204957
0.00102647827646357
0.000929013013415217
0.00100548060430154
0.000869318724675011
0.000864763028009616
0.00100864941783116
0.000857215983491705
0.000998758912953762
0.000988560709611432
0.000989625198789818
0.00089401943048341
0.000946768841925374
0.000842557996114253
0.000988688217587886
0.000892142024638491
0.000895374728704798
0.00102700484301899
0.000922167933883471
0.000951697675342186
0.000849536911754752
0.000955786148163442
0.00083878880419479
0.000819303934883321
0.00103044167391651
0.000882513669437227
0.000845759940023993
0.000992075911872768
0.000900179709900746
0.0011215815655742
0.000881990349380523
0.000902362376810204
0.000890810950651744
0.000876441504562904
0.000887580182686639
0.000879967643366889
0.000859176301045829
0.00100044203673588
0.000980617405968958
0.000929313124310061
0.00073830652296583
0.000895044348504837
0.000872084399701458
0.000942245605935158
0.00109540295844935
0.000992449888081651
0.00082808375657198
0.00085685579744646
0.000892322035863183
0.00091985025014015
0.000924364830790549
0.000977848342941911
0.000912992040376056
0.00104056544132148
0.000848670581471166
0.00101091736655238
0.00114290284947446
0.00103232006234596
0.00107219543650086
0.00110306320789374
0.000922440436587253
0.000888917576832862
0.00103536824653469
0.000918248542657577
0.00106961978217628
0.000966896215821875
0.000934559223567285
0.00104380180335531
0.000957766795437257
0.000865736008891756
0.000993085903321118
0.00102015027441105
0.000935404118102525
0.00106063704891566
0.000945249999837325
0.00100741453903489
0.00104199119657999
0.0010195947402098
0.000962641802123156
0.000969394367160552
0.00111555440642924
0.000950015317753146
0.000977017110736934
0.00109178090323867
0.000920566916840437
0.0010123406681194
0.00104690525075975
0.000867208681864147
0.000938990007524806
0.00101135912550455
0.000959589289418022
0.00106190260002976
0.00108719085528109
0.00102772566839958
0.00116196539054363
0.00108227712367813
0.000942976017273738
0.00101322197096087
0.00107446561516292
0.0010497919295314
0.00100570076768454
0.00127259185575771
0.00111550867198196
0.000975111259405048
0.0010384136369508
0.00109164865240448
0.001205437492999
0.00114675518481301
0.00107684877157819
0.00104205541184276
0.00132605993014678
0.00105742471762371
0.00115140666555499
0.00117414183090001
0.00110354530849655
0.00110018625964968
0.00121459768139027
0.00104791310798437
0.00118571621318743
0.00126660430092374
0.00115666321864235
0.00124911818633802
0.0012303719168353
0.00146299818089766
0.00134726407945872
0.00141704201273436
0.00136073840478608
0.00140849154055771
0.00147949027372283
0.00173832349329482
0.00167830354388333
0.000635167754334759
0
0
0
0
0
0
0
0
0
0
0
0
0
0
0
0
0
0
0
0
0
0
0
0
0
0
0
0
0
0
0
0
0
0
0
0
0
0
0
0
0
0
0
0
0
0
0
0
0
0
0
0
0
0
0
0
0
0
0
0
0
0
0
0
0
0
0
0
0
0
0
0
0
0
0
0
0
0
0
0
0
0
0
0
0
0
0
0
0
0
0
0
0
0
0
0
0
0
0
0
0
0
0
0
0
0
0
0
0
0
0
0
0
0
0
0
0
0
