0
0
0
0
0
0
0
0.00593535483734179
0.00563386582870448
0.00508821894809519
0.00450208831409338
0.00368251527207959
0.00288270871613415
0.00169936814504606
0.000676376034365419
0.000597000196246536
0.000511013076299943
0.000380930977918272
0.000284588657206419
0.000212656464701835
0.000207896769048985
0.000169854331476608
0.000156897126075004
7.01899164744845E-05
-1.88552034998687E-05
4.09630680588475E-06
0.000126663117101073
0.000136271808444428
0.000188623420412434
0.000185000691162879
0.00024070428470532
0.000266268275237392
0.000266482815863677
0.000340695260211608
0.000429891515411666
0.000374547486763114
0.000249320863900467
0.000109871735263011
0.000250891313506426
0.000167965992133022
3.47210309965257E-05
-6.61732359626586E-05
-0.000113712687468829
-2.42195254862745E-05
7.55551402352584E-06
-5.53415636457559E-05
-8.34829953498181E-05
-8.0093221841372E-05
-7.90973450091136E-05
-0.000111066938972252
-4.50628464604174E-05
-2.25420403970436E-05
-5.0240130549882E-05
2.36479490899693E-05
-3.22081239051133E-05
-6.77683089578356E-05
-3.61663016009156E-05
-6.94493308522332E-05
4.72623815845558E-06
4.22480710874517E-05
-8.27412106368671E-05
-8.3571924723578E-05
7.51223126541573E-06
7.68411381809051E-05
6.34910244058341E-05
-5.45560298758698E-05
-0.000112208423150859
-3.43057548869078E-05
3.743398939137E-05
8.49787682929969E-08
-3.64987806209426E-05
-6.88829430064303E-05
-1.58936356180541E-05
5.51563914402043E-05
4.15946469784801E-05
-3.08384961762943E-05
-4.31409145693732E-06
-6.74409153565779E-05
-6.80241545436625E-06
-3.49504691849945E-05
-0.000133217148864202
-0.000119859328837327
-1.84781469253972E-05
-9.29695286867418E-05
-9.51541865806473E-05
-7.47172775315192E-05
-0.000115554761057956
-7.09411655803218E-05
-8.59485185917233E-05
-0.000165802765817865
-0.000136120031965359
-0.00011026561652396
-4.91418089682163E-05
1.66105623467026E-05
2.33535196027607E-05
-7.92706093061845E-05
-9.00067964948582E-05
-7.84097636199201E-06
3.6193841290156E-05
-3.06828006873239E-05
-6.79256439590029E-05
-5.87183186768352E-05
5.08478523308467E-05
5.41902243698517E-05
-1.56690518375242E-05
-1.91508016399136E-05
-0.000163904492937739
-0.000155853129266042
-0.000109029075343813
-0.000147567499642813
-0.000165470405214188
-0.000201652732244224
-0.000163162135438966
-3.29398113672445E-05
-5.29885411213306E-05
-0.000131623801123547
-0.000116399852767406
-0.000115327364282953
-0.000124109810717096
-0.000162824540304692
-0.000171799548672649
-0.00013532501049738
-0.000117781210088875
-6.21543308494141E-05
-1.51925713374299E-05
-4.23472539968608E-05
-7.70101704232969E-05
-1.9129273569198E-05
-4.56347382656478E-05
-8.65686714025151E-05
-8.06458627246562E-05
-0.000149095049007265
-0.000130743479003064
-7.21484708051666E-05
-0.000124481810870441
-9.00893211474646E-05
-8.68305091719808E-05
-0.000168031187226279
-0.000117607270380285
-3.58421473944863E-05
-0.000151501455505037
-0.000188311501101639
-0.000213854978841309
-0.000147674879551492
-0.000144611988793457
-0.000152779186027729
-0.000183824636163235
-7.99080955088301E-05
-2.76505053702634E-05
-3.63202161086166E-08
-2.80965995669465E-06
9.70517735959451E-06
-8.47342366740002E-06
-7.32072720417229E-05
-0.000150176686423748
-0.000220651166080489
-0.000222858367250463
-0.000237228892608232
-0.00022311134101722
-0.000164062317100899
-0.000156728088021867
-0.000105167333583018
-4.9101210061845E-05
-9.34349809077527E-05
-4.41370999613025E-05
-6.3775012930585E-05
-6.97527643576352E-05
2.0564775919908E-05
6.24095399819875E-06
-3.34427844692497E-05
1.40538299578236E-06
1.40268344302889E-05
-3.41788616130325E-06
-8.67106537510826E-06
-3.70364235724971E-05
-7.25592686157276E-05
2.32993293829417E-06
5.15115660131234E-05
-6.5196809530198E-05
-1.12904899824655E-05
-6.74668519716477E-05
2.94926493858757E-05
1.49693128829831E-05
-5.75814194154962E-05
-3.12345158957994E-05
1.19286838916019E-05
-2.5809251765154E-05
4.31121586173065E-05
-9.58642935418835E-05
-4.46351258341205E-05
1.12735033933059E-05
-4.64102542302806E-05
-2.69731790700531E-05
-1.07208266348895E-05
-8.29909956200696E-05
-5.44292316761209E-05
-9.65526400721224E-05
-6.21840787079405E-05
-9.50986584155948E-05
-0.00012307780627056
-0.000129876132482165
-8.39013002140389E-05
-9.09083700406976E-05
-4.85364732507879E-05
-8.06589781698254E-05
-5.45723157486595E-05
-2.06619564077807E-05
2.76531592494394E-06
3.11979132097828E-05
3.19551573427391E-05
7.44408957183634E-05
2.29311281805821E-05
9.84326372340597E-06
-7.06181832059552E-05
-7.7150685552241E-05
-7.68841192690689E-05
-8.09876079695529E-05
-9.97276802721328E-05
-4.13038636492927E-06
2.56594477140015E-05
7.21076235392169E-05
0.000117809202261457
5.34646847738456E-05
4.72892183262935E-05
-8.57476440882945E-06
-1.62761998521538E-05
-6.66170470536921E-05
-0.000112599267497028
-0.000216571169559157
-0.000171109050500153
-0.000153851318691601
-0.000139211863177482
-0.000170813738673291
-0.000135677555151634
-0.00011172980435543
-5.68079298964667E-05
-5.62833550199219E-05
-3.2243600307476E-05
-7.56504364259095E-05
-9.23716513670532E-05
-2.93841864167879E-05
2.80760998533038E-05
4.4804249963299E-05
7.85648048184469E-05
8.20926077244895E-05
0.000212485612512308
0.000186526957626384
0.000108480645736116
9.68680503685167E-05
7.44209694800699E-05
3.6169020790892E-05
2.55383927565754E-05
5.07357178262911E-05
0.000102404096908711
0.000112279632797327
0.000118704104902722
0.000142613541987068
0.00015716594806899
0.000158123727957255
5.66280639467261E-05
2.53079193227311E-05
-2.73410993911758E-05
-4.47144302662278E-05
-3.19442168749897E-05
4.23964930594002E-05
-1.70152890238016E-05
-2.49878056886126E-05
2.51284676738667E-06
8.77107554109321E-05
0.000117252153404687
6.95524480855404E-07
-7.42938225524482E-05
7.93562041115144E-05
0.000118679398965053
0.00014746636269816
9.42504476784429E-05
9.80263560885939E-05
0.00016299325228234
0.000172570825254075
0.000121519177313028
0.000151163685473151
0.000101236074657405
0.000137807285274946
0.000140260443559573
0.000148575233221575
0.000115904908127984
0.000112402562656289
6.32924534057898E-05
9.74417556055805E-05
0.000129622008742416
8.41176417754746E-05
0.00013075556974775
0.000165629163720725
0.000138382591991872
0.000102785582117443
0.000106479863439444
5.57331477182669E-05
8.62091701108172E-05
8.94896877323866E-05
7.07238329728698E-05
5.8987057363387E-05
0.000102126206401752
9.01965897128032E-05
9.77164956203863E-05
9.88915802106519E-05
8.69816408081603E-05
5.15633636908192E-05
2.92783618762193E-05
4.4165218912093E-05
3.36281553606054E-05
1.39028825166218E-05
2.06504119008816E-05
-6.62326448437219E-06
-4.20986621091123E-05
5.40084946748416E-06
-5.73699569422105E-06
-1.25117663082252E-06
2.38070573338909E-05
-3.22546596419666E-05
-9.64410159366863E-07
0.000113862920220897
7.38965770034488E-05
4.25943819558671E-05
6.83719349197993E-05
9.82688098006628E-05
0.000232753041210348
0.000255767974737185
0.00016727009573351
0.000167695311010366
0.000133886596562883
9.67876670534319E-05
3.25625825480832E-05
-6.32277166695815E-05
-0.000130251464824522
-7.76031772465471E-05
-6.84634530418977E-05
-1.95856041240876E-05
-4.11977967594623E-05
-7.38703957428774E-06
4.97465750604681E-05
1.17614448868638E-05
-3.79172161343168E-05
-2.33042157530071E-05
-5.52224355779421E-05
-1.30599156523205E-05
-4.51663513234754E-06
-8.25165944219659E-05
-3.02828835272898E-05
1.08310049765947E-05
4.20531438823086E-05
5.33953350919988E-05
2.16650867085564E-05
8.63870096071233E-06
6.07526336964196E-05
3.39571275589682E-05
4.86322635587021E-05
-1.28438262588969E-05
5.64792548317686E-05
0.000127031241752744
0.000133245923449545
0.000119316584457886
0.000126316937165691
8.80723475215704E-05
9.32154126613921E-05
5.79626064470552E-06
-6.42937183355292E-05
-5.64934405522305E-05
-0.000101819855781345
-0.000102901920745032
-8.91105310096976E-05
-1.90191331002721E-05
1.5021331094281E-05
4.90956074856765E-05
1.80292221728125E-05
5.87725557234834E-05
9.69048060666791E-05
7.49260981451974E-05
3.3957705160384E-05
1.49997138961736E-05
-5.94115180406984E-05
-4.91996760470541E-05
-5.37496428790521E-05
-5.10868934452462E-05
-6.99527351767167E-05
-6.99094190589739E-05
-8.85184558091607E-06
4.53764494128716E-05
5.7384286970707E-05
6.42799632427263E-05
-5.02545957804016E-06
6.68499488522327E-05
8.67132670339182E-05
1.24004712007637E-05
4.56518480415891E-05
7.18475928811082E-06
-7.80520348693721E-06
4.15909684362172E-05
-9.85336059460413E-06
-2.3414244805751E-05
4.50594866623339E-05
1.40483911994096E-06
5.33693627447073E-05
4.99988324024241E-05
7.57156524564823E-05
0.000130593346217846
0.000124324801084227
4.01966981317882E-05
6.88061865707425E-05
1.98165983915389E-05
-2.91824029243597E-05
-5.51456806079717E-05
-9.84764210127468E-05
-4.82075998071977E-05
-7.86395070123959E-05
-6.80842787580916E-05
-7.97365490708934E-05
-5.38017044385888E-05
-6.54271731039356E-05
-3.17480933411237E-05
-9.1114623617855E-05
-5.44355575260043E-06
-5.53026013034406E-05
1.61727643930822E-05
5.92541967975011E-06
5.25702964910194E-05
5.96380502629437E-05
3.52091586758852E-05
-1.96323283213245E-05
2.78249848428501E-05
1.00598647323545E-05
5.4054232327717E-05
-1.46182506538116E-05
-5.30291660459291E-05
-2.61352914868595E-05
9.30593120377261E-06
-4.42628186677832E-05
-6.68454724062352E-05
-0.000110175137260626
-6.34370939560966E-05
-4.61937237333591E-05
-4.70565232821463E-05
-5.21203177204528E-05
-3.08964265247282E-05
-4.31201788151967E-05
1.55172304249689E-05
1.96829771430595E-05
2.38890057273324E-06
-4.13240477907804E-05
-5.79984321510025E-05
-7.21535139904814E-05
-3.81988835768408E-05
-0.000100618631349941
-0.000138301472126116
-0.000172923149376304
-9.57988415685158E-05
-4.88096663640691E-05
-9.36857933565215E-05
-5.85139783448758E-05
-1.54479783550656E-05
6.6264565311693E-05
9.66769456527948E-05
9.72855857549267E-05
4.80334661257433E-05
0.000129185377456051
9.21206115953995E-05
7.05597710533962E-05
6.89814310645175E-05
6.78041696539242E-05
6.79128321994029E-05
6.86015171376076E-05
8.32529990223313E-05
5.15673460621087E-05
5.21918767008132E-05
-2.42750492478286E-05
-4.0538684188051E-05
-0.000105490668012223
-7.42098302105676E-05
-0.00010401766089294
-0.000119153142981101
-6.7998489871277E-05
-9.7414626116368E-05
-7.16535671075311E-05
-7.83220400813495E-05
-8.44610866019186E-05
-0.000110845293265071
-4.19927952885E-05
-6.63933998580678E-05
2.12946672234709E-05
-3.69467406056208E-05
-1.58664265210383E-05
-6.04688505375398E-07
5.42223500493048E-06
-2.98497394537148E-05
-3.75511247383678E-05
-0.000150616128042652
-0.000131612375313953
-0.000174433069469008
-0.000161408075400556
-6.42479345060609E-05
-5.73359319809404E-05
-9.59135204770324E-05
-4.54027031039582E-06
4.54842541945047E-05
5.1881813116927E-05
6.2707315404635E-05
-3.81208769666185E-05
-5.2067359802296E-05
2.14195760006843E-05
-2.62629665065812E-05
-7.88834423761984E-06
2.51806152801915E-05
4.21118338439697E-06
2.23154465815551E-05
-3.97549409642675E-06
-6.8843909855418E-05
-3.0399740521785E-05
-6.532385623634E-05
-4.40594176168442E-05
-7.24190305245793E-05
-9.67980529416547E-05
-6.03543864606012E-05
-4.06931173621277E-05
-2.39957649310752E-05
-7.3703950229023E-06
-7.75493755982109E-06
1.94467048435223E-06
3.55176510034096E-05
2.52149244520494E-05
-1.16830718198112E-05
-3.43164759501075E-05
-5.02314466119502E-05
-4.8692452195747E-05
-1.82049415110851E-05
-2.90905572853158E-05
-7.46460647690764E-05
-4.89261552819369E-05
1.64639274405496E-05
-5.24809809688598E-05
-9.21658411335289E-05
-0.000152189739124555
-0.000126978471256005
-3.45394771699076E-05
-8.86447699871274E-05
-0.000131425650905808
-2.37585095822014E-05
-1.95335787749759E-05
5.83253667188642E-05
1.91930921862676E-05
-7.94560175420607E-05
3.63157728457236E-06
2.13724288077248E-05
-5.81197395416258E-05
-2.99200815425805E-05
-6.71016558922969E-05
-6.16718181405379E-05
-9.17205821058145E-06
-2.50705105730011E-05
-0.00010138273119717
-6.72479553222156E-05
-3.49157557296045E-05
1.08472276570947E-05
3.96246152275774E-05
1.98446201326358E-05
3.71188665226736E-05
6.69232570110636E-05
8.93859576730839E-05
5.25754748055938E-06
-5.05746185849012E-05
-2.44799620286583E-05
-3.0156465050305E-06
3.63954830637883E-05
8.71330226691831E-05
5.8297442996306E-05
0.000105286140904117
0.000134066204824445
0.000166474275874125
8.20120538634156E-05
6.39985484501278E-05
-3.23410741791961E-05
-1.97898936418605E-06
-1.47477807834497E-05
-4.42198665842712E-05
-0.000142934132380804
-5.84259648853611E-05
-0.000117010348110266
-4.20982835862923E-05
-2.0042578580062E-05
-2.4580377455915E-05
-4.83852399632836E-06
2.70463886036463E-05
4.42339342863983E-05
5.44174033912892E-05
1.26156649277963E-05
-2.33515721958556E-05
-3.83958719242998E-06
-3.40807794977354E-05
2.79586978250832E-06
-4.47005582254665E-05
-1.62342825519856E-05
-2.20848323992872E-05
-7.38377675844915E-05
-7.8351708331545E-05
-6.79436839922114E-05
-7.59477469371395E-05
-7.0980947866757E-05
1.20577572300405E-05
-4.24436117740126E-05
4.15534365242592E-05
3.62149462849275E-05
-3.63252827943992E-06
-5.36118874079483E-05
-5.90765925252247E-05
-0.000185341143240289
-8.7513230423757E-05
-4.90826678491406E-05
-4.03922400644341E-05
7.32458815309658E-05
1.7402419546872E-05
5.60207302988359E-05
6.95624381812164E-05
2.16275095476823E-05
-2.04855763659923E-05
-9.22812216501975E-05
-0.000169699581091401
-5.2193136991843E-05
-4.55294553121943E-05
1.62019530069923E-05
5.07874698887696E-05
2.68177226030907E-05
6.62764088829285E-05
0.000141567165753705
4.39309150353687E-05
4.59507872753282E-05
-3.50373891808433E-05
-2.3839462776672E-05
-3.16508013419869E-05
-1.96960571836173E-05
-6.99754395397509E-05
-2.67433753769736E-05
-3.56402125812476E-05
1.62968651717085E-05
-1.4359338779249E-05
4.26840000043274E-06
4.67249209785823E-05
2.69285398756396E-05
3.15988196756645E-05
2.74513959598145E-05
2.25552712344186E-05
2.1662238185499E-05
-3.65902674519252E-05
-4.48774753951109E-05
2.80662779189852E-05
4.11654079791666E-05
1.31104429050245E-05
4.98240577485132E-05
7.54510285928781E-05
0.000130464681201969
8.38069525883199E-05
1.38219124527693E-06
1.34854045634002E-06
9.4485820156041E-06
-7.81782780539875E-05
-0.000138187296389744
-0.000150159256073631
-0.000115278053985963
-0.000116016995983251
-0.000101526561921755
-0.000107627379522084
-9.00569176697912E-05
-2.07759167314199E-05
9.6055594700358E-06
-1.28548843569469E-05
-4.81478365423914E-05
-0.000134336703295021
-9.4197300733226E-05
-0.000114385926109635
-0.000150165170967427
-0.000188038856191161
-0.000190600504039058
-0.000125520148176002
-6.34108174354701E-05
-0.000109047648082401
-6.5605465545178E-05
-6.12130268770696E-05
-9.06153464030448E-05
-0.000109926784050541
-0.000115951271329703
-0.000125914697386575
-0.000111572971263772
-8.63746633805424E-05
-4.67855304065042E-05
-5.9859679721823E-05
-6.40626635952177E-05
-9.15823967133272E-05
-0.000107560958756818
-6.31546899049202E-05
-6.3604170892499E-05
-7.49732960407477E-05
-1.35351190548915E-05
-1.6113777910773E-05
8.77966429331135E-06
-4.15814814053813E-06
-3.86676854601721E-05
-5.53505984738199E-05
-9.42762990361172E-05
-0.000165390309598099
-0.000125794539482951
-0.000146739224827243
-0.00017979673836178
-0.000169940318321242
-0.000159231568861631
-0.00010909284525452
-7.76722676385373E-05
-6.08165541269182E-05
-8.72962480749818E-05
-5.83852660022993E-05
-3.40202510985744E-05
-7.2551761265802E-05
-3.05068718696809E-05
-3.53239267113061E-05
-5.41811932733529E-05
-2.08338205433908E-05
3.192657766139E-05
-4.86569823074366E-06
2.42177135242069E-05
-5.73834727075723E-05
-1.6230624980291E-05
-9.87499752383649E-06
-6.57855676021659E-06
-1.6311653659285E-05
-1.46593846105053E-05
-1.74849516207697E-05
-2.45318804398224E-05
-3.48266689850378E-05
-9.94377599869649E-05
-0.000106792696152872
-0.000146584994573956
-0.000110042817222519
-0.000114137048158225
-4.18595829324929E-05
-5.43432555477495E-05
1.23169831924599E-05
3.22480553687812E-05
7.76189602591182E-05
-2.64346936056944E-05
-4.21115398427346E-06
-8.82226953364483E-05
-4.76702241365017E-05
-6.15220732558338E-05
-7.17331600324244E-05
-0.000119137936872565
-2.46087979912919E-05
-3.79915381509392E-05
-2.41570142747259E-06
-5.54057386115592E-05
-2.66383871866927E-05
-2.76425539590084E-05
4.06414666742971E-05
1.56985721683544E-05
1.42412525456604E-06
-1.16644186653322E-05
6.17577372338588E-06
-3.57664933844265E-05
-5.29271698604954E-05
-9.84879474686696E-05
-6.35801556805095E-05
-3.33095224331808E-05
-3.88162161390933E-05
-2.95110883986203E-06
-1.45800426877104E-05
-6.99872121779107E-06
3.46538066443533E-05
1.53324933529048E-05
6.01794113516646E-07
8.55281750434694E-06
-4.68282156941008E-05
-9.99569919037465E-06
1.10778852347143E-06
-2.82060683922228E-05
-6.73409157553081E-06
6.78620023930746E-06
1.4442175313032E-05
3.42030776918862E-05
8.46923754679733E-05
5.7619515315018E-05
9.03625484606966E-05
9.17445460831159E-05
3.64761628964023E-05
8.24032455956444E-05
0.000123036878439466
8.56732220782367E-05
0.000114171931830336
0.000103664615265209
9.37786662069851E-05
0.000106339150318675
4.24766556103673E-05
-6.76435110486296E-07
-3.92158219334309E-06
-1.51318522932414E-05
-1.37448117780865E-05
-3.16056875457807E-05
-5.98558465201121E-06
-2.2198063284144E-05
1.33556927423488E-05
4.35786812288882E-06
1.52771195671238E-05
2.23721392530016E-06
4.70564697736277E-06
-3.6175502258335E-05
-1.98916228541314E-05
-7.93188572035076E-05
-5.5970371426661E-05
-1.64268679900888E-05
-3.30239066753915E-05
-4.2099682086462E-05
-1.2138334805798E-05
1.67862606607254E-05
2.27721797175929E-05
3.86734865167349E-05
1.31685974686198E-05
2.71021401455255E-05
5.50642862209586E-05
5.45726363609824E-05
5.25692216193564E-05
9.71007523505625E-05
1.35984269064804E-05
5.19845318691437E-05
3.04268850548961E-05
7.33510562479577E-06
2.05357673531902E-05
-1.47065662635179E-05
-6.5846050444248E-06
5.54365021309382E-05
-2.3973320285428E-05
1.13759220890569E-05
5.05007923546391E-05
7.59435816074736E-05
0.000133272488634067
0.000124551546275142
0.000130743752079445
0.000158180298643612
0.000122011635964726
6.86138986393159E-05
5.5217873360475E-05
5.85251023026101E-05
2.54699201047059E-05
1.46283442225733E-05
1.52190982531747E-05
9.01501060223939E-06
5.82766799764978E-06
2.99323022259842E-05
2.83019447168088E-05
3.30568988314863E-05
4.80897344643654E-05
4.97216316591453E-05
8.45490716178447E-05
8.51127463139159E-05
1.185003204534E-05
-2.84717363401269E-05
-1.05883647531874E-05
-7.1282455403704E-05
-4.44139856868941E-05
-3.39341025207973E-05
-9.23901046198107E-06
3.13816801902389E-05
-1.25905559693302E-05
-5.57891009302373E-06
8.43620918993532E-06
-3.62597568494067E-05
-8.48104900779101E-05
-8.72701080126158E-05
-9.41768694649761E-05
-9.26607440606181E-05
-8.97089637457571E-05
-9.53258472246957E-05
-9.0109266405494E-05
-7.18491014936544E-05
-4.87409168235948E-05
-1.43575826235971E-05
1.45129306249987E-05
-5.09260269127477E-05
-1.95593727307125E-05
8.88568775011032E-06
-1.9131057754261E-06
-3.34124356234628E-05
-2.15579867121771E-05
-2.31552064600219E-05
5.91668164705476E-06
-4.53918048421397E-06
-3.08748765366268E-05
1.33892926538072E-05
4.14383515257891E-05
-5.05691181746799E-05
-5.83773994407962E-05
-1.39174578848028E-05
4.67199426282492E-05
1.54378211675393E-05
-6.78619212913766E-06
-3.16552109047177E-05
-3.59903637214065E-06
1.65110643895994E-05
5.04398002119551E-06
-2.7597538084942E-05
1.53755061653231E-05
3.43562188607256E-05
2.86233562965473E-05
7.11939489199498E-05
8.65866341570982E-05
9.47437713309711E-05
8.09672530490211E-05
0.000108725110776154
4.1990886396866E-06
4.84214795170268E-05
6.72811100897242E-06
-6.4596190230771E-06
-1.0918042551677E-05
3.2180961444323E-05
-1.19489330711532E-05
0.000107750799523286
6.39008131148784E-05
0.000132070303432138
0.000142817660896964
0.000135814305331003
6.31201612126005E-05
5.47028882367217E-05
2.47574162294811E-05
3.4441238110126E-05
-3.34719073408544E-05
-4.73386858358181E-05
-5.7721686476338E-05
-4.50662230083307E-05
-4.98791555779705E-05
-5.1590432950735E-05
-5.30052593521439E-05
-4.89705466722417E-05
-4.37599354531488E-05
-4.79956627717827E-05
-2.4117237884824E-05
2.62708947005305E-05
4.28043976803946E-05
7.72908079080321E-05
7.53748304390192E-05
5.65380275085894E-05
6.43980148666821E-05
3.96798175842086E-05
4.27392808747706E-05
2.46463931350909E-05
1.3946766606338E-05
-1.18600320667307E-06
7.46451344940109E-06
4.83561149911107E-06
8.42027022207209E-06
-1.99145142115557E-05
-2.22009497329167E-05
-3.73764371060071E-05
3.93440752413091E-05
3.39531148766961E-05
2.2499984355846E-05
-8.66895904357017E-06
6.17487276693696E-05
8.44014671307959E-05
6.55774054798206E-05
3.69875010697796E-05
5.75977310341577E-05
6.24373391863836E-05
0.000126687578660352
6.14895322198872E-05
-3.26675380738656E-05
-3.4097762871443E-07
-6.63378483927803E-06
1.08620748838466E-05
2.20949425196136E-05
6.94199314784985E-06
1.84507188806581E-05
0.000100474862516434
4.10201636448308E-05
4.51525398719941E-05
2.98658298264214E-05
3.14564062003234E-05
4.70740347813003E-05
6.27210783228707E-05
2.20845478567135E-05
4.80307505415609E-05
4.57709510061849E-05
7.56372684767453E-05
6.89806981306947E-05
2.83266030254199E-05
1.9420428892591E-06
8.06367117114348E-06
5.48886178181791E-05
4.4496129734047E-05
-1.86426975242056E-05
-5.2387660700272E-05
-1.28947457500721E-05
-1.2751535965113E-05
3.61003868720913E-05
-4.55354127918327E-05
6.91376613551471E-06
4.92028836731054E-05
8.13410935417238E-05
1.85396745597321E-05
3.7926956953964E-05
3.47326303873246E-05
8.97400386065491E-05
3.24684468017541E-05
2.65215860380008E-05
-1.35149364442672E-05
6.39708137063546E-05
3.1503373344434E-05
2.24768938601905E-05
2.16215826459518E-05
4.14924062748196E-05
3.96457435603218E-05
7.47175602587137E-05
1.42640891494002E-05
7.52441714217812E-05
4.49825910290402E-05
5.53549095788504E-05
5.62669337118794E-05
6.1081203998934E-05
8.29338122545381E-05
7.01777347791953E-05
-2.42059378219426E-06
1.40628346693795E-05
4.25634066453293E-06
-2.61947613921209E-05
-5.6402165568917E-05
-9.95932435214944E-05
-8.84424960317395E-05
-3.30253443694403E-05
-8.57328103872668E-06
3.7793319130347E-06
-1.30446568813113E-05
-1.63719024928955E-05
6.06222097203666E-05
8.58739902360979E-05
8.37645554654178E-05
8.39884786234584E-05
4.97572943041452E-05
7.87267213069233E-05
0.000107278875099486
4.78867894325196E-05
3.02373365153092E-05
4.7535983594922E-05
8.74735162549085E-06
3.19253319153312E-05
4.27804761501391E-05
2.35378560614565E-05
6.64387727084492E-05
6.72602169259464E-05
3.19273150969783E-05
4.16495715317094E-05
4.63142245256694E-05
6.52615268853253E-05
0.000104974296366269
0.000119101318411482
0.000131151324128848
0.000135678881263724
0.000124589827685997
0.000106812209998393
9.05232098739777E-05
6.31119880583764E-05
5.34095622140584E-05
4.31856185502489E-05
7.90002413839039E-06
2.59217899706436E-05
5.09407588567398E-05
-1.94098034569665E-05
2.59403350702356E-06
-3.40393699543447E-05
-4.84190991960367E-05
1.93154155033313E-05
-1.29549960677862E-05
7.01333403981165E-06
6.90444490327542E-05
4.99718241076677E-05
3.94483695078618E-05
6.33526331188278E-05
6.38525916327375E-05
6.70847281209952E-05
1.10519695894342E-06
4.60499298102581E-06
-1.91532576801186E-05
-2.577296222764E-05
7.44289523137806E-06
-1.32595172464351E-05
4.984137156329E-05
8.55722690604152E-05
0.00013217736878305
0.000126030487552632
0.000155805499949892
0.000185282725664691
0.00012501269785227
8.06514660231826E-05
0.000109822699254605
9.52595124960146E-05
8.81605362774062E-05
0.000106414857277154
-8.89226668551727E-06
4.51138793832118E-05
9.77934206769949E-05
9.31581038229712E-05
2.29095688402719E-05
3.11191986963751E-05
-2.72786563131539E-05
3.07934496124883E-05
3.67815223608622E-05
2.73322263446894E-05
-6.46327880126394E-05
-1.17772095663836E-05
9.97959236342741E-06
4.05677712027012E-05
4.55209155745907E-05
3.35005110700629E-05
-9.5242932565626E-06
5.40374750790828E-05
3.4008584639848E-05
6.14455865646652E-05
8.24324227718567E-05
3.20757338487872E-05
7.30031481313155E-05
8.55871767440984E-05
2.15940997220821E-05
2.41914464228669E-05
-3.15755334851554E-06
9.49877811660441E-06
3.56112333544677E-05
-5.53127927455549E-06
3.86755201237892E-05
5.71848588924053E-05
4.35920087373826E-05
5.70780416467293E-05
1.35746899580234E-05
9.78090765133647E-05
6.52848611326914E-05
3.8220753568604E-05
6.35340073871703E-05
0.000131183732709275
0.000135294952105002
0.000102072550425814
3.61312178130805E-06
4.8684378817978E-05
8.09939880662883E-05
8.63901642263155E-05
3.03136707546174E-05
-4.06990536291434E-06
5.83992996050323E-05
8.03456706131333E-05
4.50875849581204E-05
-4.12115662872169E-06
-4.16287479380034E-05
-5.66689275797129E-05
-1.78168516129576E-05
-5.00609771605345E-05
-5.22302376847659E-05
-2.70067082375869E-05
-4.18770159228878E-06
2.31549313482749E-05
2.87857356444177E-05
5.44971565881883E-05
8.82742667814594E-05
6.15793462874793E-05
7.30033901779729E-05
7.59453554689969E-05
7.04510477007648E-05
5.59684907449133E-05
-4.21998217519806E-06
1.77590981514529E-06
4.51098244083327E-05
1.8918180983101E-05
-1.99286530350863E-05
2.49048739067141E-05
5.05571624321503E-05
6.33582283712624E-05
4.76595233042402E-05
1.40765971615326E-05
4.31141976093374E-05
6.27492572021267E-05
3.38494311113138E-05
2.20252835151401E-05
-7.51641577771662E-06
-1.91492476756051E-05
4.53162164084682E-05
-8.62997883672154E-06
-1.35279648818935E-05
-2.27784864252552E-07
1.40808380937956E-05
4.32589332080628E-05
7.23742980510924E-05
3.10977501745455E-05
4.29821968995663E-05
4.79641065053802E-05
3.26073921332984E-05
2.50135189736318E-05
5.15475047582032E-05
2.5364150739496E-05
2.0439415405733E-05
2.02884182736554E-05
-9.79000645426548E-06
6.79203192542443E-06
2.98790983804667E-05
-4.82331274851027E-06
-1.12206548039263E-06
-4.4563863511847E-06
4.40511112215615E-06
3.0070457660465E-05
3.56858850383855E-05
1.61846889461418E-05
5.02524533781375E-06
3.00602541414135E-05
3.95767697506764E-05
4.96136056721442E-05
8.20209172673219E-05
8.24281072782042E-05
5.53600359089354E-05
7.7582778455316E-05
5.63535510882753E-05
5.14879803307922E-05
2.79911802276943E-05
-2.64094910293005E-05
-5.12273598674795E-05
-7.97118688075338E-05
-0.000116004338848512
-0.00010173779246962
-5.38532007352116E-05
2.90547587047345E-06
2.7836360187015E-05
3.73234084061318E-05
0.000118956162458733
0.000161929037102815
0.000154421554943691
9.18635782396609E-05
5.25161562818901E-05
4.86047261961186E-05
4.98148378191301E-05
-5.10603782937255E-05
-3.90907901546504E-05
-4.89949142689802E-05
-7.57642768253986E-05
-7.9627833476962E-05
-7.4587276115016E-05
-4.86492951697665E-05
3.84846384342637E-05
-1.57422806610362E-05
-1.86547454629445E-05
3.79281923051708E-05
2.46038266317226E-05
2.17355036677802E-05
-3.71110037965209E-05
-9.41863709642024E-05
-6.30127896126693E-05
-6.7119458308618E-05
-8.00681775761937E-05
-4.15550910891198E-05
-5.67674623651005E-05
-3.37516591961708E-05
-5.88720502738614E-06
3.83889962524383E-05
1.6379171572178E-05
1.57380847218674E-05
2.16984512033018E-05
1.86678589971379E-05
2.49732401002916E-05
5.01943818352125E-05
1.22551532672823E-05
5.4068204564049E-05
7.30943344237563E-05
2.50066076911086E-05
6.80100971265511E-05
6.92452992058568E-05
-3.30461069647542E-06
-4.65803450842985E-05
-5.51365415905271E-05
-8.70497412706376E-05
-9.24127363300877E-05
-0.000118358197285238
-0.000131027944365958
-6.51048438892528E-05
-6.29875411091008E-05
-6.71183616920354E-05
-5.96460630623508E-05
-5.79298117173022E-05
-2.82605620131292E-05
-3.20183010137378E-05
-3.64716485716678E-05
8.78837617587872E-06
2.70385803174214E-06
1.25036719479401E-05
-1.14786750666168E-05
-2.49018238809896E-05
-3.68893067303089E-06
-2.5913085205273E-05
-5.02972356537658E-05
-5.15820220120085E-05
-4.55695114798775E-05
-1.29885295243707E-05
-1.10565834788146E-05
5.41109518341304E-05
5.77001366117945E-05
8.3189683424551E-05
8.47382871460481E-05
7.54065527660584E-05
6.47026027189589E-05
2.25780621046244E-05
-8.25455169003895E-05
-7.8160300678883E-05
-5.64012022419955E-05
-5.285453645606E-05
-8.44751199778605E-05
-6.27106382047929E-05
-3.00056161473291E-05
-8.511130076888E-07
1.54331488367939E-05
1.5050371926488E-05
-2.81832789969098E-05
-7.40660587902251E-06
-1.7053082412704E-05
-1.87918310328206E-05
-4.11539204676824E-06
-3.10172588707075E-05
-5.85768297634067E-05
2.53299671228414E-05
-8.2452521729353E-06
3.39064390991812E-06
5.32967931216882E-06
-1.98616164893402E-05
-2.21522843352951E-05
-4.16790388453851E-05
-0.000130500453309767
-8.08960064363129E-05
-7.76285302710262E-05
-4.30214338943593E-05
-5.69296043078311E-05
-6.84174042275949E-05
-3.03556939975285E-05
2.83731957104624E-05
1.31595988613286E-05
1.00125345271078E-05
-5.80955228446862E-05
-4.94029964022955E-05
-3.45124362224491E-05
-3.36743845336152E-05
-4.39890535738833E-05
-3.13408468138507E-05
-4.89193662022391E-06
-3.83050908434054E-06
2.17328031439743E-06
-2.51745480947261E-05
-1.9889216205369E-06
2.79375338576517E-05
1.23530513237949E-05
-7.87259809567315E-06
1.08232293205976E-05
-1.10824414019432E-05
4.54665226541051E-05
-2.88324906874541E-05
-4.87531856628088E-05
-2.27078008229564E-05
-2.67827680252813E-05
-1.75957537616274E-05
-1.64515688049391E-05
-3.46569838709508E-05
-1.58342840279636E-05
-2.77922779520843E-05
-7.78435082940233E-05
-5.98858467567635E-05
-7.61770543173216E-05
-2.62889973099038E-05
-1.1883740749453E-05
-3.62682248240248E-06
3.41301607767309E-05
6.1953931512264E-05
3.40099548133012E-05
1.62997773072607E-05
1.42962630825351E-05
-3.15615829156087E-05
5.2948911077504E-06
-2.00289881358007E-05
-2.94557702717516E-05
2.92008902321953E-05
5.04155194424012E-05
5.24693327771355E-05
8.67187950297273E-05
3.77277998562572E-05
4.16296142637569E-05
6.83068297020577E-05
7.5421277030533E-05
4.44949107432058E-06
-2.92416930669455E-05
-5.24697935353263E-05
-6.8937776198838E-05
-7.03280051372269E-05
-9.21371610782557E-05
-0.000120807364083915
-5.83737959188765E-05
-2.30136285533147E-05
1.50342925921217E-05
3.28162257574928E-05
6.31453688169454E-05
8.0921405809569E-05
7.60444217477536E-05
8.8423567136998E-05
7.9213251407331E-05
0.000106664665433286
0.000118829317411841
1.53394233397169E-05
-3.60488266357988E-05
-5.41492424798701E-05
-5.81740806264765E-05
-5.05090423362081E-05
-0.000114492443434537
-0.00010908299328513
-1.25816176980636E-06
4.27986433788909E-05
4.67718932910899E-05
2.62903240848708E-05
-1.1847404896396E-05
-3.85842200822027E-06
1.35892229564719E-05
-6.14071028598768E-05
-3.8101109405224E-05
-4.71186425145224E-05
-3.19658529958525E-06
1.53207300652652E-05
2.5473921533966E-05
2.56156679359422E-05
4.32646778648253E-05
1.16827286654728E-05
9.6241407275245E-06
-2.09398356752007E-06
1.26795690869714E-05
1.64267185151929E-05
5.14619505564275E-05
1.18505483761407E-05
6.67412164212366E-05
1.80102195507076E-05
-1.74070557468894E-05
6.30451491501681E-06
1.53530462479553E-05
-3.58939645303006E-05
1.61974030680088E-05
-7.55601380288935E-05
1.40690877606731E-06
1.88778252277983E-05
-8.32885903533123E-06
6.01998393675273E-06
5.38023038768158E-06
2.11352927170493E-05
5.83176916969873E-05
3.47901042375869E-05
-2.38645167289703E-05
-1.39784037172499E-05
-2.94093347630875E-05
-5.5545414461896E-05
-6.73044279210872E-05
-3.17935643535785E-05
-3.38903345071154E-05
3.03506825675537E-05
-2.08222610836966E-05
-2.51262588432429E-05
1.39865454996114E-05
1.13986494920031E-05
-8.92689513804594E-06
-3.7004341120614E-05
-8.40724949382851E-05
-1.61599417518616E-05
-4.83334995583831E-06
-2.64210610757068E-05
-4.41468932518828E-05
-5.50268580855757E-05
-5.8350165518791E-05
-2.01550079901574E-05
-7.59069938332507E-05
-6.84450293984194E-05
-0.000106018366570893
-4.28862632179195E-05
-2.57511000230033E-05
1.09744123832149E-06
-2.00589323653469E-05
1.93056471694925E-05
-5.22442575169819E-06
5.14975149971755E-05
6.33604655689312E-06
5.45766984036457E-06
-3.70443698767859E-06
-5.64246126851368E-06
7.12282021208826E-06
1.53113160235032E-05
-1.29666269414372E-05
-2.66351875421915E-05
-5.97958614912647E-05
-5.53054174240469E-05
8.54417018854313E-06
-3.07850008900753E-05
4.40606653326721E-06
2.50235075743435E-05
1.43493300887054E-05
3.51183154026071E-05
2.23001874766199E-05
8.33439309310279E-06
4.27114631789742E-05
2.50661501812919E-05
5.30383802248827E-05
4.35559887271595E-05
4.67413990477045E-05
0.000111948666536377
8.38696654057424E-05
5.69385654046151E-05
6.48416172502398E-05
3.95778937383172E-05
3.44954045689545E-05
5.31221288726832E-05
4.41197803679715E-05
5.92861425318188E-05
5.21964502151169E-05
3.66979420727714E-05
5.04254854861621E-05
9.94649215063359E-05
9.48058718293656E-05
7.76529464035851E-05
7.28815924535031E-05
7.66229544522148E-05
6.9140318072507E-05
5.03933970624117E-05
2.11017740878099E-05
-4.94109713759707E-06
-5.58824883430862E-06
-1.98358173210293E-05
-4.91356180185194E-05
-7.23064421918974E-05
-7.41631882225124E-05
-6.98077878111413E-05
-7.70961654962225E-05
-9.61919197530824E-05
-0.000110719846218418
-8.35266223466072E-05
-1.57836566897433E-05
-8.57154428270491E-06
3.56024576111771E-05
7.55769461828526E-05
0.000110124324291942
0.000102872667634407
0.000132442338072175
7.15511977769725E-05
6.22004564737039E-05
8.65995709967786E-06
-2.52883125718825E-06
-1.91220825327011E-05
5.18063511719249E-07
5.95330901692997E-06
2.01529519664424E-05
1.22347436653064E-05
1.60680393120154E-05
3.08334482914617E-05
-2.70102634403604E-05
-1.33121327834446E-05
-6.10704148844899E-05
-9.77848610367385E-05
-9.15072020191385E-05
-9.33821438317529E-05
-8.64339930235668E-05
-6.21283972484268E-05
-8.79916369775263E-05
-3.11065993658798E-05
2.15236296401754E-05
3.80859505314623E-05
5.10063864132469E-05
3.40478727633822E-05
4.74051259447775E-05
4.99872971294551E-05
3.01724616764842E-05
6.40140533864055E-05
4.05314208378058E-05
4.84295748276242E-05
3.24357566125307E-05
5.65350517128521E-05
6.98968668940147E-05
4.70149650173451E-05
2.62244059933224E-06
7.93404906064656E-06
-6.24929349060793E-06
2.31793922269454E-05
5.56507080538904E-05
5.76887524679873E-05
3.26640547167951E-05
5.45150562520075E-06
1.54280452846038E-05
3.8160404275848E-05
-3.00037195904492E-05
-6.28754636748064E-05
-2.91487864483294E-05
-3.08907712676509E-05
-3.92995087629237E-06
2.08997410240725E-07
-6.19669884863147E-06
2.66583029173019E-05
-1.94423658027933E-05
-6.24648646565372E-05
-3.33668055536047E-05
-4.37914114778274E-05
-9.83468710619588E-05
-0.000105672477570115
-9.09993535159845E-05
-7.85445890221897E-05
-6.47912873864803E-05
-5.53200094326413E-05
-4.65713561032979E-05
-2.69574485213121E-06
-7.66703249621423E-06
-2.29701516627189E-05
-1.62110810954419E-05
-2.69231572794561E-05
-3.30030831440023E-05
-1.58321085963082E-05
-1.24916466298462E-05
-3.53035391054119E-05
-6.37622621829707E-05
-3.9305988560083E-05
-3.45867923282468E-05
-5.82446119303116E-05
-5.21379078031038E-05
-1.9621186029107E-05
-2.70057502111205E-07
1.5823864876187E-05
-4.53524603794919E-05
-3.33629077755566E-05
-2.42835201382444E-05
-5.02341174338989E-05
-0.000115082425266357
-9.62126498438992E-05
-8.31728155166559E-05
-4.14245865719259E-05
-2.82582292382039E-05
-4.0644981901852E-05
-7.45125433444856E-05
-4.2917389825204E-05
6.74636210086836E-06
-3.01257054587953E-05
-4.88356756790527E-05
-5.27963306831862E-05
-5.90228602624382E-06
1.1227581014327E-05
1.5022036013046E-05
-3.71628091130557E-05
-1.37101772721969E-05
-1.20296720784413E-05
1.2739805654213E-05
2.79181428749302E-05
1.81828598738663E-05
-1.06473757038392E-05
-5.49649692775734E-05
-5.29799098242568E-07
-1.09615351466972E-05
-7.521370532476E-05
-0.000100000457963288
-6.68005313423734E-05
-4.3399866398073E-05
1.07756792504025E-05
-4.47208051740576E-05
-3.49887958267968E-05
-3.60896275481781E-06
1.2900408363613E-05
-5.92485446770233E-06
-2.80193073054203E-05
-4.80791941327965E-05
-4.13670217089204E-05
-3.12461315618831E-05
1.02439755324993E-05
2.2461216398106E-05
-1.14640907245974E-05
-1.06793946365249E-05
-3.0813871373598E-05
1.12947099770676E-06
-3.99752495323547E-05
-8.36948232618906E-05
-0.000108776354032922
-5.70768824083225E-05
-1.49096076180698E-05
-1.63100766944597E-05
-4.40261031405865E-05
7.27225293198553E-06
-1.17323004494781E-05
-4.80752879407754E-05
-6.91158674437236E-05
-9.2913375665457E-05
-2.38585951805717E-05
-5.11068769737067E-06
-1.72898936758652E-05
6.13497915774972E-05
3.39821575884422E-05
4.32736891524965E-05
4.53400288494382E-05
5.28466624013198E-05
4.12343954058903E-05
1.683610702061E-05
-6.30674545884776E-05
-3.12528321613368E-05
-1.95883324586378E-05
-8.96204570828465E-06
-5.36169280096054E-05
-5.795375958287E-05
-1.06627797355915E-05
7.9938138980232E-05
9.47295135239435E-05
9.83403286981766E-05
4.11524826649552E-05
1.34996760999892E-06
1.60195954863058E-05
2.05313364826596E-05
-3.09591359816504E-05
-2.95895051973766E-05
-5.93306306984707E-05
-3.08420971327399E-05
5.7798338025603E-06
-1.80752653924581E-06
-2.96173677048094E-05
-3.45380268658458E-05
-8.83245000008488E-05
-5.28120009072984E-05
-1.66028434664792E-05
1.33235166211234E-05
9.07623769853027E-06
5.5219252210465E-05
-6.73082834908901E-06
6.27103791801753E-05
6.5572192367522E-05
6.13220874579683E-05
-2.56247206109967E-05
2.17367877624683E-05
-4.02440853554759E-06
7.18744516506373E-05
5.74924339854512E-05
8.27000938754771E-05
5.92820328745601E-05
7.64411238149186E-05
5.34544983360458E-05
5.00510434233226E-05
3.91368012303449E-05
4.68847552337146E-05
-4.30198896923866E-05
-3.95074869123895E-05
-2.1825916444475E-05
-8.35129479263503E-05
-9.38736286640917E-05
-0.00012637676753361
-7.67891428137467E-05
-4.72069231773219E-05
-7.93847008387784E-05
-2.65871432767871E-05
-1.88840493900853E-05
-2.9578728384647E-05
2.15420027434351E-05
-5.53626641362218E-05
-3.31745377313037E-05
9.56663214346447E-06
-9.03299915306831E-06
2.99578234013404E-05
1.50975505546064E-05
-2.60082385177387E-06
6.65053780544272E-05
5.05153805350379E-05
3.17428836986334E-05
5.17167466551135E-05
2.60740719830727E-05
1.13452331162587E-05
3.82958656625494E-05
-2.22611157969734E-05
-9.34390687393159E-06
-2.67412410239506E-05
-9.56214724745917E-05
-2.30583102219662E-05
2.9427492197063E-05
3.50486704936998E-07
1.81782418708643E-05
4.73755632517534E-05
4.70391763035706E-05
7.76320231648248E-05
4.98244211125195E-05
3.28906839117187E-05
2.92525540035327E-05
7.76423739132901E-06
-8.27752587836254E-06
6.03342304571474E-05
3.88362365415438E-05
1.6537999913413E-05
2.87835965978472E-05
7.96529749799866E-06
5.90838580776552E-05
3.50710141986406E-05
2.53298206787048E-05
-7.26082168386606E-07
-3.25568663724603E-05
-2.76880561026309E-05
1.57391775685778E-05
-2.1913748716576E-05
-6.21986656376361E-05
-8.9129633972608E-05
-1.39447670153516E-05
3.19707972773542E-05
1.13793059158709E-05
-7.45863709921372E-05
-2.90115748835602E-05
-4.18122132124945E-05
-2.59700424380119E-05
-6.04185726014409E-05
-2.66145223737376E-05
-3.15430127145563E-05
-9.24435053125643E-06
-5.43818507200394E-05
1.77185112341834E-05
-4.20353616079777E-06
-1.2891663936209E-05
-4.24443180729896E-05
-3.84953276929674E-06
2.62322165313151E-05
1.56245142881916E-05
9.80971479066927E-07
9.83461488271425E-06
6.35802368388525E-05
5.0176653103071E-05
4.90697398052536E-05
2.66948471077062E-05
1.37611812534105E-05
1.10741877311277E-05
2.42084560987744E-05
1.64182620003801E-05
1.15205101519697E-06
-5.01897743139315E-06
4.51355068607796E-05
0.000109543043796878
7.31195435049958E-05
6.09097825861357E-05
9.89576518791863E-06
2.10615658596896E-05
3.72436430310847E-05
1.75299141186157E-05
-1.67356245296845E-05
1.67040905624965E-05
1.59421046788164E-05
5.00598498740215E-05
4.85060951091992E-05
2.69412462269278E-05
4.17294519393303E-06
1.89411399670016E-05
3.22417149150218E-06
-5.15979292570457E-05
-6.68672882652835E-05
-7.33978782510415E-05
-5.13455641836378E-05
-5.15159867315642E-05
-8.61301074214074E-05
-0.000120664416752811
-3.32835703973664E-05
-2.45415669023998E-05
2.0422239019541E-05
7.27654937964636E-06
3.88307564492786E-05
8.21135115878976E-05
0.000110266603558916
6.15963380454823E-05
3.53811581927974E-05
1.3308599609209E-05
-2.97403557575885E-05
-4.84663883917115E-05
-6.504473833172E-05
-3.54330989293223E-05
-4.85876507135823E-05
-1.28169425613273E-05
-4.7327771483452E-05
-3.10240261648076E-06
1.76016904809962E-05
1.23801242607515E-05
2.78221169598623E-05
7.76327141866184E-05
3.34558590757591E-05
3.45516562745405E-05
4.11960544490768E-05
2.14528492808634E-05
1.72590057233569E-05
-1.96189413880535E-05
-3.98857792757996E-05
-2.2012319771691E-05
3.68533570030778E-06
-6.22093718600004E-05
-3.44471545196569E-05
-5.6665433549718E-05
-3.60252701680576E-05
-6.70149699741683E-05
-1.67055836705015E-05
-3.39339956219752E-05
1.53170164873336E-06
-2.57974596949941E-05
1.27159730351942E-05
1.50594637128746E-05
3.26119144463616E-05
-1.89739155262114E-05
-1.7463075155556E-05
2.20668678445365E-06
-4.12622984194839E-06
-4.2384357050819E-05
-6.33246544354669E-05
-8.76262310857875E-05
-3.80334559642394E-05
-3.93575011750408E-05
-5.23796980971901E-05
-6.66763143366225E-05
-8.4656169906375E-05
-7.16726275614661E-05
-6.93162037440734E-05
-0.000100321598433027
-0.00016607786780248
-0.000177025380864215
-0.000141001465121368
-0.000102710482487973
-0.000119336088342749
-0.000158069047286083
-0.000183552521883637
-9.28894772129431E-05
-9.25071685289811E-05
-7.60160242324353E-05
-0.000109610472450016
-0.000122947586956497
-7.86196439212521E-05
-4.52332916256195E-05
-0.000104357636323434
-7.96524344431453E-05
-0.00014579830429574
-0.000134709096196949
-9.45082451348088E-05
-9.70572330019431E-05
-8.67346321212142E-05
-5.94688519418633E-05
-0.000101570648784377
-7.03432246888169E-05
-5.87197338467084E-05
-4.08682920811136E-05
-3.73842035882773E-05
-4.94436861908825E-05
-4.24510946111947E-05
-6.79183301538358E-05
-1.63865844326406E-05
-2.3337254913665E-05
-7.02044925155698E-05
-4.27575369852653E-05
-9.37362800022316E-05
-6.54534149836351E-05
-3.84672150844053E-05
-9.78673204928502E-05
-9.33780674864786E-05
-6.16148598555168E-05
-9.33430482989475E-05
-5.48722127099839E-05
-0.000117163434567244
-6.64479261353837E-05
-0.000109878282030473
-0.000102659931257521
-6.23434373913776E-05
-7.08973236019925E-05
-8.2453480283961E-05
-1.87193866213666E-05
-1.97882533107552E-05
3.69004744927921E-05
-8.20899947306056E-06
-6.0564629250424E-05
-2.34452727056894E-05
-3.77620642328422E-05
-3.5569772615381E-05
-7.02094350456593E-05
-8.1578473137997E-05
-7.98034187913152E-05
-0.000118280977183617
-0.000160061949395372
-0.000135023029105846
-0.000163536564804219
-0.000175528980379797
-0.000145910073253277
-9.9698049546892E-05
-8.09466549127839E-05
-2.83742920057739E-05
-6.30248550756764E-05
-6.04545152432586E-05
-6.78221807308446E-05
-9.20005467358757E-05
-0.000124693166233199
-0.000116533524901354
-8.38856573074239E-05
-7.5647097727032E-05
-9.61880621215853E-05
-0.000115298336648217
-0.000163240296985038
-0.000118630198491472
-0.000120695667417489
-0.000165130262026193
-0.000172314844560033
-0.000184964956561457
-0.000136899057625139
-8.7147931764435E-05
-0.000104110379391424
-6.43295753315313E-05
-0.000103048708552326
-6.35305056195465E-05
-4.01727307603582E-05
-5.01138298849341E-05
7.13480965939555E-06
3.31734965810967E-05
1.13549850149032E-05
6.81368146887536E-05
2.48810341810932E-05
2.52051224674837E-05
5.97171261629319E-05
-1.59984373736157E-05
-6.20408152977321E-05
-0.000150640131277674
-0.000156792698516255
-0.000152818791577963
-0.000134692309637132
-0.000146333679665638
-0.000140333629875216
-0.000110071808858912
-4.75095750759242E-05
-4.09886901519693E-05
7.65901574171127E-07
-5.33897632275036E-06
-2.76614084055272E-05
-4.67375331583526E-05
-6.55349285588285E-05
-5.36996539656575E-05
-7.52097010275475E-05
-6.16745775764328E-05
-6.85333167209059E-05
-0.000104015345757181
-5.29831502589589E-05
-3.81096678842023E-05
-4.71498356295782E-05
-1.9831046409822E-05
-3.7790675882968E-05
-4.24259651135545E-05
7.4316711146584E-06
2.31417434569616E-05
9.13092533220926E-06
3.03880996790039E-05
-2.91889967029058E-05
-2.54865354516286E-05
-3.16716668361623E-05
-4.71704032114562E-05
-9.29212819834395E-05
-4.77726700052916E-05
-8.43592565769095E-05
-1.71253083990625E-05
2.78805036444764E-05
6.89443859459889E-05
6.77497163525354E-05
8.46532562103648E-05
4.89019598371142E-06
8.54996399319705E-06
-5.01594295043943E-05
-8.35753276501163E-05
-8.16429953631914E-05
-2.93197224348523E-05
-5.2131744921794E-05
-2.96061572446166E-05
-9.38145524639903E-06
6.25513474354345E-07
-1.86782158326187E-05
-6.5295250585289E-05
-0.00010981749199608
-9.95515550154426E-05
-8.14145022554879E-05
-6.09111746485052E-05
-2.61313253017152E-05
4.96184140101216E-07
2.1532555753746E-05
2.55139757144352E-05
3.68659556870084E-05
6.85088297504256E-05
3.90739682972327E-05
1.8011636349247E-06
-3.84249412619907E-05
-5.18218559173645E-05
-2.61566225341105E-05
-2.30287888228015E-05
-4.9766674876693E-05
-1.95204427613636E-05
-2.69448801678618E-05
3.97073350807767E-05
3.26552960753892E-05
4.82212741660759E-06
-4.46452931131043E-05
6.76637160170989E-06
-4.00590787569623E-05
-1.96032598155343E-05
-9.74289415726532E-05
-2.71867795413891E-05
-5.3332344517358E-05
-3.74265051107697E-05
-7.98538099561053E-05
-6.54488250121925E-05
-4.33129519213569E-05
-5.06578174885115E-05
-0.000103742795332091
-7.0342165992945E-05
-2.37149527277274E-05
-2.92505795766945E-05
1.35739676767881E-05
-2.07509851749864E-05
2.30708011965678E-05
3.14191200472315E-05
4.89168235683485E-05
2.48139132770774E-05
2.57789045586442E-05
2.59693585887629E-05
6.13640458176274E-05
4.3076614198619E-05
9.47016152532402E-06
1.26762881105103E-06
-2.74655940805218E-05
-4.38936641264432E-05
-9.74949951200389E-05
-0.000145985625263365
-0.000143257264583404
-0.000143976189837527
-0.000123915412869489
-0.000122463566780609
-0.000149283060634591
-0.000121902763949292
-3.99860519314986E-06
-5.34156714270988E-05
-3.36641548882804E-05
-5.03034903884637E-05
-4.14339565618718E-05
-2.46305302119867E-05
-2.04897610325309E-05
-6.4701281579473E-05
-1.3111878532295E-05
3.91442151201255E-06
-3.30414279477052E-06
1.10639753068288E-05
3.9092156679837E-05
1.65649121145424E-05
-4.59408356309274E-05
-6.23577493324158E-05
-3.62669208137463E-05
-8.07003656218839E-05
-5.1425863684652E-05
-4.48252202485383E-05
-5.65953988033928E-05
-3.52343163921879E-05
-2.73909944507009E-05
-8.25379733933725E-05
-3.08929612015384E-05
-6.14631256496283E-05
-2.35059331341663E-05
-2.35988815684067E-05
-2.05931724446283E-05
-4.59945140141383E-05
-7.43874047480383E-07
-3.48337694850911E-05
-6.54320774774087E-05
-0.000129795510874232
-0.00014537476531658
-0.000130927773313071
-8.62800393900039E-05
-0.000112089181506331
-8.59019237344244E-05
-6.24103591449332E-05
-5.47025107542047E-05
-3.14971718713634E-05
-6.86823229913718E-05
-5.21229538270316E-05
-7.86476822594898E-05
-9.03145385868429E-05
-6.86168461538454E-05
-8.07466563835849E-05
-9.0749716366879E-05
-4.34204206644327E-05
-8.04953217001913E-05
-6.5526226596311E-05
-4.98987165486077E-05
-7.45611264869709E-05
-5.13481814592224E-05
-3.07112365585194E-05
-7.15614740835248E-05
-4.45657333911971E-05
-7.07204359343013E-05
-5.88596052321825E-05
-2.89685441960194E-05
-4.1519837528651E-05
-2.31563389158108E-05
-5.89165947702976E-05
-7.8626228450503E-05
-5.6256452440556E-06
-3.72759766728053E-05
-5.40188119919185E-05
-1.70950369189399E-06
5.4410240658258E-06
7.49695068703178E-05
7.69316143137214E-05
4.41697428333524E-05
3.73253705987552E-05
5.49105721637056E-05
7.08474511804132E-06
-1.57480877404823E-05
-3.41712298418459E-05
-2.70554486679715E-05
-3.58288602988808E-05
-6.09082445875446E-05
-7.36797994972436E-05
-9.56019218588081E-05
-6.39818581968213E-05
-5.90666039436728E-05
-0.000108957365984922
-0.000113707819716289
-7.28972323324865E-05
-8.98266003746288E-05
-1.6164387558933E-05
1.0948604210054E-06
8.8369235491487E-06
3.74580952372117E-05
7.43302320301601E-05
1.52360709044576E-05
4.40905257279762E-05
1.7298309846134E-05
-6.75595635268566E-05
-7.83908826323679E-05
-6.30775684998154E-05
-6.69198906309597E-05
-8.55883354321134E-06
-2.05414202036832E-05
6.91139886272381E-06
7.14007828513237E-05
4.52054165379741E-05
2.90806593481729E-05
7.01274343771302E-06
1.43691372911878E-05
7.85968795197745E-06
-5.57030415738579E-05
-1.78291473528939E-06
-3.53096922972683E-05
-4.11559845158864E-05
-4.24599004403421E-05
-3.90275222188869E-05
-3.07678543995094E-05
-3.19133273535769E-05
-6.70727540072252E-05
-2.02426356751719E-05
-4.81815113060666E-05
-6.70842865054865E-05
-7.51662000360441E-05
-6.77044907797758E-05
-5.80578957878019E-05
-7.1483415966644E-05
-8.34220351500885E-05
-5.7193473811933E-05
-2.84444982300948E-05
-7.72453042523674E-06
1.01363922551042E-05
1.17825598172503E-05
-1.91026435431755E-06
2.20756045809094E-05
3.00019840975234E-05
1.58957445356774E-05
-3.25454816710179E-05
-6.69399402983685E-05
-5.44699582980318E-05
7.27275214291228E-06
2.48794407724751E-06
-2.85665757892563E-05
9.21685638277366E-07
2.35877195764389E-05
1.37983071864846E-05
1.47139436708964E-05
-3.77521050212264E-05
-5.35454954972956E-05
9.83302346176671E-06
-5.71355424010617E-05
-4.34726307179802E-05
-5.38777205809546E-05
-3.49281397943882E-05
-3.97046559721124E-05
-1.54177527291046E-05
-5.6361148851812E-05
2.81188310211883E-05
-1.0376184757071E-07
2.15962383171043E-05
1.01250074946706E-05
3.43000824565737E-05
2.61799871996106E-05
2.79419317490879E-05
-2.70720118713557E-05
3.1260673463334E-06
1.27490479618726E-05
-2.04461281742809E-05
-3.27427404856534E-05
-2.57762714771933E-05
7.22748816987438E-06
6.70221074931635E-06
-1.94437081149895E-05
-1.24723898767665E-05
2.13479346387008E-05
1.59268669757928E-05
1.73664392515198E-05
4.54231914493132E-05
6.06570932630181E-05
4.41480978518515E-05
6.38094502626602E-05
5.10239120890501E-05
4.42174523767414E-05
4.43335558469733E-05
6.14757226932915E-06
-4.24248560647628E-06
1.02624613092467E-05
2.22404306310543E-06
1.80019805510652E-05
5.10154906702788E-06
6.7346538089823E-06
-2.04406961103741E-05
-1.30549466004324E-06
-1.06182937401104E-05
-3.52622943120379E-05
-4.77503674000602E-05
-1.08133469859988E-05
-2.78769080439276E-05
-2.92236705208846E-05
-4.80456088469369E-05
4.6877303003877E-06
-4.93272632123643E-05
-2.99193079984745E-05
-1.9334050722149E-05
-2.12146452995575E-05
1.22774958045116E-05
-5.76221244176368E-06
-3.06071080140585E-05
1.28493928935424E-05
2.37045859100366E-05
-2.94117643938396E-05
-1.27174620197417E-05
-5.91103955480564E-06
2.65252613091477E-05
-4.52620970593533E-05
-1.41581296281418E-05
-2.31483446052526E-05
6.24876950027687E-07
8.45564162383813E-07
-2.65064964066951E-05
-9.84054433401362E-05
-5.24518361230964E-05
-1.91235330749773E-05
-5.10688596182891E-05
-0.000112179560423681
-0.000109438750507636
-0.000117564234482078
-4.94708786689165E-05
-4.4674149087646E-05
-0.000106709291441517
-0.000108589154325542
-9.15306810912614E-05
-0.000112430858726864
-7.63968057851818E-05
-0.000103868070096904
-6.91428655955951E-05
-6.15867227875286E-05
-3.06239799101637E-05
-2.654135574904E-05
-3.53531259210217E-05
-0.000100686620663119
-2.57270995159552E-05
-5.74575797671804E-05
-6.80100867955501E-05
-0.000121586776845659
-0.00010284122796008
-8.5653097574938E-05
-1.57683931376841E-05
-0.0001069123467307
-0.000129789943127078
-9.94714337986696E-05
-8.99540619337476E-05
-8.3569135849933E-05
-9.13029712340442E-05
-0.000129884251138167
-0.000114466298859233
-7.75283245375832E-05
-7.59049383822853E-05
-2.94397991460183E-05
-7.08891414112463E-05
-8.15721993521004E-05
-6.87253886268331E-05
2.80423346079133E-06
1.22948102706866E-05
2.35695626095429E-05
4.17303551362476E-06
3.98392124143549E-06
2.59959909110285E-05
6.58104459483579E-05
-2.533781054748E-05
-4.55806417578843E-05
-4.51680601968993E-05
-9.99456292193612E-05
-6.20625305314197E-05
-0.000117746082579779
-0.00016658692602291
-0.000137276312123658
-8.39119824228857E-05
-8.51808945312215E-05
-5.02391567453994E-05
-4.00455772668046E-05
-1.5647472940169E-06
-4.90347125457056E-05
1.38307382153048E-05
-8.69552493411687E-05
-1.8170002101532E-05
-0.000102869320928521
-0.000138305462026371
-0.000116635440810462
-4.44223193273921E-05
-0.000154387034415557
-0.000108014874397838
-0.00022708674807519
-0.000125442981653245
-7.69939363246073E-05
-6.57879121149818E-05
-4.60879763349636E-05
7.99354382322599E-05
5.55887759561703E-05
4.52094403738546E-05
6.00409791620999E-05
5.20110678262609E-05
1.40376733517369E-05
-5.01953545011294E-05
-9.56452885561149E-05
-7.0456009564642E-05
-5.02981283535944E-05
-7.84977859808593E-05
-7.59495210186617E-05
-5.10046120307767E-05
-3.14498327451462E-05
-0.000122342322684761
-0.000100443061502516
-0.000107763384209628
-8.81797120614859E-05
-8.35608261290643E-05
-0.000101085756795444
-8.86929376160003E-05
-9.42886721943343E-06
-4.902624017709E-05
-4.87928910392914E-06
1.988213851883E-05
-1.03331082707352E-05
3.14903600213276E-06
2.9626104799255E-06
4.67238047647589E-06
2.50876906314184E-05
7.17000455691386E-06
-6.06549543854471E-05
-8.70194175253511E-06
-2.09732810744174E-06
1.47033825751087E-05
-7.0675987154686E-06
-7.14597259751832E-05
-0.000100303098145649
-4.63939462796523E-05
-5.06916643573412E-05
-5.67664291079593E-05
-8.31971861423007E-05
-8.11390393236284E-05
-2.71346021571412E-05
2.15767614432036E-05
1.75543052557535E-05
-7.44644004026512E-05
-0.000104894566130762
-0.000109612291373922
-6.2027581328607E-05
-4.45033104250435E-05
-4.48386678253304E-05
-8.87932681384407E-05
-1.24627815213441E-05
1.54447225505987E-05
1.12827023745192E-05
-9.02772136558145E-05
-8.34582039104249E-05
-9.72167477919125E-05
-6.32404384889342E-05
-0.000102322366769084
-0.000135059922199744
-0.000143455087338942
-7.95695571621038E-05
-7.90208499940784E-05
-0.000111024187739923
-9.6723514441201E-05
-0.000103183608104466
-5.01548838720476E-05
-4.75296362254878E-05
-4.38616504946494E-05
-6.55537441741193E-05
-4.23820607241104E-05
-2.4440985568779E-05
-3.54345514981859E-05
-9.22636537258701E-05
-8.54989019675472E-05
-0.000104967101911862
-9.25453175783784E-05
-8.93163612224168E-05
-0.000121771700354505
-9.32418306268714E-05
-7.56072421239645E-05
-6.93556041260098E-05
-8.24710443079016E-05
-4.0306765797007E-05
-6.0707613881253E-06
-2.5855488813789E-05
-3.1103964381037E-05
-7.49084443806515E-05
-6.42623104913957E-05
5.90197619763097E-06
-3.92059756244593E-05
-0.000101853597457922
-6.66430187408866E-05
-1.67502612928043E-05
5.66729531159932E-05
6.03893322602103E-05
1.56486481609176E-05
-9.92049582870911E-06
8.90571250953001E-06
-2.33221117690631E-05
-6.75752845374369E-05
-6.67425464215514E-05
-8.36921671506253E-05
-3.0239823977901E-05
-2.9681034086439E-05
-1.39862494194944E-05
2.13827618706648E-05
1.22292193696326E-05
1.7026099136764E-05
2.47869601509783E-05
-3.81587845390287E-06
-1.38455712578824E-05
-2.39492585172396E-05
-7.31671744124618E-05
-6.93310366697421E-05
-0.000103538023389409
-9.70401898567606E-05
-0.000144329563591004
-5.46805592238955E-05
-9.40340636555354E-05
-3.31469197164796E-05
1.23683942500543E-05
1.67533862574571E-05
7.20789725562739E-05
9.37549717104599E-05
4.49975022385026E-05
8.26202683990425E-05
6.53778592839869E-05
3.49647300974574E-05
3.87536036527703E-05
2.20521296135945E-05
-1.32528914418263E-06
-2.45479883846694E-05
-3.25572875385895E-05
-6.95830990944809E-05
-0.00010186004047836
-0.000107647258070484
-0.000170878998637528
-0.000145878232356696
-0.000195352974334865
-0.00019726899111545
-0.000200170352350279
-0.000168376209025193
-0.000121762329360883
-9.4050680312278E-05
-0.000111434284029427
-6.65189023894547E-05
-5.11769281209423E-05
2.03119762517773E-06
1.13109889595085E-05
-3.66412959237961E-05
-1.40739274577722E-05
-7.25045868808685E-06
2.53813891734851E-05
-2.33903440350741E-05
-5.83226867194792E-05
-3.62438647077415E-05
-6.33450195979247E-05
-7.27678518281294E-05
-6.39089297215437E-05
-4.85541094718349E-05
-2.51889793796469E-05
-6.05626333212887E-05
-0.000130236998533246
-0.000111095030954296
-0.000131428145199773
-0.000147877904077597
-0.000207133097432798
-0.000173089104822241
-0.000193085999824035
-0.000185912211419543
-0.000175917068347646
-0.000207933293651071
-0.000211321975472879
-0.000163322392776759
-0.000178737254995428
-0.00014030850973812
-0.000121595969049703
-8.74918310677823E-05
-3.9697713335178E-05
-4.60150038488034E-05
-9.73005652494231E-05
-9.21061790869464E-05
-3.67427984772932E-05
-4.24571364844672E-05
-9.77358435931088E-05
-0.000104336030424329
-9.67340021480938E-06
-1.37590903390491E-05
-2.09093146664916E-05
-8.65819970176017E-05
-6.97791048698933E-05
-5.69494734975808E-05
-9.00814160132768E-05
-0.000166884174241215
-0.000120063705775052
-0.000117218249161655
-0.0001070809382452
-0.000124191307608843
-0.000109935612280477
-8.25520865978105E-05
-0.000118901770759106
-9.60003779555386E-05
-0.000118208371011507
-4.42746721092106E-05
-8.36265966733577E-05
-5.63005934035274E-05
-4.46267555107945E-05
-1.3575245822987E-05
-7.76813493776946E-05
-3.25276599105169E-05
-9.58782266765071E-05
-5.61319866017921E-05
-2.90019526601496E-05
-8.17158036004432E-05
-3.04988005630305E-05
4.92599094918665E-06
-2.24130506971689E-05
-4.83091825290174E-05
-6.09889712166605E-05
-0.000141817986055944
-6.62834660709535E-05
-0.000129826950661122
-0.000129898646441297
-0.000165270861117547
-0.000137497791155701
-8.37460482370431E-05
-8.00002431947375E-05
-7.30870085851291E-05
-9.22112729438756E-05
-9.13492174355544E-05
8.93435408144644E-06
-1.2082612450353E-05
-1.54677932081701E-05
-4.18259576321409E-05
-5.10180112911428E-05
6.90277369093773E-06
1.76013038751804E-05
-1.55213561639511E-05
1.48190826327156E-05
2.67402126721674E-06
6.94738242190217E-05
4.31186903300263E-05
4.92385518721626E-05
3.50943276013968E-05
2.12636056087515E-05
3.03290332588468E-05
4.2039108332804E-05
2.00521854842649E-05
4.25017173112838E-05
6.82102321788595E-05
7.59729262524668E-05
4.83987819987269E-05
4.94789684968408E-05
2.25756161654845E-05
3.29418613351639E-05
2.4040492273143E-06
-2.85132426090809E-05
-2.41706623924771E-06
4.49490019190107E-05
4.00976385117962E-05
5.65737514878291E-05
5.03439123822614E-05
9.29855482864235E-05
5.8683002353013E-05
-1.09895859884368E-05
-5.69539832066687E-05
-7.91592664779366E-06
-3.62874064860884E-06
4.14573168121635E-05
-1.56708792749617E-06
7.7601192613193E-05
0.000107546155359905
0.000184221446431786
0.000118448905206041
8.22519681937238E-05
5.84256542791423E-05
8.00049269160831E-05
3.27284876162687E-05
-1.87391188579341E-05
-4.74043133733054E-05
7.4838576570224E-06
2.08946884515699E-05
4.55626241942507E-06
-3.07642140079856E-05
-5.60596522833853E-05
-4.54382887307196E-06
2.02103658489975E-05
-1.21295401793971E-06
6.89759110434853E-05
9.53345943186926E-05
0.000105534378235833
0.000121143144124347
0.000113139620801265
0.000122103377900273
5.47415512840909E-05
3.49969906930189E-05
2.32967437689142E-05
4.54908044957661E-05
5.45162794729121E-05
5.64458505548844E-05
-1.79563654282707E-05
5.81054319604844E-05
3.11008838608704E-05
-2.45143616831481E-06
3.21411126383479E-06
3.86322794417779E-06
1.32574319883003E-05
-5.46298932832687E-06
4.73399101610292E-06
-7.88057459242195E-06
5.12795764909601E-05
2.73025207189482E-05
4.18694047132298E-05
9.54865073141601E-05
9.93808496820566E-05
0.000102269675638911
0.0001168574897483
4.88108917246277E-05
9.3251458681809E-05
0.000108554662875552
7.95329947654568E-05
7.11335481673684E-05
2.43078066826353E-05
-3.44665896896882E-06
3.06488192250948E-05
-5.46752628466566E-06
-6.00781875236805E-05
-3.86874376520766E-05
4.65783654069489E-06
-5.59536364795194E-07
1.10704878102609E-05
5.87968050938352E-06
2.12265330538757E-05
5.52160256791827E-05
4.89382979151492E-05
2.44495564999275E-05
2.61960986774554E-06
-2.179173197724E-06
3.58720194702284E-05
4.56194324686063E-05
2.17567384281998E-05
-2.9232322988256E-05
4.03962295466129E-06
2.99671367381826E-05
7.27004520732998E-06
-5.26231705471703E-05
-8.33046632573735E-05
-7.0968686848509E-05
-6.37423341715007E-05
-8.42129159972408E-05
-0.000102500916830828
-9.64443445579338E-05
-3.59070279950794E-05
-7.72037008561924E-05
-2.2866680452633E-05
5.66938188963863E-06
-2.8253899540467E-05
2.00166099296874E-05
1.87404725406297E-05
-4.28470566267547E-05
2.04419926871867E-05
-1.66643852917648E-05
-1.83261001232568E-05
1.4328323298285E-05
4.83080322012216E-06
-3.46748246985387E-05
-5.48841394262578E-06
9.98222874450141E-06
1.13057498381292E-05
1.52198565901103E-05
6.13373907886034E-05
5.83503746472169E-05
0.000127975528828169
0.000130352502511558
4.0659063933105E-05
3.87155883506834E-05
1.99440165432211E-05
-3.51710430929236E-05
-6.0416928050433E-05
-7.21518368137379E-05
-7.85171177014155E-05
5.37855524751099E-05
3.93680374127967E-05
2.27254058761224E-05
2.03192978912819E-05
5.7186524965267E-05
4.30564530868634E-05
1.84021995217501E-06
-5.95759943888621E-05
-6.43763249043442E-05
-5.04882743728651E-05
-4.75221942842824E-05
-0.000133315795046188
-5.12152453109334E-05
2.21853205609604E-05
-2.03316734603292E-05
5.20092689252567E-06
6.38470336232043E-05
8.99645088093825E-05
0.000163656319465959
9.20560735525691E-05
5.50807551206199E-05
7.74133649566621E-05
2.60942459030626E-05
-1.58793968044001E-05
-3.8902943717075E-05
-2.11977882003085E-05
-4.06385784965473E-05
-5.4448591900035E-05
-4.75622423292023E-05
-3.03889170266474E-06
-3.2234640902429E-05
-6.21767181642709E-06
-3.2451165377211E-05
-2.95774543089674E-05
-2.52026644438069E-05
1.6533370168308E-07
1.46760806662109E-06
1.10644024761048E-05
-2.13755841969481E-05
-5.01476302852732E-05
-2.09321692072176E-06
8.35653068004264E-06
4.1678394571221E-06
-2.57930069294318E-05
-1.85039782903614E-05
1.34183598323269E-05
2.13199988135474E-05
-2.08461236335615E-05
-4.60660865693103E-05
-3.47463909083238E-05
-3.06084558543964E-05
-2.82023853856894E-05
-2.34343479708004E-05
4.99693034353258E-05
0.000103623672123772
9.35417083470632E-05
8.03179770686644E-05
7.87920099871597E-05
5.22372288503589E-05
3.53430317607475E-05
1.08389188885091E-05
-5.34561759745214E-05
-2.82629870005457E-05
-4.63329696095293E-05
-2.5249877346298E-05
-1.29311814733431E-06
-2.45954116357919E-06
-7.23439472213853E-05
-7.79021991274281E-05
-4.04603503403078E-05
-2.80476159933362E-05
-7.06464050350373E-05
-6.46569111256671E-05
-5.72099680268859E-05
-3.9110335412537E-06
2.56052460334406E-05
7.21084803081973E-06
2.76404236484768E-05
3.13398081920666E-05
3.36468165528117E-05
3.69474082423172E-05
-1.00344285374229E-05
3.12056557986188E-05
6.05425356258776E-05
5.15534437436729E-05
0.000109799897982425
8.2743570927675E-05
3.98632506239809E-05
7.11618061681919E-05
8.84872295408615E-05
5.82038839335942E-05
-1.07891712497658E-05
-2.62151213045338E-05
-3.10676878484332E-05
2.35505879560106E-05
2.64006201233259E-05
-3.14973446013059E-05
-4.6190627931077E-05
1.90868552666974E-05
1.92029908568013E-05
9.0639738186156E-06
-2.21554727669818E-05
-4.3804800021621E-05
8.94467964720212E-07
8.55750077476128E-07
3.46743554440975E-06
1.03352393709446E-05
1.4246009694207E-05
3.95486281841266E-06
1.45298203946207E-05
-1.88941113222527E-05
1.81458707928758E-05
1.22163497352304E-05
4.25298328475639E-05
3.38825890276328E-05
7.72856386806882E-05
8.0928524164484E-05
0.000113557589522289
8.97810464221393E-05
5.83138979382819E-05
-4.81518866024061E-06
4.5229290133411E-05
3.66245134596258E-05
2.61539032261768E-05
-3.28702898432845E-05
-1.85610094267343E-05
-1.76797348189937E-05
-5.76400162286232E-05
-7.44587073953787E-05
-8.13950501996143E-05
-6.37881502963519E-05
-4.59856952119523E-05
-4.39786462400282E-05
-3.34625058496151E-05
4.92482845450189E-05
2.04331506797602E-05
1.10423979721517E-06
3.27001454324183E-05
3.96059729334072E-06
3.43035889967547E-07
-3.51770614615536E-05
-3.03325239361121E-05
6.28100143742544E-05
7.24895743485201E-05
3.49564418949087E-05
9.25640645633884E-05
5.52793700947965E-05
0.000109047043429289
6.32043510626151E-05
1.75678443150941E-05
-1.65189203429791E-05
-2.87746529461177E-05
-7.22353434459002E-05
-7.27107689544336E-05
-5.70408653401075E-05
-7.50350110612244E-05
-9.44688819156441E-05
-9.27739736463996E-05
-4.83478731667979E-05
-3.07838303686173E-05
-6.12559958082355E-05
-6.35002222896619E-05
-3.21492703084607E-05
-4.77742183620124E-05
-2.83264447798137E-05
-7.56017500552025E-05
-0.000112900678570449
-1.97259813105311E-05
-3.08923847100366E-05
-7.64328174636513E-05
-7.64849502615674E-05
-6.04472230921606E-05
-8.25750371658374E-05
-4.33060379077576E-05
-9.10481159684018E-05
-0.000111141399331684
-0.000101679353331113
-0.000101332343873379
-0.000157007322061155
-0.000100444525149204
-0.00010991091827963
-7.8807577555683E-05
-5.1877017405414E-05
-4.91811194927472E-05
-6.40974163976309E-05
3.81545216697345E-05
3.08041138737986E-05
2.41113657320862E-05
2.28226588359048E-05
2.50238530497275E-05
1.04069338759824E-05
2.43209841010538E-05
-3.77264351611173E-05
-3.39293420698973E-05
-1.46943931775069E-05
-6.81371967496876E-05
-0.000107416328611311
-2.22398558183631E-05
3.9462489899592E-05
2.32126948526816E-05
4.94608079273524E-05
1.97302621152789E-05
6.71443271341505E-05
4.71249795716287E-05
2.11037118690791E-05
-4.21909762329244E-05
-2.26153134070169E-05
-6.29266581192284E-05
-5.33343663700423E-05
-7.54071335151729E-05
-4.24825027437038E-05
-7.14598581113058E-05
-5.40025335017095E-05
-8.88445426422079E-05
-5.95128804837563E-05
-3.14373584593317E-05
-5.32450993847797E-05
-7.99812074863052E-05
-8.95445290092835E-05
-9.43189546235804E-05
-3.38789162940907E-05
-4.59867726896044E-05
-5.9778061808548E-05
-5.49039993965847E-05
-1.90930184989115E-05
2.14779490181546E-05
-1.62016378073031E-05
-3.95762616040318E-05
-9.02670413707118E-06
-2.65962127726416E-05
2.15946823861388E-05
2.14541956436232E-05
-1.6725931750647E-05
1.07851985378908E-05
-5.05434437805562E-05
-9.15887950827928E-05
-0.000102958889990788
-9.35899375778223E-05
-0.000101130566743722
-0.000109621355102052
-7.06281045772475E-05
6.14989791155183E-05
2.78942551632235E-05
5.10356089183907E-05
2.82311163486508E-05
7.61411110549292E-05
0.000158963683207766
0.000114969517463422
2.42017434103461E-05
5.3020519134484E-05
2.79066330199442E-05
3.30159115542494E-05
2.79590955200254E-05
-6.63106071539194E-05
-7.23048110233645E-05
-0.000133839535272645
-0.000117308303869807
-0.00010410259559377
-0.000112546495322314
-0.000155224461822187
-0.000123025527741879
-0.000117014038565044
-3.80215654431289E-05
-6.15228465079467E-05
-7.03868624137685E-05
-4.99805848065628E-05
-7.28710718940647E-05
-4.48889627191512E-05
-8.97529660456189E-05
-3.08718173542488E-05
1.30373023622165E-06
-1.44821328965007E-05
-2.89118468868077E-05
-2.56271050869231E-05
-3.04864623699878E-05
6.13489672673422E-05
-2.4372621573665E-07
-8.6428622518358E-05
-4.09781202806701E-05
-7.56428717301676E-05
-7.02379647059519E-05
-6.67685469451457E-05
-8.15713838444985E-05
-0.000107999319583136
-6.34091682303183E-05
-8.68483491144535E-05
-5.90877456653876E-05
-9.62840828719815E-05
-7.39482092470537E-05
-0.000105772221483264
-3.44967756919766E-05
-6.40201639349989E-05
-7.09899179543602E-05
-7.65690081630535E-05
-1.9502210094338E-05
-5.77993818526115E-05
-4.90175296423308E-05
-0.000116854000791944
-5.36856505123055E-05
-3.16740835582272E-05
-1.79424073184671E-05
-1.449168873037E-05
-4.69309767405598E-05
-0.000101310685902857
-0.000100268274224701
-0.000122025934230954
-7.05464799811188E-05
-0.000157632092357791
-0.000148824614939558
-0.000107881712318909
-2.4644730194683E-05
-1.48924261575129E-05
-6.17413058590213E-05
-0.000119261341312891
-3.8764240118754E-05
-0.000122593625315332
-9.53348300111338E-05
-0.00014189234234366
-0.000103246456281223
-3.81136417711732E-05
-7.3495560111226E-05
-0.00012257765192425
-6.45892096519809E-05
-4.25353432625395E-05
-2.80918358299617E-05
-5.56010990620057E-05
-0.000155848329130424
-0.000173710332228855
-0.000122903098832355
-0.000101921934330928
-0.000155506782407945
-0.000154276893690007
-0.000140309582091777
-4.6248655231271E-05
1.40367688961496E-05
-2.39321221830959E-05
-7.93745152873185E-05
-7.67988565364485E-05
-0.000144056120812841
-0.000151454872353905
-0.00017361592953142
-0.000179573991828374
-0.0001513275045443
-0.000144653776179282
-0.00020149655108897
-6.52451579599619E-05
-7.62784359663418E-05
-9.37267866711802E-05
-8.74755246598935E-05
-8.94048048192259E-05
-0.000116530775248852
-0.000108343400672261
-0.000141170199585334
-0.000143702498350168
-7.73493486670746E-05
-0.000122747791389609
-0.000174215265196118
-0.000132416208741143
-7.48662804001453E-05
-0.000131652198828819
-0.000155770256027206
-0.000266140955552808
-0.000256307680487156
-0.000198885282391765
-0.000197319565852438
-0.000190649880335474
-0.000174986661372568
-0.000137269733123716
-8.67060230927781E-05
-7.26003638787276E-05
-5.68547495816663E-05
-7.81681101547939E-05
-0.000150076148376732
-0.000161434251711366
-0.000243340498288577
-0.000216057949428105
-0.000223666028688765
-0.000233161614230945
-0.00021566088780228
-0.000184891432631672
-0.00014953547542086
-4.04534959990485E-05
-6.45813968570199E-05
-7.62350591566469E-05
-0.00012666684607609
-0.000109862461156748
-0.000140219933109619
-0.000152599206491065
-0.000225953246854375
-0.00021646740914563
-0.000187720123886351
-0.000188927245819396
-0.000220899959197739
-0.000167078121501469
-0.000176623453162351
-0.000144068341311477
-0.000162394679060566
-0.000164645154427849
-0.000131565628312588
-0.000129243680571474
-8.18842414107071E-05
-7.19422457410036E-05
-9.22857337819838E-05
-5.4954587281014E-05
-5.52106093671471E-05
-6.05736991634034E-05
-6.32590804964958E-05
-0.000107571555890189
-0.000116480894154427
-4.42025986437844E-05
-4.75856381341223E-05
-3.91639648532522E-05
-4.47371096433908E-05
-2.30457938004139E-05
-7.70696498767152E-05
-7.06232098919566E-05
-0.000192715173444857
-0.000161767271972372
-0.000188363591251501
-0.000208222535068383
-0.000190486406723986
-0.000187931857824855
-0.000208418390366195
-0.000123660742517299
-0.000211866653572448
-0.000224519589802387
-0.00020268291793834
-0.000171209441265519
-0.000163471234473486
-0.000166455748700513
-0.000196569300692831
-0.000167557739999208
-0.000112509143128139
-0.000117804266848282
-0.000139144162971196
-0.000143123025806745
-0.000110077014509787
-0.00015528229731689
-0.000172079722943301
-0.000224153620958848
-0.000187447053317827
-0.00022849208403748
-0.000212177075591667
-0.000175849449505769
-0.000133704246922014
-8.83153149217129E-05
-2.1549685431566E-05
-4.86737949829507E-05
-5.08097306648319E-05
-2.33541151451964E-05
-9.83089139238234E-05
-5.17472977239434E-05
-4.13994205494195E-05
-0.000191788253889354
-0.000190049243251845
-0.000153915663922777
-0.000168038359523089
-0.000172636924754502
-0.000192463014901338
-0.000245763011792499
-0.000169205251105585
-0.000139885945280439
-0.000148116197866814
-0.000177378857561543
-0.000186531095572398
-0.000149275360463604
-0.000141875754692316
-0.000112443345417399
-0.000170900324424411
-0.000188997195119709
-0.000146868735071361
-0.0001489348934945
-0.000257533529545734
-0.00024334209576045
-0.00023995092630018
-0.000240835471432231
-0.000157476585815566
-0.000209016442893011
-0.000138649736122797
-1.75808402793511E-05
6.79467595086709E-06
1.44694830967597E-05
5.23549897203347E-05
-1.14366233799369E-05
2.03283429348886E-05
-4.50298851021545E-06
-7.42136937319747E-05
-0.000128822717449615
-5.32707130277493E-05
-0.000168784243552513
-0.000206568868312149
-0.000211495979656119
-0.000224499773183742
-0.00018063273865738
-0.000138573663778704
-0.000141472995487063
-2.31118416052692E-05
4.64123571314405E-05
5.55973825454009E-05
-2.01299149874485E-05
-0.000219702009795479
-0.000205901868539135
-0.000309966446667975
-0.000285347505844929
-0.000345780556015328
-0.000348607920648802
-0.000222085392661101
-4.16224787347793E-05
-8.61377941919725E-05
-6.19429192848356E-05
-0.000181947955754274
-0.000144599040115647
-0.000125996430958511
-0.000182774103197089
-0.000206361337547751
-0.000134652694658049
-0.00013046025039386
-6.63418133929517E-05
-9.51280126478942E-05
-0.000115564333407586
-7.91207981096405E-05
-5.62657651350706E-05
-8.12719849397542E-05
-8.23394548272731E-05
-3.3686809664313E-05
-3.13048701410679E-05
-1.95620776281084E-05
-2.17572371887359E-05
-1.77756611048852E-05
-9.120011204703E-06
-3.196722886924E-05
-1.27332440982931E-05
-4.70815295371406E-06
-5.91117686195673E-05
-1.49679891729018E-05
-3.44157686505087E-05
-7.82028221969644E-05
-4.09906210817082E-05
-4.76489182058269E-05
1.90670192327895E-05
7.58455298105864E-05
3.46392353852129E-06
-1.34358233346064E-05
2.40979338281544E-05
2.84928482820694E-05
4.68297706945237E-05
-1.53180393457923E-05
-3.18199144546728E-05
-6.37625866187602E-06
3.34947166271127E-05
4.99736593960693E-05
2.33663952842434E-05
-2.03332438557879E-05
-5.68757477827626E-05
-2.63089868566393E-05
-3.41042964801807E-05
-0.000108075430861491
-0.000162702285123053
-0.000124957483662354
-8.78203695640355E-05
-6.05367049085437E-06
-1.47705619538501E-05
-1.98474747972495E-05
7.17896665973937E-05
7.09338216960716E-05
7.45006805158422E-05
2.26380162739688E-05
-3.79811539708476E-06
-4.17437683727144E-05
-5.75467974711595E-05
-2.08282546817434E-05
-6.19112596825417E-05
-3.10690647548332E-05
1.70616258035858E-05
3.82547739733271E-05
7.08667898982309E-05
6.34902417080835E-05
2.79438328094673E-05
2.62867957829782E-05
-2.95587465641411E-05
-5.965804434744E-05
-0.000137466575651929
-8.74856701057338E-05
-8.94206890374199E-05
-0.000120789695766789
-3.2586930840573E-05
-4.70141350054408E-05
-0.000101675432768297
-0.000102257767708651
-0.000136004514752877
-3.54738105740996E-05
-4.47771224495538E-05
-6.65126308666136E-05
-3.83738035348106E-05
3.6404554068769E-05
9.43044335061893E-05
9.18735296374141E-05
3.37353499336327E-05
7.60187676439704E-05
5.99295900551207E-05
4.27375974548474E-05
2.33331666079033E-05
-3.17037296980429E-05
-2.71032801365629E-05
-7.46177493318555E-05
-6.8617333155121E-05
-0.000107610472192005
-8.34730885927437E-05
-9.05299534589123E-05
-2.37496116928986E-06
1.73211814648137E-05
9.24187067978205E-05
8.00545865073408E-05
0.000121716778271009
0.000123004714975173
9.02104125748693E-05
4.4066608326092E-05
2.27616022124475E-05
1.99183591918057E-05
9.3445705578836E-07
3.66103994817878E-05
5.47867815810583E-06
6.22035154790088E-05
3.90716624988744E-05
-3.78302512070832E-05
-4.69415774453826E-05
-4.45139122041846E-05
-2.89060483828652E-05
1.91387009793677E-05
-9.715810960213E-06
6.66566663316587E-05
0.000116048947624686
7.89877891865278E-05
7.18983564777411E-05
2.35814867863689E-05
2.64792313083508E-06
-5.68506861629724E-07
-5.12604352933531E-05
-4.83405949387211E-05
-2.12334673541635E-05
-3.36969403852692E-05
-4.56641052477236E-05
-8.22897878065496E-05
-7.57444042280575E-05
-9.55925735042752E-05
-5.0456509581377E-05
-8.79204832946257E-05
-7.32585503154464E-05
-4.77588236103726E-05
-5.20717989550399E-06
-5.06735281261773E-06
3.13391020800369E-05
9.5171506877968E-06
5.88557958211635E-05
0.00010289810599475
0.000112873981408685
8.41168454868217E-05
6.55501093419511E-05
4.80230789480025E-05
5.35122818900061E-06
6.36007066265133E-05
3.64906352120835E-05
3.18365952755266E-05
2.90564701220415E-05
0.000121548477454881
0.000134628185532325
0.000172352861585509
9.16458977428406E-05
5.56461814782321E-05
7.36216010597437E-05
0.000105135905574734
3.75456576259844E-05
1.34355557304221E-05
5.93949857872908E-05
0.000108845042851447
0.000152653987127791
0.00011957716925625
6.6471427739579E-05
5.48121196427601E-05
8.83210135885316E-05
3.62768346973904E-05
2.4139108088638E-05
-6.97356735392135E-06
8.43950025947518E-06
1.20108560302682E-05
4.76998619731835E-05
2.05899869319561E-05
2.03768920912754E-05
-2.73356565170619E-05
-2.55977079528037E-06
-8.03896933165499E-06
5.26446846878889E-05
2.20106275318594E-05
3.62206969068463E-05
5.40341151975352E-05
-2.83406500891419E-05
-2.97230394806473E-05
-2.66244515624444E-05
-2.32352013498294E-05
-4.94092328843288E-05
-8.5065283808983E-05
-0.00014488168081453
-3.63321283960253E-05
-6.92673571239008E-05
6.25442477866472E-06
-0.000105022987063107
-9.16323130620095E-06
-2.60124903906638E-05
2.5973587197689E-05
4.68958725478822E-06
-2.3840702057892E-05
-0.00010617415588395
-7.35917241660417E-05
-0.00014660208253181
-8.52582443710588E-05
-5.99858745506856E-05
-8.13396758270521E-05
-4.75556915348105E-05
-0.000103590790067405
-7.69847227027714E-05
-9.21232202214232E-05
-8.49416238621777E-05
-0.000127373862386595
-0.000130267810066636
-8.83578565267482E-05
-3.4738404905065E-05
-4.72142695554748E-05
-1.08905685115248E-05
-8.50762305293608E-05
-8.74773420074869E-05
-0.000144814732920746
-0.000148486251657056
-0.000132019818077541
-8.06788987496822E-05
-7.55158029998245E-05
-9.33848066690392E-06
1.06080079149E-05
0.000100020809774055
4.80427959677689E-05
-1.67108805807784E-05
-8.382723498624E-05
-0.000107831979801918
-0.000150456806048737
-0.000178495093892137
-0.000150801071878128
-0.000122220486370414
-0.000102818179547829
-6.42258672855722E-05
-6.71265405182722E-05
-5.19001730328341E-05
-3.17904793277937E-05
-2.27670262896581E-05
-2.85715008696262E-05
-2.61731394225276E-05
2.62231937391625E-06
4.75118958722641E-06
-2.74545832375322E-05
-3.03694241990063E-05
-9.73987759993809E-05
-0.000100637266693785
-9.2203017218467E-05
-0.000115183920655321
-0.000119900563370924
-0.000102412350771152
-0.000124046351911427
-0.000144743371763861
-0.000115923288427059
-0.000124601665081529
-0.000115979820449889
-0.000144696253070357
-6.95379297741834E-05
-8.0618161014489E-05
-7.74946890336132E-05
-8.49548403333159E-05
-6.2160850291772E-05
-0.000105550867066644
-0.000101335858153853
-0.000175023544825858
-0.000148565641802303
-0.000126591976206345
-0.000104301121982584
-7.46029395348896E-05
-5.68091740311048E-05
-0.000110361691072673
-5.45173037741535E-05
-6.11453609215127E-05
-5.12223952425801E-05
-0.000127901446622985
-0.000201078817119533
-0.000184678527160353
-0.000166643511235791
-0.00021025010186162
-0.0001890929660307
-0.000132038428379322
-8.68798915189237E-05
-6.76595623074603E-05
-5.28785691790468E-05
3.27833191113022E-05
1.2166774057478E-05
1.12088336817695E-05
-0.000110086483808636
-0.000101622802112001
-0.000107230416053668
-0.000145480562959161
-0.000169714746847315
-0.000150619976473493
-0.000138176526142463
-0.000146862606004583
-0.000191765342915759
-0.000157561259684255
-0.000129663356151279
-0.000126305598659884
-9.52866246609601E-05
-0.000114453535995168
-2.54902518924094E-05
3.93120162895604E-05
9.10570160014058E-06
4.73013858695495E-06
-3.81001084111659E-05
-9.80582212145104E-05
-0.000136269554597888
-0.000130999720206062
-0.000195107153419809
-0.00015586941379087
-0.000199614751110878
-0.000177640618331893
-0.000111241094409013
-7.20529929621451E-05
-0.000105140029403104
-8.59788679946057E-05
-0.000151517433889771
-0.000163918177101343
-0.000194232872510314
-0.000228046227494626
-0.000243036413365894
-0.000230109792730304
-0.00028045418245168
-0.000243777487969624
-0.000233342398316934
-0.000142863431023044
-0.000177842551974225
-0.000184535680716034
-0.000198780978138335
-0.000135904443437817
-0.00018676957023142
-0.000188952789455279
-0.00022097011084623
-0.00017368187978842
-0.000123207537241804
-0.000139578390376926
-0.00017197202068063
-9.97175312637262E-05
-5.99841763928351E-05
-8.49688266243828E-05
-0.000105452365002145
-0.000201483816504062
-0.000219191664841287
-0.000207214121203683
-0.000202841361284444
-0.000211039695962989
-0.000179338551083105
-0.000197431996683596
-0.000131323517909839
-0.000134189898464645
-0.000108737079995262
-0.000149842599614538
-0.000217924537993168
-0.000220261651245395
-0.000382699987686328
-0.000438859366735751
-0.000375163086500096
-0.000473428611030634
-0.000499633300036378
-0.000447647871682571
-0.000531146139534882
-0.000369935763260702
-0.000318085633901767
-0.000411418053247759
-0.000389406495582853
-0.000361863532552722
-0.000504168688161273
-0.000497111807846815
-0.000464515209394979
-0.000439765985210589
-0.000397996872380247
-0.000352841728633941
-0.000438718338719231
-0.000312050819685907
-0.000284138493616111
-0.000373545703672227
-0.000425553620388926
-0.000424868729272321
-0.000551370273903977
-0.000488334060413276
-0.000423318655045937
-0.000439946295918339
-0.000348459481538357
-0.000345050310678614
-0.000339961503978577
-0.000211094019412791
-0.000183774551432761
-0.000262529715032029
-0.000231287936502979
-0.00027591224162556
-0.000301247973247336
-0.000412933138659946
-0.000432070827251259
-0.000414637391086334
-0.000375937295869123
-0.00037400577555599
-0.000379868699261333
-0.000354844455338758
-0.000235526219108808
-0.000269123479377074
-0.000284851084411948
-0.000338263628304379
-0.000375270879153122
-0.000354486297523675
-0.000426271031466247
-0.000409572365328579
-0.000366093895179752
-0.000362408101936798
-0.000294910945225159
-0.00030971573652564
-0.000346576102747282
-0.00023090396391751
-0.000225961180634778
-0.000231168107917294
-0.000256379242435898
-0.000278933835837864
-0.00027440819080101
-0.000290748410163017
-0.000393550464113497
-0.000455148701561106
-0.000374617828167933
-0.00037992382200802
-0.000416927460722061
-0.000363233469307159
-0.000284332094217405
-0.000227922935929546
-0.000214438929887856
-0.0002774687552815
-0.000305794323958393
-0.000300097534229895
-0.000362553741668479
-0.000367357064003057
-0.000300757125742819
-0.000272232919763935
-0.000289911347382721
-0.000230496609604787
-0.000285214258103716
-0.000248111015945557
-0.000291305364126682
-0.000360754084275616
-0.000399269271825263
-0.000449096582438967
-0.000399481258436985
-0.000365377005950644
-0.000398701821686447
-0.000351881302739677
-0.000305885806088077
-0.000227748722356547
-6.45330446662246E-05
-9.94461100138497E-05
-5.80398875158827E-05
2.53191320730217E-05
-2.56450972173558E-05
-5.96282962738355E-05
-9.8868310864807E-05
-0.000186076446028103
-0.000174785995068664
-0.000196050173984444
-0.00020941392951492
-0.000218728358992335
-0.000187576880469743
-0.000149394315301586
-0.000107182082731066
-0.000133234105258886
-3.97511951543367E-05
-2.01272125802319E-05
6.13140369129308E-05
0.000182183489798912
0.000231275828537204
0.000212023608998167
0.000261779395166167
0.00029187391515129
0.000285840418940305
0.000331522127949697
0.000289923821286831
0.000331990396218134
0.000400281285759858
0.000391807263255725
0.000321784566289073
0.000303492075289871
0.000308373892713517
0.000168605717805496
0.000149572224995085
0.000157427243494566
0.000177569623339867
0.000191786197874738
0.000299486077120851
0.000232380157507996
0.000346051215922915
0.000362999851602856
0.000293032345819316
0.000325349937391386
0.000339668608048068
0.00027012194442349
0.000305796363657542
0.000241346683251657
0.000240575579236925
0.000222425787090584
0.00015091582873201
0.000174646568472281
0.000197181724523473
0.000211676440149938
0.000234953824302533
0.000204351547834723
0.000261948692774812
0.000301445006489107
0.000306180604717057
0.000370254551469484
0.000360381202234063
0.000354061114413545
0.000345895879328608
0.000279305751992722
0.000290869348451611
0.00026393008415222
0.000168011315241163
0.00012856871206228
0.000110652336723949
0.000129135154240486
0.00018547046986565
0.000166172790714771
0.00018573846273104
0.000158889564514878
0.000145540197360968
0.00023763129192385
0.000129695764919979
0.0001584515418504
0.000198579903359602
0.000142472198732859
0.000183954283494652
0.000212735902677866
0.000170337677902338
0.000197246484518343
0.00013802405989275
8.8989660002071E-05
0.000187586742408225
0.000166330909929438
0.000186098201401974
0.000159588258751443
0.000153777739364522
0.000153187807388217
0.000176642764042186
7.19031869670006E-05
0.000105885425987564
8.95522308239969E-05
0.000125112865653523
0.000197706089676524
0.000217494675939893
0.000208105545719655
0.000206163835494099
0.000171247585602166
0.000234334463617922
0.00016287666354728
0.000111765894745146
9.4622038394098E-05
7.90717561512013E-05
0.000160579916439298
0.000135339241497232
6.52129531105754E-05
7.95548246685061E-05
0.000121165293692003
8.61107805952522E-05
0.00010766188842206
8.00991642551694E-05
9.60407011369475E-05
9.31156328434611E-05
8.24898325846553E-05
8.35399002172639E-05
0.000120531113211411
9.56696264026942E-05
2.48383500892937E-05
3.3687188139943E-06
-1.562575939103E-05
3.34065207955596E-05
-5.49172220869954E-05
-0.000124695506864291
-9.74933702451402E-05
-3.81246468197477E-05
1.2468437045772E-05
4.88301494757073E-05
5.04525034805509E-05
0.000108933424898354
0.00011880228888443
8.99065209866974E-05
6.43653295433899E-05
6.50991210735434E-05
4.21877872668873E-05
-1.05215868429196E-05
-7.47400354178546E-05
-3.11198878746012E-05
-3.42444418979857E-05
-1.67485577027363E-05
-1.90061498909218E-05
-3.38955733584081E-05
-4.27950332307851E-05
3.54092512135088E-05
2.29394885241332E-05
1.04204807006166E-05
1.39724753900665E-05
1.43107971633647E-05
6.35434576229793E-06
2.06940755306883E-05
-1.76939797780251E-05
1.36030521189165E-05
6.53204245587254E-05
6.12367010101643E-05
2.28237094193258E-05
6.46401690636833E-05
3.15531215313361E-05
5.1655144315504E-05
1.77459697153254E-05
4.9342812007817E-05
1.82560837668024E-05
2.25376322419571E-05
8.0213088890354E-05
9.14376918446641E-05
9.24523475192688E-05
0.000145574789219378
6.61399426407972E-05
0.000101840538807811
0.000101616277323596
5.78472318566139E-05
7.70368148633341E-05
1.99283389592182E-05
1.39601574784178E-05
6.59438025199031E-05
0.000130289818521753
0.000126776039174408
7.78814353673096E-05
8.87186702311823E-05
0.000150490373851031
0.000147184007240729
8.00477266865111E-05
-3.71294961710218E-05
-5.28570218169176E-05
-3.24828109713123E-06
-1.71973718747178E-05
-5.41562528989015E-05
-4.72142948790314E-05
-7.23265031534357E-05
4.66713549413299E-05
9.19948817393789E-05
0.000114595895860543
0.000119514723047986
0.000123844462393247
0.000103787837582055
0.000116934629610093
2.31353993744432E-05
4.92241007883462E-05
-6.67856246568392E-06
-1.16606720939925E-05
4.50987806947309E-05
3.48544927206845E-05
7.5181985546653E-05
6.56712428988548E-05
1.09910574153271E-05
1.59221352287798E-05
1.99068624555525E-06
-5.009398364159E-05
-8.14589274035217E-05
-0.000103642306764455
-1.95835019550546E-05
-1.39811775983285E-05
-6.69261326338198E-05
-5.09167011660391E-05
-6.10911091536284E-06
1.52212113298403E-05
3.99121164381111E-06
-7.8416906454524E-05
-3.76875891844899E-05
2.87538112694678E-05
3.63993518997159E-05
-1.4989767837908E-05
-4.09191949708675E-05
-2.25377972192367E-05
-3.98411620021284E-06
-0.000101271739111937
-3.86405235559219E-05
-4.82938028109155E-05
-7.12803673921685E-05
-4.60474484111173E-05
-5.73521382033181E-05
-7.70450014663142E-05
-0.000100730611774058
-0.00018217756110165
-0.000177041350250464
-8.81321011021833E-05
-5.44050461963734E-05
-9.8593730837322E-06
8.82599748466163E-06
8.38237566881217E-05
6.14168514435604E-05
0.000109792641920566
4.83744064535547E-06
-3.56429912969712E-05
-0.000108820583565027
-9.12636641614719E-05
-4.68882906938666E-05
2.01460255630918E-06
-6.09013828963821E-05
-4.97801875269888E-05
-2.60310990558448E-05
-6.2149604610071E-05
-3.74987892518177E-05
-5.55866346622245E-05
-0.00017318705496656
-0.000120741368060307
-0.00011927022970579
-0.000225762070616078
-0.000112288846169196
-0.000161912292416898
-0.000256142017023107
-0.000197725255329542
-0.000234344630483696
-0.000146283212932277
-8.78513617305186E-05
-0.000108666343734069
-0.000134759943594642
-2.50997886730515E-05
-2.84717582735224E-05
-1.42694145434815E-05
-9.19684264281125E-05
-0.000125849236341729
-0.000199237596493245
-0.000135423383069915
-0.000126918874811558
-0.000134303028521396
-0.000161302022445069
-0.000103157061687232
-0.000151323082165216
-0.000117808282791424
-0.00016050403415963
-0.000241076782975353
-0.000191333178323781
-0.000214030655505879
-0.000173685189597287
-8.39622686355363E-05
-9.90278855219665E-05
-0.000110812615676459
-9.33240522456088E-05
-0.000125931993322186
-0.000179848961251179
-0.000235584613026443
-0.00023705542784561
-0.000193391223896575
-0.000215240605110001
-0.000185490687033877
-0.000191233283270295
-4.85775656160456E-05
-5.67730509042814E-05
-4.40591503012608E-05
-2.8389102357667E-05
-4.31343733112875E-05
-0.000105059318168999
-6.70811221261298E-05
-0.000109114703004559
-7.87715559573423E-05
-3.76240699815793E-05
-0.000170155531714991
-0.000181684127920152
-0.000130339685281812
-0.000106904229887789
-0.000138913548430369
-0.000148446315116544
-0.000231187337822693
-0.000128403761381418
-0.000164326842812824
-0.000129053669511805
-0.000195999423896327
-0.000219461368788073
-0.000231960881105132
-0.000189431342145006
-0.000171968583460797
-3.11419779369714E-05
-0.000111012108503137
-0.000137326332953331
-7.81122319646674E-05
-6.93985943148426E-05
-0.000132943546441653
-0.000157077785235878
-0.00020574270326453
-0.000194274904775319
-0.000240948590622564
-0.000261231789320814
-0.000250393279736157
-0.000162155130279752
-0.000118234559929842
-0.000106141089076887
-7.35486635213272E-05
3.77760862253726E-06
-6.19220040160128E-06
3.56915610279248E-05
3.4052706197141E-05
4.34366894765622E-06
6.07725230969401E-05
-1.82781149275176E-05
2.05682660395066E-07
-1.46796736404717E-05
-0.00016642209956613
-0.000103409338852768
-0.000121251343579786
-0.000245414669365903
-0.000158473906579844
-0.000128269251627184
-0.00011854436456927
-6.25204410541089E-05
-0.000135273735146942
-0.000103537634713487
-4.79062182634507E-05
-2.01731493756816E-05
-9.86982442497947E-05
-9.53748321348643E-05
-3.8084029426475E-05
-5.93917057914766E-05
-8.90079438409286E-05
-7.51888510521461E-05
-9.63699107492975E-05
-1.97699045183744E-05
7.0211162078489E-05
4.61156916522882E-05
4.66089278541227E-05
9.56209964928276E-05
4.29545708784533E-05
3.87422150959992E-05
-7.98440511703108E-06
-2.4806376581364E-05
-8.01915262209652E-05
-9.68609249493902E-05
-9.65098794740568E-05
-3.38983092679778E-05
-5.23483474895535E-05
-8.8111239364216E-05
-0.000222368302058644
-0.000143944944592774
-8.57723640829617E-05
-0.000225611754983401
-0.000212944557859888
-0.000118170285810279
-8.07367012773135E-05
-4.46554844516201E-06
-5.73077268135685E-05
-0.000108175991352199
1.68270914301016E-05
2.08892599398751E-05
-4.30445411530326E-05
-9.19201304613749E-05
-5.10328899773149E-05
-7.21345540415315E-05
-9.35865165117748E-05
-6.36498174325764E-05
2.50812211836865E-05
1.29453838896461E-05
6.27375719403666E-05
-0.000204718268618454
-0.000110387086707683
-1.1055826438879E-05
-5.01758894277396E-05
-0.000170117549816693
-0.000153337703395609
-0.000112694726022777
0.000113720033266793
9.00039950091328E-05
0.000117399368287838
-0.000116217008585572
-0.000123543043533262
-0.000212947663260993
-0.000165753813188844
-8.74349549467368E-05
-1.15254509420792E-05
-1.11481162183183E-05
0.000305520872192049
0.000319944043113316
0.000420643694282418
0.000471746614043556
0.000611424810827292
0.000548843328901248
0.000553128733962688
0.000467518125425506
0.000474443773826745
0.000440930071023624
0.000332540995377816
0.000122975447727172
8.05868880276371E-05
1.16796360104317E-06
0
0
0
0
0
0
0
0
0
0
0
0
0
0
0
0
0
0
0
0
0
0
0
0
0
0
0
0
0
0
0
0
0
0
0
0
0
0
0
0
0
0
0
0
0
0
0
0
0
0
0
0
0
0
0
0
0
0
0
0
0
0
0
0
0
0
0
0
0
0
0
0
0
0
0
0
0
0
0
0
0
0
0
0
0
0
0
0
0
0
0
0
0
0
0
0
0
0
0
0
0
0
0
0
0
0
0
0
0
0
0
0
