0
0
0
0
0
0
0
0
0
0
0.00054620848422625
0.000552752902932253
0.000522558075020763
0.000456910515748777
0.000411495290588631
0.000296486492544466
0.000462264372419878
0.000703828204143685
0.000658229183144259
0.000450654814476986
0.00038465579640454
0.000404676952968734
0.000263886824283025
0.000290833206521258
0.000424124126272759
0.000513055564202305
0.000582445921951999
0.000739912083211162
0.000772450682635352
0.00100498233741439
0.00100538521016432
0.00088718212986792
0.000912404343773115
0.000777191754753886
0.000627339980318478
0.000573662698704639
0.000547292301565822
0.000446647000744269
0.000378100408045039
0.00026650002388363
0.000255068060385317
0.000284990063763068
0.000335370842903358
0.000378291454222794
0.00038754401651987
0.000382621887434529
0.000322358975439085
0.000273086822861121
0.000330693775072501
0.000281719675488834
0.000181982783163141
0.000182798420731881
0.00013892853484136
0.000136645263086669
8.99137775415452E-05
4.10944872666274E-05
7.01757615535587E-05
8.92095093689325E-05
8.95278698330925E-05
0.000114205156352821
0.00016265654108808
0.000182859948304228
0.000247991447091393
0.000202473608098141
0.000273262770960888
0.000345371827665042
0.000384639783477849
0.000351481257022926
0.000294831486735083
0.000259352730310509
0.000287008354787687
0.000301185452748337
0.000302436511490627
0.0003264085163764
0.000279415953281949
0.000230576784291245
0.000198814788101275
0.000225782659950223
0.000245906467038275
0.000272506477685605
0.000260345666642369
0.00027384929198475
0.000210626389225719
0.000160824017937093
0.000147966296494265
0.000123798377254891
5.59916710420077E-05
2.54217643544189E-05
5.96259639140233E-05
6.59433785801551E-05
9.42148177020226E-05
8.03918469471774E-05
0.000109744153794985
0.000195975579679256
0.000245172034120678
0.000261427129733672
0.000305081583049333
0.000327022826446634
0.000326249356297205
0.00030446469197561
0.000297787858440185
0.000302996810462744
0.000352582928862879
0.000373727691819152
0.000375365376284381
0.000405053712732103
0.000405526213307715
0.000432264218698928
0.000419889715326022
0.000460679986650342
0.000366041653681494
0.000224837813501762
0.000169588442552974
0.000144934962844629
6.76796390907244E-05
1.12014526335399E-05
5.32467490507684E-05
2.02864985312832E-05
1.28613478978448E-06
-7.13488895333619E-05
-1.8992207027683E-05
0.000114637430339019
0.000171673773495173
8.69757929180122E-05
0.000133192201694943
0.000174341406735972
0.000114583165146684
9.8214950467963E-05
7.16652301442506E-05
6.24865681642004E-05
8.71070912465223E-06
-6.56009760271624E-05
-0.000154640338039053
-8.43091629071914E-05
-0.00010714641301971
-9.34965600649149E-05
-0.000161487695568964
-0.000220989189071958
-0.00022776538209688
-0.000204115975844697
-0.000105720953626236
-6.89231643144193E-05
1.67460438893916E-05
-1.07934172179947E-05
-1.80813416378089E-05
-0.000116130237042544
-8.7302432162021E-05
-0.000114335079294195
-9.00789517956781E-05
-8.60728797692785E-05
-0.000187428341658405
-0.000196757921079097
-0.000277947951009172
-0.00025680887226971
-0.000188737943514878
-0.000108639633188685
-0.000117474866626828
-3.6955369672071E-05
-8.9840275681781E-05
-0.000141395440032548
-6.06378013020762E-05
-3.12179629749322E-05
8.09064604522645E-05
8.58195212254702E-05
4.84778815654229E-05
4.98174623823822E-05
9.08366196844934E-05
7.34120262040337E-05
0.00018049781994113
0.000232781727651294
0.000202978812419831
0.000168613277229319
4.73833227546578E-05
5.12818516483281E-05
0.000101849766171595
0.000172746841869765
0.000107245826864642
0.000133072763832875
5.42459418181175E-05
2.54034810372803E-05
2.99666642891856E-05
4.40629306269111E-05
7.4420380408139E-05
1.49602321732893E-05
-4.42072469768836E-05
-0.000125267100317029
-8.73870097711733E-06
2.80568755044967E-05
7.0198880449833E-05
0.000129717479768418
0.000182956308945403
0.000199393891350464
0.000271603315142831
0.000312307045996238
0.000288561926340072
0.000292094502829094
0.000256517816985092
0.000207341092851305
0.000191687721273334
0.000188230981559357
0.000194111664305598
0.000174405409133939
7.72398792292282E-05
8.5379435477523E-05
0.000126991208919351
0.000145764020639747
8.99021209124249E-05
6.98802294561642E-05
6.17021250271627E-05
2.55301624458785E-06
-8.15491468213411E-05
-7.2807209710134E-05
-3.70446632302096E-05
-6.5685085379948E-05
-9.6876290880795E-05
-0.000185512201272703
-0.000180955503503709
-0.000144201410360881
-0.000160287917005202
-0.000149724469832232
-0.000107338313426882
-0.000117077835192233
-0.000125575642056025
-0.000128273558727918
-0.000150124342476327
-9.52334496023925E-05
-4.82901772964285E-05
5.05069341492182E-06
-1.37146539097735E-05
-2.50812251209112E-05
1.27180765175469E-05
-3.05401584162911E-06
2.73275814431875E-06
4.77994477460831E-05
4.65870927288188E-05
2.66869024987956E-05
4.28764407637835E-05
-3.87757307027729E-05
-2.5423201025749E-05
3.27429972303604E-05
-1.77784688456787E-05
-1.99827832053755E-05
-8.0057048390837E-06
-6.42459210663285E-05
-4.22653257119746E-05
-7.17731807882754E-05
-0.000123766179272849
-0.000101751640371315
-0.000122136930405822
-0.000187135271173029
-0.000206435078040552
-0.000214084021054682
-0.000248505630576637
-0.000213025643899169
-0.000184191619233305
-0.000143649140018915
-9.90966861713334E-05
-6.6565906573289E-05
-5.39499958838098E-05
-2.46371787023393E-05
1.4574351324426E-05
4.24316258428081E-05
7.46961010862833E-05
7.57163965024447E-05
5.36579090029243E-05
3.87166484341297E-05
-3.15090983430729E-05
-8.77929085471509E-05
-7.6095761575307E-05
-0.000103171693627147
-0.000109002063587392
-9.96803654768016E-05
-0.000109792311912609
-0.000107280462889825
-6.25117780584619E-05
-2.40206610398214E-05
2.13081544348056E-06
2.32943525739766E-05
-1.27883964741874E-05
3.78494099023155E-05
6.99512872663691E-06
1.53148877479891E-06
-3.49652405691E-05
-2.15959323259932E-05
-3.2664325846445E-06
2.80262272130171E-06
8.00053678335579E-06
3.30814628400383E-05
0.000115716949428569
0.000110079874853902
0.000148282072539096
0.000137497504251181
0.000184660141094498
0.000147785050353597
8.22435190550173E-05
5.60090633653114E-05
5.53253468097213E-05
8.30590845695722E-06
-3.43015542561218E-05
-4.52361876933515E-05
-6.67059178215622E-05
-3.30457907671412E-05
-2.81634704129453E-05
2.6246576660273E-06
6.8988652749949E-06
-6.79474465533229E-05
-6.22868984639028E-05
-7.75315341165609E-05
-0.000136470796036426
-0.00017354390655876
-0.00020235351993763
-0.000204530773036445
-0.000232790239056756
-0.000226272935934782
-0.000262748814479204
-0.000227165213350995
-0.000263848574969974
-0.000270176744373026
-0.000237598081538206
-0.000202777698772689
-0.000259781553527599
-0.000352067994162921
-0.000390669549626794
-0.000414647972426342
-0.000387420452085394
-0.000418661810727168
-0.000437644892953638
-0.000423130059395972
-0.000443926662061344
-0.000476143173629212
-0.000421631943908553
-0.000412314614219261
-0.00036629759464551
-0.000332119587726342
-0.000345042792069878
-0.00029887223975427
-0.00024160935020268
-0.000240208987172969
-0.000196125575435661
-0.000189637046581936
-0.000189289241373989
-0.000134628627367629
-0.000169386145981903
-0.000214212863757256
-0.00027392678451071
-0.000294922505713437
-0.000319219305066114
-0.000298595921551423
-0.000250946056833233
-0.000213716339495506
-0.000178413022062824
-0.000158222920779975
-0.000138898613866611
-0.000146317672911887
-7.71785294006316E-05
-7.17373168392746E-05
-6.08824701585219E-05
-4.50919927851953E-05
-7.44709250033348E-05
-0.000116503941133856
-0.000119458972567049
-0.000123155199310235
-0.000164949818391877
-0.000141014035433161
-0.000172823661201757
-0.000152032557827524
-0.000181918962352354
-0.000241294185421405
-0.00027184720366149
-0.000268006011821951
-0.000245117822649459
-0.00030304656406921
-0.000278008579921825
-0.000280595717638423
-0.000269871663457879
-0.000212681617056568
-0.000192659753395779
-0.000147365263692843
-0.000172703750357518
-0.000206643029778807
-0.000227260792542446
-0.000170175320199781
-0.000168656273479049
-0.000174901730834863
-0.000171605565744874
-0.000231236166864261
-0.000251728232644377
-0.000284848932029647
-0.000266337154210051
-0.000265275761121455
-0.000298892034024643
-0.000294614247005913
-0.000241123363198633
-0.000245353915909413
-0.000210756536964067
-0.000169718626023422
-0.000143726945460621
-0.000147168649114794
-0.00012976626730111
-0.000112656887983354
-4.11506387395273E-05
-6.46680432580605E-05
-0.0001055379245387
-9.62797325252893E-05
-8.54112151883142E-05
-0.000114258120520998
-0.000103108900017131
-5.13571846889561E-05
-1.22839023753245E-05
3.56367349321881E-05
-8.04876518485711E-06
-1.5683232628862E-05
2.40668975895859E-05
1.33069161675137E-05
-2.68701193926673E-05
-1.48867196458708E-06
-1.18815357938275E-05
-1.44461171431896E-05
-4.84785610214151E-05
-9.04636625630675E-05
-7.47151292692853E-05
-5.32448883436632E-05
-6.05789998594138E-05
-8.57206621055566E-05
-4.85996887034038E-05
-5.89239531778035E-05
-1.50008372992705E-05
-1.11184723178595E-06
3.48079237242713E-06
4.23353063213595E-05
3.1064871902973E-05
2.67017609957844E-05
3.53778209773016E-05
6.66344349146167E-05
3.84517875164823E-05
4.73494229133918E-05
5.490892302994E-06
-1.89918229097364E-06
-4.10897460856343E-07
-3.63211330484403E-05
-1.35545888635405E-05
-2.00968399601737E-05
-3.42656317322831E-05
-3.12385799856871E-05
-6.00534382816856E-06
-3.63302724413014E-05
-3.98559208262957E-05
-8.19851870064407E-05
-6.06666568552627E-05
-4.5297287383117E-05
-5.837538962719E-05
-2.69182274928257E-05
-6.34152048465638E-05
-2.14839089711927E-05
-4.63565744527546E-05
1.71010617618518E-05
2.93594011167965E-05
7.72480494800736E-05
6.42501562108798E-05
9.98731551710199E-05
0.000110361266995749
9.20356279599847E-05
0.000107119861700661
0.000123173062029638
0.000129978813897062
9.07135748641128E-05
6.29375771343559E-05
4.24391517773038E-05
3.0098031289471E-05
1.95416112523917E-05
-5.16958993298784E-05
-4.07859268147164E-05
1.34072654175457E-05
-1.02486908480958E-05
-6.80580547587013E-06
2.04866675023724E-05
1.60111657196871E-05
-1.66854291287703E-05
1.28589254674581E-05
-3.4612570580751E-05
2.71924715033852E-05
3.19546154093816E-05
-3.85538355959165E-05
-5.19575853655678E-05
-5.58495166198694E-05
-8.87704049200429E-05
-7.22985634145316E-05
-1.98371699881143E-05
-4.68465654530511E-05
-1.25717930637796E-05
-8.7721675139744E-06
-1.96422151677616E-05
4.39728822938331E-05
3.71138596923085E-05
8.94779036684088E-05
9.82301869038207E-05
0.000114300075400993
0.000103206000270434
0.000117404530196082
0.00012878846832287
0.000145856538364235
0.000116976336297153
9.6493002209956E-05
0.000134129061437843
0.000113950742614257
0.00011839686584061
0.000131754722147115
0.000115702766910112
0.000102633009633239
0.000116830121983022
9.8999333851703E-05
0.000130513739756136
0.000128761840350101
8.29594906929208E-05
6.95203968842733E-05
3.50712261774592E-05
-2.18377416252896E-06
3.9561355074602E-08
1.14557958314371E-05
3.82706805560264E-05
4.11056290333446E-05
6.0975408962482E-05
9.81347913254155E-05
0.000123741780505045
0.000106326794246596
0.000115125377194969
0.000174701987433618
0.00021515352953702
0.000238333702028526
0.000226499658506252
0.000204784338846672
0.000205995207701087
0.000195043392304354
0.000175749095699403
0.000173736661080104
0.000185523824663602
0.000177333233135826
0.000158382650441271
0.000134391808787428
4.02253700056023E-05
4.24126652401756E-05
4.07303908461659E-05
8.90921345802501E-06
-7.00561421366613E-06
8.31056162551596E-05
6.66181001907591E-05
5.80176848454735E-05
6.22394344060151E-05
7.37555586205564E-05
0.000134256941237396
0.000136350356336307
0.000123433336243317
0.000110302702986548
0.000131198199137152
7.48972655211483E-05
0.000103087386386786
0.00010983427511383
9.84382649664712E-05
0.000104542227809987
6.73596352434645E-05
0.00011668448492029
0.000109993689973793
9.28060599465736E-05
0.000134315063396962
8.42164190403462E-05
8.35111352530015E-05
8.12178527747643E-05
6.94315515160726E-05
6.2376251102095E-05
0.000116578963418611
7.97102126701051E-05
0.000144711076013522
0.000183581357661541
0.000146528347907443
0.000177266754525409
0.000177873979265859
0.000171491852728487
0.000214069045299373
0.000236066944227319
0.000244233961749224
0.000259938657667733
0.000182758121016415
0.000182035894143434
0.000195716616337983
0.000218639954677398
0.000192361251555256
0.000140048644920506
0.000139375090720798
0.000126723421373959
0.000168148813708427
0.000206203433851641
0.000184751186914627
0.000141180593240839
0.000126507135534437
9.34203359903631E-05
0.000107213183696793
0.000138201224375496
0.00010884340664518
7.39415138128476E-05
3.08087581353505E-06
-7.23830391316452E-05
-3.89217028364036E-05
2.44560714945162E-05
-8.31406529033272E-06
-2.23329859120908E-05
-2.42193037117932E-05
1.54036363832374E-05
1.24005912546857E-05
2.66804735228421E-05
3.98141551631912E-06
2.96622272707929E-06
2.30974677752827E-05
-2.1559880684076E-05
3.07391402536659E-05
4.17123275210532E-05
6.02310348804096E-05
1.66654931786398E-05
1.93806499415544E-05
-1.0638048037002E-05
2.41569814990754E-05
2.80564686657794E-05
1.3274154391945E-05
3.36313014784748E-05
-1.99262343602552E-05
-1.45859511351622E-05
-1.9853487201181E-05
-1.01219974041772E-05
8.81432095151175E-06
3.11081964705074E-05
3.23506388606757E-05
3.38683904483282E-05
1.60285262798219E-05
2.9280688580756E-05
7.09364734946697E-05
8.88951641135963E-05
5.73996393222491E-05
8.31169151786941E-05
4.47625012216546E-05
5.17437376682502E-05
7.17531592942161E-05
3.25111573037129E-05
5.500323047366E-05
3.89087064764169E-05
3.50993053191921E-05
2.78736748141862E-05
5.18386455972608E-05
2.44426129093845E-05
3.49304283153284E-05
4.82595157977152E-05
-2.30264311203222E-06
3.73673167389397E-05
-1.47627819775467E-05
-2.82787710158278E-05
-3.16126715540516E-05
-2.95209237776904E-05
-5.61823281700417E-06
-2.28987520026572E-05
-2.95985461134033E-05
-2.59045593911718E-05
-1.23803711581289E-05
3.14967832202293E-05
9.67498021821154E-05
0.000113094686631117
9.06847023451155E-05
8.64892450084841E-05
3.96046608270063E-05
8.77889006372357E-05
0.000138733702041963
8.69422472556119E-05
9.98838133956704E-05
3.95777276374271E-05
3.879568102877E-05
4.74090814873386E-05
7.65513137497693E-05
0.000100178553077388
0.000124346769173747
8.64267152739864E-05
1.99796903403974E-05
1.74698582752516E-05
1.5541670178889E-05
2.06286872785075E-05
-3.99691368918669E-05
-3.45983263582445E-05
-5.57176247177835E-05
-6.61329389707973E-05
-8.28221585336506E-05
-8.26108514791164E-05
-3.09111201154556E-05
6.71282651178107E-06
-1.71725912404857E-05
1.53253443861978E-05
5.65422876892894E-05
6.26261968600999E-05
8.06402781863503E-05
6.77205800255679E-05
5.76873722080739E-05
6.65542673079513E-05
8.03915640378144E-05
8.47496089008091E-05
7.84886708259355E-05
0.000102991078332321
8.57221218276341E-05
5.3119067587049E-05
1.25561683923023E-05
1.9022614409412E-05
1.54920311689053E-05
-7.50554969533503E-06
-3.96785869770657E-05
-5.4947354937734E-05
-4.45895072826532E-05
-8.44677274275279E-05
-7.15187005625215E-05
-6.05195180200278E-05
-4.38121562200818E-05
-3.52186161827503E-05
-2.5742216522945E-05
2.36001827827184E-05
5.09341159501038E-05
4.29931339598256E-05
7.36340033900352E-05
6.99533625962779E-05
7.7048872337884E-05
6.51433115114265E-05
6.37578975288775E-05
6.99382316965917E-05
7.5699755245929E-05
5.70776092681015E-05
5.1279532565026E-05
4.23313803241846E-05
3.59915479453217E-05
5.1026678239753E-05
2.72967188150767E-05
1.52632276212085E-05
4.40156372759768E-05
1.46397538105023E-05
-8.07900936412974E-06
5.48160369046533E-06
-4.60197973036173E-05
-2.60912829104035E-05
-7.54124350528432E-06
-2.98245893155105E-05
3.49057072036549E-07
3.89000634948248E-05
6.78814318934649E-05
9.34672739253458E-05
0.00013448263362154
0.000144711675538286
0.000201207851497933
0.000197051861782003
0.000158081258305251
0.00016136962195829
0.000152597907375581
0.00013673042933665
9.94724167959236E-05
9.48282006132484E-05
6.16925065921028E-05
-2.37466239962168E-06
-3.85671582101926E-05
-4.94727885166169E-06
-9.50177966074617E-07
2.38591891164025E-05
7.53498772695316E-05
6.99840070688634E-05
7.0793183252188E-05
0.000104164783008576
0.000109045822531226
0.000146679996193673
0.000164212374867947
0.000147218786180167
0.00014653335307135
0.000137007279857141
7.80238643861673E-05
8.09735356995313E-05
7.52396782453466E-05
4.43113123348982E-05
6.44185446910994E-05
5.5681276739486E-05
5.38858907872508E-05
6.11818618695719E-05
7.47502967093493E-05
0.000107097365507611
0.000133384388010927
0.00013869306862456
0.000156748943848006
0.000169501347590854
0.000212621912145232
0.000248406064338393
0.000235873582147468
0.000218440059525741
0.000184458162096754
0.000106900239733283
5.89658574002202E-05
6.25173029473969E-05
5.2217894937711E-05
2.80959588515716E-05
1.74476706400554E-05
5.58607773198188E-07
-2.21385113736287E-05
3.51633698540823E-06
7.36204550455666E-07
4.68800751696079E-05
8.89096674368077E-05
9.50871209651529E-05
0.000103354708103153
0.000124442871514649
0.00011309961090212
0.000104130981476808
0.000119901018327193
0.000122569754060792
0.000182813332099309
0.000200051049938165
0.000203177388837958
0.000238810406464899
0.000216347034370999
0.000218114857948892
0.000212351821372384
0.000232264025381287
0.000257966769226151
0.000287893391577398
0.000259170649189083
0.000238504257204186
0.000221041071458788
0.000205448878550108
0.000191737041645486
0.000203541470772534
0.000193020175522542
0.000172884793083685
0.000146584832209406
9.83593529648557E-05
8.27293034616064E-05
0.000103957566614208
0.000118650974246759
0.00011512874327212
0.000136026278574169
0.000120189379750902
0.000105670439017558
0.000109450792423911
5.91918761618547E-05
5.70439497520278E-05
7.87711350788997E-05
6.4735864019039E-05
2.07744682001504E-05
2.49491379548604E-05
-8.62034221967449E-06
-4.68447691054291E-05
-6.1627697873063E-05
-5.50069013822098E-05
4.62223052419549E-05
5.88276442942046E-05
7.43088289563432E-05
4.78838198160746E-05
5.56666006980342E-05
2.75161614872143E-06
6.4717188922402E-06
2.78595743596537E-05
5.21276575325045E-05
1.21309637270188E-05
-6.08039150504586E-05
-0.000110480552066264
-0.000167288997819854
-0.000132085178803811
-0.000143222316832266
-0.000102700133378541
-7.53737259056497E-05
-7.14325689666153E-05
-7.7789519641928E-05
-6.58739054116099E-05
-3.87336546831106E-05
-2.89320383251956E-06
1.93077645954333E-05
-2.789429459323E-05
4.55438332300401E-06
-5.32008713276539E-05
-4.07650070476476E-05
-3.21034600151151E-05
-2.36403874460984E-06
-2.72747153836466E-05
-5.45419119787689E-05
-6.90628078676405E-05
-7.01702473214247E-05
-3.83773423387695E-05
-2.03116421191745E-05
4.15960614873197E-05
6.25793700367618E-05
6.34600336853548E-05
4.27778493800156E-05
8.53089620067425E-05
0.000146522893734851
0.000151207578060914
0.000152834657205398
0.000148612758261825
0.000122786363277296
8.81394032153854E-05
6.06210338386837E-05
6.64238654318159E-05
5.60107290050029E-05
7.79861290539361E-05
6.14601819304416E-05
5.88146504208706E-05
7.13419749279124E-05
-1.60728225371126E-05
-0.000134581729399949
-6.98001617093232E-05
-6.46502054131027E-05
-3.57774884673602E-05
3.66849574627226E-05
4.66228927930004E-05
0.000103170498247322
1.36049892141682E-05
5.26768362784301E-05
0.000173252056701939
0.000349644145653418
0.000329525726930422
0.000328515732658619
0.000350585764198511
0.000266939273208029
0.000310040642061422
0.000236090146557171
0.000323690713841398
0.000305556530196718
0.00028277720043272
0.00026544902303725
0.00027284332813325
0.000225664873721425
0.000189831823003847
0.000221970732670827
0.000137040559828017
0.000143129326804505
0.000119863971944791
0.000113117001941677
7.07117869061845E-05
1.71843353155619E-05
-1.69759970117853E-05
-3.91280273814068E-08
-3.92580950955194E-05
-6.75607206633018E-05
-4.27273138491674E-05
-4.98132824221622E-05
7.40312251510799E-06
-2.10819076597718E-05
2.93765140745588E-05
2.16422267366789E-05
1.11171530680378E-05
3.52784836406558E-05
6.30823993786604E-05
0.000100080401996329
9.16249625629129E-05
0.000102746934727116
8.61755558285901E-05
9.66888082614997E-05
7.79776305924686E-05
0.000122861057992818
0.000136801648283525
0.000145212930023456
9.19713842702799E-05
7.79224524873078E-05
8.08408884857342E-05
8.18695861281428E-05
0.000152120108101217
0.000156600117123625
0.000172299675026558
0.000179495583039226
0.000182915557249504
0.000150480662263165
0.000236404324563933
0.000249588704184982
0.000231128694559838
0.000267388657947853
0.000211883180835725
0.000202133719455463
0.000215070325267551
0.00019462388809995
0.000212384937264297
0.00021734677270505
0.000178005902787427
0.000190431152151921
0.000226587998205767
0.000242814377574063
0.000243901053454749
0.000244987105445552
0.000223245973909564
0.000244240002750382
0.000257365426826535
0.000263231747409512
0.000260102851458212
0.000251880980339007
0.000236081704480915
0.000169351546584208
0.000122757610449228
0.000111076767469691
9.75836490029853E-05
7.4000727317373E-05
2.20576448380407E-05
2.76985543619241E-05
-3.36340677814275E-05
-4.34347485989734E-05
-4.97280136471625E-05
-3.51343323350198E-05
7.0730152645904E-06
4.44593367717879E-05
5.19497167999542E-05
4.75468418211447E-05
9.25709227515051E-05
9.37258211855373E-05
0.000160341860138676
0.000134715972758241
0.000119984843347025
0.000135566002729508
0.000117464905162808
9.73213154274484E-05
0.000114675226107337
0.000121620122541214
0.000115317433120867
0.000138990490823298
0.00016634239901044
0.000159412151957597
0.000168087266506976
0.000120123887907585
0.000159854325643831
0.000166575771605028
0.000162249119848775
0.000193133367522897
0.000161348288563925
0.000107980614196205
7.25671724779237E-05
0.000107814658708098
0.000105874664329759
0.000167783075586483
0.000134267609660137
0.000162577401319064
0.000181346909465988
0.000160911658199239
0.000166404776268073
0.000189958937643768
0.000198202268980011
0.000186910422915965
0.000202072832937118
0.00017927139346775
0.00017946978769573
0.000159331765113171
0.000138006502764995
0.000106449552756139
0.000118387226317649
0.000101524870332577
0.000106138514533786
0.000115783154262724
0.000126347335407751
8.74140959598638E-05
8.7811761701305E-05
9.55715653660879E-05
7.80094047362994E-05
0.00012998645812995
8.73205341224336E-05
0.000125802741031188
0.000101075683200533
9.15652552929985E-05
9.73357475174368E-05
0.000161654016628218
0.000148799815006089
9.38569406724334E-05
0.00012515473670053
7.78767931449403E-05
0.000115292296117233
7.74221634718136E-05
6.7498371770482E-05
4.37604714421034E-05
-1.66166299685749E-06
-8.16569669842737E-06
6.9155334431107E-06
3.32725174746468E-05
3.14811835453663E-06
-7.10361809893305E-06
-1.67938097241081E-05
1.87139014104108E-05
5.57165587511031E-05
6.15994984970796E-05
3.06102845059622E-05
-2.33733790159503E-05
-2.41277319668149E-05
1.11787159745299E-05
-2.88456114153591E-05
-5.62776357825936E-06
8.1109132014576E-06
-2.10452481524273E-05
-6.20863929726706E-05
-5.9244813648135E-05
-3.87373132117746E-05
-2.08908951276936E-05
-1.73333148674724E-05
-5.80640808491226E-05
-1.4662430057213E-05
-2.17381988015449E-05
-8.18537016239249E-05
-6.37955281175633E-05
-3.78957174589254E-05
-3.05581236838374E-05
-3.94278372958183E-05
-5.07293860316266E-06
-6.86446442296901E-06
-4.2025321853931E-06
-2.64821828037492E-05
-6.49664371901958E-05
-1.85565292886828E-05
-5.37365629636437E-05
-4.68247185735599E-05
-5.21400992430544E-05
-3.70867939479429E-05
-7.23739887657366E-05
-0.000103612492913451
-0.000119434512287061
-0.000137838276640248
-0.00010571407156929
-0.000133936903986977
-0.000122354636494596
-0.000136247541267032
-0.000122023411069059
-0.00012584942450354
-0.000102983083116256
-7.25893821342242E-05
-5.46878787412552E-05
-3.80817228883224E-05
-7.22805187060869E-05
-8.97890828611203E-05
-7.68185591854644E-05
-8.74419525212799E-05
-0.000110872440759791
-8.7098027529769E-05
-8.7643017206854E-05
-7.76435996695417E-05
-5.58102937244429E-05
-1.98944656598834E-05
2.22680519348515E-05
5.7082718426632E-05
5.57838893331157E-05
9.92193080148783E-05
5.84218732593575E-05
6.48465583196283E-05
3.96315146540427E-05
4.65591360822146E-05
1.01315595187448E-05
1.04411889872302E-05
-2.75275242146103E-05
-3.96194548802667E-05
-4.87457281218066E-05
-6.11197340181732E-05
-3.07190113880284E-05
-5.69368371507445E-05
-7.26423409246886E-05
-0.000138737987995694
-0.000106493408368032
-8.71132630471438E-05
-7.39978465615382E-05
-4.70517825929566E-05
-4.136393366085E-05
-7.49923504223622E-05
-5.00643779248836E-05
-8.30301091948317E-05
-1.84050545439196E-05
1.47340907085816E-05
6.017481052918E-06
-6.26749505893298E-05
-6.23861824227327E-05
-6.44724409293736E-05
-3.26379756269838E-05
-3.42604710491827E-05
-4.47554016290745E-05
-3.87339679523032E-05
-0.000125813562227808
-0.000157509737080781
-0.000184670516196218
-0.000197213132466242
-0.000229580942183405
-0.000274546297946161
-0.000310927323476282
-0.00032520200124231
-0.00032481325196705
-0.000335868898172803
-0.000326279463883463
-0.000289733190022841
-0.000295558442319227
-0.000251628114752688
-0.000225574771736472
-0.000185219462849884
-0.000205355533296009
-0.000164831055768003
-0.000184890899210522
-0.00013430438497903
-0.000148306837281755
-0.000208377821006979
-0.000214566143963808
-0.000179781113994735
-0.00017833379220108
-0.000187057727939141
-0.000188389563813519
-0.000220257446281781
-0.000215994764892094
-0.000275073381298569
-0.000205462459852679
-0.000142758319179452
-0.000161758009265707
-0.000231395355353897
-0.000205393059041062
-0.000213533636914373
-0.000186860558223641
-0.000176844137301861
-0.000192835776231631
-0.000148418343511057
-0.000187911383418218
-0.000204486653284532
-0.000174396308904101
-0.00014453789109362
-0.000200904617295233
-0.000199587498618312
-0.000178744462126716
-0.000146881359257621
-0.000137348515984865
-0.000157798287916969
-0.000140866302903944
-0.000164927482320068
-0.00016452037525988
-0.000194016638475225
-0.000283335430157635
-0.000337162231174292
-0.000371722505787121
-0.000404519576529066
-0.000412593930380686
-0.000406916772129966
-0.000459358884864255
-0.000452104960736773
-0.00048576316864107
-0.000446112471073703
-0.000358708085839694
-0.00028313150606386
-0.000257671779290267
-0.000298783954698244
-0.000284937545070513
-0.0003230417216106
-0.000293423132157383
-0.000289209168661777
-0.000255381513766138
-0.000168130196333971
-0.000147370172894289
-0.000221801941689134
-0.000199101923254603
-0.000130660201023543
-9.86354062764548E-05
-5.34315861820276E-05
-4.33627991282196E-05
-4.20974569060305E-05
2.06531834605907E-05
-5.86031602270834E-05
-3.51859917414804E-05
2.66272893173821E-05
3.04660357136794E-06
-5.81317225627435E-06
-3.31768474705609E-05
-4.42749266764204E-05
-7.02452762096486E-05
-2.97293261138637E-05
-5.0725245616942E-05
-3.45623104319595E-05
-4.32555894259889E-05
-4.10051813913489E-05
-4.79945331110873E-05
-8.26428330959417E-05
-9.66881191343128E-05
-0.000145717911080614
-0.000140266795823639
-0.00018919676661854
-0.00021537734605315
-0.000290040798856889
-0.000297230866296538
-0.000326443076807047
-0.000310810952013013
-0.000307403699183037
-0.000300056340256146
-0.000262748060219886
-0.000230100579786061
-0.000171177617508924
-0.000151641696682512
-6.45248276609506E-05
-1.59889456310327E-05
4.65874257136353E-06
-2.40939093457853E-05
3.48946685111267E-06
2.36164974808638E-05
3.45649717052835E-05
5.9174736896409E-05
3.36552265358627E-05
2.93846616045276E-06
-2.29540971874348E-05
-5.6651256744429E-05
-4.25692460987706E-05
-2.4600964225195E-05
-2.73363303985336E-05
4.30571762242137E-06
6.7900568316826E-05
4.85220855514507E-05
3.17882008922995E-05
4.62099036397392E-05
2.37202139617404E-05
3.41906951739628E-05
1.04658902300125E-05
1.69897714745442E-05
4.67960044044274E-05
-1.40182714994895E-05
-7.03628055252968E-05
-7.05293169135262E-05
-6.96478406143293E-05
-6.84738824358628E-05
-5.60128993428686E-05
-7.53526270369663E-05
-6.862963183008E-05
-9.45823597467019E-05
-0.000117717059256809
-8.77630687547104E-05
-6.38944702960578E-05
-0.000103233645760762
-0.000110593971929608
-0.00012680622519305
-0.000113116069021516
-6.64651954202174E-05
-8.95854639374219E-05
-8.21430982283273E-05
-9.87230599334058E-05
-0.000101101685959078
-0.000113946404279677
-2.79517952355734E-05
-5.76695496286608E-05
-4.18333606449114E-05
-6.9989036627396E-05
-8.62771613916362E-05
-6.23398390864099E-05
-3.95148492541485E-05
-6.44797194297679E-05
-5.36084959322274E-05
-2.75314661006748E-05
-7.39968091598178E-05
-3.28279292377406E-05
-3.55980487015491E-05
-4.29251161151789E-05
-5.98983842095617E-05
-4.3135761476869E-05
-5.04311057675569E-05
-3.4156839573276E-05
-3.97905796752275E-05
-7.6178625453773E-05
-8.14289608498054E-05
-0.000105667661873163
-0.000126813047255013
-0.00011331600619483
-0.000108210771235507
-0.000126346462633127
-0.00012661513236069
-0.000128904377584793
-0.000144364214203969
-0.000127064709719454
-0.000157119146612665
-9.24233295563136E-05
-4.38708338445527E-05
-8.16336045476342E-05
-9.49100819515568E-05
-6.84021471493287E-05
-3.83592704941444E-05
-2.43121132601163E-05
6.8392582017011E-05
9.30918003629971E-05
0.000106297778284998
2.74009287933265E-05
-7.65673544780655E-06
4.58571359933035E-05
4.13178015736523E-05
4.14613420992995E-05
-5.75245016907427E-06
-1.71037291286502E-05
-8.18187657968547E-05
-6.6161034589129E-05
-2.40948171748329E-05
1.39614036579776E-05
1.62648615827843E-05
5.21770794754594E-06
4.54486761302112E-05
4.46986737827115E-05
2.34284327701733E-05
1.73888066489391E-05
1.96740986146516E-05
1.66386964330698E-05
-2.36924167252145E-05
-2.38828355383275E-05
1.87434424616325E-05
-4.07334952257665E-06
-4.53075360374161E-05
-5.36495427736823E-05
-3.96166514931212E-05
-2.13691221124615E-05
-1.89172252113225E-05
-5.3242549225015E-05
-5.46245424861015E-05
-3.23176941389825E-05
-7.69405455621921E-05
-7.84181237248582E-05
-5.00635969360729E-05
-6.76881447965931E-05
-4.62435011723563E-05
-3.5670430263915E-05
-7.63344650323228E-05
-8.43279354333713E-05
-0.000102899168107812
-0.000106200020914002
-0.00010365365226049
-7.8900251511038E-05
-8.6951406717126E-05
-5.83374520806401E-05
-5.19909815755313E-05
-5.72480733558316E-05
-6.78640294294396E-06
3.05519889927116E-05
7.1040650729926E-05
3.71716319233049E-05
3.13082840108953E-05
3.844949826995E-05
4.06752372539805E-05
-3.30659047875538E-06
-2.47392961686718E-07
-3.88642587011149E-06
-1.55484730483876E-05
-5.9975082534201E-05
-8.34436565092858E-05
-7.78754206190948E-05
-6.18909340847847E-05
-5.3333986871496E-05
-1.96415744568549E-05
-1.26199191205347E-05
-2.23250714835479E-05
-4.19648460723893E-05
-7.42348317165005E-05
-6.58740368693373E-05
-6.74606407712198E-05
-2.30609509889739E-05
-2.26785199416811E-05
-3.12976882341947E-05
-4.43283561536026E-05
-4.49963304050435E-06
9.92584083113363E-06
3.32028333395453E-05
3.06600444462371E-05
2.61450328537481E-05
5.04777626758024E-05
3.89473840477524E-05
5.70827601803196E-05
4.42992658071704E-05
2.84006677610772E-05
2.50993935048814E-05
1.40653814750005E-05
-7.35475186441035E-06
1.34762619582194E-05
4.70052332630359E-05
5.57798665936426E-05
7.28241784995948E-05
0.000105178878378242
0.00011509972183405
0.000105702862433328
7.30149265331739E-05
0.00011743665286658
0.000164630227492714
0.000149891377068791
0.000124965099469796
0.000114261732091777
8.79683413395279E-05
5.08711136137277E-05
5.83341007563152E-05
8.01824493219554E-05
9.47546886830052E-05
2.96053791346946E-05
1.62514324370872E-05
-1.03977951262225E-06
7.66146795161695E-06
-1.03345750525848E-05
-3.19670282784956E-05
-3.04401575966982E-05
-4.54120607939789E-05
-7.11396607228694E-05
-7.53302036618067E-05
-5.62695846450559E-05
-5.84522104370292E-05
-1.409684783909E-05
-2.23264561219451E-05
-3.43511748928072E-05
-2.37940491547146E-05
-5.8875581304393E-05
-2.18714167701082E-05
1.12961307574478E-05
4.05831440446611E-05
5.60844579753235E-05
4.42386425874733E-05
6.40892962246356E-05
7.01812906553785E-05
6.8211976064283E-05
5.91329359628113E-05
7.83286782110286E-05
6.1026585209541E-05
4.97867548815692E-05
5.33410327556214E-05
2.32551776152663E-05
2.91219912225763E-05
-1.80268623364325E-05
-1.59879051803459E-05
8.60643070442479E-06
3.24783422070142E-05
8.70796518490549E-05
9.68608550710059E-05
8.77758913054303E-05
5.14049958806867E-05
3.75068753640891E-05
5.54857839480402E-05
8.69364332711124E-05
8.90287052524306E-05
0.000132239066601124
0.000128532521637513
9.39669519818293E-05
9.7093159891989E-05
9.86643815391578E-05
0.000143513914921746
0.000178211204315603
0.000153978294482864
0.000151127268745445
0.000154906705997177
0.000129080752950612
0.000127847329472371
9.99335960354936E-05
7.13058240091122E-05
7.02585511368672E-05
5.40273327706458E-05
4.04242887668933E-05
4.76602083992792E-05
2.86549457788771E-05
1.55637239684095E-05
1.38780206693884E-05
4.07750999101991E-05
3.263160270045E-05
2.69088761823543E-05
7.17328000176797E-06
5.22080090511871E-06
-7.73214687565906E-06
3.24815635008556E-06
-3.08877793238341E-05
-1.31439247143897E-05
-8.0568044880222E-06
-3.68231315926487E-05
-3.20703831101679E-05
-2.41835960724634E-05
2.99357427505881E-05
1.20375019772103E-05
3.68712884456437E-05
-5.04346938686857E-06
4.02167853803353E-05
1.5354372572495E-05
-3.25319244725005E-05
-8.19996035738227E-06
1.49157934177394E-05
-1.41354433143588E-05
-6.43311731492677E-05
-6.69816281705083E-05
-7.52511172814875E-05
-5.76323476353333E-05
-8.35547992934341E-05
-9.18051304646496E-05
-4.54567856589134E-05
-5.96482604966176E-05
-7.54636255754326E-05
-6.17011534079467E-05
-3.17184114730152E-05
-2.37770956079366E-05
-2.75930420870085E-05
-3.82957535220032E-06
-5.67658134971829E-07
3.89045501033979E-05
-4.92412311971923E-06
-4.82579199878383E-05
-5.52474299618761E-05
-1.69617185281153E-05
-4.22046495892831E-05
-5.47135662328819E-05
-3.77968732001777E-05
-0.000106953905960633
-7.87626587970374E-05
-0.000125150093117779
-9.29179359182739E-05
-5.81148033060467E-05
-6.08394080413117E-05
-8.73748993478261E-05
-7.59450575476427E-05
-6.71964166567231E-05
-8.68010755848532E-05
-3.04247133255001E-05
-5.37729463981671E-05
-4.46645270431909E-05
-6.30019344855825E-05
-6.1885296453147E-05
-6.82784562863007E-05
-7.36869189972905E-05
-6.50582839226602E-05
-7.30007382252272E-05
-3.56178689602937E-05
-6.50827029077391E-05
-7.7037409110139E-05
-6.76179866928421E-05
-6.70321153920568E-05
-9.33930925790294E-05
-8.69308473874281E-05
-6.93608690267425E-05
-7.31859685712269E-05
-8.44643733638552E-05
-0.000148042451057477
-0.000136291949237565
-0.000111545161349053
-9.29930743121174E-05
-9.45739050489657E-05
-8.51191152611578E-05
-7.34309167259255E-05
-9.81636131078197E-05
-0.000100055263814032
-0.000103509762897068
-6.14789040374908E-05
-1.4760529670687E-05
-8.90956228335641E-06
-1.50611531215694E-05
-4.73546812296441E-05
-8.18644067593847E-06
-6.61644969917126E-06
1.32805962202366E-05
-1.09911442122045E-05
5.32389903719213E-05
6.66107277138429E-05
-1.10552948605676E-06
-7.28261700045559E-06
5.17465599811364E-06
5.08258956801479E-05
5.87253554287133E-05
3.89752974806548E-05
5.79825581914162E-05
7.85644687960875E-05
9.59925837923434E-06
2.65601293827552E-06
6.01039598439337E-05
4.02502524728721E-05
6.30847927695628E-06
3.18149449799412E-05
5.58780458601225E-06
3.91109468092285E-06
7.55929701733051E-06
-1.33340157850243E-05
3.01598646648183E-05
-3.0299098925961E-05
-7.12735158032115E-05
-3.39596645353255E-05
-2.9317458545613E-05
-5.63959783996604E-05
-5.48016796529648E-05
-5.81574230800196E-05
-8.05970281050178E-05
-7.00619370855662E-05
-9.66469906350745E-05
-6.72588219183397E-05
-7.30050219065847E-05
-7.78604994381833E-05
-7.9791008170502E-05
-7.80510812555536E-05
-0.000103687053538364
-9.10720880084301E-05
-0.000104425305502645
-0.000105493591001802
-0.000115202689438479
-0.000138542796865595
-0.000116537313111901
-0.000140555217514405
-0.000110404516116032
-0.000139453978358334
-0.000137009229917812
-0.000173295549003465
-0.000170700941412764
-0.000156687159866701
-0.000192424897433972
-0.000194096014956714
-0.000186361430847086
-0.000192962942847886
-0.000202671284100542
-0.000212672565057684
-0.000199991010422512
-0.000151721717186994
-0.000166636976531065
-0.000176906697649427
-0.0001001604323799
-9.31202327644849E-05
-9.61909875555837E-05
-9.71141492575887E-05
-0.000117467908515768
-0.000114572378301326
-0.000120685099276998
-0.000116526395995291
-0.000102690035641877
-9.34933105923059E-05
-0.000124025917326112
-8.29591424828382E-05
-9.16467658403527E-05
-5.59451959788916E-05
-8.4612509499133E-05
-0.000103869637022657
-7.5182121293735E-05
-0.00010263882375023
-0.000131478969647488
-0.000126499984061699
-0.000110786068738207
-0.000130037658327377
-0.000120868807827409
-0.000138215020641164
-8.64496855744405E-05
-5.89128009178386E-05
-9.43792786892996E-05
-3.4979177752828E-05
3.39532987161541E-05
3.13227753403409E-05
4.29065917897943E-05
7.24624977184551E-05
6.61797126864152E-05
3.50512251125562E-05
5.71992301201708E-05
9.99697647467523E-05
0.000117719336051215
5.62772792524656E-05
-2.91458844866462E-06
1.13615671226142E-05
-1.20013386076547E-05
-3.12154839247517E-05
-4.31661902955936E-05
-1.81976379157418E-05
-7.49387658693528E-05
-7.36945811860433E-05
-7.39507376340253E-05
-1.87346073295388E-05
-1.78853668507235E-05
-6.43438798047223E-05
-0.000119794901874291
-0.000116400839928304
-8.78169437428959E-05
-8.13095451129425E-05
-6.73432753657969E-05
-7.15693668263626E-05
-0.000104353651345335
-0.000129086656262819
-9.84197401859675E-05
-6.19132852747053E-05
-5.41279444499348E-06
-3.14285280575042E-06
-1.88506396708757E-05
8.36099393067593E-08
-3.14198770695643E-05
-5.52448025355228E-05
-1.8098164749625E-05
-3.16868988803364E-05
-5.27062481030477E-05
-5.06486946436533E-05
-7.95705375792274E-05
-0.000101938502564651
-8.93852555924423E-05
-0.000125805575527564
-9.30952267335211E-05
-9.33089978925511E-05
-9.64112430905054E-05
-9.58286105375928E-05
-6.92703844153625E-05
-0.000100827625129131
-5.79480267945932E-05
-3.73031337453787E-05
-4.54380705960738E-05
-5.16220538884951E-05
-9.38303229615733E-06
-8.27945023273365E-06
6.44051911363743E-06
1.13678415409718E-05
6.76829441329836E-06
1.41797368702648E-05
5.76039849113285E-06
1.3587017892084E-05
2.35103838579793E-05
6.57207867391205E-05
3.32204995018124E-05
3.2050726577615E-05
7.38006656137491E-06
3.77474216627932E-06
-1.02810684749041E-05
-7.72508584254415E-06
8.38724204738641E-06
3.90750009742268E-07
-5.31404131100951E-06
-3.21730250516766E-05
-2.83082833389822E-05
-3.79903207322561E-05
-4.11567585991039E-05
-2.89021948759642E-05
-1.11278212527891E-05
-1.35237910100121E-07
-7.25903789303942E-06
-8.87139636635736E-06
-1.02123441218028E-05
-3.81407711083177E-06
-2.40787259285672E-05
-2.11859842911548E-05
-4.13729887037296E-06
-1.94333220303565E-05
-5.91237358002402E-06
-1.92523956228112E-05
-3.03636616719252E-05
-4.76428404597005E-05
-3.67942160393492E-05
-1.09977928404109E-05
1.4702015071652E-05
-7.37705322418877E-06
-1.39094987504082E-05
-5.27134371334326E-06
-2.63998258497234E-05
-1.17031472624218E-05
3.10376931088768E-05
5.45804598324479E-05
4.45159937777494E-05
4.29237435748084E-05
2.52025677968933E-05
8.22531804471389E-05
7.06410817876076E-05
4.82511307626281E-05
6.45446885457471E-05
5.43139194461351E-05
2.67338985073468E-05
3.82430335168399E-05
1.83541159332679E-05
9.39091700605493E-06
1.16236125350973E-05
2.90402273333912E-05
2.80645492028221E-05
6.49510731974545E-05
5.17575502406316E-05
7.02353498464288E-05
7.65622391558556E-05
8.44908836282493E-05
8.87423161003869E-05
9.10590686497819E-05
0.000103573221026841
8.13087964750795E-05
8.48698789131798E-05
3.92981035523512E-05
3.18455339225766E-05
1.77662385156807E-05
2.54625961031073E-05
-1.8843894959884E-05
-5.51352330775646E-05
-8.27347944214443E-05
-6.26499128021807E-05
-6.77164281025477E-05
-9.2049640951429E-05
-6.45476015327311E-05
-9.21253150454763E-05
-9.04754188479177E-05
-9.08510848504627E-05
-5.52270158408761E-05
5.34851817440245E-05
5.83536413604117E-05
3.44699417847837E-05
1.30774088496416E-06
3.69377854467399E-05
6.94912010272388E-05
0.00010631794231793
0.000106565048114008
9.75222064554774E-05
6.11519265857954E-05
-1.68893005932235E-05
-1.04034484407897E-05
-1.19129962982545E-05
5.45216467706414E-06
1.60775790762365E-05
-2.10377964886296E-05
-4.8744528990484E-05
-3.98921479756219E-05
-4.16684566980498E-05
-3.57314373061763E-05
-4.4441007135786E-05
-5.47866300419197E-05
-4.7812510960933E-05
-1.13780929368509E-05
-3.82424573925219E-05
-5.90403126928413E-06
1.21174016116157E-06
-8.6578615679997E-07
-6.61010997415528E-06
8.68638703543948E-06
1.75325982602325E-05
1.97361269087758E-05
-5.97997732087924E-06
-4.99980128073612E-05
-4.56921595457977E-05
-8.64153725719155E-05
-9.95743347268514E-05
-0.000153504654677521
-0.000163094920171836
-0.000160115087836851
-0.000149200344056965
-0.000143035456104741
-9.69566923894308E-05
-8.55531996852252E-05
-7.80750133799707E-05
-7.66812374803926E-05
-8.05057527880121E-05
-4.75071886420291E-05
-5.46811392214524E-05
-3.92179126692409E-05
-4.51812025661288E-05
-3.8657704613844E-05
-7.24133813046754E-05
-0.00010945196807628
-0.000111832475308027
-0.000109183785670534
-9.07111698013562E-05
-6.85433803814022E-05
-5.36143690113689E-05
-8.50301395966551E-05
-6.92918600447322E-05
-8.57414737544687E-05
-5.90207823355771E-05
-3.35208742411678E-05
-2.95227780844541E-05
-2.30436615088858E-05
-3.01285011570851E-05
-3.78258393800652E-05
-6.04134447972751E-05
-6.09866221046564E-05
-5.6223817315021E-05
-5.07020282650943E-05
-6.93949274346171E-05
-5.09841804409961E-05
-4.97836225792654E-05
-5.19854989046087E-05
-4.20726197642863E-05
-5.38957834084931E-05
-4.67183066044461E-05
-4.15173529428331E-05
-5.835516061178E-05
-4.14491852427942E-05
-7.03876162148285E-05
-0.000104537767891477
-9.24234795900294E-05
-9.01153199722904E-05
-7.00522235674213E-05
-4.82307264946837E-05
-4.86288248487024E-05
-2.34131869468853E-05
-4.21434456669708E-05
-3.94622291945796E-05
-2.04445185038885E-05
1.69178652492962E-05
-1.41009940488642E-05
-1.27460047006342E-05
-2.11669769915548E-05
-2.73825749989251E-05
-2.06107898381809E-05
-4.34939424876253E-05
-2.34888818916813E-05
-2.44763921707796E-05
-2.03387616948567E-05
-7.11379197799407E-05
-5.75229160399246E-05
-5.73764612940455E-05
-3.92205574483953E-05
1.76883313903254E-06
1.95695171332589E-05
4.88323345904854E-06
8.2319023028097E-06
2.13370525942038E-07
2.03892058911135E-05
6.70018010098024E-05
7.88119385389599E-05
7.88820791178529E-05
7.59111218938641E-05
4.97574421290891E-05
2.51561468370615E-05
4.21181330015594E-05
3.97529903674716E-05
5.34870873014963E-05
5.2256191081263E-05
2.91672105349066E-05
3.34552293376242E-05
6.782667420058E-05
4.80261588471299E-05
4.58539675643616E-05
4.77778913630596E-05
6.09139630124659E-05
6.28366788389211E-05
4.12265254223475E-05
1.22439701070397E-05
4.3374527043532E-05
1.29776480027082E-05
-3.60202313399444E-06
6.97758466810069E-06
-4.5570802034157E-06
1.79884369972114E-06
1.25853067092887E-06
2.2878335223229E-05
3.10123546563361E-05
7.72665325189843E-05
6.53399077054561E-05
7.60735764423492E-05
3.81301149849124E-05
4.79059653051785E-05
7.68321569338897E-05
9.05966413632004E-05
9.88356622623629E-05
6.98998204634895E-05
7.32806143507409E-05
4.14304342362842E-05
3.41983197651875E-05
4.0389173968355E-05
6.5955785461199E-05
5.2431847900809E-05
-8.9355808751489E-06
-3.55211644198163E-05
-6.61184187456098E-05
-5.33834183232445E-05
-6.33859615833766E-05
-3.35758866934474E-05
8.08210513829816E-06
1.49986856763E-05
2.0716401350019E-05
1.42293579533837E-05
3.51858529364567E-05
5.15279423300291E-05
7.00651193560092E-05
5.0704243136658E-05
3.53484762385841E-05
2.44419020832932E-05
-2.23842674065273E-05
9.79195238447829E-07
-2.82304637027604E-06
-1.3060857405435E-05
-6.57199688673538E-06
-2.84213481429476E-06
-6.65246370587484E-05
-6.22624660254754E-05
-6.18340579976433E-05
-7.80539694851484E-05
-8.09753038324064E-05
-0.000106746791613816
-9.88405120965872E-05
-8.16980950301175E-05
-7.3724364854476E-05
-6.61831873243069E-05
-2.22129750824672E-05
-2.16829218526313E-05
9.23742091790371E-06
-1.63892316161818E-05
1.88222479604788E-05
1.94306016451651E-05
-5.51304349278701E-06
-1.22852560235459E-05
-2.31124546414876E-06
-4.25899015423616E-05
-3.32196249858564E-05
-3.43929282675978E-05
-3.19244241945007E-05
-4.45571219541935E-06
-2.78627194718694E-05
-5.55254018883843E-05
-6.73910013001961E-05
-8.68135817816505E-05
-0.000111639343713117
-8.86402259864182E-05
-9.41444340466645E-05
-7.65904949976621E-05
-6.42676993274179E-05
-5.68936450078788E-05
-1.90282881716909E-05
1.35518467826126E-06
3.33195884174046E-05
6.90789757416572E-05
7.84517449858065E-05
0.00010432560491425
0.000117978061735731
0.000115435455478011
7.26383747256752E-05
6.92879997466082E-05
5.11260936510626E-05
4.6109173969466E-05
1.37961851949826E-05
4.64067834270472E-06
1.02525601975359E-05
-1.70622127293515E-05
-8.29732079219544E-07
-8.94878729270466E-06
6.05215871150983E-06
1.64111477641344E-05
1.01657185505659E-06
2.4914128356265E-05
5.19209880391311E-05
5.6727549121698E-05
6.26032041798921E-05
8.4959577930538E-05
5.69711749836085E-05
5.29450873440236E-05
5.33423583819531E-05
5.57003204425615E-05
7.57376995676242E-05
4.01485293754697E-05
3.59956981997434E-05
2.49001847176364E-05
1.4040939579701E-05
-2.4225849082643E-05
-4.91327430090384E-06
2.13480889271945E-06
1.38406614951301E-05
-3.22008909073818E-05
-4.17934761768022E-05
-4.44402664425138E-05
-2.31322797641531E-05
-3.57034734816912E-05
-2.83398366563035E-05
-1.36213735760568E-05
-3.19682227373365E-05
-1.99790750329233E-05
-4.56644415669178E-05
-1.73370537550248E-05
-1.89713407913489E-05
-1.17615236074067E-05
-3.2351058902777E-05
-2.40740394308995E-05
-3.07944420482793E-05
-2.0399669145761E-05
-2.5218384550066E-06
-3.22780493408108E-05
-1.74022742226864E-05
-6.15996626622961E-05
-4.66548025639634E-05
-3.53030065879288E-05
5.23345343257647E-06
-3.84037026331208E-06
-1.74096852490542E-05
-4.32506762601615E-05
-4.6701919587867E-05
-2.88177542075095E-05
-4.95448422643536E-05
2.67667431773352E-06
-2.70408950557821E-05
-3.69930300318911E-05
-9.44172502761557E-05
-9.40783207879835E-05
-7.14271696325031E-05
-7.31274937741482E-05
-9.51733453479952E-05
-0.000124783157345049
-0.000127376115052902
-0.000138608105134097
-0.000103673490713637
-6.01929137624059E-05
-6.01887517652265E-05
-4.30622199295035E-05
-4.19722220666058E-05
-7.58700514026088E-07
-1.61873895204482E-06
1.73984031595577E-05
5.06921526179662E-05
6.9695556609874E-05
4.86381569463776E-05
1.33257368752674E-07
4.37641616825297E-05
2.34243824929958E-05
7.56716767678677E-06
6.15314611015539E-06
2.97473424201946E-05
4.12255192614429E-05
3.7055938050377E-05
-4.04914982990713E-06
-3.56452846536919E-06
2.38730982672787E-05
1.58544300258716E-05
3.35121530971561E-05
3.4620035863662E-05
1.67072759453145E-05
-4.58088529670295E-06
-1.34430072498729E-05
-1.01436726653312E-05
3.17998999515824E-05
-1.16512490078698E-05
-4.6925427338047E-05
-5.72409628867423E-05
-7.79502257037707E-05
-7.90921251260964E-05
-9.05556542108888E-05
-9.13712911465027E-05
-6.33809808139665E-05
-9.53500442395133E-05
-8.71574357511559E-05
-5.5097685256163E-05
-3.33475580001005E-05
-3.82189214726354E-05
-5.02003530229918E-05
-6.51251743234606E-05
-6.59112450955654E-05
-7.85952853228189E-05
-0.000140248354110685
-0.000128624613858973
-0.000187082750411327
-0.000174202210744543
-0.000170537482376817
-0.000172535051630661
-0.000159111596117082
-0.000135605749154172
-0.000122926328085585
-0.000104126998308456
-6.38933887354431E-05
-3.87390698521266E-05
-2.35857880441822E-05
-5.51267479079528E-05
-5.80195625977265E-05
-4.97087741133657E-05
-4.21661836475395E-05
-3.83836617668241E-05
-1.43911767021126E-05
-2.53481309501568E-05
-5.21870321410152E-05
-5.30809843415959E-05
-4.17802337517335E-05
-2.30326980635486E-05
-1.52441968282526E-05
-2.19267561617163E-05
-1.20167999728301E-05
-3.33619952452321E-05
-4.63286623300251E-05
-3.40846541152141E-05
-2.98646337838229E-05
-4.61957881227443E-05
-3.24449873976977E-05
-2.96799342332784E-05
-2.63022709636012E-05
-2.41545892088844E-05
-9.16479818608792E-06
-2.27259705664825E-05
-4.703666831482E-05
-3.17550725527482E-05
-5.64505963763703E-06
7.55600889678363E-06
-1.40152775935476E-05
-1.34138212705597E-05
-7.72506261670186E-05
5.54670174928367E-06
-7.29458922807883E-05
-4.38691786550608E-05
-4.29853576615235E-05
-5.40569080414545E-05
-4.68225578735523E-05
-5.8449966644064E-05
-7.66356941047472E-05
-6.07325460414664E-05
-4.4813138991247E-06
-6.89795221567813E-05
4.73405329964052E-06
3.22520144341394E-06
-9.92334954637683E-06
-1.081533730525E-05
-7.79874396278388E-06
-2.37497127303649E-05
1.06912882743885E-05
-1.79471020957437E-05
-6.68619588396677E-06
-3.9962650128864E-05
-4.77458640683464E-05
-7.36613439512143E-05
-5.28709424549698E-05
-3.32304680117909E-05
-6.05907223856999E-05
-4.28841027319749E-05
-7.525861843159E-06
5.14942138966981E-06
1.6688330426243E-05
3.15531594460857E-05
-4.33841674865841E-06
8.32613242490981E-06
4.2504433105281E-05
1.8484767791778E-05
3.54861160544159E-05
4.70185493852147E-05
1.26476441487815E-05
-5.096088577484E-07
-4.18294351204591E-05
-2.55398826238755E-05
-8.03032856404677E-07
2.2167182494959E-05
-1.87572871958698E-05
-1.46467663455902E-05
-1.59507173224838E-05
-3.728371906785E-05
-3.65281118641475E-05
-5.53328159572982E-05
-6.22978853080961E-05
-5.70187161070475E-05
-4.77601150801383E-05
-4.19112899582043E-05
-4.80630202555271E-05
-4.133074205091E-05
-4.78920104715641E-05
-7.72259729601124E-05
-5.80987875422278E-05
-3.48518951137353E-05
-1.06179353853627E-05
4.81169892056722E-07
3.76860426678707E-06
1.42631199705642E-05
3.49227735982875E-05
1.28691571888452E-05
3.98235986861276E-06
4.28822424021267E-05
9.84327100134498E-06
-5.36233495689863E-06
-3.49909960660418E-05
-6.75109167679647E-05
-6.7854789954251E-05
-8.97956189277375E-05
-9.86927627469433E-05
-7.40573729907817E-05
-5.06471177289214E-05
-3.77824112411921E-05
-4.37859274281286E-05
-9.31365386748426E-06
3.44952944447793E-05
3.22855342473312E-05
1.55626112187868E-05
1.4391885656298E-05
1.91005285579411E-05
7.59496919793807E-06
-3.45601145366239E-05
-5.63787524940945E-05
-1.63710009042502E-05
-3.93554275033789E-05
-7.05598332817956E-05
-8.1635771027119E-05
-6.66708069319526E-05
-7.61774949072766E-05
-7.65377436670812E-05
-6.53060954568038E-05
-2.46934576465553E-05
-2.48928690771435E-05
-3.6212802305825E-05
-3.68848763938447E-06
-2.76029074512191E-07
-1.86832045965369E-06
-8.53639464303968E-06
1.67446584012492E-06
3.96569317686464E-07
-2.10421443163304E-06
1.06197393992941E-05
1.39935757982795E-05
-1.30927281056311E-05
-3.67030299678271E-05
-3.26953232456671E-05
-1.73373202441673E-05
-3.68183546282519E-05
-7.02192084972278E-05
-6.2009367283794E-05
-2.93458347684851E-05
-4.33382120224297E-05
-4.70718875113895E-05
-2.58870935333391E-05
-2.49267379729753E-05
2.22117829493538E-05
2.14320881755656E-05
2.21069773181944E-05
6.91916680690737E-05
4.62316066660465E-05
-8.91617506883332E-06
-8.62902533448432E-06
-3.78268528891331E-06
-3.22784751716528E-05
-1.68256746702438E-05
-4.05801832915348E-05
-3.38960854891217E-05
-8.58310509028252E-06
-2.35630323244717E-05
-1.24357630620969E-05
-1.25263802755356E-07
1.26616196410499E-05
1.81331770899884E-05
6.66290341430516E-05
4.41712496455949E-05
3.47677922825641E-05
1.28254812081111E-05
3.85584309119609E-05
4.42080853566749E-05
6.2339990321966E-05
6.04923142875816E-05
7.34714019537718E-06
1.59766999574325E-05
-2.02007881226989E-05
-5.95732220140417E-05
-0.000111545301191917
-0.000103872091867395
-0.000125049981810338
-0.00011718596541491
-0.000135754027973741
-0.000145357015941938
-7.55001348878589E-05
-8.04621628984069E-05
-8.79462584365049E-05
-5.0731125152273E-05
-1.67907216041774E-05
1.49134765296598E-05
1.03944265409363E-05
-1.20651182357401E-05
-1.37790713560698E-05
3.13655094110451E-05
-1.93383203471275E-05
-1.05157311076541E-05
2.733266022861E-05
-9.4436751531772E-06
2.19544555666546E-05
-1.34685633163314E-05
-1.66816739560541E-05
-6.81493239597874E-06
6.14950569502632E-06
7.33444658414375E-06
8.50788961116032E-06
-1.32239804468183E-05
-4.86210193985782E-05
-1.30807873673151E-05
-4.16648767323234E-06
9.75879035616057E-06
3.28938384448003E-05
4.35618690953957E-05
2.2459435235295E-05
-8.04473013499151E-06
3.53253683790541E-06
6.56862816866843E-06
7.83024206085709E-06
2.63771168425875E-05
1.50333792692336E-06
3.5932936148447E-06
-2.19015066413916E-05
-2.75829588433743E-05
-5.63824063696975E-06
-1.61942576304839E-05
-2.33209744794676E-05
-2.7757446208727E-05
-8.22032031677001E-06
1.71447828829226E-05
2.58078132368891E-06
4.05992079479242E-06
-3.18338657019529E-06
-7.98566416596657E-06
-2.52548693775693E-05
-3.68474183088839E-06
-2.94556648111988E-06
9.89507900619277E-06
1.35146157631031E-05
3.2741975426969E-05
5.64402307070988E-05
4.08510554157794E-05
5.59879388153005E-05
6.07640874100358E-05
7.61302304101772E-05
7.70157149587106E-05
8.95183592018495E-05
7.16543009587855E-05
5.60266671199478E-05
2.33361477216749E-05
4.30972802175168E-05
3.44957632429508E-05
4.78258734566054E-05
4.78098602081463E-05
5.95735064244998E-05
5.38283851704805E-05
4.23666768288481E-05
4.72273725961708E-05
6.81459358887225E-05
6.02577981138094E-05
6.19936621394619E-05
8.20938195544461E-05
0.000107850164082051
0.000105783859681522
9.82014507908572E-05
0.000103310252897367
0.000107110679158691
0.000103139023611683
9.34731519299445E-05
0.000100935494145979
5.59826170518606E-05
5.99569882675298E-05
2.63289389548538E-05
7.58959827426903E-06
1.00951867447648E-05
3.4167253012386E-06
2.76374340811801E-06
2.3602884139844E-05
4.81184844956403E-05
4.02349148170685E-05
5.65342769537511E-05
3.45292187795586E-05
2.3939708468571E-05
6.38515035160009E-05
4.90868975727957E-05
2.48952157760684E-05
4.46371447612926E-05
6.17759338977947E-05
4.40640065724967E-05
6.66949738161958E-05
8.08154225616413E-05
0.000105422546483423
7.19943829451618E-05
5.42978248979571E-05
4.79958449782765E-05
6.72238185605548E-05
5.43758094039831E-05
4.54736215170173E-05
5.17500114232192E-05
3.11373668253105E-05
4.62933874925646E-05
5.29859760101311E-05
0.000109997496218447
0.000125787936125417
0.000145265890157956
0.000152989137793018
0.000160694352387478
0.000133202436462891
0.000136238752699897
0.000157005325952506
0.000110240851388516
8.19286573442802E-05
6.99684224672199E-06
-1.05121381316576E-05
-2.05124458188195E-05
1.86112320398892E-05
1.76131217490257E-05
9.72530327882645E-05
6.64656670587542E-05
5.56000920385832E-05
9.23232945385832E-05
0.000123705608925546
0.000196526906102546
0.00018935614249855
0.000209930288496023
0.000158135940064308
0.000146986844114797
0.00011153662703241
0.000128737420636446
0.000124696054365862
9.44184831968463E-05
7.26641904550373E-05
7.71038234343048E-05
8.44352435166874E-05
7.88600294180213E-05
8.16666357719613E-05
5.86913523431869E-05
2.81343594689842E-05
3.47317383871766E-05
3.22738492465815E-05
3.44651188584965E-05
2.59100081765135E-05
-1.14890919161867E-05
8.09318106979252E-06
-2.172740523174E-05
-3.18268450311983E-08
3.8399028745714E-05
5.67421174742352E-05
3.78817693989196E-05
3.25767644319897E-05
6.63098394399898E-05
8.68068815698562E-05
7.77535458912228E-05
4.63577422092926E-05
6.30006135803835E-05
4.19836776882524E-05
3.14779214623402E-05
2.15124085602422E-05
5.84404457014729E-05
5.78053096249162E-05
5.47933726887689E-05
4.17427893681389E-05
8.62225628322533E-05
8.41805100832175E-05
8.72093436323326E-05
8.34929498505556E-05
5.01220532707577E-05
3.78985258975155E-05
-1.04104611797059E-05
-2.91637086315178E-05
-4.50900013764248E-05
-3.03749902374173E-05
-2.7838060510541E-05
-2.6326691882872E-06
-8.11779951648499E-07
-5.82617157972347E-06
3.82937850200273E-05
4.01151957207754E-05
5.77141663428688E-05
8.14313537848113E-05
9.06117219487564E-05
7.48120937582836E-05
9.55293972483822E-05
7.16981121789997E-05
9.22749237728402E-05
0.000124084830019197
0.000114202319382607
0.000128797120451858
0.000142609417496945
0.000132716821878046
0.000101970792317201
0.000100045854479738
6.05124177686104E-05
6.51325652690244E-05
4.37895607881333E-05
4.73679437569004E-05
4.18942152751192E-05
3.93335256561906E-05
4.36613477414999E-05
4.09269953792964E-05
6.32583975484085E-05
8.08123510151991E-05
6.29025356696543E-05
5.96264207726825E-05
7.00884037699648E-05
8.08637243608364E-05
7.21749252601338E-05
5.05567699884283E-05
5.12704602677647E-05
3.16951328264833E-05
4.34096482101317E-05
2.1201067838309E-05
3.70206775545599E-05
5.5790488139013E-05
2.75791678349715E-05
-6.18820112892963E-06
1.87827947248883E-05
3.01517185868761E-05
1.75320007351802E-05
5.56504296420979E-05
8.62870174640454E-06
2.64333189402677E-05
2.51853771560962E-05
1.60291782428998E-05
1.84308449551564E-05
4.24160735263523E-06
-1.41176692769336E-05
-3.3066124522935E-05
-2.84124845169262E-05
-1.30845717833315E-05
-9.30412004192271E-06
-1.29856672520089E-05
-1.37997232060869E-05
-1.08005370370948E-05
2.0785260949668E-05
4.7762503641883E-05
6.03911021599893E-05
6.93147984579732E-05
6.10425490305546E-05
2.76132562256382E-05
5.96111597749777E-05
3.0345773221442E-05
4.63524523003285E-05
5.13539177373687E-05
2.6954326404553E-05
-5.20228004349898E-06
-3.59785419417782E-06
1.29127142633842E-05
1.22814743287656E-05
-6.70506062145625E-06
-1.57196935174368E-06
8.71334209204517E-06
-1.18853633678994E-05
-3.2883584042298E-05
-2.60080059300316E-05
1.2150098317676E-05
2.07155756173281E-05
3.54424586598462E-05
3.35661606866377E-05
6.74502725772257E-05
3.37748188261987E-05
5.27975238928619E-05
7.36371964307139E-05
8.5732151746075E-05
9.73440036588997E-05
7.18794252185205E-05
3.12380164701229E-05
1.3010211605627E-05
2.06058165062588E-05
6.18391376219114E-06
2.30050494839005E-05
2.19031076696577E-05
1.2915990406079E-05
3.49438638087158E-06
3.92756640257467E-05
4.8697943611141E-05
5.86105678313626E-05
3.45049218584116E-05
2.03529086243702E-05
2.98184193764858E-05
5.38331257213101E-05
4.6222056517191E-05
5.10132924604746E-05
3.00672028412054E-05
-2.57558794884502E-05
-7.88120390388303E-06
9.6357047549446E-07
3.86877332021009E-05
5.66792345391016E-05
2.04393485278441E-05
1.28425979547011E-05
-1.16299977403132E-05
-1.92194172904456E-05
-1.9943298801203E-06
4.57196470108771E-05
3.79853635765688E-05
4.72629679573866E-05
2.54530053877456E-05
2.45254436426789E-05
6.04570006196608E-05
5.14896789191083E-05
8.11417349085208E-05
6.21809443218273E-05
0.000100386300503734
5.72016359999277E-05
2.88900203584264E-05
1.78166637620338E-05
3.1792239239579E-05
1.3988598740782E-05
-3.4827529451946E-05
-5.33455440752978E-05
-5.24948360651286E-05
-3.42796515031565E-05
-6.46037369671428E-05
-5.52370205259872E-05
-2.83122506773093E-05
-1.55689021631943E-05
-1.64034272974513E-05
-2.4830532848408E-05
4.65631061420614E-05
4.59202223164504E-05
3.18797302718418E-05
2.79632983575066E-05
3.31101639242176E-05
5.7681225400128E-06
-1.21243721511143E-05
-2.76949016748834E-05
-1.80739976430919E-05
1.96316072927014E-05
-1.64972546933027E-05
5.24369002731179E-07
8.13364045648868E-06
1.75240596045145E-05
-1.89848215072767E-06
8.14825611264559E-07
1.98385482960961E-05
2.89593220190765E-05
-2.04414704304106E-05
-4.50605834401823E-05
-3.43201508559549E-05
-5.83058755609711E-05
-4.48908406328546E-05
-5.20789356327752E-05
-4.85902095452219E-05
-3.33849525702501E-05
-6.51721976408012E-05
-5.20750965603392E-05
-7.92060281377835E-06
-4.13545909934804E-06
2.33544915092871E-06
1.44416622712545E-05
-1.92195490255366E-05
6.47312739302392E-06
1.51784673515897E-05
1.33044580431902E-05
3.25761118933267E-05
2.81510019974215E-05
-7.4827121057668E-06
2.2848878691512E-05
4.06753407383878E-05
4.5075926586078E-05
6.66091852539888E-05
3.01673561496915E-05
1.82962275235832E-05
1.69622943132631E-05
4.53108923717797E-05
3.35594224833661E-05
3.07852754538375E-05
-8.93235900606132E-06
-3.55009812796074E-05
-2.76031020921517E-05
-1.02571063025756E-05
-1.62780186959494E-05
2.01892545100807E-05
4.98895383403011E-05
2.2742560848781E-05
2.81153283888605E-05
7.79325828830007E-05
8.14811360846459E-05
9.42503679900131E-05
0.000102629038193653
6.47489913605567E-05
9.14213359858912E-05
5.86929345394029E-05
5.29107160897978E-05
4.57901116287245E-05
6.09678081689744E-05
2.63934643390377E-05
9.00193014496016E-06
-1.32791807459417E-05
-8.37077534562669E-06
1.11367457552523E-05
-3.19230035119152E-06
-8.79958259829532E-06
-2.01181790643264E-05
-4.16932728816306E-05
-5.81481945635236E-05
-2.62480676806004E-05
1.66518317451375E-05
1.90871267134328E-05
-5.16234712949409E-06
4.84005829140357E-06
8.54065220229611E-06
6.94682448410765E-06
2.72147617810986E-05
5.26406193120453E-05
6.33393200308764E-05
6.69715619057044E-05
6.00613251284018E-05
6.79383289099835E-05
6.24116282482083E-05
8.59595337477954E-05
8.72464628671715E-05
0.000128673153831793
0.000105971313104434
0.000108872962448973
6.24180209826464E-05
4.34206963599473E-05
1.508294038332E-05
1.96574171861965E-05
6.09117451221987E-06
-3.4351831937138E-05
-2.60256478120415E-05
-4.37050994036168E-05
-4.12983285123942E-05
-2.41042014193941E-05
-4.82939445004529E-06
-6.83773986637351E-06
-9.4041580755922E-06
-4.19400998739211E-05
-1.40852542187594E-05
-4.80806409143845E-06
-7.49302445367465E-06
8.8951868044152E-06
2.18821458327595E-05
6.66016883497679E-06
3.14510635253364E-05
2.63947941714607E-05
5.25083367788596E-05
8.33222100110342E-05
7.65476749596097E-05
0.000105472289853503
0.000108352750268154
9.56855805956009E-05
0.000101570990146441
9.3868855230449E-05
6.97778445571622E-05
7.01880402801437E-05
3.68092926378607E-05
3.3039665359255E-05
3.1517097794834E-05
4.28331491967351E-06
1.40978276054321E-05
4.28725297915092E-06
-3.24282847969108E-05
-3.12226056864788E-05
-2.8545822591732E-05
-2.73909804001067E-05
-2.52481529080118E-05
-3.4134554392485E-05
-3.02261480157836E-05
-1.41421140832349E-05
-2.30963723973847E-05
-1.44118115547019E-06
1.08182610824E-05
3.83207437517812E-05
6.98525399858999E-05
6.78365156452965E-05
0.000101393535876896
0.000104187296665275
0.000110934928347844
0.000103494709893795
8.9132642812424E-05
5.87231483781898E-05
2.20637822743341E-05
3.72266760129482E-05
1.12430176240049E-05
2.47651313008268E-05
3.90041799765377E-06
3.068621026414E-05
3.39990511912399E-05
3.45302916774538E-05
6.37849312594237E-05
6.68588202691429E-05
0.000127225325272244
0.000114148845059989
0.000121052399523485
0.000118464355101681
0.000139898276126402
0.000109266062887558
0.00012276453578154
0.000111500451319472
8.75867971677553E-05
0.000113604417044545
7.62690200968576E-05
6.7002994138374E-05
6.74868925465295E-05
7.01990189150282E-05
7.91263536634386E-05
8.06136053319895E-05
5.76053968145742E-05
7.49115995441943E-05
8.99236835230754E-05
5.85129981391423E-05
6.54451763706486E-05
6.3167694288379E-05
4.37421819805698E-05
4.86152119615275E-05
2.27129848023177E-05
4.73710952421508E-05
4.756750086269E-05
6.09342155611575E-05
7.12398920901646E-05
7.72835326390872E-05
0.000111801857272314
0.00010879285600339
0.000116704850739
0.000117644315531531
0.000130105805915573
0.000123863324657535
0.000144501348561939
0.00011817646320329
0.000101104714901911
0.000107622842637745
9.05544422773605E-05
8.24781971158734E-05
0.000101666005586928
9.03507138861023E-05
9.85467364656403E-05
0.00010458924763168
7.14899092275607E-05
6.07105863120869E-05
4.72366735426063E-05
4.29427790354202E-05
2.93927388658872E-05
4.30390111528435E-05
3.43304194637634E-05
-1.65592285710084E-07
-2.0110644249582E-05
-4.13011226136826E-05
-3.49493779957109E-05
-2.77419791663689E-05
-2.63540074287546E-05
-3.34916512624895E-05
-5.10363393508533E-05
-5.77709083038125E-05
-7.07347007696661E-05
-3.90599811817254E-05
-2.34840099606609E-05
-2.53760030894327E-05
1.29543411077089E-06
9.97816054521228E-06
3.76799386372232E-05
4.07805078413239E-05
7.93441658270585E-05
6.43111200849703E-05
6.30575273703192E-05
7.79793288105005E-05
7.42526856471644E-05
7.15877728509113E-05
6.60692486007013E-05
6.44498608266769E-05
7.26026124873552E-06
1.93113584408823E-05
2.32621931507908E-05
1.17391380705429E-05
2.97383467742047E-05
8.89661075333673E-06
1.24196462939797E-05
-2.27166302426899E-06
-3.90024621247735E-05
-5.18211871241795E-05
-2.0063200783119E-05
-2.5216415299721E-05
-5.9879069075768E-05
-5.5812999378015E-05
-7.70523043361929E-05
-9.32994635612059E-05
-0.000125029352612141
-8.91431084753356E-05
-9.16774847405596E-05
-6.95443793882256E-05
-4.72940100554436E-05
-7.63230822479269E-05
-9.09104335755063E-05
-8.21122543365747E-05
-6.17525409274973E-05
-4.54414597328749E-05
-3.29684837953694E-05
-5.43144418444126E-05
-9.84048924568385E-06
-1.98995123824746E-05
-1.27089601493256E-05
4.05533114254755E-06
2.34067203961823E-05
4.37779419760237E-05
2.51595323173242E-05
1.06221638245137E-05
1.83147843687752E-06
-1.37691861280779E-05
-2.48075222392213E-05
-3.09189603564361E-05
-4.58770463219276E-05
-4.81773311282409E-05
-5.39552429530624E-05
-7.18751436810822E-05
-4.35615496090346E-05
-3.65350582555967E-05
-1.44225179104793E-05
2.49992451654605E-05
2.72434195939094E-05
1.71398381487007E-05
-2.21111208340992E-05
2.46143055435403E-05
1.03794006965352E-05
5.02358316462993E-06
-1.97702981625361E-05
-2.43381320738189E-06
-5.20088737323826E-05
-8.56221654420324E-05
-0.000129900665733556
-0.000102038671481083
-8.06054748717793E-05
-9.33077607871191E-05
-8.35226617045384E-05
-6.15060657232865E-05
-5.09618353219161E-05
-7.17998246711994E-05
-2.36670141799978E-05
-1.73842456204898E-05
1.99402651694705E-06
-7.82770520802635E-06
-3.70223980584223E-05
-4.57791338832358E-05
-2.31864249222804E-05
-3.41797000790619E-05
-4.47390521865526E-05
-2.7309497899029E-05
-3.24124012336253E-05
-1.68696375475354E-05
2.13809151236215E-05
2.92958259483524E-05
3.54710237124621E-05
4.77571400607928E-06
-2.06985211223162E-05
-2.42760612595132E-05
-1.53507226270977E-05
-4.01585607427416E-05
-3.53832871908068E-05
-7.41674921938354E-05
-0.000110505773679156
-0.000139147541696749
-0.000100441277021209
-6.85759244295031E-05
-4.53198803549018E-05
-6.59740315949906E-05
-7.35028639205782E-05
-6.67445903581008E-05
-7.23920727722879E-05
-3.29336825355128E-05
-3.34157797135023E-06
1.0631344439922E-05
2.32996098183309E-05
1.27340446844458E-05
-4.22866093240428E-06
3.11472397712249E-05
1.79772434855769E-05
4.47704815354842E-05
3.74489171198005E-05
9.86066560242697E-06
-4.39155128380842E-07
-2.93508771637666E-06
-2.47768870273076E-05
-1.47746421903807E-05
-1.57041065848844E-05
-7.65040333972004E-05
-1.47152440624265E-05
-2.50666354422299E-05
-3.2120966339927E-05
-2.95069431607525E-05
-3.96980372563887E-05
-4.99910063091996E-05
-7.17946058940766E-05
-8.39540068036975E-05
-6.94793473616328E-05
-1.60279069573077E-05
-6.03020517214974E-05
-5.07301851465744E-05
-2.21005106331525E-05
1.98056237979142E-06
6.88299078851154E-06
2.83808930303075E-05
8.23723085677841E-05
9.18212276169255E-05
8.90378579986127E-05
8.18439739727593E-05
0.000127397865399757
0.00010053448399508
9.56048383842153E-05
9.39757087880688E-05
9.5384532501748E-05
7.25454862223554E-05
4.54876253851319E-05
4.11343514620246E-05
4.13977900338297E-05
1.89809892479608E-05
-1.20813034347735E-05
6.74176505376505E-06
-1.40224754691481E-05
-3.13304800797323E-05
-3.09640607434846E-05
-1.71898596894927E-05
-3.1962142788491E-05
-4.79447475263893E-05
-2.95144566622218E-05
-1.85255039318107E-05
-3.53834202216974E-05
-4.72196342605033E-05
-3.40753216741444E-05
-2.37866760217103E-05
-6.15793846756924E-05
-6.22766086929756E-05
-2.51937569228545E-05
-2.21800208336979E-06
-2.01398189958909E-05
-4.49455536498903E-06
1.25454802183429E-05
3.18320835000197E-05
-8.9541184506922E-06
8.96620301925086E-07
4.52565100982217E-05
-1.46736609691971E-05
-1.83295947154542E-05
-4.19334917300938E-05
-3.04603728701216E-05
-5.39459981032365E-05
-5.61698064167116E-05
-6.41344288432489E-05
-1.56895415058856E-05
-1.5497382709041E-05
-3.60383121603029E-05
2.13909615160621E-05
4.75076757788224E-06
9.83530622693905E-07
1.08405840912952E-05
3.4372792733846E-05
1.7338324657738E-05
2.50576306118739E-05
3.37227169845729E-05
1.72195110874723E-05
1.30355114752998E-05
2.82549226594838E-05
3.31652250967639E-05
4.32196468928126E-05
-2.81109720100654E-06
-1.77959629803974E-05
-1.09473694517624E-05
-2.83128643450037E-05
-5.23363781457096E-05
-4.41921931572645E-05
-5.24157037496411E-05
-5.36152848256897E-05
-4.58353401043482E-05
-7.99477851117088E-07
1.23165660398762E-05
4.02159653038139E-05
2.7865313751553E-05
6.45651088962656E-05
5.65982796742848E-05
7.14598531662845E-05
5.00512437493335E-05
4.1130596810696E-05
-8.57973205592556E-06
-4.31008384199167E-05
-3.33806890864391E-05
-5.5716192429851E-05
-3.76767316750355E-05
-7.65027759412792E-05
-5.81249310167652E-05
-4.85330766091758E-05
1.12661430797254E-05
6.70935533564147E-06
4.0588922664332E-05
4.99996193115354E-05
5.40976173199285E-05
2.02143247828603E-05
3.25073002361971E-05
-3.85541858964375E-06
-1.75638715104796E-05
-4.65362792329072E-05
-4.20986547063804E-05
-6.5848018769364E-06
-3.40270024540426E-06
-1.8048365044708E-05
-1.96883709387895E-05
2.45709788275475E-05
-2.01757467861301E-06
3.01611306604343E-05
6.81977066210471E-05
4.29621682667171E-05
1.7792658361759E-05
-1.63548029266859E-06
5.99752803730184E-06
2.25029217911412E-05
1.48231662350452E-05
1.86404832650893E-05
1.72856607493331E-05
1.81023506697294E-05
-6.29099268339387E-06
2.55122879047876E-05
-4.03265943190915E-06
-1.3009212086483E-05
-5.85013351862246E-05
-6.59963049155596E-05
-5.3754765574605E-05
-6.42040480759873E-05
-4.99831532308132E-05
-6.93594040778914E-06
-2.4323862964604E-05
-4.41420427833174E-06
2.11360105029854E-05
2.71536614747623E-07
-9.04616951667438E-07
2.0173336788368E-05
1.42682417799206E-05
-7.5196344209296E-06
-2.609572888766E-05
-8.63032202902603E-05
-6.949590413934E-05
-8.22385432428951E-05
-8.28664068673949E-05
-8.26062603791884E-05
-4.99145672578574E-05
-6.42033856122235E-05
-4.05818889843748E-05
-4.81347112120921E-05
-2.45074924446699E-05
2.88809347795491E-06
1.60864771469188E-06
5.69676162912154E-06
2.04835184458817E-05
3.72624450353156E-06
-7.13765874327882E-07
-1.36438372515734E-05
-6.2060112049535E-05
-3.93408471724041E-05
-2.59190595294042E-05
-1.8015022828743E-05
-5.52663370789965E-05
-6.08458679083064E-05
-5.02614957033361E-05
-2.09585082497829E-05
-2.79094246674121E-06
1.45941474531697E-06
8.0233497660305E-06
-1.73721096941264E-06
-4.48204971779271E-05
-8.51046921573801E-05
-4.70205782333991E-05
-6.88607378071695E-05
-9.10244844181442E-05
-6.30351317469411E-05
-7.35262417129005E-05
-7.43205183458718E-05
-8.27831916913541E-05
-4.99068332515513E-05
-4.11753874194464E-05
-4.31287170957417E-05
-5.26228819134017E-05
-2.86985845877072E-05
-2.72555849340278E-06
-1.60359877615032E-05
-4.18703551598343E-05
-5.36902797132363E-05
-2.65625998304983E-05
-5.20432920817773E-05
-4.05732458578298E-05
-2.50298805967162E-05
-1.87622961620078E-05
-3.73468413969408E-06
-1.44856849817887E-05
-3.78949231243424E-05
-1.96562401235015E-05
9.88098430643586E-07
1.7669654871194E-06
1.50378378224899E-06
6.79519655531698E-06
2.16642667933043E-05
7.26570815019696E-06
-1.14389814669024E-05
-6.47263110878307E-06
1.39195385578187E-05
2.56633505548713E-05
8.68331856185125E-06
2.76544843696299E-05
2.26957567522701E-05
2.10984447731815E-05
6.57443646559149E-07
-5.20545563791483E-06
1.85282419004288E-05
6.42835343179643E-07
2.89930597579776E-05
8.37333864695311E-06
-1.14897433401445E-06
-2.09882779092752E-06
-3.95515902366515E-06
-6.45381018835939E-06
1.44410102686964E-05
5.87123152703361E-05
4.89566915620142E-06
4.45312085373345E-06
-3.11581682006926E-05
-2.56472696768951E-05
-1.68091871011203E-05
-4.80740455690644E-05
-6.16617043917383E-05
-6.34085929429388E-05
-3.92105384202916E-05
-4.75264629021261E-05
-3.22730239181614E-05
-3.54847794619239E-05
-3.69480152341335E-05
-3.62535819486626E-05
-3.37902081027525E-05
-2.85993175415923E-05
-9.59475720339077E-06
-2.07579866075269E-05
-3.89385442563754E-05
-6.18569448451291E-05
-3.86593977084908E-05
-5.82887411077656E-05
-9.17647625853239E-05
-7.67334153897609E-05
-9.73124496573264E-05
-8.74421052309036E-05
-8.42899974810614E-05
-8.31652319491333E-05
-8.88825934956011E-05
-8.74454095555632E-05
-6.33348067941828E-05
-5.12816267852136E-05
-2.05000952680385E-05
-1.29079186021305E-05
-1.45814468352764E-05
-5.22274367270524E-05
-3.85521065491509E-05
-3.16861938186035E-05
-3.90227723476661E-05
-6.10677088026557E-05
-0.000113497692837534
-8.48131950419404E-05
-9.44244152536586E-05
-0.000132609617448972
-0.000132336123751575
-8.95266643766057E-05
-0.00012443484948502
-0.0001465766816552
-7.24763022775484E-05
-4.08040093569548E-05
-4.2743240972631E-05
-7.11934695189289E-05
-7.63733678882549E-05
-4.23804400025442E-05
-6.34496335227241E-05
-6.85110090327855E-05
-3.78135072445224E-05
-1.23142614483449E-05
-8.74966167137486E-05
-8.55828630195836E-05
-6.61540039195058E-05
-7.1029312468034E-05
-5.27540611865154E-05
-5.08828502046693E-05
3.03900656869638E-07
2.56197652798132E-05
1.0779512747941E-05
2.63454601060132E-05
9.09995319596219E-05
7.02111340726675E-05
3.06431080118711E-05
6.22509739662971E-05
9.16594099623043E-05
4.43172094693242E-05
5.28135135011213E-05
4.99666385284718E-05
6.15785552704035E-05
7.202959370981E-05
1.7044169840731E-05
3.22010959690314E-05
0.000101763790766365
0.000101893170707533
7.26378478914491E-05
0.000129311239983655
0.000111942912324448
6.86885975738459E-05
7.89985756010964E-05
7.22457667774307E-05
7.05783752461293E-05
0.000102701184472614
8.55989112836099E-05
7.61441294226289E-05
6.6964771476345E-05
4.23615686358051E-05
5.69262778717248E-05
0.000112879397151911
0.000141805505810339
0.000125140197316226
0.000141464334261917
9.8950218435868E-05
4.93754762863735E-05
0.00010554899778788
0.000128108555815562
0.000135963062274431
9.94308706559062E-05
9.82084728194013E-05
8.31113662433344E-05
0.000107307073146815
0.000104397404869016
0.000133767333753381
0.000198144407756223
0.000160112008454405
0.00014802032947526
0.000118201482398826
0.000160172826303964
0.00012695303541271
0.000114225054758431
0.000128618667197035
0.000128797189724323
0.000165439287239971
0.000133003454885007
0.000126681408673333
0.000127047599685219
0.000172697728783825
0.000150320142476006
0.000158918777353168
0.000156926478512384
0.000104481876862016
0.000112534279570313
4.88451429953439E-05
2.09445411015015E-05
2.12231904071535E-05
3.74463735056081E-05
1.07009656314327E-05
1.53155271481217E-05
-1.37305472628157E-05
-1.99309314623899E-05
-7.46089010093973E-06
-3.1747570901786E-05
-3.78878711524314E-05
1.22995746862066E-05
2.42283749628527E-05
1.80812637516592E-06
-1.13811259819212E-05
2.59056564306605E-05
8.19392014336961E-06
2.96972275598029E-05
4.64094553882125E-05
7.23196695307437E-05
9.36366465978633E-05
8.74944354989976E-05
3.5101602106413E-05
3.99413075454077E-05
9.13853391826925E-05
4.59802059289418E-05
0.000103917029571849
0.000123247229488768
0.000121061842654551
0.000113888275961084
7.88449931432712E-05
2.14683483728286E-05
4.39016617773E-05
7.40655803653335E-05
3.89321234105206E-05
6.83803735089468E-05
8.63683714505889E-05
6.49978705413226E-05
8.11776881716886E-05
5.59045011305819E-05
8.35897342457801E-05
0.00014417038368577
0.000155447963976941
0.000114827786661378
0.000118691925703598
0.00011359242920535
9.0164014906213E-05
7.74822344054071E-05
5.04473933019369E-05
5.64339433807246E-05
5.15132379278144E-05
5.90983709057928E-05
6.12871891585727E-05
8.6433572739736E-05
0.000104376028263124
9.39208547123806E-05
9.58182169986152E-05
7.79407944404611E-05
9.091017195961E-05
5.6923326483616E-05
5.04847920654571E-05
4.22930224104411E-05
1.96024903322743E-05
1.73732280659988E-05
-5.66130922599053E-06
-4.04387730084988E-06
8.2130673646114E-06
2.91305491497873E-05
5.23586051222619E-05
0.000103159913619239
9.70510394574141E-05
8.81431606920788E-05
0.000132447309556201
0.000119711205308799
0.000112394953207233
0.00011052793702337
7.95107201185062E-05
5.42188492399115E-05
4.27542323242634E-05
4.64409948587291E-05
9.00514020169585E-05
8.55976858149519E-05
6.76617705715662E-05
9.86450603654975E-05
0.000104227865201068
0.000112498402459899
0.000122549851712659
0.000117173460514949
8.95401699293277E-05
8.85046208807551E-05
7.71915414896193E-05
3.02585666729204E-05
3.50792101959062E-05
1.2876507112748E-05
4.20399424659762E-05
4.41782024494057E-05
3.25690282949482E-05
7.05540913528722E-05
9.39102809822202E-05
7.12005009386684E-05
6.38356944368566E-05
0.00012396262616944
9.25639347697562E-05
8.76916516877651E-05
8.18273855966822E-05
6.62450923379237E-05
8.07014238074423E-05
6.47406499044138E-05
2.73199738507991E-05
1.97090368433924E-05
2.26220358854546E-05
2.37178445675416E-05
1.83954398207482E-05
3.18926460485615E-05
-1.86742175852887E-05
-1.35816896475962E-05
-4.54559138541456E-05
-1.28691855139514E-05
-2.29396265388174E-05
-2.15400204421942E-06
-1.48173712070423E-05
-4.40162750392237E-05
-3.02781874261407E-05
-5.72942836284301E-05
-4.35922146947596E-05
-3.054225593613E-05
7.83801143417411E-06
-2.99942277140368E-05
7.38575698239191E-06
1.64047318978476E-05
3.38846833012911E-05
3.72388668652773E-05
6.22967398757204E-05
8.13117226944949E-05
8.30406708023948E-05
6.17841004058599E-05
6.12125983434742E-05
6.38727301714316E-05
2.62851687115154E-05
1.55138524816836E-05
2.32132241961209E-05
0.000179855422266526
0.000213652296520325
0.000261632412100258
0.000300700676462983
0.000361931471425753
0.000394267808464539
0.000471546496575426
0.000567027788584607
0.000623917303149407
0.000655903404580157
0.000524689537969588
0.000490672520292223
0.000446911245249899
0.000461524821693878
0.000441496431454419
0.000338810560767591
0.000267567739065049
0.000175441972167536
0.000132133209658668
7.50898036204183E-05
6.00776961012704E-05
5.37000427054157E-05
7.49898090069844E-05
2.55433284598065E-05
-1.19737706743713E-06
2.95171885702302E-05
2.24655857349896E-05
3.82152072945322E-05
4.6306691215551E-05
3.5797264800678E-05
2.55889460495673E-05
2.77940138214101E-05
-7.06978047582588E-06
-8.97159382344146E-06
-1.95077940560756E-05
-1.2847507218122E-05
-2.62981579891418E-05
-2.59501122897094E-05
-3.71558708432262E-05
-9.00810594424507E-07
-4.53009723520087E-06
-1.06583238745071E-05
-6.11146001020976E-06
2.1800010259076E-05
2.36010638930845E-05
3.94904000347818E-05
4.10307508070235E-05
7.0495724052323E-05
5.60086754068712E-05
4.21601987383481E-05
6.70547087915169E-05
3.73345372941551E-05
4.78169504059686E-05
3.22155619276386E-05
5.52825993555691E-05
5.69236229310891E-05
5.1533442457263E-05
3.60329832136997E-05
9.1599125123914E-07
-2.83461063215914E-05
9.31505252721222E-06
3.22675082608535E-05
2.96910507490786E-05
3.04579375861423E-05
3.50304370704796E-05
4.03755258056967E-05
5.79665553412022E-05
7.72957812556699E-05
0.00012677007545851
0.000152294827774247
8.90472687061044E-05
8.27136327656051E-05
8.57983353284481E-05
5.87585087450074E-05
1.65397652222841E-05
4.82997441032977E-05
8.02653869269483E-05
7.67528421025301E-05
6.2786458839862E-05
1.4642183085527E-05
2.51923037295581E-05
4.22632529515794E-05
4.70221095461609E-05
6.16533391785379E-05
9.86161459323631E-05
5.47312318603767E-05
6.72196298803733E-05
7.02627221825554E-05
7.19382706724763E-05
0.000104754272538302
0.000109825777628178
0.000111561289855992
0.000117103258383716
0.000134268336940778
9.72963855459784E-05
0.000128225536824071
9.66838161948235E-05
9.433077463736E-05
8.18308469737658E-05
8.26482874230265E-05
9.32301980496491E-05
5.97237694501886E-05
6.30713010489557E-05
5.71676624658217E-05
5.68353634876194E-05
4.39112534538349E-05
5.28602013887067E-05
4.80721813087965E-05
3.17046501258754E-05
5.36855049423361E-05
4.76613701599376E-05
8.99302968457669E-05
6.42981701893492E-05
5.9714341500776E-05
7.86585175674533E-05
5.61945083771791E-05
9.63443710697152E-05
8.53312763448141E-05
0.000112087780680119
8.42726039196576E-05
9.5791080643082E-05
8.46499548741329E-05
7.29906165908632E-05
9.04541235604773E-05
0.000114630853183742
0.00011197201444229
1.62731938775641E-05
4.01874358691883E-06
2.30983889066058E-05
2.17018450752197E-05
-1.6193186426059E-05
-3.35635109673453E-05
-1.20590109172356E-05
-3.94176612415539E-05
-7.73375275279997E-05
-5.64539038520211E-05
-2.33380065311155E-05
-7.38561734268226E-07
-1.54965046704641E-05
-2.9772430031345E-06
1.49489785639059E-05
2.08153156759807E-05
3.37691881977347E-05
1.18759224865442E-05
1.64231669799118E-05
7.48564786111297E-07
4.40866942267022E-05
2.08158126734507E-05
5.67541372761077E-06
-3.07630897096165E-05
-1.9256003596579E-05
-2.76840404032325E-05
-3.78819168073633E-05
4.4804946417618E-06
-5.09555893268541E-06
-2.6691579308933E-06
-3.26999869460865E-05
-2.68168787894803E-05
-5.72580420489866E-05
-2.67111772396891E-05
-9.75166288148661E-06
-4.01008532471631E-05
-3.71988754174218E-05
-5.12549021968001E-05
-6.31086720377184E-06
1.44083146396988E-05
-4.92217494098576E-05
-5.94519297142449E-05
-2.91779939884254E-05
-3.23286182419134E-05
-3.05809372124559E-05
-3.21298619678562E-05
-6.10110979899971E-05
-2.5107767615697E-05
-1.15390275094906E-05
-4.62457523406592E-05
3.92609727091131E-05
4.8761146675568E-05
5.38324701141465E-05
7.07724446287964E-05
3.00020875616407E-05
6.29518155001124E-05
9.11601125804274E-05
4.47029674435578E-05
1.82396990726189E-05
5.27206662565572E-05
2.20947963972738E-05
1.60557580383049E-05
3.92593388934604E-05
5.10955016253762E-05
3.8817978569105E-05
4.94697258412818E-05
2.58412704371532E-05
3.4695820395917E-05
-7.28750907906288E-06
-1.65986310695723E-05
-5.07338495329774E-05
-3.82260147382704E-05
-2.91152702346837E-05
-6.53333110244652E-05
-3.13571323825539E-05
-2.66307949655389E-06
-7.63751952965485E-08
7.48184627615405E-06
3.57882194763965E-05
2.89720666946809E-05
7.47570865072188E-05
7.00416065340312E-05
3.64034798375956E-05
3.52533941728324E-05
1.31781837445581E-05
3.87563875028216E-05
6.11366417773832E-05
5.94769262878048E-05
7.02345580837341E-05
7.64540739859933E-05
8.05542993693932E-05
9.27082730676517E-05
0.000129191840756175
0.00017426232691413
0.000203153934532161
0.000158632228308875
0.000167593137999329
0.000201431649162685
0.000178839904102019
0.0001749473174408
0.000173633114461019
0.000143614625369485
8.9964657717448E-05
9.67296006460914E-05
6.04773819053543E-05
7.2693307391916E-05
5.74535397829644E-05
2.42550762720475E-05
1.48942332100619E-05
-1.1708530889149E-05
-9.64735034784078E-06
2.36606969910704E-05
6.15334009105166E-05
5.61171002838912E-06
1.03417921683234E-05
-3.13368124505337E-06
-9.48128921886125E-06
1.95283603658589E-05
-2.19090557526117E-05
2.00313310949517E-05
8.06298079853566E-07
-1.47528664225883E-05
-4.57031996285847E-05
-2.13103214158591E-06
2.80163521122415E-05
2.31297615263466E-05
1.70992874592202E-05
-2.93975142342278E-06
5.12755201068099E-05
-1.01062867012457E-05
1.52214102536162E-05
3.94231294774802E-05
7.57423961974031E-05
5.51023288671181E-05
6.33724863719665E-05
4.62109481763052E-05
9.26014378152769E-05
7.12390088591165E-05
4.26647603777512E-05
8.47245019061495E-05
4.62677133234494E-05
4.5531524939031E-05
3.914334723699E-05
5.82956471879625E-05
3.01142870769131E-05
6.5651833657342E-05
7.2006550324671E-06
-1.37199503627419E-05
1.67495823645083E-05
7.82569253004713E-06
4.15758472138362E-06
-8.05095747635693E-06
4.75380034848676E-06
-1.94596090638226E-06
1.47048736661819E-05
2.60699902492768E-05
2.3178821252103E-05
5.82519760184423E-05
4.63340162362208E-05
4.17321957929812E-05
4.50441546158422E-05
3.50328104032493E-05
3.34445673504459E-05
4.63323762452139E-05
5.13382888013839E-05
4.98675406230713E-05
8.57253905383259E-05
3.98244854665074E-05
6.91586031725719E-05
0.000110405313616816
0.000142444423418578
0.000175589393720248
0.000161501299883452
0.000135761676467952
9.86674046049287E-05
0.000100043836843285
9.64373642794882E-05
0.000141053124243606
0.000125391998281139
9.4273620903341E-05
9.35850564546423E-05
6.54591207006432E-05
5.46121890710836E-05
7.29074963710082E-05
0.000132822278817231
0.000101263474568316
6.81099683303447E-05
0.000119099636684672
0.000130155766040116
0.000132410511121726
0.000115645478943315
0.000162917382880258
0.000210054728337041
0.000172657746202903
0.000116261700137419
0.000107845828174628
0.000152164054459141
0.000131834327091972
0.000152851383038233
0.000165294815911692
0.000180503444199876
0.000130307998763879
8.15682976163668E-05
6.01219928084565E-05
8.85088866963273E-05
0.000139268486044642
9.497044210334E-05
7.52720378405962E-05
4.6216830895299E-05
4.45856633293432E-05
4.05444842649929E-05
4.84641851570299E-05
6.81022415839024E-05
0.000120837781986461
8.72002914599718E-05
5.73002111727281E-05
8.68418309681912E-05
4.19836524061838E-05
7.50974381815572E-05
7.1987371325993E-05
3.07618191632612E-05
4.88927380264662E-06
-1.59004196212507E-05
-2.75101212387931E-05
1.98182616456752E-05
3.3331994775605E-05
-5.21823637851913E-05
2.05063818078009E-06
-5.13935621588563E-05
-9.29823061798606E-05
-5.15084622475086E-05
-4.49104524410715E-05
-3.03900872630883E-05
-4.26305980356202E-05
-6.87839613505302E-05
-9.21638831740341E-05
-3.20409841974697E-05
-6.14063957582568E-05
-6.88794670499818E-05
-2.10522036546345E-05
-3.93581237481319E-05
-5.00613903954199E-05
-7.16961371549881E-05
-2.93936557860629E-05
-2.10155710466328E-05
-1.63021200512104E-05
-9.84320145052377E-07
-6.75886081202244E-07
5.65445398524869E-05
4.80919852822603E-05
3.14602590136253E-05
6.31328227610527E-05
9.50793180883519E-05
5.17002837409968E-05
4.26586856006482E-05
1.07072622756221E-05
1.20944940870513E-06
-9.46665477869724E-06
-4.43776610765748E-05
-2.95997622620585E-05
-2.76317235102571E-05
-1.53559685308617E-05
-2.08724577483407E-05
2.68702129278037E-05
4.00501645806331E-05
6.63561741367482E-05
9.1079562338829E-05
0.000107939943398995
0.000130958466274281
0.000114094993053857
0.000121120852983599
0.000115379466584337
0.000151998989339532
0.000203432763571408
0.000176457354124002
0.000190606547855331
0.000232189917053573
0.000270578896356235
0.000276692128594258
0.000305104804504857
0.00029006093294858
0.00027935516918652
0.000239325114564614
0.000138123794961451
0.000177573314786735
0.000153161292854322
9.32132709867249E-05
3.06288632228778E-05
-8.67106661222968E-06
-1.26754373695135E-05
5.23081351664122E-05
0.000107685043431304
0.000142306325671154
0.000165770827695472
0.000167184939326491
0.000151366211544627
0.000168235378953978
0.000242027406071839
0.000296696066760842
0.000288840964936773
0.000252263919425686
0.000186077953262917
0.000148754883485159
0.000127134762852339
0.000143470710887971
0.000164078064117129
0.000152483111762357
0.000147887627708235
0.00012672198324969
8.40785436653543E-05
9.96333294859098E-05
0.000104135890915225
0.000114862953966632
0.000124721505356341
9.00828003585241E-05
0.00011316871110903
0.000124541537330628
7.43111463028566E-05
5.90578415699505E-05
6.76506776057635E-05
4.56241480591685E-05
6.9691571248418E-05
3.63054486148833E-05
5.49960818964814E-05
6.7959528610729E-05
5.34073859466722E-05
2.86615527138537E-05
5.24555746762273E-05
5.14505903906701E-05
5.69043007910649E-05
5.75688322252957E-05
5.47174948053325E-05
4.36498013838355E-05
3.79771014893329E-05
3.13573573930773E-05
3.38694368099994E-05
1.05980998606087E-05
-3.14875983361277E-05
-4.54227706661723E-05
-1.82164390045793E-05
5.98056304001075E-07
-4.91323193771277E-05
7.06624566262651E-06
-6.68998369699601E-06
-7.55018758087575E-05
-9.38871117789357E-05
-6.756296155795E-05
-3.5860098147049E-05
1.93032498459656E-06
-4.12686625300821E-06
-2.94910397323073E-05
1.64834553973686E-05
-1.96959507844905E-05
3.36008434958912E-05
0.000104351517498314
9.66931878022008E-05
8.10040839361674E-05
8.85682513615895E-05
0.000115829440619324
9.36566648223017E-05
0.000156737094059772
9.50080466117147E-05
0.000120958170770297
6.00445450820107E-05
5.63700046750555E-05
6.55015186612472E-05
9.63656302246825E-05
9.65877998697987E-05
3.22781318377629E-05
5.33430754589637E-05
3.85482755288099E-05
7.39682501247893E-05
3.58797170085891E-05
9.20432863691038E-05
9.30352534995821E-05
9.85818717339663E-05
7.40068156613334E-05
9.11830557617375E-05
6.75717243123105E-05
4.24815173328793E-05
2.37332308250711E-06
1.80907113368714E-05
7.22869945792386E-05
-1.05110536022347E-06
-3.80291538457217E-06
-1.92078900327004E-05
3.73634546182545E-06
-1.53076297785979E-05
4.28764294211355E-06
4.63921917462535E-05
8.23343194306942E-05
6.39870254872499E-05
2.87745937144879E-05
7.97961110591125E-05
4.38399028495321E-05
7.73904553380989E-05
0.000102942470283461
9.40894776906986E-05
0.000194286777541192
0.000142732537766374
0.000120756013792384
0.000141076597193899
0.000141967796053908
9.88927535223201E-05
0.00012838629219751
0.000133043807313164
0.000140941581579619
0.000134271580410742
6.61387626236952E-05
9.20362047617701E-05
0.000110007749948191
0.000112726265123612
0.000128572819977522
0.000160518528926116
0.000152035362555019
0.000115724048539512
9.48589027964546E-05
0.000116447445324748
5.36834467409616E-05
4.19421515766284E-05
-2.38528373328125E-06
-4.75383800463284E-06
-2.69439207835637E-05
-3.15624250928135E-05
-3.95294643805585E-05
-3.23827145115176E-05
-3.46287807309241E-05
-5.89859468267257E-05
1.51585606085463E-05
2.69021517191345E-05
2.60339483987469E-05
2.11570539989924E-05
4.23705460885892E-05
4.26882452434353E-05
6.21599835597094E-05
4.2097663462808E-05
3.02998408824926E-05
1.07199125167942E-05
-1.40227699830985E-05
-5.08298591542378E-05
-5.69862708871729E-06
-3.00829367401796E-05
-7.77128601258117E-05
-0.000100755436840064
-0.00011948927154442
-6.94803638123131E-05
-8.14204718862359E-05
-5.21132769052899E-05
-0.000103283666100115
-7.45429065948717E-05
-0.000106988736633872
-4.3790887262734E-05
-1.88397656154821E-05
-1.21952908466298E-05
-3.18093789102534E-05
-5.62746805698394E-05
-5.60784062637708E-05
-3.45711879837917E-05
3.6534302505693E-05
3.51329303383208E-05
3.9810882827956E-05
-5.00656776311992E-06
2.1351202876477E-05
1.92697564009322E-05
1.57302499474716E-05
-8.08050663679149E-06
-1.1932523515764E-05
-2.48395355306937E-05
-6.92573191026118E-05
-7.5544956197844E-05
-6.06894865049523E-05
-2.40187901115158E-05
-3.63122066562122E-05
-5.00246140954736E-05
1.52181452254514E-05
4.53341963440585E-05
4.7345089257193E-05
2.60087325503888E-05
1.14411350858775E-05
7.91095945599334E-06
-1.6049294099186E-05
-3.64437063739517E-05
-3.76941321970302E-05
3.5802266042538E-05
3.64272036745501E-05
8.42453508124733E-06
3.2081765411497E-05
4.73488458522461E-05
4.3493707949145E-05
6.459392337572E-05
7.26547104061012E-05
5.49443520725547E-05
6.0000570091844E-05
-2.10230498440995E-05
-1.61270685132088E-05
1.45376290258462E-05
-3.21757694752998E-05
-1.52087291786867E-05
3.15310209597986E-05
4.49923186843161E-05
2.25449917789937E-05
2.73930687696596E-05
4.05332554769716E-05
5.4455300699433E-05
9.14780954730098E-07
-1.65527009889447E-05
4.55552768185665E-05
2.55091056153593E-05
-3.13155079660607E-05
-2.26882261930752E-05
2.76647094446334E-05
3.6128850598034E-05
9.55037947049821E-06
-1.75258725267516E-05
3.31981760027107E-05
3.28234659591593E-05
-1.03654833925972E-05
-6.36717339019693E-06
8.04869441658628E-05
6.09817155421966E-05
1.74652730511728E-05
5.49815328247823E-06
-4.41643046772413E-06
2.9402680655436E-05
1.13706603146241E-05
1.75921733790772E-05
6.24025090955335E-06
1.38338191068704E-05
-2.52049079317094E-05
-2.40364060868915E-05
-1.83775082610401E-05
-2.94140324604011E-05
-5.46152987464913E-06
-1.17293692099774E-05
-3.66772104906839E-05
-7.03241724634213E-06
3.47337340793088E-05
-6.3295150528453E-06
-4.18703195025256E-05
-7.56897990424013E-05
-5.8047710252671E-05
-4.33346183187739E-05
-5.79342259215022E-05
-1.4262592330564E-05
6.1876255811401E-06
-2.28213552177233E-05
-4.8481110175736E-05
-3.31377132666075E-05
-1.35500783086084E-05
2.659041050006E-05
4.00814527199951E-06
6.30412655173157E-06
-6.17595573547291E-05
-5.10756738442566E-05
-8.9324685120811E-05
-7.14460622756021E-05
-1.74483953004396E-05
-1.1220824786447E-05
-1.28058189563273E-05
-3.70939551828026E-05
-2.02845756234859E-05
-2.98103182287161E-06
4.54605221930417E-05
3.45208105501353E-05
8.98637727230558E-05
4.64169850020792E-05
-9.38358447021897E-06
1.53627108424493E-05
4.92334119952459E-05
4.53142617998035E-05
3.96906152504303E-05
9.30239824794352E-06
2.70581275766073E-05
2.62537219215168E-05
-2.2274509883227E-05
4.28574432326578E-07
-2.28570889010515E-05
-1.99343858618345E-05
-4.30133044602846E-05
-4.69168765102585E-05
-3.81779497369811E-05
-9.27374026789893E-06
-5.40813687913393E-06
-2.07005707707236E-05
-2.07329704201941E-05
2.64538791303021E-05
4.36813624526711E-05
5.86672812997764E-05
3.93931424515898E-05
7.80041028438733E-05
7.81121021839793E-05
5.37890682646221E-05
8.64581778444437E-05
9.42653872262517E-05
0.000128117298435842
0.000103004851042586
9.23329094104329E-05
8.78196394609721E-05
0.000164945990940517
0.00013729721168086
0.000135293181983162
0.00016855341935316
0.000140720019245535
0.000127157008802732
0.000115510758723931
0.000135980898600021
0.000146724133332706
0.000128452928036227
1.83609134159231E-05
4.21434449709181E-05
5.78720931568211E-05
6.45271590403597E-05
7.18427620434648E-05
5.60246451355226E-05
4.98813346400826E-05
-1.82797595284591E-05
8.96813538195337E-06
9.9123705591149E-06
5.36940120886457E-05
9.0593160373845E-05
5.97600922356698E-05
3.6523289867943E-05
1.19597757609E-05
1.08429201042536E-05
1.04379645310252E-05
3.74240238950319E-05
4.34322767904661E-05
-7.39379387373698E-07
1.21405469732831E-05
-3.67909754601719E-05
-5.5039289643746E-05
-8.2301106681957E-05
-7.64114162841105E-05
-4.22784896395085E-05
-5.82213068241654E-05
-2.14371145126325E-05
-5.56081838064543E-05
-2.72580804264958E-05
6.53355999647954E-06
4.34667975826888E-05
7.13846213490546E-05
0.00010093969206922
8.50181494983521E-05
6.59409576101515E-05
8.46246568761122E-05
6.7645669506457E-05
8.04990840250302E-05
8.02027231399402E-05
4.82203747673035E-05
2.51372336788142E-05
4.26331704172755E-05
7.23936037858422E-05
0.000121055318325466
0.000102825045256865
8.06878725386425E-05
0.000129538540818028
0.000135589772787915
0.000130746550832538
0.00013090632919369
0.000146446447179284
0.000136173427504656
7.9429540696589E-05
0.000124730611713228
0.000134664917853743
0.000197246497627353
0.000128211539927515
0.000112719753978347
0.000153002159305133
0.000175092670506559
0.000147083597860869
0.000128330918101836
0.000135995896222082
0.000110392259070465
0.000108876320683382
8.46497573213059E-05
0.000124076162901787
0.000150522130372062
9.72678823537585E-05
6.24751502101696E-05
6.99713329996821E-05
0.000142257063080243
0.000130700440363456
9.35855351011653E-05
9.30941211476691E-05
7.92632712873846E-05
6.43076746045916E-05
4.57717473437628E-05
2.04510071847022E-05
5.4741707216858E-05
7.32984974827267E-05
-5.04592347747249E-05
-3.10319162744519E-06
2.07601447656155E-05
-6.56349467218486E-06
-2.84443782562465E-05
-5.74195458698589E-05
4.80216892312244E-06
3.61328575990606E-05
4.92817879203173E-05
1.65920973289523E-05
0.000112685988920201
7.55874439653431E-05
4.38804241313125E-05
9.81271294253546E-05
0.000147377428640486
0.000184869850968715
9.1810876625916E-05
0.000104565672595304
7.39511391091138E-05
9.91207374976942E-05
6.31387158024585E-05
8.16678641053046E-05
0.000129141602517182
0.000188219950707603
0.000153087801353092
0.000143094949427958
0.000193839365416669
0.000178548147253359
0.000139690125507296
0.000149450978390681
0.000179256795733183
0.000165022994117525
3.07920340645947E-05
1.05080057639104E-05
6.19041245243301E-05
3.33749018497345E-05
1.50463944541382E-05
5.92380919417715E-05
0.000119889639260554
8.79553639165895E-05
5.60449629120302E-05
5.60449629120302E-05
0.000137928048817771
5.78853509547763E-05
7.10720868460564E-05
7.10722377146696E-05
9.67929668732848E-05
9.75461861339411E-05
8.48354542672231E-05
8.25024669589311E-05
2.62805403647535E-05
-5.06273928893218E-05
-9.67292553050615E-05
3.24862832442605E-05
-8.4177900695038E-06
-1.83549806085888E-05
-3.10756387087099E-05
-4.75962237480455E-05
-8.92712334453336E-05
-9.38340860220023E-05
-2.76172096743881E-05
0.000105317958538263
0.000141145533745803
7.21901632168413E-05
3.85353919347894E-05
-1.02817527099175E-05
4.86859913234628E-05
3.94332674692936E-05
-5.69246758944953E-06
-1.2235935101847E-05
7.48158630180676E-05
5.17403083451655E-05
7.68774939985608E-05
4.94020156813885E-05
7.84649793831533E-05
0.000140035524020849
9.56245763194346E-05
0.000149408169635721
0.000236431264434579
0.000233691739315291
0.000198016709496338
0.000151984397613476
0.000195860453496502
0.000239253320509646
0.000231165141768929
0.000219125383930127
0.000169739211694921
9.91276226555533E-05
0.000131937064304137
0.000118069891846954
0.000103498477379186
0.00012608475488397
7.80500463071664E-05
-6.16733011805209E-07
1.75612771511023E-05
3.46404074369206E-05
9.20127279486861E-05
0.000150253640409043
8.78336461159826E-05
9.3710398870854E-05
5.91618895511256E-05
7.19696313194259E-05
7.64962348073387E-05
9.35050440394007E-05
0.000117766613545798
9.76730853484734E-05
6.54412183234692E-05
2.88513632412234E-05
3.06594865000256E-05
6.86887156180763E-05
6.40713246833659E-05
1.22366183245417E-05
1.95994373417276E-05
6.10592994696892E-05
2.31749549242036E-05
6.12993113595642E-05
6.61861384144635E-05
1.07697342025783E-05
2.67381217169502E-05
2.16548320640367E-05
2.54993079980618E-05
7.50047228500752E-05
2.95376112231468E-05
-3.30892150761766E-05
-3.25910214402174E-05
-4.27074219214453E-05
-3.64627674882655E-05
2.37726100038487E-05
4.8705412648124E-05
5.19701974116533E-05
1.78392562685832E-05
2.80248262353012E-05
4.53241474080315E-06
5.28949543693275E-05
6.96165141514109E-05
0.000118993374633833
0.000168973058882297
0.000234068123379248
7.17729982994894E-05
-0.000166333436841398
9.97470276580447E-06
0.000123771098428998
0.000170727705437713
0.000149807570819462
0.000123130245289518
6.58553625626174E-05
4.78501737568306E-06
-7.01928001603885E-05
6.07934632309039E-05
0.000284163443437615
0.000139760983707658
-3.93572384321759E-06
0
0
0
0
0
0
0
0
0
0
0
0
0
0
0
0
0
0
0
0
0
0
0
0
0
0
0
0
0
0
0
0
0
0
0
0
0
0
0
0
0
0
0
0
0
0
0
0
0
0
0
0
0
0
0
0
0
0
0
0
0
0
0
0
0
0
0
0
0
0
0
0
0
0
0
0
0
0
0
0
0
0
0
0
0
0
0
0
0
0
0
0
0
0
0
0
0
0
0
0
0
0
0
0
0
0
0
0
