0
0.00206780689514891
0.00223591112797741
0.00373656870142945
0.00312058302742494
0.00294884774955333
0.00255631288293187
0.00238833796760471
0.00254241655204509
0.00241622878500448
0.00222578152950901
0.00210212919406476
0.00191277265270243
0.00186933671100957
0.00172630326176588
0.00161054115442628
0.00159574585668898
0.00175100029251419
0.0015614955784703
0.00175499466303538
0.00165160249458516
0.0014944015453008
0.00157997413195686
0.00157565179153923
0.00154644869706959
0.00180520408820205
0.00149760934566533
0.00143251900051988
0.00141887497652615
0.00160225611096373
0.00152358295339248
0.00191969771397129
0.00162226130472929
0.00152054521910515
0.00139440976671163
0.00147071765387707
0.00141027186986513
0.00139011002158785
0.00158307726922792
0.00138660272576666
0.00133851454325855
0.00151168885514072
0.00149899194746477
0.00159048346919869
0.00142751484793678
0.00144782009576049
0.00141117031415036
0.00156148743067614
0.00149620872172027
0.00132688064522765
0.00129969841202248
0.00144747394420049
0.00136372830852397
0.00131621410905835
0.00140174384090647
0.00143706044121128
0.00172558353377786
0.001280283162737
0.00120641325552007
0.00143525638241586
0.00141475098499231
0.00140051124759625
0.00148005143989618
0.00173959211972092
0.00123981390163126
0.00153009892607557
0.00183549995911975
0.00155183404079722
0.00121585661843681
0.0013335576657445
0.00117996048199148
0.00123369798389888
0.0019497158723716
0.00158069912485887
0.00133429936624769
0.00137376489555176
0.00131526181862915
0.0013639531717267
0.00129430141184188
0.00148281666898269
0.00165090298780605
0.00165647008125284
0.0013320776378068
0.00131280607422785
0.00133117031975714
0.00196623508586953
0.00141015486674839
0.0017659212217587
0.00125477657699473
0.00137129676123953
0.00129699984509073
0.00160077795601767
0.00141377651315715
0.00151091264411567
0.00128231119749083
0.00137063054857468
0.00149123115600534
0.00155733613790247
0.00135255724909207
0.00117325166139569
0.00127296306504432
0.00134753448693924
0.00165307398940679
0.00130368734043917
0.00130601564278017
0.00133179562555849
0.00124905792417442
0.00156300035350321
0.00134836918029221
0.00143587119671109
0.00158380804010419
0.00149264582017742
0.00161360455971673
0.00171694374672649
0.00190826680600667
0.00146383196673668
0.0013283526432127
0.00142546205180675
0.00127273913608783
0.00165056645921656
0.00149313784186865
0.00133562866564244
0.00155029925936251
0.00151797438390179
0.00143881468964396
0.00126618839749877
0.00148654972706235
0.00158145815009771
0.00133586678135728
0.00115338799164989
0.00164022645378714
0.00144318644756094
0.0011777562686743
0.00133145693731178
0.00151291937784893
0.00167869821849244
0.00136816025284708
0.00138792144284125
0.00121666828322314
0.00115745180343669
0.00128277925684384
0.00122072347467851
0.00131187081378376
0.00116569012884064
0.00108174306653649
0.00129665748799675
0.0012493249446551
0.001664417208932
0.00139214782815974
0.00166125703801051
0.00161080478313814
0.00138131877545006
0.00132448387642681
0.00111288292064302
0.0013204449118631
0.00139044479273579
0.00101557567578006
0.00158955788808965
0.00110818269242029
0.00132786114190107
0.000985741070667302
0.00125108090457818
0.00138258293589641
0.00114947549931933
0.0011824434623443
0.00113687722032798
0.00110706998799247
0.00111784801003445
0.00117127957050485
0.00113904312719329
0.0012900108097179
0.00115770446281438
0.00104155656439251
0.00110763140986611
0.00110168708724039
0.00108007704419091
0.000889462733829658
0.00130937154334084
0.00111199354313987
0.00122504984204926
0.00125163811664292
0.00119241852311733
0.000969059317332119
0.00102154793619986
0.00110973270338451
0.00100924856474998
0.000918697543926288
0.00113453214608934
0.00107643616702283
0.00135215245256567
0.00100916766027226
0.00100662791264194
0.00105632748391581
0.000935301779890434
0.00103830851170037
0.00112693708934162
0.00154934065617149
0.00108026150117072
0.00118083863681136
0.00143720907066383
0.00116477820505034
0.00127336036763174
0.00118931867667841
0.00103355089767101
0.00107921121702946
0.00102446638175545
0.00108778807739447
0.00116725045357408
0.00107565416829507
0.00105913286606733
0.000977091234355803
0.000921341177488778
0.00123837461099186
0.00102737124010516
0.00104187331932939
0.000938130236943381
0.00102055046965545
0.00108232452281016
0.00094128851398318
0.000983826815635747
0.00104221044363845
0.00121111059404081
0.000966354410690178
0.00113201316281735
0.00090826446504452
0.00122859422804737
0.00108683664149303
0.00122808639522292
0.00103051890736508
0.00131192831542295
0.00100504563278494
0.00098038745917639
0.00114496442764718
0.00106090274564789
0.000901652538127707
0.00102889807847226
0.000998827165455292
0.00113737835429915
0.00104310706890601
0.0010521260372765
0.00106605285658821
0.000969656719020095
0.000941335547654751
0.00100811761499927
0.00104108516645154
0.00112462420084296
0.000986886392439422
0.0011763461013348
0.00104481380054586
0.000934778521383689
0.001040782335308
0.000985159096396324
0.00108075502780935
0.00116200431846067
0.00121505310058778
0.00119577228155311
0.00110638255008987
0.0011269449431469
0.000969777929016653
0.000957351190266948
0.00131313260792372
0.00109612261854206
0.00106794045589994
0.000969562565322976
0.00106604113899359
0.00107541566863097
0.00113470477699055
0.000949084068843585
0.000888008329424083
0.000943811403367936
0.000931347392114836
0.00100004583687676
0.00100832863449326
0.00102377122966995
0.000930186318561859
0.000882192557013422
0.00112433405481562
0.00106633726192821
0.00114954467992345
0.00096783690489365
0.000997362029759752
0.000957458663184807
0.00106451246923358
0.00105390599274656
0.00095208495396646
0.000913533342783223
0.00104685858831213
0.00110068661129001
0.000941918010629368
0.00104145755003338
0.000835739571417808
0.000839324993589652
0.000895344724599095
0.00079596844084139
0.00093862989996713
0.00119012536909844
0.000847011535825959
0.00103108230624515
0.00107884562459576
0.00111438066669683
0.000930707262456052
0.00122830979645097
0.000966243513555248
0.000835173988408245
0.000854885545650773
0.000829036464309541
0.00100129601157048
0.000878639002688769
0.00104881993061092
0.000920281601335723
0.00115827501461038
0.00106155113651992
0.000975006795942933
0.000934260282709891
0.000946893624159373
0.00101404938804288
0.0010655917143813
0.000935219754122245
0.000880960912592148
0.00103143146278125
0.00109919482884486
0.000891312583394219
0.000999820297563476
0.00155686021417313
0.00105558232775226
0.00110070511620688
0.000958817507963741
0.00118553572831013
0.00114610436659401
0.00081326237665206
0.00103315786274142
0.00109567333853826
0.000953907972983091
0.000891157925930787
0.00100288307460405
0.00104010933883671
0.000924976456902155
0.000895277648786104
0.00100950498003286
0.000924829903541662
0.00108460509971455
0.00110275760577507
0.00117677325493224
0.000992000086919447
0.000831478425549939
0.00112697404067023
0.000927010150403079
0.00139647226849775
0.00105272503055657
0.000893125443225366
0.000959184653348333
0.00112785508468476
0.000965329146676369
0.00106144231790405
0.000882329318543269
0.00113530286104137
0.00092700038995561
0.00111282146640753
0.0010353205606697
0.00107209470941617
0.00113305117165145
0.00167542636693546
0.000974511039666233
0.000952154677375171
0.00100613128255508
0.00107942656396752
0.00101196802215062
0.00108004357208688
0.0010149790612189
0.00106695434263178
0.00100238005204247
0.00114408992053633
0.000940578339790032
0.00108008498541251
0.00115941226768708
0.00113105061515804
0.000961218500896746
0.00112654524962998
0.0010698505119787
0.00109214063387828
0.000961425676144453
0.00109171362545204
0.0010818972092983
0.000942272385320897
0.000972591612815177
0.00108316937775127
0.000919930594879721
0.0012522195856591
0.00106651601615379
0.00111960690502599
0.00109061200336044
0.00102563117794217
0.000930950777752099
0.000949640408331764
0.000996795158732565
0.000972322526097251
0.000944396156281153
0.000873534086004656
0.00113035907812017
0.00103471451258704
0.00103168866729803
0.000952555038861841
0.000854633034575198
0.00100896583839436
0.000851948747158033
0.000868864557042137
0.00110958651380441
0.000924830177613236
0.00100783821885046
0.000891759827413109
0.000958889547572186
0.000910384156944768
0.00114228439700379
0.000849385560522264
0.00082838696855763
0.000909442977988406
0.00116942540942605
0.00107173379635036
0.0010446654480697
0.000949043632660824
0.00100642276243989
0.000937552223998416
0.000904224684761509
0.000922135800044202
0.000894362731376702
0.00111583395933792
0.000958062209685422
0.000878908583109743
0.000970197079163711
0.000977026002534732
0.000873919789005865
0.0011988809642908
0.000864221947811402
0.000918377079329225
0.000891770401228671
0.000937105737094792
0.00105078496356443
0.00116260448806333
0.000954870580135699
0.000913520055430805
0.00100750443092358
0.00100207942544469
0.000909297667562234
0.0010194952989117
0.0010052858269606
0.000954613866671893
0.000931946204038288
0.000897552899637902
0.000987387855276277
0.000888701754539112
0.00105408819915927
0.00101011697396301
0.000902811271234144
0.000959863605786651
0.00104216084883463
0.000961002197929148
0.00104576431022121
0.00101653409880772
0.000945247222393117
0.000835338977009675
0.0010134561327696
0.000838146137352917
0.000812040475818076
0.000853991542285355
0.00117908704960791
0.000820942417704094
0.000915507922493284
0.00106510778295928
0.000867514735666232
0.000822225154271824
0.00102062166398773
0.000958286824677785
0.000812744803134418
0.000889579739599326
0.000801593354840847
0.000910276346590916
0.000784065171361874
0.000956740901194329
0.000945408172037714
0.000859277889116576
0.000908650804342485
0.000900485281234287
0.000850030479467234
0.00089415550122536
0.00111029390239729
0.000895558109308431
0.000762852835532327
0.000885480441257419
0.000981112292197862
0.000861517265830239
0.00112202612818759
0.0008241911194087
0.000960987057279807
0.000859886208165695
0.000923617650358321
0.000882289783689581
0.0011896279778862
0.000877216549184159
0.00100656315909138
0.000808468790704822
0.000844150942094237
0.000788840094996304
0.000856239487754914
0.00082687503954304
0.000918394489069193
0.000914741594278461
0.000885768819110317
0.000866568751649107
0.00143546218570533
0.000869172135955926
0.00137200275293213
0.000839980532129192
0.000867400950683063
0.000840850094465066
0.000783506655567714
0.00100299463838303
0.000892828823029673
0.000906342478064245
0.000937099190021914
0.000865010094689596
0.00100304825941848
0.00105192789696131
0.000842071846886403
0.000807745785053291
0.000890775764591781
0.000754278678649678
0.000827286624238356
0.000854366870971002
0.000858897217169208
0.000914043581638887
0.00090420662689757
0.00119979325100521
0.000750465826794813
0.000959889723898476
0.000827638013321114
0.00110198839649332
0.00101901934687644
0.000838932488055534
0.000879344239671094
0.000789078093126481
0.000797916974308498
0.00088573295179969
0.000789554615301961
0.000852551165390537
0.000832550324047857
0.000886369768706702
0.00082970437328628
0.000732441344789593
0.000956818806214532
0.000973609528766086
0.000921117622434137
0.000915213163611552
0.000802474334820292
0.000932544269611709
0.000836544561526037
0.000757940490260305
0.000828866856578013
0.000911095962790866
0.000755179388682561
0.000844396410856938
0.000869959539062731
0.000905075377793521
0.000825143958499539
0.000859230604563102
0.000875562345231253
0.000973940775721942
0.000844854340517985
0.000870479496942301
0.00123890425592464
0.0010707154474091
0.000796894761366228
0.000850930428359526
0.000833244225990415
0.000940198936348055
0.00111778729686389
0.00103076163418809
0.000988684706818199
0.000858035954426579
0.000843947571107813
0.000710049046901171
0.00089578527490701
0.000761124811024293
0.000864916944710633
0.000978372057539837
0.000897328726798946
0.000902059815852469
0.000979788120274179
0.000849339264424592
0.000963545874868475
0.000842329605329896
0.000866887304582721
0.000952404771554004
0.00106834289141555
0.00087457758547451
0.000802480682276449
0.000973814623397406
0.00079689840594742
0.000866204074548915
0.00110797205327764
0.00118452148803115
0.000995580258268827
0.000831333564701264
0.000738778842912082
0.000770640087619505
0.000879600261615917
0.00095321855361608
0.000929587570374646
0.000703103304298268
0.000867108714132328
0.000889451314869566
0.000855739637232553
0.000811796229864762
0.00082799270134999
0.000868858111293861
0.000910482972013514
0.000787972398958755
0.000823206404857139
0.000987199222400575
0.00080911976688583
0.000810957665891873
0.00098146977720307
0.000762894511992054
0.00089123814051918
0.000864036382793448
0.000834715860255341
0.000910182139686548
0.000792304984187605
0.000846837576906795
0.000816359917744283
0.000796122095243201
0.000813975614628062
0.000874671658381864
0.000754095012351202
0.000772733228449188
0.000723755386151989
0.000808878571898989
0.000897285911554134
0.000785744579271745
0.000883708343645133
0.00090509834543278
0.000881032812821972
0.000865128954947879
0.000844898530247578
0.00090422598750212
0.000890433343456219
0.000991175430006903
0.000853143950831133
0.000904587999048562
0.000799983600834453
0.000871961220996443
0.000907792819453731
0.00083229106370696
0.000744321740429487
0.000753493815418852
0.000756648850187574
0.000880728241729023
0.00082447348078306
0.000845032742569713
0.000895517138839444
0.000873629950219543
0.000754620907488455
0.000912347676308245
0.000902701736275507
0.000809484968997038
0.000828534501513827
0.000875387618118995
0.000916959207046218
0.000901208671780448
0.000840357428363444
0.00084740979740393
0.000743021437616273
0.000783179495699621
0.000730338847626373
0.000930001014130244
0.000978910293638166
0.000843799329737132
0.000976186171035449
0.000869533123596522
0.00106985769294759
0.000893283228059199
0.000812392707934041
0.000935674397212553
0.000914199316259651
0.00078014712935035
0.000880783034174432
0.000906974989544831
0.000808148409370786
0.00081401159824426
0.000904972189101856
0.000922390250717129
0.000759675277475818
0.000757119111106671
0.00086032597942581
0.000903854098892789
0.000916067945680447
0.000805396383647401
0.000866716550886039
0.000902017449336353
0.000890998951614764
0.000852511350328708
0.000877227280040197
0.000844463743723608
0.00100077139394346
0.000799278524915621
0.000867543060695761
0.000957873866115897
0.000759020069776252
0.000965850362020385
0.000880384206890414
0.000848890131905953
0.00115562375490362
0.00116594173935302
0.000787120077701442
0.000907515196893253
0.00090787787828523
0.000832057668353779
0.000743305988364125
0.00096611844582375
0.000892815128291995
0.000877102142777744
0.000919460112168775
0.00219189649798142
0.000943541899838694
0.000977740692310023
0.00181127897318729
0.00097244144209421
0.000868592423335725
0.00068110962583008
0.000811810149098729
0.000923831175785066
0.000878022587377387
0.000855542227166578
0.000742388775928458
0.000746560453799917
0.000871896164534981
0.000888903825446873
0.000825172873576759
0.000972462179706465
0.000944442614795551
0.00076020964739154
0.000774196726117276
0.000729144296852419
0.00100124384886485
0.000794095415754587
0.000931596140835757
0.000757469780337302
0.000755606004429879
0.00087620454909401
0.00080260666221333
0.000956412577771248
0.000797493814511875
0.000875396971825689
0.00086402591680048
0.000842516871153725
0.00101096182212916
0.000806378577860634
0.000846145500894271
0.000976202356901813
0.000920206356096091
0.000907217274087548
0.000761267176536532
0.000875196197982289
0.000847037232382176
0.000828385390403677
0.000889866044421391
0.000870929523029101
0.000840489948249695
0.000753299975588633
0.000800490771978375
0.000775456585856719
0.000733030736534225
0.000832064357988626
0.00079355772453146
0.000768172003448066
0.000830662622657771
0.000966393617016599
0.000834522869761583
0.00100547815965819
0.000738260514050569
0.000775731539163998
0.000822147591145982
0.000896953166598718
0.000777352196315821
0.000899292830435168
0.000787314725089675
0.000888502443183861
0.000752761815663464
0.000887064234830808
0.000839568399622252
0.00083207181396577
0.000827842860135675
0.000923816556244803
0.000880497986080264
0.000839068708296924
0.00080680817847225
0.00081248142649003
0.000878374968889279
0.000851069420030779
0.000856361289452296
0.000815214887603475
0.000826004485476232
0.000727430133894245
0.000633078388572712
0.00085978390183733
0.000766583001108047
0.000917435252344275
0.000830222975051006
0.000817733596584877
0.000855108538493082
0.000771965757119302
0.000887884385532426
0.000823771510359349
0.000872904653987235
0.00087727598814235
0.000795883317228753
0.000854876837535283
0.000901956264692587
0.000819648111142433
0.000813043068416839
0.000780977941447328
0.000681460715233946
0.000951149001334214
0.000842521727585268
0.000933064188009127
0.000970295203851846
0.000824280078934334
0.000815067664660876
0.000799833272484627
0.000723028375222808
0.000844422495629396
0.000733226545428282
0.000738691395733695
0.000813349914684535
0.000826539188795638
0.000880093062687105
0.000832576413976695
0.000783194608081669
0.000738282193034519
0.000778494309600891
0.000830074361085224
0.000830428153505703
0.00087673473955457
0.000890135825478182
0.000832009374285636
0.000752155283265997
0.000751495532712329
0.000796176249454552
0.000982315900473075
0.00089085247102315
0.000795258708711066
0.000683398785945899
0.000800673859597962
0.000745686580810532
0.000751503168559008
0.000734604833335382
0.000753216049918153
0.000779770798890701
0.000793082516054726
0.000895245344864852
0.000755354820382037
0.000759948759145156
0.000863045934768514
0.00116353269523567
0.000875938752947372
0.000841375864703841
0.000858085139645397
0.000827247988172758
0.000811220416242967
0.000737514900798787
0.000896835468951021
0.00091465269753599
0.000920879487557862
0.000847962325855691
0.000815745219659534
0.000727321055642996
0.000726192544934459
0.000781165513651231
0.00070802916295294
0.000992424315606863
0.000832239513120297
0.000817907424790409
0.000803036308526818
0.000813120471293519
0.000896801871140337
0.000847715752933367
0.000862536007017995
0.000760871082940164
0.000752524615474964
0.00087861788613104
0.000839609786603345
0.000769700172303809
0.000979090303923796
0.00101886310098916
0.000770241944706507
0.000921634832057911
0.000853657581176941
0.00083392444527848
0.000894398326471264
0.000867798429883309
0.000855316116803505
0.000833836295283542
0.000946652377437215
0.000936574777692788
0.000813153411027026
0.000753365502748216
0.000759743164858
0.00083747869619022
0.000823495125098693
0.000877104308680799
0.000821993461521048
0.000917368552390974
0.000865316844078104
0.000880947773708394
0.000935966325195158
0.000782504294442882
0.000779888906754426
0.000864395924447502
0.000785440665761137
0.000803161179757656
0.000766080537177584
0.000720508970443916
0.0011781105334431
0.00131741825546634
0.000791540375080422
0.000743267366995706
0.000805601537708132
0.000833802960402293
0.000829259699712781
0.000863672672500193
0.000701805697097856
0.000809769711659317
0.000773494331112364
0.000637553069380079
0.000801415401712075
0.00087024493161884
0.000687714670289858
0.000808375856556882
0.000809405315560005
0.00100903968379785
0.000758568059172612
0.000760870615544408
0.000781563458448187
0.000702257802550558
0.000862262226183399
0.000918348348879319
0.000768577485256522
0.000939807343180428
0.0008073978719273
0.000934848406321033
0.00073563861085931
0.00081580074610129
0.000816214483102239
0.000806332455073717
0.000771530569746533
0.000781467513468816
0.000759921833622115
0.000765970656188371
0.000902122702286301
0.000814612816803589
0.000739138973801018
0.000914598210073536
0.000811479311309984
0.000974071191365214
0.00087764769613719
0.000839840648561341
0.000965533654848173
0.00101145220021528
0.000854513218359184
0.00086236723607119
0.000788338252686111
0.000881439740468054
0.00114319757844106
0.000798923290379947
0.000954931823809378
0.0010765902150234
0.000906348469074983
0.000955207371682432
0.000973150367519254
0.001179987970428
0.000907163225179615
0.00101298189630749
0.000918061595009901
0.000983377744784217
0.000920638187351055
0.00082162019561693
0.000857066125566884
0.000943197624231123
0.000848183371431453
0.000868937859345139
0.00104831158006443
0.000847763436335393
0.00101028432422882
0.000926747423683524
0.000934138613290309
0.000927644917900136
0.000941155775381376
0.00079595243711603
0.000874931073884048
0.000768154705398047
0.000828007721144692
0.00091803194996076
0.000928423938943778
0.000919718157217709
0.00101624663040193
0.000827124841084098
0.000847363593035865
0.000841156059016477
0.00083805133122635
0.00080585198273224
0.000810494517426644
0.000839599189635343
0.000780548492563209
0.000971445961513375
0.000991148010013804
0.000901704018189886
0.000953249876126252
0.000761900698554052
0.000799176344858119
0.000942733641298968
0.000698150659763673
0.000870951517655026
0.000817678995095836
0.000999138528758911
0.000902947637906821
0.000822162523977331
0.000834684546880577
0.00082179797576114
0.000852681376775521
0.00085254505702614
0.000888668129073267
0.000836271485010853
0.000874930255700802
0.000902435277362052
0.000841517840144405
0.00080412527432035
0.000872824810794378
0.000839247917264161
0.000899382593540498
0.000725211102536056
0.00100759098305673
0.000947517876311512
0.000907372063383305
0.000808254156058609
0.000864944824220234
0.000791955681545355
0.000798846552351573
0.000843602239189066
0.000850708458883353
0.000804325398036808
0.00074907787382736
0.000770345995541721
0.00077668067777361
0.000730779519488871
0.000863155970094365
0.000898673119398968
0.000834748669626141
0.000803142574855702
0.00103542348240608
0.000848360382368444
0.000783929345584055
0.000777760263761871
0.000817788605527225
0.000883347710838044
0.000857021368959399
0.00074784281603987
0.000823106148079685
0.000843056182298119
0.000736478809228284
0.000823767412457348
0.000944978898430869
0.000921181962032589
0.000757591460370385
0.000770124724297041
0.00076986952232124
0.000858553860409069
0.000811629941213283
0.000741257096173009
0.000811771707055987
0.000795496453961616
0.000807837616857443
0.000829859222848649
0.000981487188700529
0.000825284517306049
0.000860585563218822
0.00082500015443876
0.000870189982361366
0.000819286055974059
0.00080463578569185
0.000980866896894713
0.000776755754900623
0.000788454506388679
0.000903480066025188
0.000701133759873026
0.000907114941968844
0.00100696687252382
0.000794813626691611
0.000778613316141028
0.000640364728862931
0.000841978050586162
0.000775758061223374
0.001042131053005
0.00101950914500237
0.000899419646982193
0.00082763159286397
0.000958683845722973
0.000881632899944925
0.000899276686426537
0.000818297867473888
0.000769430458863775
0.000882239945352047
0.000791568151404264
0.000926058540194922
0.000772569580786272
0.000799666423707218
0.000839426424152153
0.000819715377574971
0.000961907949592418
0.000854005823409398
0.000851235676030459
0.00089292866031804
0.00080829342346435
0.000935058528503967
0.000823364122371969
0.000931485509708351
0.000752763260897907
0.000803364114575652
0.000685267226448933
0.000756180800408706
0.000711869220463249
0.000840270623883843
0.000802721353668702
0.000767651434811548
0.000849623894571825
0.000710761012550656
0.000647034727388207
0.000808811476563244
0.00083996904175196
0.000857735484012859
0.000808033187207388
0.000919990827454597
0.000753520227363052
0.000854089803925331
0.00076966940868553
0.000799530248121964
0.000833498131157875
0.000781068118445839
0.00079005783794968
0.000830905254373845
0.000899065542164658
0.000869896657741986
0.000807568846422573
0.000798594976266404
0.000847976534900455
0.0008564648633508
0.000900508336329175
0.000848801918732786
0.000893274058906793
0.000963925132291899
0.000741679806992244
0.000816362369063032
0.000789351223044138
0.000800414280719246
0.000808975493811666
0.000976702359176748
0.000870838734569937
0.000863436845908383
0.000852634026231927
0.000884634904607684
0.000834373680490742
0.00107498935067912
0.000759538193374073
0.000763770013016905
0.000814947074305954
0.000861446560029961
0.00076880021494788
0.000835569769079272
0.00093832394950115
0.000840961090220976
0.000896930540365383
0.000821629539372856
0.000840440049035318
0.000914639239774396
0.000922262129988333
0.000716607615685774
0.000854413508555163
0.00085287136058098
0.000836799722889504
0.000853019723498876
0.000931686369858727
0.000927583719084791
0.000837477616343
0.000880995768413527
0.000842053529067805
0.000847085422749811
0.000726113844971001
0.000753484797601979
0.000860794018526115
0.000943977783435551
0.000880294554850526
0.000867403754125409
0.000847819034831783
0.000854712528066186
0.000843436447737089
0.000859358066961138
0.00101834316749139
0.000719414981427797
0.000767930702030641
0.00075004046921009
0.000674777070030438
0.000729030838137655
0.000820804750396142
0.000815396727971142
0.000847119715458824
0.000770139142723366
0.00125520302925162
0.000887297150427173
0.000819995901623281
0.000802737327707215
0.000839450536473631
0.000832018313837776
0.000817407304413385
0.000835081477776983
0.000819696155997444
0.000863622857913573
0.000715675496035548
0.000939197991676268
0.000745358849618436
0.000961803879314987
0.00077356368796075
0.000787471906739499
0.000817483114673377
0.000946179966603567
0.000941067108762403
0.000767752516708048
0.000802593625691756
0.000851303812709313
0.000863364258406652
0.000819712770011376
0.000883725151323011
0.000796223230434043
0.000872803806603619
0.000780995441066629
0.000730040802688548
0.000855358314467393
0.000890290548558879
0.000753971202975028
0.00092472513470938
0.000802041087318791
0.000794879661216505
0.000802975533621576
0.00083338554460747
0.000725412196363531
0.00073826286667498
0.00085038494591618
0.000876553472995244
0.000916174734310537
0.000794722540890756
0.000773708761002205
0.000813238973787686
0.000789400051260704
0.000960148398447451
0.000787913085420397
0.000879039808965116
0.000902854668607606
0.000768520989763802
0.000787883697801169
0.000864018842059436
0.000904254045663755
0.00079592888134695
0.000762188997063778
0.000719027227434863
0.00071568696822045
0.00111047927790844
0.00084073757999265
0.000878397188050195
0.00100189504391639
0.000834555658558195
0.000733737483230865
0.000834135251533202
0.000660796571544249
0.000779313069614559
0.000645318075279223
0.000723120844469324
0.000817839323875994
0.000843606345154995
0.000917831475942262
0.000863961381337202
0.000813683508506953
0.00083299339452239
0.000856970261838374
0.000817961783224527
0.000720490878912012
0.000755616008813516
0.000668784722389539
0.000786788015742985
0.000811962895675417
0.000771583864258021
0.00072234464264378
0.000791835092249551
0.000791849203508728
0.000734504217516398
0.000711611147816352
0.000741332086700768
0.000710480120899123
0.000821818750875818
0.000832663650193556
0.000753977477856507
0.000763992148276689
0.000758823352425787
0.000767300367841497
0.000695588838023449
0.000762590751077826
0.000799270252746718
0.000794793365369562
0.000895026581163199
0.000845359391601825
0.000749379725041684
0.00105692371049272
0.00104974015895645
0.000839091635532345
0.00141130292600405
0.00091667135649769
0.00082095641467063
0.000690236108788794
0.00076637927181898
0.000769392046719565
0.000824334795616634
0.000746489996600866
0.000932001950095354
0.000862079375400219
0.000738060871406906
0.000857969663736225
0.000864960945008588
0.000885183577817628
0.000827001200784587
0.000907559594574962
0.00082088127398801
0.000795200478500051
0.000946466189553214
0.000860100748290322
0.000933150073673483
0.000791993798108949
0.000809331765135811
0.000822570270559112
0.000815564193245916
0.000841797333674056
0.000730690400733928
0.000774224768754846
0.000802718744226461
0.000824369990609656
0.00080022338448109
0.000765716128847118
0.000863875779240792
0.000943098893404369
0.000863314930519623
0.000872328185327025
0.000631897002949727
0.000813854846489877
0.000675067804355679
0.000761976829213167
0.000760398995325606
0.000717055260958589
0.000820473259147923
0.000834477076937384
0.000870465949547476
0.000859050394793567
0.000769787953018882
0.000805087234606728
0.000916284600426275
0.000949585002221226
0.00078578678339079
0.000899463881718841
0.000868016578506609
0.000831651890948895
0.000895314321396188
0.000865488749107768
0.00105097727004019
0.000921099420177437
0.000964189747485481
0.000933439531991386
0.000754551081538413
0.000778889812759149
0.000743775082450093
0.000858644907676417
0.000927708819920544
0.000756147332612889
0.000822509491399928
0.000752542749405898
0.000871253446935416
0.00100114049225585
0.000855140831476981
0.000770881085829116
0.0007172509146517
0.000883710982024287
0.000713657298604499
0.000868962949051827
0.000938154159679534
0.000977648813983959
0.000770723216575248
0.000696099455901677
0.00085438694442447
0.000851782994256613
0.000884521789921653
0.00080726457066111
0.000850627068429212
0.000828764407096102
0.000873198935610557
0.000794827058800007
0.000739138548141772
0.000676328326635118
0.000774091956882578
0.000818600327220782
0.000775751816792386
0.000741073209390188
0.000909017726053605
0.000768646845863526
0.00075969912639427
0.000724060459929133
0.000826261509079098
0.000756526956655275
0.000732979388192982
0.000809749406258158
0.000902921509268595
0.000644270288649519
0.000920068685714102
0.000744148473287394
0.000853968324147664
0.000724139612290377
0.000817718060346557
0.000877258637060685
0.000791016702605635
0.000715822552886983
0.000791905407019823
0.000814675965041687
0.000712434245843945
0.00101555978355931
0.000659305718693062
0.000734526785760003
0.000790334779251689
0.00131698244819624
0.00140058631741365
0.000984449723050813
0.000854153265285828
0.000788143714645458
0.000714536826967625
0.000829957664810825
0.000738846678687589
0.000762189219636753
0.00078330313175138
0.000728807986556021
0.00088571941446038
0.000741547895358274
0.000793504038311603
0.000744041126196185
0.000886796969134189
0.000716102617248703
0.00073664574019976
0.000734041178558857
0.00077334506262531
0.000842911809085113
0.000959105134406297
0.000753437693121109
0.000720299022309631
0.000602133699098274
0.000797564528106249
0.000682162459807359
0.000732556728131565
0.000898049787744017
0.000800103403841569
0.000841723777980767
0.000765342631700882
0.000827540759233403
0.000721658734940817
0.000881057521605725
0.00080720497165829
0.0008335971171205
0.000758510167873967
0.000666849057333252
0.000678596050836868
0.000869039005113719
0.00074730362324863
0.000800490998424167
0.000766156870619884
0.000842693635778513
0.000776781825336728
0.000764283446810272
0.00086481222725172
0.000855632914245783
0.000760682169620375
0.000837987491489279
0.000837489575182278
0.00073832201799439
0.000726165315565709
0.000785545607077208
0.00101685748886036
0.00090037606947903
0.000886918752151228
0.000876823810687907
0.000904431633678737
0.000714788383106458
0.000769188508916116
0.000733280055673699
0.000764341751001942
0.000824008471575062
0.00088915807612589
0.00103476149560647
0.000930591674215352
0.000797612784663228
0.000711100518757046
0.000824705598977912
0.000777135985314068
0.000748322147507881
0.000795447362941168
0.000727829833923727
0.000770915700653188
0.000799148998842355
0.000744934980440894
0.000658292855200376
0.000721154862259655
0.000677391540680252
0.000747816517011724
0.000790934570141387
0.000724259622605575
0.000794726658385435
0.000716354253148544
0.000709857094276388
0.000842971748755396
0.000755032010207175
0.000731031911348554
0.000811951837948327
0.000745275547473922
0.000790995950861306
0.000779916161857996
0.00075448497493159
0.000638172007980589
0.000707499133658497
0.000784752299423349
0.000767344286477592
0.000809728969567188
0.00068446026188332
0.000715757235894319
0.000751492937870079
0.000785342754639414
0.00070640242496846
0.000782275649535227
0.000689210522670834
0.000675759091572355
0.000737224114089754
0.000759092656454628
0.000766938247392496
0.00069048162164356
0.000665269163794691
0.000678015986843911
0.000757628551571017
0.000695371709521772
0.000658555443164288
0.000832404243252688
0.000674261782257694
0.000672534167630633
0.000786308323077468
0.000824337387186758
0.000799151061907902
0.000757270102558273
0.000713729087053044
0.000736235775685781
0.000874544235795067
0.000788223638952794
0.000839748212049262
0.000802088561731033
0.000761290978088519
0.00075704006541223
0.000780726504134121
0.000628017648614804
0.000692506903359442
0.000966320872246106
0.000759843968872728
0.00084327770609099
0.000924389594599067
0.000658606591314825
0.00067469360937986
0.00070125324659108
0.00081048937049841
0.000729960858653222
0.000666973752635361
0.000611699876102663
0.000813249636662938
0.000648131163669386
0.000741206379162715
0.000855961231892781
0.000937394156074709
0.000714627786580922
0.0007113625559581
0.000742636076830505
0.000652473589772984
0.000885241064191045
0.000746368076646105
0.00074845820165575
0.000651656009126226
0.000801416149492803
0.00078262709233011
0.000704689431760552
0.000713074698488727
0.000725526253167972
0.000823568804312837
0.000712666853998783
0.000690899651659028
0.000733247556214866
0.000692698335737646
0.000850813019222731
0.000735575982198052
0.000966648990669701
0.000612312464903347
0.000861019921980513
0.000857567799555723
0.000871578401866144
0.00067703207673821
0.000610849497301907
0.000677061288724212
0.000767113012922136
0.00072017196129299
0.000752941939467241
0.000673714845926356
0.000730459559933555
0.000727903864033955
0.000712847572869786
0.000709967464243312
0.000810051636275306
0.000659679428740545
0.000628181484034828
0.000805203627123093
0.000760625566553973
0.000761005881025802
0.000702971131732264
0.000623875835341571
0.000691837975481351
0.000731750513996584
0.000864334820090555
0.00061666896956246
0.000687920491626858
0.0007876434499871
0.000711442818192082
0.000751461997651466
0.000695807950681493
0.000730749735104057
0.000754793134301938
0.000875321802532591
0.000773899667596883
0.000665688773490447
0.000626420830587713
0.000719989500578312
0.000636818923276022
0.000705080612124812
0.000745013891715911
0.000742106433871339
0.000795499435522037
0.000748011859386325
0.000686700808152172
0.000652616007153614
0.000718378006379227
0.000717175122584863
0.000769251762195709
0.000652371728957917
0.000694784724952026
0.000709839252042733
0.000695398954321946
0.000676657994576368
0.000656763914455815
0.000684830742432761
0.000655259826677182
0.000761041113566533
0.000679663865453721
0.000818450256266953
0.000623436652984212
0.000668703755276124
0.000766321737465192
0.000809683204968778
0.00064283352581243
0.000898850896203374
0.000675863251362733
0.000763768049763895
0.00068649138731011
0.000757818244922494
0.000627703683877338
0.000758133328490951
0.000824317364881778
0.000673144560745235
0.000567369405053481
0.000772458029467429
0.000807293724246678
0.000830862307885435
0.000744510238859416
0.000960717585545723
0.000993703058442492
0.00082845640067703
0.000748037165951695
0.0007977735587821
0.000641469682503627
0.000887492759592616
0.00080663154242273
0.000687042677487025
0.000867151548050102
0.000778824305567576
0.00075684457724403
0.000797361176240548
0.000773115467223687
0.000758519757271338
0.000690762114188951
0.000665084307652463
0.000637924823112812
0.000720073002533322
0.000645164036305617
0.000714637106129768
0.000748976870694592
0.000688143129533758
0.000675548041040453
0.000712310066751423
0.000763210529651722
0.00104430450802939
0.000767612761041067
0.000728825364575244
0.000687206056489054
0.000710872364315653
0.000739362034193362
0.000731280009147758
0.000674805542867969
0.000810121728318484
0.000733323348038348
0.000683751987761206
0.000664564864359944
0.000601747982575072
0.000708880462260642
0.000684278326252456
0.000662929261118322
0.000764568251954407
0.000707786269783533
0.00072445111082367
0.000733418504198259
0.000745897607207924
0.000767923529320134
0.000766138179286763
0.000818129459967796
0.000641400231616733
0.00076924011262529
0.000764298442013542
0.000596492213585994
0.000727460034553874
0.000753350459913737
0.000813051285098216
0.000766797085426682
0.000638088889353819
0.000626942005297785
0.000648924413830235
0.000846547026937051
0.000755829511508925
0.000627408356621059
0.0006360175492297
0.000669870794980167
0.000758201591162919
0.000724302710268864
0.00123565677722298
0.000677446206827573
0.00101903798662342
0.000676446717174115
0.000680002247610281
0.000769223781887546
0.000725422055405948
0.000740309021625996
0.000644858249438531
0.000821742305323033
0.000625023102117677
0.000704386651138107
0.000689574407817375
0.000710667016887143
0.000627449401214226
0.000694052121575238
0.000733447217085259
0.000651488136060583
0.000704092680930507
0.00071623919340489
0.000672943649129423
0.000776074491182618
0.000740189534813389
0.000733738733636172
0.000880605014573436
0.000857899573901729
0.000694180642954163
0.000868069935386104
0.000860380048032724
0.000695828967122765
0.000728534852727056
0.000650733701976327
0.000680173697820829
0.000732791135773114
0.000906739103021248
0.000632292879356138
0.000612437651506504
0.000714266254536455
0.000844033739182879
0.000618483561335381
0.000596219446129734
0.00119374253463406
0.00104332372882053
0.000797836428307004
0.000807565844447867
0.000572188233680029
0.000722010412321616
0.000674685541574667
0.000736650404777336
0.00065433535694702
0.000699810022340156
0.000688279328383785
0.000823734558542366
0.000637375563396963
0.000843523298658821
0.000767388860249207
0.000891570734199752
0.000611164280149708
0.000880329350346564
0.000674756215919922
0.000656528762816419
0.000659735342657152
0.000632232318468355
0.000684267015672389
0.000633519391453662
0.00072231148598084
0.00076840346665839
0.0006599579027286
0.000712138098673793
0.000613760370427716
0.000742453224145708
0.000814862143846925
0.00061984734061611
0.000715680793005155
0.000635089864100347
0.000708112860084549
0.000614072187790774
0.000764107114427581
0.000780447021837061
0.000667175614628994
0.000728483066577195
0.00059446003159423
0.000656959206924208
0.000632916723205251
0.000834545256147476
0.000652248976948848
0.000778655735701101
0.000631127991236651
0.000651163399201148
0.000619096316585098
0.000683263945951449
0.000718281750347019
0.000729880442139185
0.000886043880056328
0.000663638312408745
0.000592619432748107
0.000652546596767196
0.00080540420095798
0.000873914550305067
0.00079096205023923
0.000742181196375495
0.000743067486881828
0.000747477937798878
0.000694144899558264
0.000713971328124602
0.000685621308432103
0.000788216344510426
0.000775656631837847
0.000701708155230715
0.000794170776887882
0.000729546369872398
0.000714427757358002
0.000590054823757333
0.00074067762372217
0.000674281970916822
0.00106703052967855
0.000573400056415872
0.000766880234366173
0.000694736243932307
0.000626830902428793
0.000797663097385656
0.000698145982398992
0.000723377534821894
0.000612308714653591
0.000717872020736538
0.000774303478094849
0.00075260933849893
0.000573386188255101
0.000720426153889436
0.000818205628488958
0.000696651353884052
0.000667214151004396
0.000668468379556346
0.000723305489272554
0.000707600740854749
0.000722250461349048
0.000688027619643174
0.000708627743295549
0.000652471660787588
0.000664858547475341
0.000769314776112884
0.000689846225586412
0.000871751904717146
0.000644361970775044
0.000603936183949238
0.000766406512941158
0.000791366390260286
0.000591087507147342
0.000636782978170358
0.000686075918584967
0.000751679490720867
0.000677046857378228
0.000593579514165408
0.000620048387868634
0.000745114594207965
0.000697058638365907
0.000573799658822038
0.000605322981012491
0.000704407905481604
0.000693856704777206
0.000570085446102819
0.000768836567885608
0.000739729961889754
0.000746892582793729
0.000656797615621217
0.000697210818599002
0.000628373847051323
0.000651154720988402
0.000614933643747354
0.000682032410028816
0.000632217496778191
0.00269106400863188
0.000672316782501354
0.000679398346010941
0.000859869925822701
0.000733539947863943
0.000845887218661248
0.000650870418148011
0.000811759013554539
0.000647891316037
0.000886758383213035
0.000740519467773256
0.000598625408368798
0.000593824317434883
0.000760345396154605
0.000589265612911937
0.000639230158279805
0.00078362469183245
0.000856948500260427
0.000663990901956954
0.000767224859217918
0.000620557262191872
0.000609057758786258
0.000636167221266981
0.000583284161540774
0.000594827296043926
0.000586237817872334
0.00068637390390214
0.000700301965586847
0.000821635687392408
0.000798757033504627
0.000790662642484145
0.000591834215711758
0.000726890603114073
0.000636405083410696
0.000721930976548219
0.000602969331634196
0.00079862416728063
0.000664138343668543
0.000745453530732929
0.000701651586424405
0.000703709370757902
0.000750676188950987
0.000696574713397228
0.000559594921604471
0.000693941780439272
0.000743571981478745
0.000779226553158839
0.000585594645415025
0.000973661216782859
0.000715742848682237
0.000844694639012856
0.000725540900739874
0.000878287901721927
0.000836115013028947
0.000705835692918061
0.000757796015879982
0.000635187144139407
0.000719523241129877
0.000673907721312183
0.000640489902754482
0.000658449090955335
0.000675745601763531
0.000603326581954415
0.000705029579260322
0.00057087688416602
0.00067302066372223
0.000630999459987943
0.00070597545712061
0.000668965197055643
0.000700400171208037
0.000729956093937277
0.000676820583086845
0.000655321602317159
0.000587009074586001
0.000642802656929216
0.000578585555812998
0.000619331059649104
0.00133985730400122
0.000668084022244575
0.000656767561475106
0.000566808223272124
0.00061211863223857
0.000779744037275234
0.000561212453142553
0.000748093444536611
0.000689935203652639
0.000685812877626721
0.000573013047114241
0.00073852113266293
0.000694212454557873
0.00072546360455956
0.000577301655180528
0.000784524334890593
0.000631083773918295
0.000663863725346073
0.000711321756683729
0.000634026608295353
0.000695167400868765
0.00092437626308931
0.000756320389638105
0.000838095807723555
0.000539393032338302
0.000725410821219658
0.000629535742387129
0.000766912315620577
0.000714461947177226
0.00079907313861726
0.00079249168102786
0.000703809652418862
0.000781797564712299
0.000526686573151208
0.000728095631404228
0.000811664244492147
0.000642392533202436
0.000704726134354232
0.000665754105917426
0.000898640466496786
0.000690193903046112
0.000682177091524826
0.000801186158023742
0.00070438227305316
0.000662713671714799
0.000706334628306866
0.000652896442373694
0.000785482158060124
0.000788639790776783
0.000656537160070424
0.00073017553685433
0.000666434455684734
0.000771539219880258
0.000801159852612197
0.00061955399363445
0.00070475762340933
0.000785373273966153
0.000816146164378307
0.000839575880072481
0.000682909324357503
0.000686377406380689
0.000808850412383575
0.00072987980611903
0.000767217475022991
0.000750768236133787
0.000734852637486855
0.000781670744628071
0.00086180786870534
0.000741939829488227
0.000647692776794386
0.00066952400162125
0.000686656238865354
0.000678705424132908
0.000693971095241065
0.000946670694653017
0.000665519283413361
0.00065097080119239
0.000590642956372788
0.000828644949144354
0.000656867864517283
0.000695440788807728
0.000606277391938475
0.000746351486117238
0.000692975652254206
0.00064236295186317
0.000695870934520078
0.000796880878549018
0.000752832989718164
0.000652804793152287
0.000726599432689872
0.000694966126690249
0.000807322172438559
0.000648012886839604
0.00061673302726481
0.000639697276130795
0.000756618717132977
0.000652498161636902
0.000656260315129702
0.000612369195636273
0.000636066718194333
0.0006685899550835
0.000608136603918747
0.000689797349250557
0.000675837962608013
0.000678638873230459
0.000701338476188229
0.000557150461927711
0.000784221209412702
0.000878746819415491
0.00064214235246689
0.000682555124179942
0.000668209295332944
0.000550437998569044
0.000691492751922824
0.000738227866891711
0.000816518973759768
0.00076566722888815
0.000626444338361452
0.00063658202196103
0.000614423244568615
0.000707493377603226
0.000694825375230472
0.000682481933165547
0.00105984092625131
0.000544808278639067
0.000699173108084399
0.000720227711293561
0.000549261690429889
0.000699200864518551
0.000747434467849309
0.000653343240931511
0.000635027748200275
0.000706912808625627
0.000620616912391299
0.000735871808884007
0.000927097705241891
0.000598447686952954
0.000611801365531384
0.000856874605281581
0.000731363706046224
0.000644060320779027
0.000632839018028146
0.000560624446092454
0.000634233998670946
0.000713419351514926
0.000741354470828631
0.000658857431192038
0.000581033085730287
0.000631066906756822
0.00073788979908522
0.000864800701374666
0.000638436151406602
0.000693827411915069
0.000762471134874528
0.000599563109103138
0.000724048438282524
0.00074877280356374
0.000641879276862648
0.000776545495267111
0.000697210093484714
0.000674840475793426
0.000658889156218792
0.000564483819153656
0.000600104928764868
0.000677633842775425
0.000784799532010355
0.00075584210944415
0.000692036017521229
0.000667691785618013
0.000585157233441561
0.000644554715749698
0.000818382827997267
0.000654623736237211
0.000688957871153216
0.000591953173575601
0.000658911838473049
0.000619629767824659
0.00053548567742917
0.00057301544574002
0.000698981734111297
0.000734474873100284
0.000624834495169797
0.000771895142042397
0.000660281276355518
0.000742391589002237
0.000600973372105265
0.000663892848350297
0.000599068900029684
0.000599580656147425
0.000747147928470355
0.000550122698349073
0.000764472629501996
0.000640984829608246
0.000743500111054261
0.000664798355129477
0.00055043511172206
0.000721646714459451
0.000574412744811701
0.000691516976276153
0.000663449610540289
0.000794640032186029
0.000776921349047849
0.00062035817171045
0.000698515001400265
0.000622690655637137
0.000742933308057159
0.000635536196479324
0.000712626593886829
0.000568809936258239
0.000687592741411954
0.000721519673419395
0.000752331818452028
0.000592905291258026
0.000707447156288406
0.000706885114813977
0.000719587721323163
0.00071485630799269
0.000585041839783456
0.000632594268900497
0.000705176250967779
0.000695291529592347
0.000585352589593043
0.00080416394395895
0.000730829793138178
0.00054442478879289
0.000585091498826958
0.00057166252769119
0.000849304677382314
0.000921417732201845
0.000679698880704449
0.000563473453666416
0.000627640842292396
0.000741291665891786
0.000674054366748188
0.000651149464060518
0.000650283496626072
0.000652632653735029
0.00055045941427025
0.000555305953899564
0.000738673427224745
0.000717089362382975
0.000721535111241679
0.00080899514092643
0.000701052748309336
0.000679277358169325
0.000662051274012483
0.000939561296394485
0.000725406376464248
0.000624475877704958
0.000629620393634578
0.000619956720248829
0.000652795663087587
0.000590818403200565
0.000635015343894261
0.00069742719876003
0.00062279724580967
0.000592515438764454
0.000662129965990431
0.000613056003651857
0.000654183108934166
0.000662591780858532
0.000634534831423796
0.000552805189277571
0.000710483339753871
0.000558308490076245
0.00064001946433785
0.000795820222756041
0.00077146126409088
0.00062819581687731
0.00050656281697198
0.00054387151540631
0.000701026565456428
0.000561116250396157
0.000564341892330608
0.000718968069730231
0.00061977006340414
0.000766681264802512
0.00072977733128322
0.000627256865238766
0.000805159880636934
0.000690200026517335
0.000683214259399349
0.000632097681956546
0.00069460359747026
0.000587247806931223
0.000591443024213573
0.000626061222991344
0.000620931746487573
0.000617007896142257
0.000610306610786333
0.000673569121569588
0.00062595292430342
0.000618276678555062
0.000693454201135813
0.000810779326453572
0.000609571889788556
0.000609338510082891
0.000758636034931637
0.000673534435148733
0.000648772985233541
0.000738991556767132
0.000826745790684617
0.000629047182144881
0.000602698686527323
0.000678429449529997
0.000640060364201667
0.000633123584503828
0.000665554862252005
0.000951306032033289
0.000652295389035211
0.000628279303496756
0.000697059729604255
0.000733319059080449
0.000691616525613843
0.000631659709706436
0.000659147562529338
0.000832443753424194
0.000903227757555292
0.000611231798248002
0.000635703621276183
0.00079819268558833
0.000828259052478794
0.000577798512530842
0.000678994751151876
0.00059633762253809
0.000669772113765597
0.000631576139762611
0.000649051844891515
0.000625211575666488
0.000723126316663362
0.000730373187871881
0.00056197279286897
0.000598434919490168
0.000709268559080894
0.000727738689738981
0.000772340138381288
0.00070774262413977
0.000624827112771639
0.000540107276783861
0.000646435332307546
0.000681441826628947
0.000867381034182672
0.000957996869032474
0.000772916195871861
0.000607995087601996
0.000755495142659042
0.000526113622682434
0.000591455448706281
0.000683409390333417
0.000626686341643092
0.000921956770155128
0.000746311183402596
0.000689887464081778
0.000698649552803713
0.000563385598618049
0.000577450753948986
0.00103753735233464
0.000610423010261792
0.000612210129373143
0.000591846149287415
0.000649214884168907
0.000614177468541496
0.000713417329818437
0.00055665102678417
0.000528842615778785
0.000769040084906162
0.000801727932122468
0.000597134726656113
0.0006001802928714
0.00068178748882077
0.000688330049737337
0.000697780984794903
0.000635281176381387
0.000614833223986533
0.000677322531659272
0.000654264766164435
0.00061300896610346
0.000586662660391009
0.000816517294473668
0.000962178801198807
0.000655472181207627
0.000949826648599405
0.000651361185458441
0.00095456933728289
0.000780574218529695
0.00079547886021288
0.000738343327626245
0.000740120453987385
0.000825935951547301
0.000694998902995757
0.000655189505386125
0.000611393225354859
0.000659617942740378
0.000683662770584271
0.00081677610626393
0.000686076836983431
0.000770245022714529
0.000718547338426651
0.000732683647552395
0.000698124996619445
0.000912140338173873
0.000660550942262197
0.000599543096049593
0.000672633098591663
0.000654539423556919
0.000821445845468665
0.000668699762900036
0.00054642509125665
0.000732116771592051
0.000667016509583813
0.000722191203770094
0.000848494758380675
0.000636173904814548
0.000713867981405294
0.000653142954725225
0.000611576810757408
0.000748102669771039
0.000645911271880809
0.000786356184535361
0.000580067384404444
0.000639785562256223
0.000712969758696435
0.000741148835889188
0.000573968705395943
0.000679096491988486
0.000736479172910328
0.000632850847927019
0.000660880443065151
0.000548455667048452
0.000773919427779854
0.000726196179661668
0.00064552285322486
0.00075881936866211
0.000692954693956956
0.000652196013378708
0.000711379686894139
0.000734370940162276
0.000700414314946021
0.000707931949630945
0.000658424847447971
0.000775485050418721
0.000656013790405851
0.000661345370081026
0.000696804335332513
0.000647241493239231
0.000652761566517415
0.00065898657783704
0.000711175704230125
0.000710465779002129
0.000599744053408564
0.000641404687402365
0.0007192628098918
0.000622242506350274
0.000734666309578239
0.000643890643666056
0.000663375912313861
0.00075047493404767
0.000730647179849976
0.00076635226992255
0.000720366226970223
0.000844641593268938
0.000851501208605195
0.000741430670614195
0.00100420962609271
0.000663983897748262
0.000661454333058182
0.000813270860006053
0.000684331881839792
0.000825321990722693
0.000703898074719262
0.000748844552010569
0.000651460177117911
0.000738104746639393
0.000626894687793776
0.000626996308733445
0.000745569876034065
0.000655382247115129
0.000668383488110371
0.00079553857448888
0.000656710960748893
0.000731443745166701
0.000612243261634909
0.000644648395745395
0.00068802241335759
0.000575383725697077
0.000675064157503479
0.000635644922533922
0.000634056177343248
0.000581419370841504
0.000648802067306087
0.000700047797995043
0.000605893755326096
0.000688000775058776
0.000737032447074064
0.000591367880920067
0.000642420578751311
0.000671084997086477
0.000640600484771157
0.000673198913033298
0.00132038868645593
0.000692116370997762
0.000728559342200921
0.00067801591126662
0.000609357017492286
0.000654791489252509
0.000578951510099727
0.000587796317303359
0.000721004060458916
0.000699844242894715
0.000876008038743501
0.000758394018672194
0.000795802967492722
0.000727162368257601
0.000720114651260759
0.000806119600351077
0.000647992688163535
0.000589988236555035
0.000629855008561181
0.000723402624961688
0.000663120334796722
0.00061761326154927
0.000717011254682464
0.000601215282232176
0.000700048488224918
0.000666812623336442
0.000648824793776566
0.000568778872514139
0.000738059899557738
0.000649344119221538
0.000655462528157853
0.000656866985851223
0.000653771779262022
0.000655777051594665
0.000753689771919909
0.000645914710794701
0.000691710583070324
0.000721368938649823
0.000672104591817581
0.000711461522780488
0.000714732270028736
0.000748041347186002
0.000682026559339185
0.000744097967830787
0.000793660298681108
0.000680642818631088
0.000770389606045662
0.000703260876697759
0.000556733621336976
0.00059777493801273
0.000674396805235547
0.000565724851274657
0.000593993824278824
0.000606727175320796
0.000733822836777028
0.000839018637003082
0.000770772407184453
0.000857622190668033
0.000718598995156292
0.000727419906348655
0.000745036426204162
0.000674653011042633
0.000676017530017746
0.000649895690191198
0.00066900205353693
0.000645208701370722
0.000736717102763617
0.000594629986619056
0.000662647283972115
0.000697506063629686
0.000714522750697756
0.000653995259897084
0.000651167012795446
0.000650884994319179
0.000741319749436477
0.000565412249513572
0.000791263510686883
0.000674537583883736
0.000722710596723879
0.000741882788608435
0.000707153168114292
0.000687239967365079
0.000556574822665202
0.000723420250631337
0.000732049265309206
0.000660505845741257
0.000714596324344243
0.000615503475112023
0.000600017059845078
0.000633937710397236
0.000673439828258261
0.000608860811822394
0.000617371007052062
0.000660488535366583
0.000659298930207574
0.000619648451207408
0.000778915723979324
0.000704493150126035
0.000560518439214576
0.000791409588407452
0.000654467948830358
0.00082310671678009
0.000732874831505018
0.000591593014796985
0.000743322268956157
0.000684121141986369
0.000712391714504946
0.000663182652551344
0.000746074971905278
0.000728409865224673
0.00064191638021274
0.000800355771585214
0.000641210748392656
0.000603923108811151
0.000580079480091011
0.000672131087811459
0.000703430179264856
0.000674282805085433
0.000600872982271262
0.00073390826823832
0.00068735315722129
0.000640426995500772
0.000674589285327052
0.000664373862307382
0.000702928498430399
0.00055652694776479
0.000694406584085922
0.000543631339556698
0.000713706402739963
0.000656430244013029
0.000682048231724808
0.000596039917027062
0.000611864887471235
0.000648872991872526
0.000759640375681155
0.000695964277886043
0.000601130202429588
0.000687208274003095
0.000691959757711006
0.000729935481214337
0.000496067509864929
0.000584029419535587
0.000620403600536148
0.000605440505876924
0.00068905805019907
0.00130535617336234
0.000586840283420296
0.000656337005175303
0.000588653561903625
0.000751286781264487
0.000739192851130893
0.000700758804255517
0.00063433678347253
0.000719089698860913
0.000677342962475801
0.000700384082910934
0.000614784616987987
0.000661286256514343
0.000578570740074793
0.000804488068870851
0.000608633421894731
0.000712706562431452
0.000639123556821309
0.000614446890888251
0.000762718381873474
0.000631854839300527
0.000619276439486977
0.00067990153956088
0.000644998401974541
0.000658632160575087
0.000734179395500403
0.000706138326838969
0.000631995219280329
0.00100512701798074
0.000733060269723583
0.000617047281083174
0.000794296618798751
0.000693032749884719
0.000657439515603183
0.000613891473271178
0.000691913347379973
0.000697551112557334
0.000611529061018223
0.000655128487044866
0.000697138103808203
0.000678468008939337
0.000642548126094512
0.000890779877194599
0.000625962542066998
0.000627507219264756
0.000578357639293509
0.000731124263881959
0.000674907647903656
0.000698700739593812
0.000577144978732016
0.000602729632655738
0.000691025159478859
0.000711393744922763
0.000661178353256399
0.000671623797675295
0.000596988707306889
0.000589025573547905
0.000604670949176912
0.000674865411526596
0.000678138921709166
0.0006350282218329
0.00061795752363733
0.000589406615874562
0.000685362641855717
0.000680536946464324
0.000519663530002253
0.000658251139758748
0.000748944945434611
0.00060274129493461
0.000704433831503682
0.000597004367271406
0.000744895240973951
0.000695156055056775
0.000687027534158325
0.000678444170351752
0.000646691286218148
0.000736695828635332
0.000643880094069049
0.000714739422963715
0.000733427352693301
0.000691950543981524
0.000703645096505455
0.00062610990587994
0.000742458952808453
0.000608467560413129
0.000777253603465641
0.000535341492419601
0.000710627323011438
0.000621630519420687
0.000714153983058362
0.000721182951615451
0.000703964379318761
0.000565581600847192
0.000601529298166558
0.000658517022060906
0.000586987303811211
0.000632090520606245
0.000613719127642133
0.000702123879343464
0.000593649795574953
0.000602658949401302
0.000671345239888791
0.000663832800520516
0.000652401074145242
0.000541307106173802
0.000756875595210685
0.000628558726175147
0.000547318468886006
0.000546408688465201
0.000678618938655851
0.000799236151721493
0.000667772757842693
0.000564111068536912
0.000590751564533492
0.000647223141512065
0.000664159281117294
0.0005982337702658
0.000631008141623882
0.000613453025642245
0.000602438990712918
0.000585354425349286
0.000609094659598434
0.000739616731750997
0.000691672172609794
0.000664723058465238
0.000666845102417535
0.00067605438972126
0.000683743956719569
0.000673215802036942
0.000670114373756203
0.000790057027619982
0.0006261035465347
0.000656998397543984
0.000754730053295629
0.000745177219042788
0.000648411887569955
0.000680069019064811
0.000699235015267608
0.000682123405586727
0.000830483663559887
0.000668182469706727
0.000656579500431237
0.000666955136300193
0.000718168982580494
0.000660660238651547
0.000716008277795435
0.00063881192003492
0.000694766797371507
0.000674510309028266
0.000661486154115764
0.00072463761795043
0.000704738175312936
0.00064933411734579
0.000669150365595137
0.000671328506357843
0.000702690271917351
0.00060240367497319
0.000705852467710376
0.000597369781160749
0.000696506554020555
0.000748739113870707
0.000786307174755796
0.000634040349191369
0.000619783986990855
0.0007382635771011
0.000626605311229404
0.000646852292927752
0.000732110989643634
0.000696587255096034
0.000609893312442067
0.000642415891449585
0.000680773988354669
0.000684129678679025
0.000617663649898894
0.000593526551662701
0.000636334779574352
0.00066019206810484
0.000719703361191241
0.000785686967063666
0.000815268078228411
0.000753161536262723
0.000589829688884122
0.00074798647482912
0.000569660035746504
0.000791858477356911
0.000723825899197098
0.000538707974832634
0.000598288234342363
0.000680725190718475
0.00063877587287248
0.000660006179308877
0.000574651217459148
0.00059632327758896
0.000531215974904777
0.000744682003734444
0.000726117251803967
0.000771927264497461
0.000645698698998095
0.000696028606124476
0.000691080265046285
0.000653381521253767
0.000646371621809837
0.000735069454509108
0.000745567654827001
0.000654817078883619
0.000624117427460658
0.000680192329562317
0.000645282203012481
0.000891190235810931
0.00067014848257944
0.00063119393768712
0.000596470858936797
0.000633921689036597
0.000683123698387346
0.000699417396611195
0.00088705262260066
0.00062603654299206
0.000715487257281638
0.000687229688584491
0.000619140480691136
0.000597159212830078
0.000581528335799506
0.000750800951563989
0.000649488156485393
0.000682017971703619
0.000668857308760396
0.000565436493443163
0.000700355817257465
0.000750083732953219
0.000778693094877875
0.00100905033725263
0.000732610848553656
0.000645593901997403
0.000543163192352693
0.00063830261636399
0.000624323495243498
0.00057054383858061
0.000711520358451443
0.000786181307685657
0.000755115677411597
0.000763283246987389
0.00068406026018917
0.000613254714682484
0.000884925973182188
0.000723375427490195
0.000568221262079538
0.000693032819202236
0.000677201320519983
0.000570436390957656
0.00062830729458974
0.000653219575024465
0.00070047182316272
0.000675420068653278
0.000709965445990522
0.000721475090161754
0.000625006976247111
0.000640812404711258
0.000638280148149724
0.000754839697316116
0.000647469195844971
0.000646727667769297
0.0007383757251085
0.000716360739357254
0.000644288796496184
0.000791103295406711
0.000732362023375871
0.000688230081962944
0.00074293440186902
0.000768189010589144
0.000785747139242967
0.000813334591986548
0.000757914831625011
0.00060586570369732
0.000721512151716692
0.000721768964476541
0.00069910353252037
0.000707946995648297
0.000656936800092558
0.000660024397056893
0.000757394239683214
0.00068487609520587
0.000656485910959075
0.00064108591224302
0.000675021041033072
0.000690219420610571
0.000738713224211687
0.000692124674201759
0.000692154002565249
0.000675699423706552
0.000705965079909441
0.000714340737584163
0.000729412563753502
0.000675809520616638
0.000693141764367482
0.000721003237707061
0.000702343760049282
0.000611014288909948
0.000766453179079036
0.000584830361988382
0.000539918996968608
0.000649845943633149
0.000688685646831916
0.000769974309876742
0.000679199867643114
0.000654268010421391
0.000630494069006839
0.000670472977939956
0.000709479230779546
0.000600804235593626
0.000657530932726073
0.000687178517129794
0.000660966838331018
0.000672363074538198
0.000672680605194778
0.000716920883342758
0.00074371112036253
0.00064310742326174
0.00069731889045954
0.000664623507186031
0.000651270142835786
0.000586653094371095
0.000617566282017606
0.000741606065904306
0.000705499009132899
0.000743442409965197
0.000715089041653726
0.000638628651412481
0.000718416439877073
0.000587279700139343
0.000798338337818315
0.000614131895883271
0.000783087937959708
0.000701994852032982
0.000735924033513418
0.000747023701467429
0.000872914280571169
0.000619501181573968
0.000644010050864901
0.000735510532973128
0.000714432777369396
0.000700089434992046
0.000998276621525798
0.000585771539229633
0.000729417792466535
0.000637066361135703
0.000848707603556113
0.000657246721360379
0.000626292644174225
0.000639366014730505
0.000673871184132411
0.000829166172702357
0.000787538035295788
0.000848384731371757
0.000705655172454365
0.000695620604211109
0.0006951576532216
0.000574467500049923
0.000777473030133552
0.000624852056951885
0.000701631562039638
0.000863249721875365
0.000710498567100584
0.000715025022856173
0.000671833025233879
0.000729510837920233
0.000661158718556839
0.000681775595265772
0.000799531832104712
0.000741099151142904
0.000623160845340302
0.000707730924162409
0.000679012756940183
0.000714352811336148
0.00066642036186816
0.000761614577641322
0.000635226011178527
0.000651654571758651
0.000765682858976133
0.000785684491434458
0.000681382868913196
0.000686698574339401
0.000779932565866356
0.000770063170052545
0.000746362222333536
0.000756969935928075
0.000694299531400706
0.00074259231781629
0.000697032202021042
0.000675212318110983
0.000911845495543093
0.000730715901635434
0.000707043958942511
0.000721459412771016
0.000705243594776154
0.000770747593601803
0.000675012058208578
0.000739549160177462
0.000668439366988383
0.000786754535156299
0.000595225311476247
0.000638960781276599
0.000718125202071358
0.000712211378500005
0.000806564316530656
0.00106347659483159
0.000643963754572868
0.000762417018908908
0.000689362872908233
0.000687589341015415
0.000749903032704019
0.000653167948007189
0.000656278601584253
0.00075802043650009
0.00083843345314589
0.000723299014006064
0.000638055595012039
0.000643326787340339
0.000732595652132872
0.000959647203802097
0.000792204694557542
0.000705255435788006
0.000693698796774079
0.000708687259636841
0.000622502842599567
0.000679500274734831
0.00076102993716515
0.000722596150946805
0.000618081780454928
0.000683913366706011
0.00078903782205018
0.000535042724493037
0.000652464390467635
0.00066885757269442
0.000633394578263565
0.000686908570074479
0.000682566355575236
0.000728739740792882
0.000905578821211083
0.000647092159975386
0.000847078699018244
0.000711077405321388
0.000612048488471033
0.00073296849045809
0.000841898494306632
0.000747669623820864
0.000700010995393178
0.00084131868101582
0.000766441918649634
0.000676930595025678
0.000638568356023937
0.000642003635404183
0.000637107511640043
0.000625297875563278
0.000713034831412797
0.000704488419349491
0.000773099942001871
0.000669753033222153
0.000807261471903033
0.000703510751239662
0.000685358152249801
0.000756992340856562
0.000879424150287336
0.000821157433957116
0.0007697897392353
0.000755419743350629
0.000711543458308218
0.000805190334355505
0.000646897345028566
0.000818116195658331
0.000749925652594153
0.000851298588629359
0.00072282603535199
0.000758050564380465
0.000787383098800147
0.000755388536345285
0.000793830834799042
0.000633074311092488
0.000855930832525581
0.000744886799969065
0.00073915294021542
0.000618803241828625
0.000686361473943541
0.000698759987978021
0.000693225654483911
0.000636446430915793
0.000773669972764807
0.00072667497195706
0.000729993808300847
0.000650654645780615
0.000791282276882212
0.000785247108229014
0.000766335245132979
0.000723184119053824
0.000853199077139094
0.000818631904115826
0.000925794224418209
0.000704284871577314
0.000790862502466156
0.000816357999337448
0.000704016971680135
0.000856741868825931
0.00081540166751849
0.000702070109044323
0.00069885429498336
0.00092131096265381
0.000787641805231021
0.000786522688578421
0.000838428711933647
0.000822260333951418
0.000780458733724161
0.000813473731738182
0.000743135621489295
0.000834985782343863
0.000797993183390776
0.000848069237289834
0.000905446692817643
0.000744126993959116
0.000897877505051525
0.000905736538066601
0.000824991041704057
0.000870917104392873
0.000699520311844278
0.000688528221416784
0.000627735434605412
0.0009515328527878
0.000763332156530532
0.000702080038375274
0.000706289909032412
0.000789314942126187
0.000816183820078771
0.000760586047578117
0.000809584566623386
0.000876175031912045
0.000593630277044572
0.000672963030932712
0.000859025177076995
0.000735201095688497
0.000682293323799943
0.000858178299002907
0.000804581910793092
0.000743213847199251
0.000698005541927961
0.000815425066007249
0.000793242615733853
0.0009918628016443
0.000800284619416687
0.000799930816285463
0.000710276495216502
0.000711643011741259
0.000880780024171275
0.000818341548578449
0.000704690816517086
0.000670826727821374
0.000746270859563775
0.0008030848515843
0.000809832991477628
0.000795538649923786
0.000795371356936095
0.000639515633685333
0.000817428203689402
0.000755935772306091
0.000723329180934
0.000737331690865085
0.000735609193913863
0.000821778684053827
0.000802193682810895
0.000793350732845933
0.000772799601952894
0.000758384165231564
0.000672028266580589
0.000762334211114474
0.000768484196575232
0.000813966706978319
0.000708387440382516
0.00072422998320549
0.000837770403592793
0.000864063693178394
0.000703277491873197
0.000684682048607658
0.000686786082769692
0.000917602539634197
0.000675902395080948
0.000725004328141448
0.000699614982985464
0.000785413266564609
0.000844140166354091
0.00204662566817912
0.000761480172217285
0.000821140906845705
0.00113660883353122
0.000814740272583937
0.000800943888177404
0.000775730171407381
0.000705259416743624
0.000683499100760501
0.000937963391945903
0.000760099537918302
0.000931327567194367
0.000768797995377989
0.000874166479022554
0.000848277137821548
0.000892068103610816
0.000696483514182443
0.000692212306425789
0.000827604069297949
0.000709991331334956
0.000726995765907759
0.00068380262390069
0.00081568299541374
0.00075517557418042
0.000718367591638549
0.000705357276778974
0.000739393637484046
0.000770687484189288
0.000701744736238113
0.000692696524206184
0.000763643737457369
0.000665511916650459
0.000761780815289524
0.000714318680015547
0.000686350135311087
0.000750388521048419
0.000733754673584207
0.000646293903143678
0.000734206457557877
0.000887347052931058
0.000665214203743464
0.000685707512241377
0.000789269560195665
0.000710382727586216
0.000712230578824892
0.000748892722141085
0.000707150924379112
0.000835459604784056
0.000812460772065618
0.000811042383788187
0.000876166575060872
0.000799665786318743
0.000869399076563699
0.000832501892637739
0.000676367326395014
0.000834317630143059
0.00082307548590715
0.000737619519095851
0.00103039203997371
0.000729899516583839
0.000813825177525457
0.000914426332767237
0.000800081917762788
0.000735782335442649
0.000836289542621062
0.000678899388656025
0.000777855160822826
0.000772191133636251
0.000757260348271038
0.000630940526553299
0.000811203299321646
0.000729234978716472
0.000819765728370156
0.000747969617013311
0.000677090245720263
0.000744109289963883
0.000990547292590469
0.00081260851710475
0.000706247494048408
0.000743968529724418
0.00074524917810909
0.000842693207575806
0.000684935909492198
0.000709568963950188
0.000690504231296371
0.000854364226775054
0.0007114166911697
0.000761260665041719
0.000692376580986782
0.00073353649402608
0.000864420789139535
0.000797362236304679
0.000774906023930922
0.00065090119462754
0.000855650050874301
0.000796111378184317
0.00080090155786363
0.000696701507884702
0.00081846441197707
0.000755877086176683
0.000721712549551889
0.000820944553700571
0.000774343100236467
0.000736437784218127
0.000762727970693219
0.000906028437410224
0.000892467508873416
0.000830669102103275
0.000775949078692903
0.000849088528067214
0.000863672658969265
0.000767301936902765
0.000873696568391356
0.000758506075685001
0.000783507750298794
0.000679814734889144
0.000871627465362598
0.000954054574167768
0.000887567330524666
0.000706245822198833
0.000851883153356098
0.000729133632640178
0.000573196483060869
0.00132434732327564
0.000740403741831002
0.000832778151376702
0.000769642183782116
0.000817887348789468
0.000718353639011217
0.000781452333553557
0.000841393731022944
0.000919366159076453
0.000810913256136244
0.000792071806290199
0.000857876273641507
0.000919377849030724
0.000696007819837561
0.000761929350614424
0.00078579278132634
0.00074068100061559
0.000769450882539579
0.000707787476803134
0.0006001787933292
0.00072171100345405
0.000687363147379409
0.000743115163873295
0.000780836153663688
0.000784028326059125
0.000684976612484564
0.000845443583430789
0.000716358087072324
0.000752469649094706
0.000711179109488094
0.00074938559356358
0.000808255673820049
0.00100518749720506
0.00073351583217828
0.000701733727682658
0.0008562415293673
0.000789743046760835
0.000854106458444302
0.000984416296916337
0.000713938460064271
0.000795711014447634
0.000875788261269827
0.000808904452243602
0.000830152987558913
0.000951806280116556
0.000730579656693256
0.00082085349350034
0.000828008034349578
0.000856700686166676
0.000938891667928494
0.000688168260064118
0.000821173045580295
0.000636531897088527
0.000726519594525871
0.000705084017953174
0.000778506259565912
0.000742231215852661
0.000796179019046078
0.000756958073813303
0.000803871789843279
0.000809090736383624
0.000755771635459136
0.000800024736438619
0.000627655302969047
0.000642076215784955
0.000672837022988313
0.000690300471256168
0.000700993968426254
0.000794227447040058
0.000693387399708368
0.00107211877405197
0.000667361681972541
0.000832763696422927
0.000715574966684405
0.000746241872477511
0.000823734040645176
0.000764122136030957
0.000899107030091205
0.000819387396316032
0.000717631985674163
0.000711575318936657
0.000694337581108482
0.000714974921534977
0.000805498736308348
0.000729004030539045
0.000796419649315703
0.000799890836776421
0.000788367274737655
0.000742152566392558
0.000690062575242229
0.000825956598029024
0.00072712220884489
0.000900670956511373
0.00083485898326334
0.00062923120409309
0.000772049940806352
0.000767026057657775
0.000741519411692747
0.000739246912595476
0.000762523739285113
0.000793283538882862
0.000794739448895304
0.000840443064539212
0.000735797548510293
0.000872436315042714
0.000778033763070792
0.000805209028307673
0.00090923989907435
0.000952942732357397
0.000923756852185556
0.000814434213323334
0.000829771831244613
0.000808306138241239
0.000809406681454707
0.000899130754307359
0.000756389483381336
0.000778264245298351
0.000862889575973814
0.000661600018854544
0.000730854474738323
0.000782270906939543
0.000841451760811825
0.000743740142770791
0.000834320827210946
0.000733899026314906
0.000888993799345947
0.000748726433307806
0.000699142286438131
0.000809508600344725
0.000647607950184061
0.000841508813094878
0.00076949114486178
0.000662601724437117
0.000734316136946915
0.000680772263854806
0.000793934665597094
0.000837384452506248
0.000685918639978414
0.000789874012201003
0.000776019452716976
0.000838887538307884
0.00081268811747884
0.000650489625289106
0.000648660073662129
0.000775250545528846
0.000733580807631317
0.000730718988841291
0.000701482434487504
0.000800705110842343
0.000794049917711085
0.00064735536532218
0.000763453540054126
0.000740477711704075
0.000779705880432854
0.000672700757520942
0.000643735615883579
0.000895373195885717
0.000728071936734551
0.000686900966687149
0.00081386420472764
0.000826941117963469
0.000763584231159378
0.000771857733694294
0.000777178665960024
0.000809784451392267
0.00067403388450191
0.000830688396129613
0.000711141668862556
0.000627303785969935
0.000722122759964772
0.000881234800374165
0.000703656454767877
0.000679532997904773
0.000779072440023396
0.000853090653243875
0.000703970514114007
0.000730459665444371
0.000864185977961447
0.000723867953712585
0.000687748242559813
0.000762383989841633
0.000710142660382851
0.000711784460629975
0.000680401778399429
0.000677641336603108
0.000731854143283068
0.0006515355206926
0.000681152685950987
0.000676508108032151
0.000815204567780354
0.000877321272716449
0.00081205818448514
0.000784133343462656
0.00141082607885891
0.00075127407303316
0.0007313566294159
0.000717065198315524
0.000739364262105944
0.00066136513737765
0.000846078092577138
0.000736178507426557
0.000769544875594712
0.000678145220389418
0.000775962088683553
0.00068294574819951
0.000677019175114467
0.000767915659296239
0.000705836146357208
0.000729537688779799
0.000756582962939904
0.00064157761636361
0.000746966912754514
0.000662444598930989
0.000853589388296175
0.000755245061082998
0.000837198318559186
0.000848075057101216
0.000768716563948091
0.000931891158447925
0.000743759479867156
0.000783545130013499
0.000847247118891872
0.000785956192034191
0.000836275395465846
0.000791354541814448
0.000760545945049422
0.000944978568733975
0.000636155008692513
0.000728419513156786
0.000878062577088457
0.000783969588593709
0.000831960259590531
0.000748834208393681
0.00082257494921624
0.000946622906810691
0.00093070074681823
0.000942812435450259
0.00092791386356291
0.000916335487265329
0.00103307606224938
0.000895633179628669
0.000729062832985737
0.000791799589265175
0.000775477602418758
0.000802669777761481
0.000706189224636943
0.000848036640400057
0.000834723277590729
0.000757653440662835
0.000740616313949244
0.000939874003389678
0.000838065703623709
0.00082094316286198
0.00071094598558589
0.00104005900455317
0.000774603122075881
0.000741412378006602
0.000829773478319947
0.000687206574388343
0.000787582777311679
0.000760309214697792
0.000746038688799476
0.000774037952865906
0.000843657248943993
0.000738576697342743
0.000693136242485351
0.000806575038778142
0.000766046666871168
0.000769203453573959
0.000719704025618015
0.000870857273629313
0.000678746362710873
0.000733340535414645
0.000830171091280476
0.000719330262184886
0.000777059312589324
0.000804440322702871
0.000752248421218309
0.000673484505909264
0.000711808088285261
0.000807433376918658
0.000813982388814024
0.000720416054591166
0.000703836512533359
0.00094974567671382
0.000821085429143919
0.00100678638372459
0.000793346471850582
0.00083846881680723
0.000918486219404786
0.000810981597847774
0.000874519030285716
0.000675563832210756
0.000781658185852448
0.000742552777187773
0.000899037095278047
0.000740140746765112
0.00081327917530844
0.000743363188660457
0.000772624243321604
0.000919590788974218
0.000796310198767146
0.000899887949910215
0.000820437671524475
0.000814887593646782
0.000797190023451317
0.000767592779665619
0.000751654903912081
0.000810574306144603
0.000827957426826942
0.000899266138364314
0.000780288158473774
0.00074956369480549
0.000740772178744692
0.000739292543720351
0.000780939485137071
0.000758649862184097
0.000861098649991913
0.00075165944343365
0.000671375959370244
0.000775035245325737
0.000781443317061112
0.000737176191341909
0.000652387536171917
0.000701623630129571
0.000931258057566586
0.000870389964858641
0.000775677930306766
0.000674177220794111
0.000777972783414498
0.000815100642557264
0.000809130334207978
0.000929091847156203
0.000743951818441757
0.000790448499990731
0.000832156864433483
0.00067671889563381
0.000796302082468125
0.000701215780812989
0.000748481453304125
0.000649870673121116
0.000747208007812212
0.000775600327391493
0.000768409060127847
0.000875029816771688
0.000944504435841956
0.000773296740480485
0.00078287901666459
0.000696129407743725
0.000859324044843193
0.000974113955202851
0.000776113765071924
0.000871339879929527
0.00076607549109103
0.000750451575695259
0.000821010836301437
0.000732691730303178
0.000761287600597384
0.000857527267866543
0.000773847051726287
0.00103281913508681
0.000879689249319356
0.000682431095660606
0.000784082183937507
0.000647800968350032
0.000855697126043489
0.000832698600571421
0.000763992710627746
0.000676381021033158
0.000797270364179576
0.000825359667007834
0.000730060409026949
0.000732809843166465
0.000706435792580359
0.000745937820905363
0.000803304571087917
0.000707160817311093
0.00073378458552141
0.000901961282222127
0.000774611028927077
0.00094419920625558
0.000869010406945385
0.000808337498228131
0.000656458869556219
0.0007776770477558
0.000782442647012968
0.000760560538582422
0.000767080757261137
0.000788429291362019
0.000773065124660879
0.000721770166087561
0.000746750850566287
0.000811575610841691
0.000769084647930921
0.000679520931355737
0.000852007948828299
0.000711131166747603
0.000752590687740502
0.000806635999851133
0.000660884585888634
0.000819236983947934
0.000619050683351245
0.000816573165730083
0.000690513456714378
0.000753429809118579
0.000744281097138574
0.0007798431230977
0.000736343367497353
0.00072028290697404
0.000734397744667544
0.000720385296613468
0.000952739682026962
0.00082175686401731
0.000627088398305718
0.000805815666255714
0.000704654481345619
0.00083403895514746
0.000917431097366409
0.000830012863424265
0.000939397492022283
0.000752715023118929
0.000882191885381216
0.000804956340300668
0.00070199267062543
0.000848267463444063
0.000770043541452968
0.000769602173409702
0.000736579027927944
0.000744737002339416
0.000774665645814213
0.000998719834054078
0.000811870120819145
0.000968583953642889
0.000684423657835861
0.00085548814348598
0.000707122673907127
0.000758741554311071
0.000721157560617512
0.000855578752571126
0.00087907616202425
0.000759402846827384
0.000707377109401838
0.000776139573211183
0.000744518033234235
0.000688747127133005
0.00077946945385199
0.000868007247607122
0.000810249993356807
0.000694163602664277
0.000735772382828688
0.000713035201993079
0.000802004406207731
0.000627041114066641
0.000671388175784909
0.0008429335660115
0.000713981469042888
0.00102524622972765
0.00084955902671417
0.000818595090904942
0.00080591525185746
0.000826464428504485
0.000831966182113889
0.000820965037219389
0.000946866167101538
0.000754350091566826
0.000715561531876894
0.000787788093187677
0.00079999901402197
0.000718303938559578
0.000830068990845642
0.000752558984993272
0.000788279041634782
0.000713749306599004
0.000807761115609227
0.000808368488682358
0.000766913308777069
0.000786880310618388
0.000804900309198563
0.00079168755065836
0.000956793551665663
0.000844289350483756
0.000887864859450024
0.0007770876882939
0.000757972011184794
0.00087620138184573
0.000878410936841782
0.000771575438230618
0.000727511171243211
0.000814998227759425
0.000830334792942452
0.000799944596974114
0.000836620495203894
0.000844403085899934
0.000826319087258981
0.00092136917422562
0.000760775053865104
0.000737730639156683
0.000948993760450249
0.000794418408357981
0.00076526327559664
0.000859920006866445
0.00078573630387058
0.000850582632081684
0.000867022100519662
0.000906750932693174
0.000738878145171415
0.000850642697850367
0.000873392156455187
0.000857085787758059
0.000912772360078983
0.000719827269983725
0.000803274224017562
0.000838936777147535
0.000775060868456712
0.000829177015861368
0.000707024675134579
0.000808772449995772
0.0007978805782666
0.000779904781040561
0.000882991645302975
0.000709192436056322
0.000767611693002382
0.000813106743967651
0.000730313021021936
0.000725153363620969
0.000966009946067886
0.000820184271104376
0.000829553162987405
0.000856141978002194
0.000916209542255601
0.00102536233800844
0.000808514818418297
0.000835526575832258
0.000883004590097057
0.000800007057714717
0.000769250823639762
0.000874277543442566
0.000848439267916597
0.000901719854046447
0.000785244413158809
0.0007840982930351
0.00083363592655788
0.00072856071628771
0.000816517244583731
0.000711002465619612
0.000754343994832738
0.000698870573928448
0.000747265110491592
0.000801862110045071
0.000729703728549447
0.000694989619025687
0.000817744417341894
0.000734812854825928
0.000782245851314102
0.000781860816228254
0.000790363409053001
0.000809577079537049
0.000736303036857015
0.00067046669532469
0.000752639092057096
0.000895692006801444
0.000896665055676479
0.0008975952099793
0.000753358399374565
0.000877986217334918
0.000752717994891667
0.000810135252421405
0.0007485003009956
0.000740036225836739
0.000868499745180841
0.000806251304296552
0.000860633220847403
0.000785326139591242
0.000764927547845941
0.000789091462593615
0.000875177600772807
0.000902192387996664
0.000832385810798044
0.000811859747924314
0.000772795990241935
0.00085819248740028
0.000775044955798777
0.000684533138851659
0.000776214387783969
0.000828578438458557
0.000781507522671931
0.000764399414955903
0.000723311923604865
0.000849860544703896
0.000832658572042312
0.000743974222004156
0.000766363094353784
0.000752286387220337
0.000876332970610686
0.000893846361634626
0.00127474972929195
0.00127497251225378
0.000933454948760008
0.000862803969206735
0.000824543034717614
0.000812760511828614
0.000815908862248578
0.000696934939231592
0.000816689858941373
0.000867947873188427
0.00082887969300774
0.000940406782344463
0.000971739919169927
0.000829761155918345
0.00110555725772806
0.000858419930299848
0.000771649335782355
0.000912414498595415
0.000832927903073612
0.00080946464938075
0.000758180465334693
0.000817638501175544
0.000819552390487803
0.000804769386936343
0.000783392039034087
0.000781403948101533
0.000722350348247922
0.000911530848840397
0.000703289062467427
0.00084481647373311
0.000885929174305038
0.000768919945585383
0.000856998599764963
0.000717557262485719
0.000691657166473278
0.000696071309025101
0.000861554696150848
0.000886303809543208
0.000827081422358464
0.000815899111073463
0.000790265822823795
0.000702259967592877
0.000849601853636771
0.000736054394167857
0.000757665236275683
0.00076241950009711
0.000793755816399811
0.000743287425109625
0.000756126877425948
0.000773286100583084
0.000877219987911788
0.000877358305506073
0.000654316481093598
0.00081763412164158
0.000770062937602076
0.000893383569321225
0.000737371702716257
0.000786150748414595
0.00074376222211994
0.000672139219517309
0.000742174339241342
0.000786743467984285
0.000817305646290888
0.000788354853314807
0.000840511453792603
0.000781648780808384
0.000735815992802742
0.000796027336280972
0.000837455884807496
0.00072075984116559
0.00072497079717859
0.000824397919788807
0.000804977112406628
0.000864322611973591
0.000772472841291068
0.000885575921005434
0.000874184892501148
0.000752162962503524
0.000760692189733357
0.000849175074788949
0.000772323101240553
0.000866158515785148
0.000807112133610468
0.000759002241376203
0.000732927233507262
0.000850899748186389
0.000909627922145284
0.00075167984479763
0.000789679776243818
0.000864935850089976
0.000847303092853533
0.000867817464308772
0.000775141823730872
0.00083216964224187
0.000849129099662951
0.000807952024635064
0.000858414878279541
0.000781574749362326
0.000816939049727926
0.000806199870666566
0.000765785018704147
0.000880488272181479
0.000728765764830667
0.000850432130587641
0.000699755603319642
0.000819145722179162
0.000775219230040791
0.000743503376114521
0.000728348718404508
0.000826993058309441
0.000854404550659662
0.00070119634267788
0.000718794956810927
0.000799190992722641
0.000789210469893475
0.000820598109720068
0.000677838071769751
0.000695833451758162
0.000881325453928423
0.000823449640923329
0.000852403304674825
0.000810063803009646
0.000856658097160455
0.000717596457137171
0.000954418864513866
0.000759688267392319
0.000738482006208239
0.000722135000225958
0.000769010506825111
0.000725909472215059
0.000828226886508039
0.000779160647644766
0.000819952482124198
0.000637602913082648
0.000724102626936484
0.000756275850063473
0.000797189424003686
0.000856760270032291
0.000737097245374312
0.000832279080433861
0.000774190599703816
0.000840523408751464
0.000877617185810344
0.000862392572006995
0.00087843632525552
0.000932555909077378
0.000895455734888034
0.000855216352967626
0.000828649975499608
0.00088154308977863
0.000754531092532526
0.000868067670326701
0.00085437639243835
0.000767936662426071
0.000807413480072679
0.000891745755950559
0.000837063034995364
0.0010193575765946
0.000929258461621689
0.000844437757956908
0.000966772564562377
0.000864989996744392
0.000800275336865811
0.000870134539445601
0.000818730600574354
0.000973617097206893
0.00088801713484446
0.00086870773515591
0.000942489531219853
0.000825664900645265
0.000868550464403076
0.000746529694723505
0.000859096218725449
0.000836715208780067
0.00084784777050261
0.00086751902005805
0.000918309663881882
0.000822375544399955
0.000892364771075127
0.000856639645353857
0.000926975543008417
0.000790659561775602
0.000915133157927941
0.00113749541296641
0.000769422966316727
0.000840510434915168
0.000900578508564688
0.000902762270513036
0.000869476635119425
0.000748921608740869
0.000799030105605964
0.000842451958735208
0.000956728615196577
0.000750454254633374
0.000923956410598443
0.000843546052180197
0.000860394757866885
0.000932705867129601
0.00103420353757674
0.00101250347798049
0.000919047487954647
0.000789962987238777
0.000937556706972731
0.000978605645040327
0.00100594437713481
0.000847878532918213
0.00090144772359794
0.000892778870765438
0.000972214346250858
0.000919731080220778
0.000897903566833405
0.00087162460908991
0.0009382997946276
0.000782647861028546
0.000894789138125489
0.000924917079745895
0.000819683874258238
0.00091682306168
0.000873910874617957
0.000866486893132388
0.000895922127709721
0.000905108878312027
0.000814109733441769
0.000940539049577856
0.000939508915510337
0.000978188718166981
0.000992116702197694
0.000876220292273696
0.000891646600608877
0.000966406854431661
0.000856630908764139
0.000796724051898115
0.000834034330904546
0.000893188772774893
0.00085842682548418
0.00090608527671143
0.000859141610681581
0.00104069619777475
0.000976152935719183
0.000870496861853672
0.000904324227160944
0.000907058543516259
0.000825050715828382
0.000888248721280519
0.000952042112324706
0.00126286894723109
0.0013083166515177
0.000918691362165675
0.000965871301962284
0.000959865626626544
0.000969072012135934
0.000824461510695753
0.000929509163727577
0.000966561847740163
0.000832262232578329
0.00110895961588781
0.000900295770880988
0.000867039573587986
0.000825638590082972
0.000952737124838728
0.00086533205583976
0.000933131391397392
0.000959974626864192
0.000752576594811907
0.000962626852962527
0.00102586815168494
0.000827581860988033
0.000782108175783357
0.000853174413936624
0.000947477186969831
0.000936959930591992
0.000958298886158525
0.000979792539821308
0.00107545902637565
0.000988574968885443
0.00100116804607188
0.000932530045593177
0.00101130415899893
0.000958500393255018
0.00101676411564882
0.000978632881692392
0.000985827865141724
0.000891444923475199
0.000950377621477397
0.000936512389525707
0.000843578611765496
0.000857631112769715
0.000916203675540781
0.00102739265575704
0.000916721417345423
0.00100228082043339
0.000940243420060025
0.000925449484954223
0.000919710283245545
0.00100114967450708
0.000928692699290986
0.000836725364527628
0.000923498020245356
0.000921721040104748
0.000937423169043936
0.00096868328463479
0.000962510928300024
0.000871926225674226
0.00089683667744912
0.000876137783839289
0.000985349112550356
0.000934158758732441
0.000958059115083877
0.000925733918877564
0.000938564684127189
0.000955512327705531
0.000885164890340923
0.00109849028740034
0.000929470430732516
0.000800730562929013
0.000812499613586816
0.000971410194349279
0.000891942915278898
0.000888704743614238
0.000833394748159357
0.00101936106674804
0.000836155854903922
0.000936046739865663
0.000898845011982698
0.000928600773520016
0.00114796614238849
0.000917518969154558
0.000850321026790827
0.000922204507885081
0.000901303758152279
0.00085871133307112
0.000903339527751776
0.000866226807704205
0.00102510809921778
0.00103237148358558
0.00105203632222416
0.000994894899564069
0.000899528680258249
0.000922510508740906
0.000807049244789028
0.00109655574494467
0.00102307948395599
0.000968840000056406
0.000935813835368039
0.00100167920002642
0.000892825786646358
0.000980328815546386
0.000936836041615566
0.000944108240330581
0.00100860155927977
0.000970597959133269
0.00093804788800522
0.00100904058521669
0.00101204092630538
0.000957778779093958
0.00105776753431324
0.000968564018172241
0.00115957088714316
0.00133222079307875
0.000962181097230833
0.00094696602725262
0.000989490806797216
0.000989508589897423
0.000938003827148794
0.00109147792118945
0.000868183484141778
0.00101153803447026
0.000915580348891543
0.00107870464101528
0.000890843707267839
0.00100304721129405
0.000785391160503335
0.00106191667214623
0.000997102526555236
0.00138546902627736
0.000951038846862012
0.00096160148701937
0.000927205872306403
0.000941742633597729
0.000886913817350657
0.000990998565932853
0.000919872995120225
0.00087665874388507
0.0010232486310818
0.000954403330165538
0.000960913434442197
0.000938199375455657
0.000895095078097241
0.00106904725993496
0.0010713584738861
0.000857691515887178
0.000951772238885869
0.00086507363154609
0.000952683813389387
0.00105672493665159
0.00101679464386449
0.00099241520707529
0.00098533082227629
0.00103259936798521
0.000911261580036141
0.00106961051627773
0.000918408493705764
0.0010850505272937
0.000970769483712348
0.000941062644491275
0.00100117727768607
0.000952213981462894
0.00109122795279934
0.000906182271843128
0.0009221481163503
0.000982346354248656
0.00101701640780014
0.000996229794299363
0.000975213087635907
0.000932596845129246
0.000909647458022211
0.00107184233751855
0.000857040495042248
0.00120846072835972
0.00099705623726438
0.00102061243180678
0.000894175958842373
0.000963093579546137
0.00101249554386523
0.00105461648608998
0.000912073429622165
0.00163146364291683
0.000978222560614099
0.000973787657072592
0.00104624398011848
0.000948087709596085
0.000996791298740155
0.000898277254729432
0.000940789054294741
0.000877572072249644
0.00102002057926928
0.00105482769523524
0.00106759725282176
0.00112193360339522
0.000935492809506831
0.000881571162564084
0.00101392434644669
0.000937194147594805
0.00103896889434213
0.00106989679202651
0.00103988647115223
0.000960985000194583
0.000855667932072702
0.00106885219017429
0.00123350442732616
0.000948437099025895
0.00103468008639759
0.00118837722806182
0.000953251283759449
0.000917435831390992
0.000966435722137499
0.00110597559262103
0.00105793771540452
0.000967025893246373
0.00114063104503328
0.000974632715366758
0.00107257858997585
0.000965690818158948
0.00095773043418922
0.00100541517187714
0.000944014099210031
0.00106372576352343
0.00102732220094658
0.000988548918346834
0.0008404611271662
0.000907399158598223
0.000926688558061436
0.000993255555490661
0.00109668144586632
0.000988659182043008
0.000944724001560007
0.000880500307773922
0.00095188119412606
0.00102562111760183
0.000960669688356524
0.000942855968001051
0.00103916854294126
0.000969741192091767
0.00110799292619139
0.00100008124766023
0.0011071210395853
0.00107711667527427
0.000950516220978513
0.00106712077047396
0.000880510753866243
0.000838316507633772
0.000935191921419251
0.000966173153320206
0.000938329204412154
0.00113529872453017
0.0011635077746606
0.00106198355945996
0.000928970555017159
0.000913546644303173
0.00101290371470318
0.00105691425984316
0.0011628509893639
0.00110034144306321
0.000773330664199272
0.00103922261365454
0.0010627454752073
0.00101338376794873
0.00106024595546377
0.000878509135578691
0.00100784580253859
0.00114071629318084
0.00110179376758326
0.00107721072068638
0.000970226212085034
0.00100585168255332
0.00119670881393667
0.000924468487408307
0.00100650163033843
0.00114156228486155
0.000991021057139066
0.000989745786725555
0.00100358441790776
0.00100589796429186
0.00105468455006726
0.00106044965561264
0.00109613393711145
0.00101084700227965
0.00110186584081242
0.00124429494912522
0.00100410464645069
0.00103264542647916
0.00117009465311247
0.00106702024166941
0.00113808426981485
0.000934325027457811
0.000886100996632208
0.000924263519564412
0.00108357296620506
0.00129016456667478
0.00111472304975636
0.00100429438138564
0.000999389035517292
0.00112096162283453
0.000945863197399387
0.0010335714899884
0.000944081860966142
0.0009764692065047
0.000963398843928832
0.001038580062099
0.00102645457753885
0.00131168394552317
0.00105368097299142
0.00102263719220609
0.00104851493017466
0.00100473677883504
0.00132086486999784
0.00105590107482716
0.00134587546317124
0.000881458427311357
0.00112006787969436
0.00112884489127898
0.00107287316759043
0.00120693239621152
0.00107683675981938
0.00102944171187623
0.00125382260288794
0.00109608761761046
0.00130399816479094
0.00132676469034452
0.00132577198991262
0.00105734550153911
0.00117162483090076
0.00115718980350206
0.00128044683306535
0.00137797853342812
0.00119816439861634
0.00112698074940755
0.00112220719518916
0.00115595309170008
0.00118528098069187
0.00142097997163274
0.00155796505307623
0.00126522339623646
0.00116187569662789
0.00106795543095517
0.00110523474704832
0.00130149145242775
0.0012240426189613
0.00146020678810898
0.00124708037952611
0.00125911618462307
0.00159000873018664
0.00163265092719993
0.00151300225690467
0.00142066838240291
0.00148502916236903
0.00175928631498411
0.00197294349469362
0.000937531560199305
0
0
0
0
0
0
0
0
0
0
0
0
0
0
0
0
0
0
0
0
0
0
0
0
0
0
0
0
0
0
0
0
0
0
0
0
0
0
0
0
0
0
0
0
0
0
0
0
0
0
0
0
0
0
0
0
0
0
0
0
0
0
0
0
0
0
0
0
0
0
0
0
0
0
0
0
0
0
0
0
0
0
0
0
0
0
0
0
0
0
0
0
0
0
0
0
0
0
0
0
0
0
0
0
0
0
0
0
0
0
0
0
0
0
0
0
0
0
0.000362407782983643
