0
0
0
0
0
0
0
-0.000126181173341097
-0.000120418400802793
-3.08387123606807E-05
0.000208423673066052
0.000236185587727601
0.000186245725572151
0.000120515416255403
0.000200917898105645
0.000189408105063671
0.000117322761833289
4.87406631491858E-05
8.02872285642356E-05
7.67731675682453E-05
4.29772851951153E-05
4.27334130100273E-06
4.51458987122165E-05
4.49334057890795E-05
5.99667521211091E-05
8.03425862086025E-05
0.00014061787835995
0.00019767637061753
0.000183418174676407
0.000144379441517692
0.00010439230970921
0.000130087371398095
0.000201805667794479
0.000139184578800204
0.000127517132799893
8.72964788411006E-05
5.99816544403268E-05
7.49341415468202E-05
8.13511933961442E-05
-3.36543880912059E-05
1.46025897704922E-06
-6.15627819354065E-05
2.81145640571716E-05
5.62525695984078E-06
-0.000105024323529295
-9.57198060294348E-05
-8.94392350267127E-05
-0.000131033989580012
-9.06870998913341E-05
-0.00010916521326349
-0.000196004019007501
-8.66964667553095E-05
-9.59980840546583E-05
-0.000115358605595354
-0.000105094461655359
-0.000124065759122616
-0.000138728162493624
-3.55911486814709E-05
2.20246874813084E-05
2.31955421879028E-05
-2.88833246328985E-06
2.15696407620718E-05
-1.99491300926826E-05
-5.80115975534071E-05
-0.000132363108761112
-0.000188513932961343
-0.000213152087853242
-0.000213775336729735
-0.000238148586750445
-0.000232451595075158
-0.000181655888395681
-0.000103111653348943
-6.18103415127145E-05
-2.3869108720331E-05
-3.74726593011628E-05
-2.63489620367208E-05
6.0821809182399E-05
1.80457321366964E-05
1.60144786017691E-06
-2.19995590450911E-05
-3.72962637766009E-05
-3.28646214894939E-05
-1.74218817278402E-05
-7.79776257073321E-05
-8.45773473649351E-05
-6.79115279221039E-05
-6.18670078711033E-05
-0.000107419563255843
-0.000124883409694006
-0.000165229061806083
-0.000151596761987454
-0.000171118819975822
-0.000141821908232489
-8.13123910128905E-05
-4.97202567451148E-05
-3.32761537406594E-05
-7.73839977446715E-06
-2.51799475401559E-05
2.3538832235462E-05
-4.00363054974734E-05
-0.000106720084484423
-0.000120938183182994
-0.000110023188146401
-0.000105429227525215
-0.000121140031985432
-7.4417114606992E-05
-6.209826265641E-05
-4.29507683754971E-05
-2.8235578159515E-05
-3.20990230957634E-05
-6.65195496018151E-05
-4.73998392277599E-05
-0.000101622655395287
-0.000126241532824913
-0.000108347948329586
-0.000125793811861721
-0.000121322721077249
-0.000143460639491291
-0.000297299515816383
-0.00027309556891977
-0.000246731944032766
-0.000302892775143936
-0.000282487982448943
-0.000240101339759401
-0.00017453352542821
1.14889317115397E-05
3.57611387405357E-05
1.8390022673295E-05
5.3958286034578E-05
3.40649498238511E-05
-4.70110784734012E-06
-3.0337225393377E-05
-3.71115848347261E-05
-8.270373326641E-05
-8.08752028002965E-05
-0.000105817090991308
-6.41394271728251E-05
-2.47053507300757E-05
-3.70413033815349E-05
-5.88135119258916E-05
-7.18250912302967E-05
-4.99827425402142E-05
-3.74401401706079E-05
-6.85383709050391E-05
-6.22664811406951E-05
-4.67668321101573E-05
-3.746348129028E-07
-4.26818529843566E-05
1.45835707683481E-05
2.99760487028659E-05
7.17537336997843E-05
5.47779886348388E-05
6.86822476533307E-05
3.56154572084493E-05
9.67671975357084E-05
1.78169499877251E-05
2.21722080918704E-06
-9.59917547650141E-05
-7.75352816991321E-05
-6.80338198543562E-05
7.6957858098985E-06
2.5594963889487E-05
5.12056884425626E-05
4.27043949643682E-05
0.000114344621549302
9.97988025642937E-05
7.60883495566781E-05
3.18606436598116E-05
4.05287888943584E-05
1.50768209229575E-05
6.71525435190315E-05
5.67750717054208E-05
2.79755468617692E-05
-2.25112492395953E-05
-4.98044517545325E-05
-5.9371108233018E-05
-2.94890251134177E-05
-8.96064056461482E-05
-8.64595695640302E-05
-7.37716043598645E-05
-1.35966165010717E-06
4.03458222979359E-05
3.39750071138156E-05
7.03507573290631E-05
7.93618911359347E-05
5.83911777392284E-05
1.41078548004688E-05
2.14781966761095E-05
-3.21113090784486E-07
-5.05365825658508E-06
-5.25881192927644E-05
1.32963984357523E-05
9.72459317341898E-06
4.45400855492298E-05
8.01565912747476E-06
1.36688161360255E-05
5.22816635503204E-05
5.68848280815784E-05
1.27371752793817E-05
4.01909444323311E-05
5.87125207705696E-05
8.19390464665515E-05
5.40504109658129E-05
-1.24834907172733E-05
2.07133499072492E-05
2.06288085607274E-05
3.51888931089927E-05
3.43685745787686E-05
1.14084217588236E-05
5.71657207248936E-05
6.0460737913348E-05
6.39273807621499E-05
5.97951009998068E-05
9.94079050648265E-05
7.53278927593446E-05
7.29865520843341E-05
1.53565949155131E-05
4.06687206777671E-05
2.08450026224312E-06
-1.0600377202814E-05
-0.00010544955604409
-6.43501693322515E-05
-2.68599119210011E-05
-3.11063804338028E-05
-5.83702011177527E-05
-5.80184389370693E-05
-4.54669140304083E-05
2.02893262910602E-05
-1.5377794926219E-05
-9.37199357861767E-05
-5.87383014229937E-05
-5.76957652860892E-05
-5.46430625670242E-05
-4.6545486302188E-05
-9.25297899337603E-05
-6.3106018065305E-05
1.05075334437446E-05
-3.23072345642441E-05
-1.02463759051514E-05
3.02618081057528E-05
9.97176098861452E-06
-1.43027262460983E-05
-5.25318165954636E-05
-9.0763548873094E-05
-4.40880844002332E-05
-5.43037324029354E-05
-9.88013243440233E-05
-8.18921443153827E-05
-4.19590375714333E-05
1.81139540445788E-06
-2.20860190662761E-06
1.5425031758775E-05
2.56050513325728E-05
2.78792437848111E-05
3.77543032860732E-06
-2.00926796944615E-05
-3.43175753129661E-05
-5.92836588781951E-05
-9.04153505302875E-05
-7.2404193685771E-05
-8.69132690557227E-05
-4.98395224539805E-05
-1.9252431089109E-05
-4.35048543877837E-05
-2.35487213167964E-06
-2.2055586185616E-05
-4.15138085660379E-05
-1.84867323618971E-05
-4.80698382863397E-05
-3.93994096193919E-05
-3.219109749845E-05
-1.42202097538394E-05
-3.47369609514411E-05
-4.41429383574883E-05
-4.55392471998638E-05
-3.5495740410114E-05
-4.94252935039041E-05
-5.42228705306876E-05
-4.75894798190583E-05
-1.01469212043863E-05
-2.76919566110567E-05
-2.8543486288201E-05
-4.39363333841521E-05
-3.33118418201485E-05
1.50455683864777E-06
-9.90023236570177E-06
-3.20185832546209E-05
4.44738410625985E-06
3.00873787841728E-05
6.94740723051937E-05
3.04572766283364E-05
-1.36148920902405E-05
-1.79215349380985E-05
7.75672541119148E-07
2.19654653010336E-05
-1.03017367237872E-05
-5.43812477882978E-05
-7.39449682818633E-05
-3.26904410341726E-05
-3.40129102375685E-05
-4.61383254635635E-05
-9.74991579067352E-05
-8.09380299108794E-05
-5.23696041770636E-05
-4.15723469447857E-05
-0.000116200898006295
-8.62461365382778E-05
-7.97062003794848E-05
-5.40594129214417E-05
-7.35796167275497E-05
-4.06801479478073E-05
6.67555722907831E-06
3.62811473415518E-05
1.30262373850482E-05
4.66791908701484E-05
3.06708403162905E-05
1.66043624231399E-05
-6.57142720047881E-05
-9.80567468300597E-05
-8.96489463787508E-05
-0.000128864536363692
-0.000166740401208197
-0.000191029545854556
-0.00019076316730173
-0.000108996054534417
-7.99517630136629E-05
-8.81610980857264E-05
-7.03715076707494E-05
-9.79920885410601E-05
-5.01450871765261E-05
-1.47902762094348E-05
-1.20658347392365E-05
5.74464438204128E-06
-1.65783001814968E-05
-5.88043871390651E-06
3.0033080070722E-05
2.19819883217097E-05
1.9441452965216E-05
-7.08171845717726E-05
-0.000119471527199892
-0.000117160705982002
-0.000122033345770068
-0.000142796708883181
-0.000147135942499275
-0.000191177875500837
-0.00014614476064536
-0.000129162812649417
-9.13943870713198E-05
-7.17872715299299E-05
-6.07562425649649E-05
-6.53372039329492E-05
-3.6155457302819E-05
5.90736180578836E-06
-1.35179964526336E-05
-3.64322649998511E-05
-5.83322955023435E-05
-3.52134460967948E-05
-6.45037086814185E-05
-4.98439406923078E-05
-8.76821684721605E-05
-3.53399170042904E-05
-7.96213662470023E-05
-7.12164208631867E-05
-7.31699234665763E-05
-5.49983917842835E-05
-7.05028368746661E-05
-8.26813647165968E-05
-0.000132666398039755
-6.04543711129168E-05
-9.26157519375383E-05
-0.000114589271278537
-0.000105600259947007
-0.000150848583093656
-0.000164844516599429
-0.000179083404677951
-0.000191845624923506
-0.000189717746350014
-0.000184022839627256
-0.000211495441909797
-0.000205862194853753
-0.000210749041397371
-0.000207882047474267
-0.000200079827199658
-0.000187066954293055
-0.000221008496311198
-0.000283363154519246
-0.000258732701179549
-0.000229980557263927
-0.000188509276310429
-0.000168734759994008
-0.000166270039594911
-0.000118738057448924
-3.54841843047605E-05
-2.65256381062035E-05
-1.30138900214982E-05
-7.33033733874481E-05
-8.61488387931896E-05
-8.22535574410957E-05
-7.25931510472851E-05
-7.72234906274342E-05
-0.000115225261999932
-0.000180904884550531
-0.000131096206374853
-0.000117101643317603
-0.000132519855312682
-0.000141317101993463
-0.000153004264203138
-0.000120644365995499
-9.23323676823881E-05
-0.000112422112112809
-0.000111799391008667
-0.000109881380606679
-0.000146423908403828
-0.000130443247543651
-0.000153416882929427
-0.000136279388646833
-0.000162836196866753
-0.000195843190941964
-0.000157128136841931
-0.00019200503017411
-0.000243248875683592
-0.000251701445294665
-0.000310564060127293
-0.00025382024032177
-0.000262662622119882
-0.0003137964785417
-0.000268550249136266
-0.000215176136009987
-0.000193533266517751
-0.000166419060370954
-0.000207674326353004
-0.000237406616720468
-0.000171188748919044
-0.000136890894673275
-0.000134088217464714
-0.000169834230185683
-0.00014760157073767
-0.000124376296611709
-0.000123654306932897
-0.000152987354627405
-0.000156140918864344
-0.000116745576423975
-7.53281861430577E-05
-7.60065482748159E-05
-9.15522073214308E-05
-6.41355796157947E-05
-9.00950688323277E-05
-0.000133922053623085
-0.000148610914566395
-0.00013363958872203
-8.83669566068201E-05
-8.03589466747319E-05
-0.00010347242885458
-0.000105608440335552
-8.31605939019247E-05
-0.000133491278703905
-0.000133409020919241
-0.000178680447717158
-0.000192479894411476
-0.000159118050365227
-0.000113185088988632
-0.000136209255680437
-0.000115496064275451
-9.60132497415507E-05
-9.01479469301344E-05
-8.28564949025117E-05
-7.85783504103817E-05
-0.000113017976652776
-6.19214344554596E-05
-3.08229527489734E-05
-2.33714526629203E-05
-1.65662365070208E-05
1.24866954173998E-06
2.19703196855226E-06
2.4503386250061E-05
-4.53610344260906E-05
-2.26687133971256E-05
-6.11892784092735E-05
-1.61995657843657E-05
-1.52070965965015E-05
2.58562510103501E-06
-1.6434488870376E-05
4.67296866677195E-05
1.3678787210579E-05
6.49009145850815E-05
-4.27490282869743E-06
1.71104182092945E-05
-2.69653644645018E-06
2.24522809759536E-05
-1.90241780315795E-05
-6.47740886530329E-05
-9.5214410818019E-05
-6.83925112718605E-05
-0.00010613454467826
-9.4677375493072E-05
-0.000134640952200425
-0.000104980942259203
-8.75452999296439E-05
-0.00011455114602276
-0.000109307762120497
-6.53183110441424E-05
-6.24771953060744E-05
-4.0060289999969E-05
-7.20040883610173E-05
-4.80511592057066E-05
-5.93421237802882E-05
-5.0968862104064E-05
-4.72116674795066E-05
-3.82544404999209E-05
-2.7832029906948E-05
-1.24556083147248E-05
1.14649185372237E-05
6.87696868898991E-05
5.40331242209788E-05
1.30565634908801E-05
-1.18815580613093E-05
-6.59317941770485E-06
2.90304841945649E-06
-1.62892743410291E-05
-2.31542837429271E-05
1.54235567347541E-05
-1.80416885147442E-05
-1.96759902962323E-06
-1.68320780015502E-05
-2.11663807565464E-05
-2.38866287866344E-05
-5.85254041404534E-05
-7.20816567402973E-05
1.91083277902603E-05
-3.6764047845901E-05
1.65812303226443E-05
-8.95451848564292E-06
-2.17289173224092E-05
1.44624011630823E-05
4.37210142045559E-05
-2.82088041390406E-07
5.30549742930973E-05
-1.72276188905499E-05
2.68038528327939E-05
6.9617182816754E-05
2.19294345597041E-05
-2.70607610016015E-05
-5.57141830477976E-05
-5.20116030250512E-05
-1.43790449553621E-05
-2.30076930632377E-05
-5.78480044606611E-05
-2.66567521599303E-05
1.74759945214335E-05
6.59570246247921E-05
2.01143908831108E-05
-2.54122697593088E-05
-4.11057332384004E-05
-3.38044489895615E-05
-2.57836325572962E-05
-6.58530360288993E-05
-8.57034902552984E-05
-5.46111907993446E-05
2.51103466596394E-06
3.14645484695737E-05
7.84744786855253E-05
5.87377807192439E-05
9.99245007870163E-05
6.2653030425134E-05
8.39487961876678E-05
4.8526043765736E-05
2.25124180445962E-05
-2.73153253545945E-05
2.85747214497957E-06
-1.77136608983012E-05
1.84393443478726E-05
9.62077610833742E-06
-9.51686305387066E-06
-2.08896070796382E-05
-1.85598103082866E-05
-1.14296379922535E-05
1.80233344503842E-05
1.32461337722929E-05
-5.03202063402912E-06
1.77477701943711E-05
6.3223312487137E-05
5.90820882299576E-05
5.631765121891E-05
3.94232001269273E-05
5.17016351856545E-05
9.05366399708475E-05
0.000103150137089458
8.91467739607482E-05
6.16248877674042E-05
3.5431214180557E-05
-1.83482784490039E-05
-3.08332536578438E-05
-6.77264553270602E-05
-9.75505698866116E-05
-0.000120312163596643
-7.26797696570863E-05
-5.00067918996526E-05
-2.29593783475749E-05
-1.41049763199633E-05
7.25142226634254E-05
5.37158574952079E-05
5.11978679169465E-05
4.77350080395039E-05
6.75770811141201E-05
9.00602924494705E-05
9.09308855206663E-05
2.98663415034285E-05
0.000121486476548995
0.00014247320174148
0.000115135554942325
7.83876935631934E-05
5.84992200067856E-05
3.15764765476642E-05
2.73169922082628E-05
-6.20026119001886E-06
2.81157650874921E-06
8.07528143621714E-05
8.63125997409221E-05
7.70636122744956E-05
0.000114937768040431
9.04804134844955E-05
8.94253916827229E-05
9.58172153500827E-05
4.61981841674372E-05
5.04838387149157E-05
8.5676857581511E-05
0.00012560236130335
0.000157449101721389
0.00012067140453797
0.000103972438823964
0.000100617383631226
0.000108714005904966
7.00533629561748E-05
5.96660863998914E-05
2.56694430052792E-05
5.91473263619896E-05
6.01695383928533E-05
7.22500458716731E-05
6.41864016043484E-05
0.000133582056318234
0.00015434141332898
0.000193320714359109
0.000154280543867054
0.000192368525062641
0.000165690893149721
0.000150604930216812
0.000123055808815043
6.10172541542485E-05
4.42757232680858E-05
7.23344965456776E-05
1.00078864117666E-05
-3.39316657207071E-06
8.27423934179827E-06
-5.51251541651819E-05
-2.28330055667595E-05
-1.51102810478973E-05
-1.72582022407148E-05
3.218058353554E-05
4.71005150342432E-05
3.56128901423974E-05
6.01735024100535E-05
4.3715965377142E-05
4.98703709538461E-05
5.25084194800446E-05
3.54846819401199E-05
3.24704909792221E-05
1.52175203152361E-05
5.46197627997695E-07
-2.22336268890176E-05
1.71290339784723E-06
-6.61573564242215E-06
-2.30933489239173E-06
2.58377645401389E-05
7.5799182633381E-05
6.71589819981014E-05
9.09596819558724E-05
3.10325320101769E-05
8.91836175221198E-05
0.000121728734250233
8.41260313252328E-05
-7.30211049605437E-05
-5.14438278394048E-05
-6.49786427671895E-05
-4.68558127838969E-05
-8.90913732084261E-05
-0.000122757985079312
-0.000122739307649595
-1.24641137315904E-05
-9.42561579838872E-06
-1.77636472411444E-05
3.3368563105904E-05
3.30683977231983E-05
2.38027542274412E-05
4.56991514694865E-06
1.49633155896203E-05
-1.08048453195953E-05
1.96377529719885E-05
-5.09828598374569E-05
-4.7923792202962E-05
-1.92293198630356E-05
6.06306167174783E-05
6.25787647021385E-05
9.7824730307468E-05
6.59914026123259E-05
7.06835178557693E-05
0.000131149475648995
0.000106421305918044
6.43432424402938E-05
6.45215451952558E-05
5.5062690148978E-05
3.62966883111147E-05
2.91109665567832E-05
-3.72752624600757E-05
-3.50108197983416E-05
-5.23071746702061E-05
-3.89267583407846E-05
-8.77829921364462E-06
-5.73168962838722E-07
-2.12840251786094E-05
-4.73128308115471E-05
-3.9390240482545E-05
3.34529642953625E-06
7.9840551852812E-06
-7.48650064764073E-06
-1.90679744582705E-05
3.45359363990345E-05
3.905826040548E-05
3.95770703585675E-05
-0.000125722122250228
-9.03158340140475E-05
-0.00012321802884989
-0.000118617057654037
-0.000144433420492533
-0.00012777286776098
-0.000136455085860837
-1.4464376504984E-05
-5.3280999566684E-05
-5.92240896474145E-05
-2.51811386925573E-05
-3.57294662798127E-05
-5.20543386225031E-05
-4.88434546451152E-05
-3.46097020399314E-05
-6.06876255656282E-05
-7.23616796157409E-05
-8.26265556208155E-05
-7.18379228960983E-05
-4.29681326166231E-05
-5.11151933498577E-05
-4.47462033582416E-05
-1.46954954314368E-05
1.14954398683179E-05
-6.00962004476708E-05
-3.76049693836654E-05
-7.26590850254303E-05
-0.000112094087603522
-0.000131414682289927
-0.000132302259678592
-0.000129582602693245
-7.36237912153431E-05
-8.25326081280412E-05
-5.85005727248844E-05
-7.12214992701749E-06
1.23496935926581E-05
9.54148103428081E-06
1.26986950085502E-05
1.29008311439598E-05
-3.1353112706131E-05
-3.88970442076584E-05
-9.86966384427291E-05
-0.000151245379221969
-0.000141646216003989
-0.00012350670996008
-0.000136551480242297
-0.000112181767833137
-0.000143192812534799
-9.65623000429497E-05
-5.06504684517399E-05
-6.16642454131049E-05
-7.16151219599047E-05
-1.35228464155541E-05
-1.86835930164431E-05
7.07500289023173E-06
-2.41931926536617E-05
-2.88184192664425E-05
-8.15442814010091E-05
-7.78120148875711E-05
-0.000139155716937579
-0.000141359994270613
-0.000148372992247359
-0.000138020395912518
-0.000139032549094091
-9.99232402550454E-05
-0.000108495618324094
-8.29161226966207E-05
-3.90029015955672E-05
-3.59788971055796E-05
-5.01090931768519E-05
-3.33323242975349E-05
-2.38290593764578E-05
-5.38991091199365E-05
-8.61538617783046E-05
-0.000101884255697303
-0.000109162788374875
-8.86194673358149E-05
-7.30929570182221E-05
-9.30134044673093E-05
-9.98828830251767E-05
-8.62189685035666E-05
-0.000103064626999004
-9.9107563373622E-05
-0.000105816675834604
-0.000156486947148182
-0.00014853967402264
-0.000112949176460905
-0.000161078486383574
-0.000123041828573132
-0.00011065410022307
-0.000119422687158653
-0.0001124554511394
-8.95310650149489E-05
-9.68006059764463E-05
-6.67409318112383E-05
-0.000105711174320622
-0.000129877815757975
-0.000107039350214984
-0.000109550389706642
-0.000106473693510534
-9.90177906168311E-05
-8.68977036043319E-05
-6.72016984824042E-05
-3.60231109616131E-05
1.27316946419848E-05
1.44515496741945E-05
9.32974816383424E-06
-5.38031046669659E-08
5.4855134499295E-06
5.42088542577897E-07
-1.64335688895978E-05
-4.22735307007028E-05
1.39994222139137E-05
-8.28494753351678E-06
8.18818908154192E-06
3.07895743375456E-05
-3.98331818532336E-05
-1.54241551236123E-05
-7.25482823657359E-05
-0.000100303096546991
-8.1311104048615E-05
-7.2986381041832E-05
-7.8284351382379E-05
-3.63449784066473E-05
-3.8740997496675E-05
-4.54881533415866E-05
-5.88128330106093E-05
-8.42552010570973E-05
-5.19622969868144E-05
-5.60102527410449E-05
-3.50264592876426E-05
-7.19515598267102E-05
-2.04143920417758E-05
-3.1246356168932E-05
-4.44191791768674E-05
-8.31015254357117E-05
-8.04373597685191E-05
-6.58771073465369E-05
-5.78766937119477E-05
-5.32541737584536E-05
-2.81755201683415E-05
-1.92134817409564E-05
-3.33154355937529E-05
-4.82144411165159E-05
-5.61211579352383E-05
-6.47023539717807E-05
-8.64039619767415E-05
-0.000149407696372072
-0.000112902643208231
-0.000141467105119262
-0.000119200774516327
-0.000120109430236663
-0.000103325481347894
-8.00804691754961E-05
-6.98697623313442E-05
-8.75264193412669E-05
-9.51430982177001E-05
-0.000125375209241503
-0.00015544438097972
-0.000180857343484671
-0.000186906159847765
-0.000134993182522049
-0.000150116831439479
-0.00014447429764477
-0.00010597480055801
-4.27669044757957E-05
-1.78636512513889E-05
-5.23214490011439E-05
-5.34443535397611E-05
-2.63103756109144E-05
2.53504851327011E-05
3.85997829609515E-05
3.00300289758723E-05
1.5670457435063E-05
-1.68752054446396E-06
-3.30905108415693E-05
-2.979322977099E-05
-8.12771146390189E-05
-0.000121976916994189
-0.000170316187992676
-0.000154577782610947
-0.000141139310400987
-0.000136397639596708
-0.000131545922264014
-9.92943181145969E-05
-9.10242424028135E-05
-4.47344313634946E-05
-6.54377871605935E-05
-3.60506707295707E-05
-2.98523449723406E-05
-2.92569819640433E-05
-4.80176772466112E-05
-3.86933082569141E-05
-4.62655296157846E-05
-5.5168364655297E-05
-4.2189946195216E-05
-5.40991633018988E-05
-4.49575557336748E-05
-3.48475438496306E-05
-2.78934108110006E-05
-5.52207188415897E-05
-4.88327138775238E-05
-5.29220824153175E-05
-9.06305257532951E-05
-0.000141533517428126
-0.000124607430524265
-0.000175677468322555
-0.000166980102193981
-0.000142829934589323
-0.000166412466052018
-0.000170189656360828
-0.000172552716667706
-0.000203438636034829
-0.000185009098565742
-0.000200692249682257
-0.000253567616594503
-0.000259594423369219
-0.000213552518916243
-0.000223531981298935
-0.000188606485801384
-0.000136812576258548
-0.000141647802186091
-7.51002700845304E-05
-6.65370852282702E-05
-9.32609469731046E-05
-7.24748786312544E-05
-5.77216359708079E-05
-0.00012395251096879
-7.91780657072172E-05
-5.99738782786709E-05
-6.54419766602735E-05
-6.5287079335288E-05
-4.96433972626941E-05
-0.000106621488939479
-8.8430698778872E-05
-8.79636667771475E-05
-0.000144327206037932
-0.000120046162816418
-7.94270106764314E-05
-0.00012413786778491
-0.000149373383818021
-0.000175774366790715
-0.000186267982688509
-0.00016923225028914
-0.000217902386631919
-0.000222912740661541
-0.000150001492036169
-8.0780058575293E-05
-5.16353499448111E-05
-8.48349428415776E-05
-7.73818462065393E-05
-3.28846731606205E-05
-2.68697270226256E-05
-8.93995576336735E-05
-8.63804710188277E-05
-9.63678493327704E-05
-9.7977241050569E-05
-9.77043500939742E-05
-9.79557354932425E-05
-9.89174081408273E-05
-5.35593430250439E-05
-9.3114130952262E-05
-5.45954919041201E-05
-6.62610232865825E-05
-0.000110931122556564
-0.0001036059551765
-0.000147491438262825
-0.000175767251152318
-0.000180090409684392
-0.000185189432063252
-0.000157595116029404
-0.000101189878214511
-0.000148610118535359
-0.000104955172444906
-0.000108883056020707
-9.69889625652142E-05
-0.000120970266092656
-0.00010973388787045
-0.000111024064759795
-4.90049067161025E-05
-7.05200031195188E-05
-1.7699227771044E-05
-3.6702246538329E-05
-2.81136412491003E-05
-8.19067144251723E-05
-0.00012674719597581
-0.000156905990855835
-0.000131839574086859
-0.000205954340937867
-0.000184997730988839
-0.000158530831908121
-0.000141497996130101
-9.84196555221942E-05
-7.64409646503276E-05
-5.73507765694836E-05
5.97375656372322E-06
2.88319085898845E-05
-1.40425835906957E-05
-4.03186253618075E-06
-3.4253494004001E-06
-7.82115281492981E-06
-6.87155507507358E-05
-0.000102409284131928
-0.000110453437360619
-9.09672623064302E-05
-7.18377283264233E-05
-8.15658255366306E-05
-0.000102583356806742
-7.16281371038126E-05
-3.76771847344226E-05
-1.28412504291369E-05
1.61251629587686E-05
5.57419698029089E-05
3.23597008362759E-05
1.13829109029543E-06
1.96328993660563E-05
2.49488748019439E-05
-2.90818799505732E-05
-8.03744461383302E-05
-0.000115815078022232
-8.27183607458021E-05
-2.53340136076427E-05
-4.50319982034123E-05
2.23039627909414E-06
2.89321237450338E-05
4.32360935642725E-05
5.23951881392186E-05
4.09751386412195E-05
4.54914187503989E-05
7.53500502842738E-05
-2.39036951044733E-06
-2.36699302224409E-05
-4.99796094230018E-06
-3.2796593188016E-05
2.57116839637342E-06
-3.01109561499877E-05
-5.8990920758432E-05
-8.01052949213537E-05
-3.11785571965778E-05
-1.02563769176168E-05
1.69464609299849E-05
1.7044952487123E-06
1.68324843609272E-05
-1.49279596943219E-06
4.74459614573333E-05
3.24443400310625E-05
2.11155110402709E-05
4.36064822163677E-06
-3.85191560896428E-05
-6.07029852830515E-05
-6.10148399676785E-05
-4.75096972829649E-05
-6.28910342495466E-05
-4.81854003368918E-05
-5.97993235860811E-05
-2.95194554794027E-05
1.3620586012939E-06
5.39353490113296E-05
1.62457741916137E-05
1.32954412907903E-05
-4.16538514750216E-05
-1.23017395211764E-05
1.58319900727341E-05
5.82683821961798E-06
-2.78646570135117E-05
-3.67905406066734E-05
-2.37929880252208E-05
-5.04490024443514E-06
1.47921267325647E-05
-5.93497219479373E-06
-6.19712237070412E-06
6.31038058208027E-06
-8.31990614705869E-06
2.24698871238906E-06
-1.29443699715607E-05
-3.4667594716594E-05
-3.18284475991683E-05
-8.06380506729666E-06
-1.80706032673823E-05
9.59755188186986E-07
-2.45912080771036E-06
5.98764795045372E-05
3.11936759565067E-05
-3.14598919867177E-06
-3.93796441079352E-05
-2.90759785825602E-05
-7.30680124714082E-05
-4.56715361537055E-05
-5.94600820724058E-05
-3.36640014320499E-05
1.87575587082312E-06
9.3682677430922E-06
-4.04063734075652E-05
-1.97499299135205E-05
-5.91779062986958E-05
-9.72617584983332E-05
-7.43060710402662E-05
-7.90231463912642E-05
-4.17414482354345E-05
-1.71699324950718E-05
2.35833623308081E-05
-3.6753061946358E-06
5.84458862781902E-06
-3.96946355034836E-06
6.54717941234993E-06
-1.67066156255186E-05
2.41914937194988E-07
1.87286610569126E-05
3.5720474001936E-06
-6.70646318167886E-06
1.76104612802669E-05
-2.46092644700987E-05
-6.78864440185934E-05
-8.41525909078937E-05
-0.000117455632732748
-9.76334721796717E-05
-8.58416423519744E-05
-0.000135315955271597
-8.94333516646083E-05
-4.13585909225433E-05
-4.35109100932874E-05
-5.24158399553328E-05
-1.76523157386066E-05
-1.51299841853521E-05
-1.354247857191E-05
-3.35951085280109E-05
6.96807587385829E-06
2.79704663068174E-05
1.45218053279081E-05
-2.80781983173875E-06
-4.90766981817032E-07
1.26539954469746E-05
5.42888219933131E-06
-3.69570913708341E-05
5.61049798576537E-07
1.60729903761503E-05
-1.2623619467966E-05
-2.44796741645861E-05
-2.32398713875544E-05
-3.29882337262772E-05
-3.80413978588988E-05
-6.74036657548127E-05
-3.60814591445604E-05
-2.00415565098167E-05
-2.04593782660862E-05
-1.46164738538094E-05
-3.4860633959382E-05
1.2917501861426E-05
-4.8165910785059E-06
-3.93830804660547E-05
-1.06983618999907E-05
-1.62375336400831E-05
-1.75021708508049E-05
9.30154109017193E-06
-5.76406633957281E-05
-5.54515580482841E-05
-3.90673930744643E-05
-7.17234698381092E-05
-8.87998021285894E-05
-0.000103660107386924
-0.00012591595929693
-0.000154021384349468
-0.000145265159502078
-0.000151815077001289
-8.49821765443201E-05
-1.74625725537673E-05
-1.47166705862167E-05
2.06882988532107E-05
5.33581779827121E-05
7.28061000664416E-05
6.78833883247367E-05
1.82699877162941E-05
-1.62325275008578E-05
-4.51090758050026E-05
-5.17038734280664E-05
-3.44841097046891E-05
-3.38782437577184E-05
-2.02555139208713E-05
1.20668948717892E-05
-8.57787055645797E-06
5.36922264389803E-05
4.5660569842524E-05
2.15004811309775E-05
2.371059632719E-05
2.08875932405656E-05
-3.22471502286409E-05
1.1446932894119E-05
-2.15216583995266E-05
-1.82488364870642E-05
3.5173343292537E-05
2.29432600298375E-05
1.06671975758937E-05
6.267505046222E-05
2.41693843885334E-05
1.38047422099571E-05
2.07430324744551E-05
-5.8534959867132E-06
-4.66938471238453E-06
3.52148588111623E-05
1.18107287983866E-05
1.51921120596529E-05
4.65525031628831E-05
7.01289788243573E-05
3.83766886992261E-05
2.0456386643273E-05
-5.11414572908551E-05
-3.56308721930662E-05
1.03133342497135E-05
-3.7456458299938E-06
8.88033229616597E-07
-2.06366292179084E-06
-1.34765477406082E-05
3.80085263858571E-05
1.93336844480107E-05
-2.68374595735553E-05
-2.73493148960402E-05
-5.35356071879253E-05
-3.04130549343501E-05
1.86572462643753E-05
-1.82079665154909E-05
2.63258201128754E-07
1.80866797028234E-05
2.2520912107978E-05
-7.00273480699718E-06
-3.69172796746296E-05
-6.55282240663968E-05
-3.90273609864943E-05
-1.76655870400181E-05
-7.5080369588298E-06
3.70205850258821E-05
2.28479316055159E-05
5.7770827356785E-05
4.24825306943666E-05
4.36540183733637E-05
1.01222834121628E-05
-2.3762654940209E-05
-7.0469483199601E-05
-2.16122647402978E-05
-2.93539011493127E-05
1.11859086242433E-05
3.09869295258279E-05
-7.88265378229824E-06
-1.59595541405224E-05
-3.52331658583844E-05
-2.8168412301164E-05
-3.71639393695317E-05
-3.83765389694212E-05
-7.36948162059825E-05
-3.86539601087449E-05
6.00347726286642E-06
5.42761219473411E-05
3.83055087751536E-05
5.26915155790387E-05
-9.31024673284583E-06
-4.93406623215445E-06
-1.27438925614607E-05
-5.33197474899454E-05
-7.33687282313191E-05
-9.50626425148928E-05
-6.67004002337662E-05
-4.53846756411021E-05
-1.34459174814846E-05
-2.80691435612908E-05
9.95356559492847E-06
-2.41364933423863E-07
-1.92571419838909E-05
-6.68869528980603E-05
-2.05838981864942E-05
-3.58437758260465E-05
1.29317360877828E-05
7.5928516268607E-06
8.40286148952257E-07
2.74167641081972E-05
6.10679665191393E-05
4.8866351486924E-06
2.18549664225881E-05
2.12954952977034E-05
2.28178828989616E-05
8.5412074584256E-07
4.367203459326E-05
9.74201880571116E-06
4.51359616480983E-05
6.72401395717171E-06
-2.17062560821286E-05
-4.89147592108713E-05
-5.19581107537988E-05
-4.0469058984232E-05
-5.60280810259963E-05
-3.84962438053204E-05
-2.08186359509306E-05
-4.6662827225996E-05
-4.14840042831079E-05
-2.51667723218957E-05
-3.97851870372255E-05
1.44623533192423E-05
6.86353319990386E-06
2.37791300730979E-05
5.13333263804376E-05
6.95584545494246E-05
9.44584586000656E-05
6.68270532724538E-05
2.91437534927396E-05
2.70585480148156E-05
1.1997224230353E-05
5.26709755064988E-06
2.62672090299458E-05
3.1715733834972E-05
6.36480301040635E-05
7.23791100724252E-05
5.72526574263049E-05
5.85372793457341E-05
6.70164761625009E-05
5.99599779824729E-05
2.3071259456434E-05
2.17403402813907E-05
4.35715158762656E-05
3.76599063280377E-05
1.89715939540851E-05
2.02361562661752E-05
1.29256666400148E-05
4.70729328476413E-05
1.91304237085021E-05
-7.30725471443556E-06
1.3601168479771E-05
3.8963077717312E-05
4.76473777570142E-06
-1.43719867635605E-05
-2.78542194119439E-05
-2.97790082258772E-05
-9.16742156889229E-06
-1.20809239446148E-05
-4.50431656162015E-05
2.87841930132875E-05
2.34529352630697E-05
3.54854336944345E-05
3.77781199219441E-05
5.51025565025364E-05
2.92097691870558E-05
8.33226176497671E-05
4.78997630036693E-05
7.47750077494194E-05
5.34565566353926E-05
5.57951511476777E-05
4.29930524204098E-05
1.12810760310978E-05
6.61386853930989E-06
1.62434337971363E-06
8.67018503443396E-06
2.01301937356332E-05
4.01387341932818E-05
5.5577354309184E-05
9.57243598070812E-05
9.56387190424615E-05
0.000133473301583626
8.67018259623548E-05
9.57430735101747E-05
4.21935765970432E-05
3.69448294797632E-05
3.4048889741102E-05
1.225372397716E-05
1.78775961120281E-05
8.95148675127263E-05
6.21313657138931E-05
0.000104330038437047
0.000100735221938916
0.000111244170662051
0.000128424074462961
7.83730092292032E-05
4.3651331803775E-05
7.708741572602E-05
7.57982577333088E-05
6.4152113712206E-05
5.98718898152826E-05
7.12910569015172E-05
7.0445667514612E-05
4.6733294046288E-05
3.03385998259625E-05
8.19804618176459E-06
2.34103092407546E-05
1.91109868641335E-05
1.57051834838228E-05
3.96964790815921E-05
5.77982433073541E-05
5.82551572369952E-05
0.000110129173766254
7.07607159797345E-05
9.40585484981307E-05
8.99147577066706E-05
8.35856364602445E-05
0.00010473764797005
9.58656585209867E-05
0.000119661254631413
0.000142811495660563
0.000165079127594892
0.000121336880466422
0.000130637978354535
9.01138068891486E-05
0.000136431476319593
3.35757935226844E-05
2.90135289789997E-05
-2.50960204556298E-06
2.20024745902921E-05
1.19190619132391E-05
2.77948286426101E-05
1.08969128816713E-05
5.71415301877505E-05
5.84084855961183E-05
2.8584028151454E-05
5.51752060351824E-05
0.000115506630106974
0.000110632967096732
7.89739909482861E-05
6.20491922796939E-05
8.29512307489372E-05
0.000151257326894512
0.000160519348143041
0.000112905437009513
0.000111595673923633
0.000134956737975929
0.000180824198009341
0.000163528198426009
0.000149646449918967
0.000142872178012703
9.34948793784274E-05
0.000125339620473373
0.000110370352373696
6.44178885054523E-05
0.000114253562099276
0.000105323133505634
0.000103078844193671
0.000197185450397716
0.000206157258564281
0.000214352706575601
0.000245126227599561
0.000170241218753089
0.000135319477734159
0.00011751771326568
2.87328085225127E-05
8.66160990079608E-06
-1.02140776619664E-05
1.19546933625821E-05
3.85751769397258E-05
5.12016238667284E-05
5.48953806154548E-05
6.12127110575894E-05
8.68311996178961E-05
0.000148359021792701
0.000130754807357451
0.000128245720376942
0.000112684099573186
0.000112392203002729
0.000160561326771291
8.47916931963182E-05
2.28102153117479E-05
1.83498583543698E-05
3.84456121021421E-05
8.13082416292728E-05
6.99693247802126E-05
3.60400460955848E-05
8.72651854186868E-05
0.000122779894220551
0.000153632976376854
0.000162769341430181
0.000120282342183695
0.000144093931187021
0.000158022635313432
0.000143092441364142
0.00016904504098859
0.000123772555004331
0.000101584553274525
9.88156215373871E-05
6.81026816109565E-05
8.96206097786609E-05
9.6684896189633E-05
5.17831121604717E-05
7.77579326971965E-05
8.1393327844745E-05
0.000103946161091625
0.000131040356763961
0.000108938330076427
0.000125785074217119
0.000132764948063142
0.000124751593936131
0.000118684126959201
0.000132929370655891
0.000109293717541288
0.000157104798130594
0.000154973269448166
0.000138550258297257
0.00013850101254224
0.000210341774640576
0.000160813947953101
0.000139285386659958
6.02947107147894E-05
-4.42348136841579E-06
-3.03497470070844E-06
-2.19301870299511E-05
-9.56401366973609E-05
-9.51953046568802E-05
-9.78818711992747E-05
-3.7575687492995E-05
3.48346160654721E-05
4.64476147958892E-05
2.37048279455504E-05
5.99352723786235E-06
6.58195507150707E-05
0.000111982989100949
0.000101069534430931
8.13935211376977E-05
0.000119516622378944
0.00016966974669202
0.000160620888539275
0.000164635736437199
0.000157146760595464
0.000100586647146468
0.000112956311845308
6.30027036010654E-05
3.31481140034609E-05
6.12831694958953E-05
5.90322580975661E-05
3.82329793271379E-05
4.86055930061002E-05
3.34051040653713E-05
6.87277688314861E-05
8.06360421681674E-05
0.000107404536576711
5.86109645244816E-05
6.6779643193961E-05
7.98476528060511E-05
6.05521006370719E-05
3.29864583667113E-05
4.2709306082813E-05
-1.65185500318663E-05
-3.34650945801152E-05
-5.47358212328241E-05
-3.69585655137374E-05
-3.87434787853254E-05
1.55803377504451E-05
1.41722147391749E-05
4.482916647332E-05
9.73158487537251E-05
0.000117731401126435
9.67661320864385E-05
0.000103602940640464
2.10382605809533E-06
-4.15302898166127E-05
-4.66625562290591E-05
-4.82212461952728E-05
-4.6411694188195E-05
-5.25629395007378E-05
-6.13178389066569E-05
-6.86484235698373E-06
5.85445416277625E-06
8.24913090531098E-06
8.20184031780099E-06
1.53080631041648E-05
2.9409190649028E-05
6.69519748833147E-05
5.61107519362349E-05
2.83888302402267E-05
3.58606718626294E-05
5.43578184879693E-06
-1.7855129666049E-05
4.47520464978978E-05
5.57023225891788E-06
7.41333743860489E-06
9.61417641085761E-06
1.48765618466615E-05
-3.49060522414539E-07
5.78444000553148E-05
-2.45371118390604E-05
-3.10221017080357E-05
-6.344621969701E-05
-9.05235657000197E-05
-6.92280032097219E-05
-1.54662915625721E-05
-3.09578963172799E-05
-3.1051614578066E-05
-1.1420100258621E-05
8.11156762533986E-05
0.00011269132348769
8.91093960944998E-05
3.69687107858573E-05
2.02462867331707E-05
5.29594275582464E-05
2.93976118048209E-05
-5.43854982685307E-05
-5.98385614479464E-05
-6.20067127804531E-05
-4.31644400560124E-06
-2.27133257247556E-05
-4.88645478322663E-05
-4.46827373536343E-05
-1.24779606725049E-05
0.000102853050721743
0.0001312772416167
7.19397940852359E-05
4.95196125811702E-05
5.03396821382811E-05
6.39794142003251E-05
5.17110762999986E-05
-5.14927292188198E-05
-5.99332243500392E-05
-1.38346617012052E-05
2.04076982638903E-05
2.28194922424237E-05
3.30492871845179E-05
4.60202641246584E-05
4.70150354988461E-05
-8.33611155351483E-06
-2.95002740707257E-05
-3.6670218314771E-05
-2.48309015248307E-05
-3.74453156337322E-05
-4.37105873597346E-05
2.99992952431692E-05
1.05732305051072E-05
-1.24792722018655E-05
-2.10168612697656E-05
5.97201585578773E-06
2.94185052783374E-05
1.02748498222703E-06
-7.08581678967609E-05
-4.72028864657077E-05
-3.21798125631628E-05
-1.15193801039063E-05
-4.88949894893712E-05
-5.51994627564477E-05
-4.59819669796436E-05
-4.49502272052425E-06
-1.61167273853631E-05
-1.57725905145973E-05
-1.06780016706828E-05
2.37763121956578E-05
1.68690687165747E-05
2.9121725602782E-05
-2.98349198818529E-05
8.2376521162614E-06
1.47025009175995E-05
-9.37596562203204E-06
-4.39818358293494E-05
-7.11273685684398E-05
-3.52009813094899E-05
-2.24763706664196E-05
-1.83641529115078E-05
-1.67944979742902E-05
-1.24948146663234E-05
-4.29037495986477E-07
5.20705228361309E-06
-1.52547749794517E-05
2.17820373746735E-05
1.09482923768887E-05
-2.38170493174972E-05
-2.37570750974721E-05
-1.33532205634782E-05
2.21271142044773E-05
8.2390132511419E-06
2.13414069467482E-06
-4.62764182547569E-06
5.2253351085424E-05
4.52408865957506E-05
1.97106547864014E-05
2.70207995150937E-05
2.81351677665414E-05
2.62517569298025E-05
1.72484915534633E-05
1.0207919796752E-05
3.31256388751605E-06
1.58303961390684E-05
9.26114798127677E-06
1.26540880738472E-06
-2.06239377214236E-05
-8.307220354097E-06
-2.1012962285836E-05
2.2098800231765E-05
1.58256254410845E-05
-4.13689987411903E-05
-5.23637547527396E-05
-1.49702262987202E-05
-1.7936124569857E-06
-9.36646464393952E-06
-4.8224429055586E-05
-1.69910687044497E-06
1.86155380778165E-05
5.57375068652462E-05
4.59443909009685E-05
1.57242688985867E-05
3.19340977858073E-05
4.99065272779406E-05
4.36710794444924E-05
4.73821488553945E-05
4.23932618519634E-05
8.32266098439773E-05
0.000137775936197004
0.000100909418599878
8.75539630933166E-05
5.60879269807248E-05
5.49987879164619E-05
-5.28553650372988E-07
-2.3364102294368E-05
-7.21665985801758E-05
-9.11114533536498E-05
-3.74239775933628E-05
-4.53319337116742E-05
-5.11907412129194E-05
5.60412919963273E-06
-1.71408747241112E-05
-5.98574035305936E-06
5.83606986441804E-05
1.99142197877945E-05
3.14768244368041E-05
5.35271567697959E-05
4.47997805045506E-05
2.09641406271709E-05
3.33748875387252E-05
3.26691935636508E-05
3.85392641834474E-05
9.97664564796972E-05
3.62001746907894E-05
2.66877253707088E-05
2.00411806491894E-05
1.8406251950745E-05
-1.39497931495557E-05
-2.16919042398311E-05
-8.37500880287475E-05
-5.83056344254119E-05
-3.54141660616048E-05
-3.27904706701875E-05
-1.18848664992187E-05
6.02897076705423E-06
2.17853945361797E-06
3.04051794116127E-05
4.11524186876645E-05
3.64739480523253E-06
3.68970902184648E-05
1.93726404367633E-05
2.48055291050835E-05
1.12099959020101E-05
-3.99426041578551E-05
-2.07050662267316E-05
1.30628953501929E-05
-2.24714113847539E-06
-4.71444590362923E-06
-6.73504581885292E-05
-6.28947381558406E-05
-2.77890105489046E-05
-2.86001430046965E-05
-3.56496540409065E-05
-1.591328727475E-05
-4.31724617613638E-05
1.77208085022717E-05
1.12804053577118E-05
8.40319936333491E-06
-1.45103635946915E-06
1.54363312874052E-07
-6.27997859064102E-05
-1.03697068933994E-05
-3.42709507049644E-05
-2.3364718228317E-05
-2.73169251740498E-05
1.28151915530567E-05
3.51633175796262E-05
9.55059820860858E-05
4.91395843430395E-05
8.73769335961312E-05
9.8642657673255E-05
5.6489184263478E-05
7.58481531231746E-06
-1.77917654062028E-05
-6.80393437240721E-06
-2.70481261879322E-05
-8.10867195419827E-06
1.01465980009502E-05
-1.72762786640172E-05
1.16801617318436E-05
-4.58722887999403E-05
-6.47180983486588E-05
-2.37437591877035E-05
-4.04113255046215E-05
-6.80490558539691E-05
1.25687868743782E-05
-6.93713836680726E-07
7.43763339453279E-05
7.69695574514373E-05
8.03480781425183E-05
7.01448812269019E-05
8.2321257291426E-05
6.07583467703851E-05
9.54579587428517E-05
9.10932358578378E-05
8.52081851159984E-05
6.54919375581665E-05
5.06779473660301E-05
1.86265948536352E-05
1.1780318219144E-05
-4.69045374325001E-05
-3.53896329654522E-05
-6.20333593613878E-05
-3.87565979466615E-05
-2.42562559962506E-05
-1.25397053648742E-05
5.05271096394294E-06
-8.25816384417736E-06
-8.06394239453415E-05
-5.72345137847354E-05
-8.21995073905501E-05
-0.000100928878533892
-7.63813290358181E-05
-8.8018300020166E-05
-3.99433092407069E-05
-9.91877123482587E-06
1.31153992889858E-05
1.71292255968816E-05
5.28988658794316E-05
5.73376471739869E-05
5.63946057443923E-05
3.89432528621449E-05
5.64638989083568E-05
3.28593075397312E-05
3.24588438984171E-05
2.4297006336621E-05
5.08514933487384E-06
-1.92137900917945E-05
-1.27163801961574E-05
-5.71955567529128E-05
-5.11589969628629E-05
-4.93281211190912E-05
-5.99567752708877E-05
-4.94714164655196E-05
-1.98331309378888E-05
-1.57270454509787E-05
-7.58367193309175E-06
-1.4538922316327E-05
-1.04248307255767E-05
-3.213469545262E-05
-6.80745518838984E-05
-6.20954471605933E-05
-3.10416928166897E-05
7.43891110212959E-06
3.56484648960784E-05
7.4676284087057E-06
5.48791519111431E-05
6.68940391999686E-05
5.3758485907857E-05
1.59852499153519E-05
2.92890756107631E-05
-8.69415407394605E-06
2.88489006991092E-05
-1.44309354603948E-07
-7.82425557146915E-06
-3.26627266894268E-05
-1.49556625671044E-05
-2.83260205114667E-05
-1.9863344055557E-05
-6.0022227096068E-05
-7.32741982757625E-05
-4.48288778179134E-05
1.01841515839645E-06
7.31589179997775E-06
-1.5249449545992E-05
-1.04216165772538E-05
4.03218929662975E-05
1.52708870989712E-05
-7.27239399395751E-06
-7.97664755959909E-06
-3.51039415556967E-05
-2.90551209954979E-05
-3.66691714769907E-05
-5.83731145595597E-05
-2.69813790765347E-05
6.92890370479198E-06
3.6159993942309E-05
3.19369320451821E-05
4.31547538314388E-05
2.29979172902306E-05
3.25874295055284E-05
4.12401119132328E-05
-7.68403588750527E-06
-4.06554260181556E-05
-2.79312344199918E-05
-5.35646810304143E-05
-7.58624661778874E-05
-5.38456015071351E-05
-7.12411515501136E-05
-2.92608963488837E-05
-3.53161626490699E-05
-2.845672707636E-05
-5.83361604896921E-05
1.60719801793543E-05
-9.49792980230887E-06
-2.21134452621004E-06
-3.01892601311727E-05
-5.36927151176488E-05
-6.38775628098838E-05
-2.7581504560603E-05
-5.02517552852619E-05
-4.56613966869217E-05
-2.5068056931129E-05
-2.17916516480806E-05
3.5666131116839E-05
5.91818225150665E-05
6.69990811475065E-05
5.38714364268757E-05
3.99900220177138E-05
2.47895111285969E-05
5.57525344025153E-05
1.96663105105467E-05
3.80297207275256E-05
5.80123441247488E-05
5.4125867645395E-05
6.3561211823914E-05
6.08444510969946E-05
5.14491422501081E-05
3.32737713451735E-05
2.05760999847305E-05
-4.60100200939744E-06
2.40278437924717E-06
1.29114889204143E-05
2.02029803120526E-05
-9.81824117458963E-06
-1.51022453688483E-05
-9.93610006687231E-06
5.19525420160478E-06
4.05106690761525E-05
3.97516301342451E-05
3.07168130081981E-05
5.30881708389226E-05
7.88620678740253E-05
4.69100763512402E-05
3.63573823119879E-05
3.96774565284112E-07
-1.25562358948688E-05
-1.55068943710638E-05
-2.27786057161417E-05
-1.7252007538518E-06
4.47279706973596E-06
6.38637251116013E-06
-1.62578150003273E-05
-2.50971229736596E-05
7.32075367470207E-08
-9.64648530853119E-07
-2.83184637028616E-05
3.26916782629078E-06
1.05137831354154E-05
3.61211879668996E-05
4.0477409977971E-05
3.73556678504649E-05
5.43633202196497E-05
1.55546647187596E-05
-3.05116724126854E-05
-2.41614460479789E-05
2.66796755290188E-06
4.51931784697295E-07
-5.03962218295346E-05
-7.69359591383883E-05
-2.46011146728395E-05
2.72536047194124E-06
2.64599712886112E-06
-4.14785076089576E-05
-1.74293588507872E-05
1.66358369374839E-05
4.52054180186176E-05
2.13796263535145E-05
2.02357932604074E-05
4.209384040724E-05
7.52913955515003E-05
6.52445395091464E-05
3.95812819774979E-05
4.09445303471026E-05
5.42187159908424E-05
6.01847822818351E-05
3.6457749826096E-05
9.38752346665356E-06
-4.0924483438243E-05
2.44580255134437E-05
2.10022811235724E-06
1.76833654329702E-05
1.06008594322621E-05
-1.29422632236866E-05
3.38192899529309E-05
8.02516282116338E-05
5.95367242691057E-05
5.94443898878022E-05
3.60599389894388E-05
2.93597501725752E-05
4.52196401259276E-05
1.81225115328409E-05
8.92679643353353E-06
-2.54214863105102E-05
-2.16236413047549E-05
-3.07817889645375E-05
-6.61839377542101E-06
-1.11362145190038E-05
-1.13777119727576E-05
-1.44964159187786E-05
-3.01799421483419E-05
3.69832963263972E-05
2.57690000288653E-05
-8.019010748478E-06
1.48910279085858E-05
1.78152410085551E-05
1.77958525749316E-06
2.76371935565113E-05
-5.18474163249478E-05
-3.47839827321613E-05
-1.45807748572054E-05
3.46238492800585E-06
2.98320791153258E-06
2.48755806972781E-05
1.46927109192413E-05
6.01796860789913E-05
4.07498995957614E-05
-1.09419959378256E-05
-6.36155242654678E-05
-3.47828253961987E-05
-3.20479580518554E-05
-4.67005355462021E-05
-6.51075298822148E-05
-5.64361144553275E-05
-2.73938829037893E-05
1.37916867993304E-05
-1.4053314123116E-05
-5.65187575858921E-05
-4.30797947404288E-05
-3.37647165076065E-05
3.02491104790268E-05
5.78659902828451E-06
-2.30550300852275E-05
-4.87845695387427E-05
-1.00932069311875E-05
-2.05743338617546E-05
-2.9405181571238E-08
-3.0112310527908E-05
-4.93358919672146E-06
-3.7102311116103E-06
-7.91836175860092E-06
-1.7089198288245E-05
7.91688764763598E-06
-1.31266161666382E-05
-4.15750011735758E-05
-6.15097643502096E-05
-6.3973731708571E-05
-8.67632605361889E-06
1.26689065158516E-05
3.30116387374605E-06
-9.00757302805561E-06
4.18250954088001E-06
2.95434893894583E-05
2.47868597783349E-05
-3.60743214361376E-05
-1.76200823227286E-05
-2.4690306567634E-05
-1.231805829308E-05
-1.16416737931044E-05
4.45263468127595E-05
4.70098800233368E-05
7.3920737169622E-05
5.21233268154854E-05
6.47973704482928E-05
4.2952925366253E-05
5.90062451478244E-05
2.92313136569705E-06
1.44693100534634E-05
5.14516947323063E-05
1.97947809666709E-05
2.99143116388204E-05
1.80012751924498E-05
2.12570603429518E-05
-8.04719298326963E-05
-6.51546270751993E-05
-0.000102389121634119
-5.46789058501772E-05
-4.67779631638774E-05
-2.11932007205551E-05
-4.52598946666642E-05
8.67756066930161E-05
0.000113575658253957
0.000108690798602827
9.07556923540236E-05
0.000106694632980392
0.00010094163728833
0.000108492959712439
7.84893370391003E-05
1.96297819835466E-05
2.60135903138783E-05
2.31789648304516E-05
-5.18116776602922E-06
1.38661585028721E-05
-9.3922808516883E-06
-7.64392028963445E-06
-5.07937229636971E-06
1.75515587992999E-05
5.60509847537363E-05
4.60582281391186E-05
1.27910883525802E-05
2.51487227127409E-05
5.64130662318132E-07
8.3958728458821E-06
1.74898472661994E-05
-3.26936919661978E-05
6.93483254037021E-06
8.8537071440784E-06
-2.75903814379257E-06
3.85795974840157E-06
2.08913108852243E-06
-3.07021657719567E-05
-1.71993232238954E-05
-5.27954683382749E-05
-2.73336307073522E-05
-5.87918901147242E-06
4.29350113263168E-05
3.32894696400707E-05
3.3996448552648E-05
7.71251173999232E-05
5.34916692973692E-05
4.11516033292843E-05
3.51083358834614E-05
-8.67952830649828E-06
-4.20612034312426E-06
8.99696154287143E-06
-4.75232628120591E-05
-6.15645792961613E-06
-1.49203396010513E-05
-1.01791169052919E-05
-1.23448846923269E-05
2.12323799813683E-05
2.39838086107717E-06
4.15392766645413E-06
2.51422194300416E-05
3.0539297523829E-05
1.86252079369886E-05
1.58366713973426E-05
-9.76125757209366E-06
2.59637035289322E-06
2.21836577802135E-05
-1.91156531638621E-05
7.98813818557118E-06
3.51623295094555E-05
3.83094319579569E-05
4.27043613476153E-05
2.98468471023488E-05
2.11530909776969E-06
2.45292746726535E-05
-2.40668179653568E-05
-4.87614537849852E-05
-2.44213457736962E-05
-2.36027483032341E-05
2.64633801013543E-05
-5.70743139734435E-06
-3.10256031123728E-05
-9.73132800755896E-06
2.72281827288296E-06
-2.87059611449825E-05
-6.03617557677398E-05
-7.44084416927556E-05
-4.60161052866103E-05
-4.83523217288049E-05
-5.99596650073195E-05
-8.58013306736067E-05
-4.38756961979874E-05
-3.44631975307182E-05
-0.000125086877462842
-0.000102199193038037
-6.6230668193861E-05
-8.56891822033148E-05
-5.91155880723449E-05
-8.12317161759327E-05
-4.85642454403066E-05
3.51252924776154E-05
3.06388852116343E-05
2.61694477498495E-06
5.49808580240756E-06
-2.3107920456947E-05
-1.83910799969312E-05
-2.77400892699573E-05
-5.41733956019728E-05
-5.61922074657699E-05
-4.18846607480517E-05
-5.49212220556318E-06
2.17049398971109E-05
2.4299369425914E-05
1.50788531262659E-05
3.05009284769658E-05
2.85160567905371E-05
2.10025073314073E-05
2.89689086295365E-05
2.08509446623028E-05
9.13605849835969E-06
4.06361766575687E-05
1.98804858421648E-05
1.52335046586328E-05
-4.19717556229676E-05
-5.58654422255305E-05
-3.20324804839041E-05
-2.50379647971911E-05
-4.18728852692633E-05
-3.29475952648246E-05
-9.61775966146013E-06
2.81426043101976E-05
-7.42231678560752E-06
-4.14628340182756E-06
-1.70993715734814E-05
-7.24841600755046E-06
1.04019308485299E-05
-1.62239195795423E-05
3.52113541829741E-05
6.46513653564704E-05
3.57374340771144E-05
3.62896928320755E-05
4.92531153649287E-05
3.01790455995129E-06
6.72796063639351E-06
-2.45612623393726E-05
3.62401277186567E-06
8.76290341801387E-06
6.92119624505362E-05
6.2945705800892E-06
2.30217801393504E-05
1.99839226439094E-05
3.60291647142325E-05
3.41494542336836E-06
-1.14114180221627E-05
-7.35898601392753E-05
-5.8022435621102E-06
-1.9225851931239E-06
1.64270567212769E-05
3.22023761893109E-05
3.04532356510901E-05
4.60913487616542E-05
6.91562611593439E-05
3.49919185303488E-05
6.24875823793725E-05
4.6890817729409E-05
7.56746232129919E-07
3.5971544979251E-06
1.33575030532657E-05
2.33149012202968E-05
2.03281990883867E-05
-6.10810906442856E-06
-3.56983018707499E-06
-6.16395961133402E-06
-1.48651742119572E-05
-2.2858353276095E-05
-3.22831841386034E-05
-3.25156979425048E-05
-3.75875033659754E-05
-1.1611223568834E-05
-1.31046454102171E-05
2.55318296564508E-05
2.85625753482208E-05
6.99880493195225E-06
5.70095438020977E-06
3.28840830988173E-05
1.52096799506169E-05
3.69943496932614E-05
-5.71570775704345E-06
-9.19391847476053E-06
5.19978182501638E-06
8.68359420646586E-06
-3.76153547563019E-05
-5.5607075889817E-06
6.61264887298574E-06
1.55063456605446E-06
2.614556646589E-05
1.80768377886244E-05
3.17764545926144E-05
5.32214436606386E-05
1.76089954574401E-05
-1.55567500737187E-05
1.76555149665711E-05
-1.57341188394055E-05
-1.05603149408034E-05
-2.27713437710709E-05
-2.74857668470841E-05
-3.2444457952745E-06
1.87733964846064E-05
-1.24854397734143E-05
-2.26980749006021E-05
-1.2404745735061E-05
-1.56701623350179E-05
-1.05222285197161E-05
-4.76383887999179E-05
-2.56438947395034E-06
1.71919207031456E-05
1.54122576779628E-05
4.02038897996561E-05
2.99757408440866E-05
1.95177569443385E-05
3.10172351360299E-05
-1.47117289021062E-05
-2.92817109966548E-05
-2.12248028673368E-05
-6.07072412139999E-05
-5.30843274770506E-05
-3.12477678867725E-05
-2.18435009071101E-05
-2.6995233981685E-05
-1.92093060192948E-05
-1.17203310263846E-05
1.51345330112774E-05
1.40892608995113E-05
3.70865290780024E-05
4.07510830947296E-05
4.50442331356674E-05
3.27476810333504E-05
-1.51800854820909E-05
-6.89812492882494E-06
-3.63492112974981E-05
-3.9893297870388E-05
-3.51240597991847E-05
-6.99534471747325E-05
-7.58433627573687E-05
3.27438953421285E-05
-1.52170572777305E-05
1.03996133239942E-05
-2.49986059701164E-05
-8.0498840100414E-05
-2.20778598993642E-05
0.000103264431720078
3.7831837576159E-05
4.21759312649196E-05
5.61808938694115E-05
6.5853577426562E-05
0.000121038200327646
0.000108837705206251
-1.13128190390557E-05
2.03516602114719E-05
4.52101651774641E-05
2.29443811337718E-05
3.06940169555956E-05
1.75712014588319E-05
5.47481305407299E-06
2.71002722325118E-05
3.22810569405722E-05
6.92756814211284E-06
4.68229417156136E-06
2.30549414996864E-05
1.55707153051643E-05
-2.60569471459125E-05
-5.84972328869182E-05
-6.93680500672773E-05
-5.27410108187815E-05
-6.6894102189259E-05
-7.9682765140552E-05
-9.30379260298105E-05
-4.78309533303692E-05
1.05311742632904E-06
-2.09603549437291E-05
-2.36818737104986E-05
1.66566382791095E-06
-1.65387048074376E-05
1.27138647473273E-05
-8.7851615513846E-09
-4.52265463866128E-05
-1.14954244492471E-05
-3.04570890795578E-05
-2.45591256357566E-05
-1.4853852845786E-06
-2.43638718310578E-05
4.491379042133E-06
1.96292219569765E-05
5.02238487295449E-07
6.11691615405908E-05
4.3052657006272E-05
2.6254002526313E-05
7.1015850275563E-05
2.83518922488715E-05
2.96411228245635E-05
1.70282886272994E-05
-2.6197303180582E-05
-4.03480829595702E-05
-1.01935560878373E-05
-6.54774608912762E-07
2.24872929202144E-06
-1.26707726067032E-05
-1.44198363109489E-05
-1.23306987632539E-05
3.43709765893993E-05
2.03024982347891E-05
9.53728430440027E-07
8.97950739143767E-06
-3.69606479802994E-07
2.52041153050012E-06
7.88748113878271E-07
1.25622569469037E-05
-1.0128072942516E-05
-4.20312142420452E-05
-5.53514065354854E-05
-3.982359533251E-05
-1.30645380353143E-05
-1.94906153931941E-05
-5.54999865968924E-05
-6.30911899853092E-05
-6.72522785074479E-05
-2.69692990850552E-05
-1.01712420679159E-05
-2.95897552718805E-05
-8.47370674302912E-06
1.26428002166343E-05
4.7816692958521E-05
3.65294503113031E-05
5.01767944775471E-05
7.25577088964616E-05
6.49203355794878E-05
5.17499790983725E-05
7.35248962633011E-05
7.29006704595182E-05
7.17232164707323E-05
3.04796405317173E-05
6.08669214280809E-06
1.78493632812769E-05
1.26554872469968E-05
-2.45241676539083E-05
-4.06892609787567E-05
-2.1147488794337E-05
7.04209513548278E-06
2.18406117305492E-05
1.06185814017984E-05
2.72611193661649E-06
-1.74282468296261E-05
2.53611529688339E-06
2.86826590489081E-06
-1.24914894218562E-05
-2.70761816397463E-06
2.03310077217085E-05
3.83841638469095E-05
-1.69084042543991E-06
1.02756387466991E-05
1.68415861080283E-05
2.73665096934371E-05
-3.34324909251567E-05
-5.06500399151386E-05
-6.23477380174207E-05
-4.37078719657869E-05
-4.61725812565725E-05
-4.28942142201007E-05
-4.37911056220554E-05
-2.06610655851673E-05
-1.82814580064354E-05
1.68486309056173E-05
6.20542710875529E-05
3.35536516290502E-05
3.28365609408788E-05
1.51566946121643E-05
3.46075581706702E-05
3.24899728908231E-05
1.45472076365583E-06
-1.54150719154117E-05
-4.6442685190767E-05
-2.75167982724482E-05
-1.90561531762198E-06
-9.50238071440576E-06
-1.48849795445555E-05
-1.79912931788318E-05
-3.85728954680037E-05
-5.92753558598419E-06
-3.24188577096023E-06
-2.61968446907943E-05
-2.79647838639113E-05
-2.64815528294885E-05
-3.05656790429228E-05
4.5082254356086E-06
3.61640489012864E-06
-7.53098870236946E-07
-5.13588177314158E-06
-1.11822862098186E-05
-1.2463301358729E-05
-2.0541256869592E-06
-2.4025136558811E-05
2.91284218833494E-06
-3.8543247268458E-06
-3.8924614318484E-05
-1.16836149914494E-05
-2.32273223982378E-06
3.24638560906515E-07
2.13128225855855E-05
-7.89699446386299E-06
-2.36147980309809E-05
1.98617739231921E-05
-1.41982416642988E-05
2.7164617064128E-05
2.47872746694922E-05
1.97485057561767E-05
4.93017731259651E-06
-2.70490400221249E-06
1.29857115995054E-05
3.49370763281647E-05
3.21899126639179E-05
-4.34597323148589E-06
-2.60993517503306E-05
-2.05596167823713E-06
2.5117864773205E-05
2.53639363990295E-05
2.78926808704866E-05
-1.66641175774565E-05
1.19912077952525E-05
4.2966781605008E-06
1.93273073593694E-05
2.35811247271953E-05
-1.31340783475901E-06
-3.84596547949645E-06
-4.55519289897077E-05
-3.3875299031763E-05
1.86614615382874E-05
-1.61050551343226E-05
-2.83359826089641E-05
-6.20806509954014E-06
-1.76394623174294E-05
5.46390816352371E-05
2.92398315294099E-05
-5.78685969405031E-06
1.54786100177894E-05
5.79496689541655E-07
-2.8562797102687E-05
-6.5160474883155E-05
-7.77523214832452E-05
-8.32869657896804E-05
-3.9449113538143E-05
-5.85339838090088E-05
-7.05580768415775E-05
-6.90422675687496E-05
-2.17270232718667E-05
-3.9680245241072E-05
-9.30766141394766E-06
-1.45411353272633E-05
-9.07426801346204E-06
2.00066660237757E-05
4.11679909350991E-05
2.27352165089862E-05
2.58162216895556E-05
-2.15451140638854E-06
-7.70685996665711E-06
-6.40327992595166E-06
-9.66959150755816E-06
-3.71674147320092E-05
-1.2061013412078E-05
-4.0997022367037E-05
-2.6832700420198E-05
-8.13821359054789E-06
-1.82424232463002E-06
-2.16661802442776E-05
-3.01508607590654E-05
-5.61128431440157E-05
-3.11438097097322E-05
-3.67812681927452E-05
-6.00240369170231E-05
-5.57251647789237E-05
-1.08133323559481E-05
1.11312976784407E-05
5.1293491244788E-05
5.23538951949599E-05
6.09611529497688E-05
4.93346642559978E-05
2.04503085747627E-05
2.07132781173421E-07
6.27659204437355E-06
-5.66547397854411E-06
1.75929914020126E-06
8.07949996337074E-06
-1.49335534007299E-05
-8.15166975581411E-06
-1.55428276721938E-05
-1.18974019268584E-06
-2.18821887596383E-05
-3.17103480108293E-05
-1.83209436227993E-05
1.52118578615712E-05
9.26029646840129E-06
2.93128789963514E-05
2.22592481922971E-05
5.24111173117803E-05
8.55254139769636E-05
6.09796513182014E-05
3.48807395215429E-05
6.87993050141665E-05
3.5712611951335E-05
3.96683965576288E-05
1.43268878064191E-05
8.98807857148957E-06
-6.72279368070323E-06
-3.44465159375325E-05
-3.58050754760044E-05
-1.39439386145757E-05
-1.38653038910361E-05
-1.31979864144332E-05
-7.36723722277878E-05
-4.92031218789164E-05
-2.33932671641227E-05
-2.84380094255027E-05
-3.87899993623111E-05
-4.12879278880146E-05
-3.41120458911128E-05
4.00716980340785E-06
1.83649225057189E-05
2.87881089957845E-05
1.00391737054813E-05
1.41223923382474E-05
-2.25153124189681E-05
-2.22613293694338E-05
1.26912608266948E-06
-2.03083456646933E-05
-1.96648045380397E-05
-2.29749350962875E-05
-3.70820682371653E-05
-2.07861076789569E-05
-4.44858557510812E-06
-5.03953366376161E-05
-1.85171826489526E-05
-4.98325200663693E-05
-2.52575851552657E-05
-1.68709654614221E-05
1.13558959823821E-05
-1.19712287525878E-06
7.83131455135452E-06
-3.54662831903903E-05
-3.3840824675597E-05
-3.57779682154175E-05
-4.21541931423591E-05
-1.72546781290302E-05
-6.59534539665888E-05
-5.76723721971435E-05
-5.62528772593192E-06
3.12624685710042E-05
2.92264004397268E-07
2.5357704317826E-07
-6.05793794796078E-05
9.63056289596641E-06
-3.54402508008617E-07
-1.5475044946985E-05
-2.59745470681292E-05
-9.40590779513904E-06
2.02425001086853E-06
1.15088779108637E-05
-2.5881923743657E-05
-1.05371282585864E-05
-4.1509503267294E-05
-5.15682458680639E-05
-4.26191103969152E-05
-2.37267456465732E-05
-5.10330423659168E-05
-2.7289750315642E-05
-6.24520662430057E-06
-6.0482233965585E-05
3.69487980436278E-05
-5.48065549816553E-05
-6.29174031835098E-05
-3.68254652649434E-05
-3.75440939935251E-05
-5.15500194933722E-05
-3.65838949153537E-05
-0.000140242119223997
-3.86872413420203E-05
-8.43141635457474E-05
-8.60705614135291E-05
-9.48264895673072E-05
-0.000108886861169188
-5.61623762375015E-05
-1.50298738321963E-05
-4.62490345888804E-05
-2.56764739904073E-05
-1.44453483965019E-05
-1.0254713480735E-05
9.78930024920893E-06
2.35727416796153E-05
3.38872138232718E-05
6.05990961034892E-05
5.76189970728055E-05
8.37611948166867E-05
6.72494809043993E-05
4.03548970846263E-05
3.54154010601729E-05
1.82155496049412E-05
2.62091951937075E-05
4.66303896767199E-05
-2.17190272507518E-05
-7.68712400071924E-06
-1.44226672764231E-05
-1.33822733083863E-05
-3.13958437724698E-05
-2.59758045660611E-05
-6.41090859169641E-05
-2.39157988528874E-05
-3.61276456969902E-05
-1.14153913960358E-05
-1.29887273994679E-05
1.0544366750844E-05
1.72632966777619E-05
3.74820110673374E-05
2.43361560808336E-05
3.0788125932798E-05
3.57498350175169E-05
2.66800433977056E-05
3.51033527017415E-05
-9.91773184615908E-06
-7.3090136835544E-06
1.22737020997454E-05
7.38225355169298E-06
-6.91587517332784E-06
2.3384679247265E-05
-1.57403703457224E-05
-1.06823244586776E-05
2.00480529821276E-05
2.54415311708876E-05
2.00517081831565E-05
1.53378527566534E-05
6.59453340348195E-07
3.63265958309213E-05
2.00613019084277E-05
-1.84212369533993E-05
-2.7117375385466E-05
3.66542788497992E-05
3.97062715535819E-05
-9.08870854809015E-06
-5.69170966277376E-05
-9.44387441480789E-06
2.6165864747214E-05
-3.64480202151989E-06
-5.88342555070089E-05
-4.19938083334195E-05
7.93025938376012E-06
9.8212005982504E-06
-1.51141968978319E-05
-3.1116289154905E-05
5.19958178750766E-06
4.8157002122126E-05
2.11871561311388E-05
1.44549292939785E-05
6.98869494107925E-05
6.05055063728458E-05
2.21223013734444E-05
3.49577776680213E-05
3.37607710821319E-05
6.09521983226724E-05
7.14790300057225E-05
4.73632354348324E-05
4.2751015367649E-05
7.40147074168501E-05
5.7665479137608E-05
1.31144167528522E-05
-2.70494678682112E-05
-5.62688475412623E-05
-4.6383541354287E-05
-2.47069139028701E-05
-1.79514375461527E-06
4.01198739059297E-05
5.71406615173272E-05
0.000101501131089744
0.000128451989694121
7.67142929333452E-05
7.99920493862595E-05
6.61508441838696E-05
2.26003753849524E-05
1.5289726789961E-05
4.53529309388824E-05
3.03875029745769E-06
1.77651596735044E-05
4.20916497406802E-05
3.58151095993376E-05
3.39816314316669E-05
7.90165029233676E-05
5.20523818941114E-05
8.43148736926696E-05
0.000127984905381993
7.75120399964568E-05
9.88657059102711E-05
6.78308225553113E-05
3.90090430620727E-06
-1.98128343747476E-05
-1.31171230129992E-05
-3.69742171521265E-05
-1.42974357892733E-05
-8.28630881239121E-06
1.79518253349584E-05
4.05240703493842E-05
4.25160149973893E-05
4.78865771998114E-05
6.62852394432439E-05
4.80703826534782E-05
3.12582949977907E-05
6.91565130848947E-05
6.54344142814321E-05
7.30124425089248E-05
5.33255852086756E-05
4.82240342537268E-05
2.66876256136655E-05
1.61085306976588E-05
-3.64365549787617E-05
-2.67316182114005E-05
-1.39085912156305E-05
-3.35305219880429E-05
-1.51655195057287E-05
4.47219573674215E-05
1.61137338331069E-05
5.69794995225261E-05
2.43935870643813E-05
8.31014417045483E-06
6.19387064594512E-06
5.0474070528465E-06
-2.86319105735146E-05
-8.75481530086388E-06
-3.75013177604086E-05
-4.67739412372633E-05
-2.0402503483379E-05
-1.65622106939824E-06
-3.78139668315205E-05
1.03686551594614E-05
1.81120546343003E-05
1.72766052702807E-05
3.14955420672756E-05
1.37928600154322E-05
1.13545370910029E-05
4.48286030234582E-05
5.10667744044653E-05
5.22711547133188E-05
4.3492861609159E-05
7.165840506996E-05
5.85279468825042E-05
4.59152527455774E-05
5.05253598067063E-05
-3.17575402685087E-06
-1.35652507077182E-05
4.16004739610304E-05
1.09915463067749E-05
1.51253748869974E-05
3.95477683146288E-05
6.97037933413698E-06
1.42233680231236E-05
6.7356546205827E-05
3.11212146800577E-05
1.27898428604585E-05
-1.63647943720166E-06
2.3151301746453E-05
4.05929782435685E-05
5.29863783761998E-05
1.24946804705855E-05
6.58448586225528E-07
-9.89828831228938E-06
2.37394841883044E-06
-2.81494646230937E-05
-4.93043494866315E-05
-6.52673935363976E-05
-4.07068504724571E-05
-5.89343143364408E-05
-1.74002229093113E-05
1.06238894816862E-05
1.30079039374623E-05
6.6159654081429E-05
4.07244990445498E-05
3.54916810040596E-05
6.81062990384979E-05
5.36931174974545E-05
1.37962373809342E-05
4.4035595653365E-05
-2.04448083821736E-05
2.24641549813084E-05
1.21287803422206E-05
-4.18387235116132E-07
2.50357253705337E-05
4.52365110822501E-05
1.13854134008993E-05
2.71597286042238E-05
1.26885622361472E-05
6.10458352012713E-06
1.37511514550628E-05
-7.61104872064044E-06
-1.86920587016804E-05
2.98186977670692E-05
-1.02180336047283E-05
-2.57140273980887E-05
-3.68425645286284E-06
-2.13290634902878E-05
-1.20137192110747E-05
-1.41220194495406E-05
-3.90548577128246E-05
-3.72421370812722E-05
8.72088265863496E-06
3.11956941727848E-05
2.10001039179427E-05
3.96412767485185E-05
8.07035962445985E-05
4.15185393334949E-05
9.30187949164957E-05
7.51458290105549E-05
2.04146164543545E-05
4.86121731708748E-05
4.68351379322205E-05
-1.47550219932202E-05
-4.84757985011642E-06
-2.1808621707836E-05
-1.97607342597598E-05
2.63824575153715E-06
-2.32307155172495E-05
-4.22605358455636E-05
-1.02234335067517E-05
-2.69423306203553E-05
-2.78341236118389E-06
-2.03355164519744E-05
-4.51537121702194E-05
-4.90953210249433E-05
-5.14289699668944E-05
-4.40566992003205E-05
-3.69103400204331E-05
-4.26967727957623E-05
-0.000101003024846353
-7.92878902469616E-05
-0.000101589116553043
-9.6757766490051E-05
-0.00010033037106045
-0.000110188337129013
-0.000158978336583302
-9.13010482138797E-05
-5.97735220013839E-05
-2.71590736658706E-05
1.6776788022371E-05
-1.33129795515291E-05
2.24697297504141E-05
6.26474821479898E-05
6.16227566896332E-06
-8.63470006011756E-05
-5.251741858943E-05
-9.94652641334897E-05
-7.01017794409831E-05
-8.95110031981105E-05
-0.000113750193495773
-0.000115332451506058
-6.14137708450354E-05
-0.000156839507464695
-0.000123606993974099
-0.000119605194094566
-9.75014911625981E-05
-7.44213916383191E-05
-2.77510586127834E-05
-2.73541239202998E-05
3.83383698773093E-05
4.44660396155292E-06
-1.10750498880259E-05
9.95624554601305E-06
4.75298627135613E-05
-1.83664706008389E-05
1.08270127555787E-05
2.10479135220107E-05
2.79777359322074E-05
5.30544563392754E-05
5.26586187026739E-05
-1.12085451715133E-05
5.20715913268694E-05
-2.64634684060924E-05
-1.35634117671736E-06
1.63899566706415E-05
3.60906531169239E-05
-7.7943842849931E-06
1.77509291615398E-05
3.02436136874356E-05
6.35059019896689E-05
6.33254444969453E-05
9.1598293935199E-05
4.18936962699578E-05
5.07175827411806E-05
3.04358288009161E-05
2.42064048419432E-05
1.65678679411804E-05
-1.94034220674772E-05
-7.09320048706976E-05
-5.35550884430384E-05
-2.34812923410216E-05
7.43499728515748E-06
1.84110724344647E-05
4.65192330346487E-05
5.70296664878935E-05
5.9783156192443E-05
6.23309176062231E-05
9.16991398794219E-06
-3.48051669263278E-06
6.40466853749234E-05
4.67044154723587E-05
6.45346768562001E-05
6.11630799449E-05
4.43339253401354E-05
6.4829238681123E-05
4.59851754018472E-05
-1.1931585596249E-05
1.06264145936596E-05
-1.7253014113615E-05
2.07547966995446E-05
2.36392307449809E-06
2.24764455960427E-05
3.9147829855669E-05
1.3604960470751E-05
-2.04858506878121E-05
-1.61964451262302E-05
-4.76826836360014E-05
-2.00237964234975E-05
-5.11171367143084E-05
-5.17087371205213E-05
-1.97874696396094E-05
6.49779091193364E-06
8.10938113934512E-06
1.75370826858618E-05
1.81301427038217E-05
2.45281699111981E-05
5.64838786844399E-05
6.8829921663557E-05
4.85792675494614E-05
5.63386841774083E-05
5.39339631943443E-05
4.64613371120785E-05
5.64719605121406E-05
9.95796392632738E-06
-9.24062332270048E-05
-0.000108731355268844
-8.73564553432635E-05
-8.68710473574451E-05
-9.83415023405352E-05
-8.6938173199399E-05
-6.88875718038276E-05
-1.61339523062009E-06
2.02340124255955E-05
-5.85553826312799E-06
-5.0030814785913E-06
1.01359667475894E-06
-5.00114250807842E-05
-1.78430707580356E-05
-5.66313341542981E-06
1.15232783820197E-05
3.09717153967369E-05
-1.90168922500929E-05
-5.76955152850536E-06
4.95438426951532E-05
-1.81040287371722E-05
-3.17454092644973E-05
-3.22985211921089E-05
-3.3995817499888E-05
-8.371506698007E-06
4.02117953321341E-05
1.52051886653503E-05
1.32422170035152E-05
2.42395528188078E-05
9.48253051615942E-06
-3.64127605183062E-05
-5.44328262123452E-05
-0.000119760236497251
-0.000112945036714131
-6.07521788421742E-05
-8.08581376367932E-05
-7.34488663988216E-05
-3.32966158736236E-05
-2.95538883638616E-06
1.54855850436307E-05
1.84845507504116E-05
1.10531750394911E-05
4.88396675833743E-05
5.38859557572235E-05
6.20239610351541E-05
6.05160189660565E-05
4.54875456113333E-05
3.73894143080625E-05
3.75318576881816E-05
-2.67972365928939E-05
-5.61544068913955E-05
-0.000103885018042047
-8.84474595870719E-05
-9.75958720108604E-05
-6.48252903735199E-05
-6.34107802851235E-05
-1.34742169523001E-05
2.71018216405783E-05
5.85096155770643E-05
2.01664198764251E-05
2.77009826186663E-05
-5.06305671326702E-06
-1.3968875707809E-06
-2.61077009450538E-05
-7.3016307356216E-05
-6.76852573826853E-05
-3.68828887469697E-05
-3.61368550655651E-05
-1.95054710160017E-05
-2.79359759702673E-05
1.3431656732613E-05
1.41293616253416E-05
3.12142365032519E-05
-4.21587025811559E-06
-3.1521388008E-06
-1.82488043701446E-06
-3.12000062672405E-05
-5.32050641770231E-05
-2.74047820602067E-05
-9.80668059037721E-05
-6.62620848443434E-05
-8.35580993327897E-05
-9.04026430238983E-05
-0.000134099693944204
-0.000122456978124321
-0.000133780250153839
-7.83030518172447E-05
-5.00519484742981E-05
-3.03339537628613E-05
-1.60594984704841E-05
3.56208171126417E-05
3.77473118847951E-05
5.64950307802331E-05
4.25567695740171E-05
-2.77378896969027E-05
3.32017620533425E-05
4.2612909238768E-05
6.1352026546108E-05
2.85120803773641E-05
-1.32414540647909E-05
1.3836235482907E-05
2.4397632380645E-05
-2.38244521281044E-05
-5.55332045107775E-05
-7.16453719383986E-05
-4.83582316159168E-05
-3.72042447739431E-05
-8.85452891511034E-05
-3.87161642122194E-05
-7.51570880746823E-05
-5.93369851234888E-05
-1.59351295305658E-05
-9.97477715376627E-06
3.79471017558307E-06
3.87602203200996E-05
9.59457826130839E-05
0.000126362850028786
0.00011342446275682
6.54096492707126E-05
6.27078233197596E-05
3.31206997600336E-05
7.93202631889981E-06
-4.69063977180935E-05
-3.21824223531859E-05
-2.60162655935232E-05
2.1112689124212E-05
1.45813325367677E-05
5.1835096195103E-05
8.89388521589547E-05
8.81778588192957E-05
6.95800942725252E-05
6.13816361133783E-05
1.42194880081308E-05
1.20240640653909E-05
2.24965265193635E-05
3.77964602099797E-05
2.84742334148567E-05
1.5384059332846E-05
3.61937700834856E-05
3.90477683949022E-05
1.68376434289683E-05
1.08530196449695E-05
-3.7983852225786E-05
-3.92629473747371E-05
-2.54085133954037E-06
-2.50261121012647E-05
3.64102999786883E-05
2.44825126895131E-05
8.29560318653582E-06
3.71054912018206E-05
5.59007280961613E-06
-3.55668749422668E-05
-1.75711696053842E-05
-6.49985986138691E-05
-4.33602696603708E-05
-1.16184933902724E-05
-4.14988891882239E-05
-3.153716406889E-05
-3.05965631311486E-05
-5.28207666358998E-05
-2.26141977772372E-05
1.61267994520873E-06
-1.73244690525085E-05
1.26074695415875E-05
4.90673635719254E-05
-2.66136634993851E-05
-1.09054845358502E-05
-4.59181201100544E-06
1.86828999026192E-05
-2.31876347385351E-05
-2.15204356561779E-05
-5.24771000493711E-05
4.37064880570058E-05
3.63394356471546E-05
1.50102979263801E-05
-7.71095929115284E-05
-1.73203210271166E-05
-7.80766835912633E-06
-5.31292498901945E-05
-2.8994779931823E-05
-1.37419601558221E-05
-2.20560980104501E-05
3.50905909700369E-05
1.03011452693191E-05
-1.32577136115804E-05
4.03536229754648E-05
-1.76445027024945E-05
-3.18820218476247E-05
-2.72385543437322E-05
-3.60209811851254E-05
-2.29273233599004E-05
-8.22992914334766E-06
7.58356752057719E-06
1.63158288603849E-05
-3.21999704128907E-05
-2.88870973060099E-05
-3.57511590774162E-05
-1.12758507966267E-05
-2.08014962463373E-05
-5.66011441568338E-05
-5.19803615877833E-05
-1.95354025608884E-05
-3.31316608260808E-05
-2.64500404520143E-05
-7.86479168720115E-05
-7.80477501858014E-05
-6.355017520864E-05
-1.48474940987769E-05
9.56104482329224E-06
1.14610245427099E-05
3.82832262689929E-05
4.98039059354875E-05
2.92408445769075E-05
1.73063625900569E-05
-1.06495015203137E-05
-1.26206459348402E-05
-4.6507951733199E-05
-9.13912093345385E-05
-5.54941980988077E-05
-4.25822172722897E-05
-1.96262584732301E-05
-4.00329933442005E-05
-5.418956404986E-05
-3.54192533402454E-05
9.99161781780363E-06
-7.64102970880003E-06
-1.70344799635386E-05
6.67600895036333E-06
2.49287094300254E-05
3.94758630115054E-05
3.65558091356054E-05
3.50594947359537E-05
6.74553799602797E-06
3.68813400835019E-06
-2.75654117891964E-05
-2.46388068756871E-05
-2.02006139433003E-05
3.61841245169704E-05
-1.15680107175823E-05
-2.5651116530704E-05
-3.20328622828836E-05
-1.35976599167414E-05
-6.01040276795121E-05
-7.4387016681608E-05
-0.000101074769223179
-7.48925643576067E-05
-8.7636890383436E-06
-8.17559174780906E-05
-7.92736678110164E-05
-1.11880880157511E-05
1.37056915005004E-05
7.13914862150088E-06
-8.485458116022E-06
-5.27581659088709E-05
3.29371888322474E-05
9.78205209340453E-06
-5.92720473944388E-05
-0.000102312514534884
-0.000108930780380036
-7.39640936907664E-05
-1.74575632845487E-05
-1.07802276813017E-05
9.92476078525322E-06
3.69049049515357E-05
5.74627798730561E-05
8.31758490528148E-05
5.55305172415168E-05
-1.10483318944629E-05
-3.18644382466592E-05
-4.7061787799369E-05
-1.25473388216104E-06
-3.66019894380707E-05
-6.60019211608407E-05
-3.76526219292654E-05
-1.50940821951545E-06
5.01929525104849E-06
1.00670705707835E-05
-6.0024889508561E-06
1.71919548865364E-05
2.72506014561542E-05
5.67688147081987E-06
3.71681340133897E-06
4.55777311868715E-05
3.62922290272245E-05
7.62015490166184E-06
2.52583801447116E-05
1.46377937517933E-05
1.9433562571894E-05
1.03630033346936E-05
-2.94547833893854E-05
-2.89551409133832E-05
-2.60015188898111E-05
-5.41647058042061E-05
-2.76285984407115E-05
-4.11276067160254E-05
-4.67216512379998E-05
-6.24300285986644E-05
-4.92690470173904E-05
-4.07684052474356E-05
-5.86768927298303E-06
1.74372533336537E-05
2.18819142342584E-05
7.58004657711377E-06
1.35191382578582E-05
-1.56626282769122E-05
-1.44457083938226E-06
-2.27840856192726E-05
-3.71957638524521E-05
-3.51240222352462E-05
-2.43342945643432E-05
-3.48323304120455E-05
-6.93476074969372E-05
-8.04638360067593E-05
-6.39110447121879E-05
-6.57644358430394E-05
-5.4216912280873E-05
-3.91510890600003E-05
-1.79552541908916E-05
2.04902292877061E-05
1.81728714578859E-05
-1.92290634582986E-05
-5.2339891942564E-05
-1.56253500131238E-05
-2.32800259239371E-05
2.21379607601659E-05
4.0088509502311E-05
6.01755432757733E-05
6.37108805079074E-05
3.25500945721364E-05
-5.59668314099326E-05
-6.20127945604576E-05
-0.00010038065762724
-6.47790067214535E-05
-0.000102014850608657
-7.13401019013684E-05
2.48796689532317E-06
4.85823272793568E-05
2.75130063991639E-05
-7.89939232903201E-06
-2.59675068623298E-05
-6.45127621314346E-06
4.35635234918455E-06
-2.45387802181755E-05
-3.54096963792829E-05
1.30224824618405E-06
6.26390452988529E-05
2.9730336939194E-05
1.75984613946263E-05
-2.24098268804905E-05
-1.46277817214581E-05
2.20151011725517E-05
4.20813205918397E-05
8.47417020734217E-06
1.32225401110907E-05
-1.96553464329909E-06
9.02090189092847E-06
4.82501477208754E-06
-2.47435869460427E-05
-6.35119298691687E-05
-7.6185495530109E-05
-8.79081608644768E-05
-3.91822448319573E-05
-1.77069166939487E-05
-4.35063183899752E-05
-5.62779219918989E-05
-1.25430986429134E-05
8.92685783199509E-06
-1.62750397014098E-05
-4.3416016077161E-05
-6.33665507418361E-05
-5.59002115447315E-05
-2.76000466006449E-05
-7.52821186267588E-05
-5.5876201631546E-05
-1.70516404084913E-05
7.00694262532271E-05
9.87167668535025E-05
9.4216458591906E-05
4.92123552274004E-05
8.78485867785085E-05
7.71564759272953E-05
7.51992292919696E-05
6.80398584886499E-07
-2.48258273233301E-05
-2.51977704069235E-05
-8.7957100767308E-06
-2.01484468228111E-05
-3.8533563703723E-05
-2.34881663804865E-05
-3.58542660277279E-06
6.69438219583289E-06
-6.35302365102038E-06
-4.8821689140779E-05
-6.20172659269975E-05
-7.89102501971786E-05
-6.35399833148071E-05
-8.51341380514203E-05
-0.000101335736340723
-7.8672261758255E-05
-5.56450045629639E-05
-9.16968906860677E-05
-8.076565068404E-05
-0.000127936403775669
-0.000122138535963896
-9.97849227802602E-05
-9.06802158190812E-05
-4.41462632380135E-05
-3.2277536928259E-05
-8.89542161102628E-06
4.13003653031031E-05
5.85960369750681E-06
-6.14367085947956E-05
-9.6438022953864E-05
-8.64295581309534E-05
-6.58590984431127E-05
-6.44441997503058E-05
-6.62125207437897E-05
-3.32180927860568E-05
6.31884924756675E-05
7.92301425173653E-05
3.61999724883929E-05
4.41890899596762E-05
6.27513743354574E-05
3.55160712637152E-05
1.00840597538525E-05
-2.87436706800215E-05
-1.53846499665904E-05
7.25527629068788E-06
-1.50825553433233E-05
-1.94780393166714E-05
-1.79793948785992E-05
-2.33222297352503E-05
-2.30198982197903E-06
9.43252583311604E-06
-1.48918003590238E-05
2.00991713065538E-05
2.72322356751309E-05
4.88980233996345E-05
3.47071916180644E-05
7.49357336534787E-07
-6.63260472042097E-06
-4.83564678692486E-06
-4.26308398287163E-05
-7.75563717877838E-05
-0.000114254210490558
-7.27208740509217E-05
-5.69964495527608E-05
-4.87169829881924E-05
-4.09810697028447E-06
-3.87299022727329E-06
4.44826561813863E-05
1.35878264534203E-05
3.57169233804127E-05
2.52072840439393E-05
6.31526738938054E-05
9.45795700690289E-06
3.89370961971374E-05
-2.04051636311644E-05
3.95619985647602E-05
-1.85910681268628E-05
3.09915759322986E-05
-3.70277984592488E-05
1.68729207704016E-05
2.17571636147501E-05
4.21072940652509E-05
1.5297947934879E-05
7.34439291716183E-05
3.16340494460552E-05
8.59165151236691E-05
6.47497630990533E-05
3.95302228558251E-05
3.80105274885605E-05
2.68412864794257E-05
7.45085502349357E-06
1.94040575981291E-05
-9.4789023521528E-06
-7.57185326489013E-06
1.30285713233846E-05
8.45557277561362E-06
1.9026658712826E-05
-9.35903421998751E-06
-9.97291950211419E-06
-2.39211388789062E-05
-2.91633487122166E-05
-5.9684732718932E-05
-3.07940187543396E-05
-3.90205443698686E-05
1.28162401322344E-05
-5.47508872214957E-06
1.39910934717326E-05
3.07081748459908E-05
4.91240353534517E-05
2.67188507374642E-06
-8.13431487761475E-06
-9.94793850992253E-05
-8.0807481010087E-05
-0.000124512271940372
-0.000160810527349856
-0.000133752227308843
-8.78817390856982E-05
-5.4059725935068E-05
-3.24270592521311E-05
-1.40566040157634E-05
3.8814355809166E-05
7.22156490617844E-05
1.8922587055033E-05
3.69768796117257E-05
5.64899432200064E-06
9.37423689149074E-06
-2.5539205437256E-05
-2.19236369359326E-05
-6.26251357815808E-05
-2.88680015794765E-05
-9.71060220416058E-05
-9.00576842169275E-05
-5.48235438989748E-05
-2.58995550956024E-05
-5.90788728135578E-05
-6.03301951322045E-06
-1.22067858997981E-05
-6.13999631815883E-06
-6.91812424586423E-06
-1.4935955675657E-05
3.16746827111075E-05
3.91812087009301E-05
-1.86821334381185E-05
-1.89771177670349E-05
-9.56513934887814E-07
5.51754500189523E-05
6.69385966492584E-05
-2.40098610865633E-05
-3.21725359107086E-05
2.7341783684843E-06
-1.65246760618191E-05
-2.88979838913048E-06
-3.10557059110897E-05
-6.69644571227156E-05
-4.4200951904108E-05
-5.22933748444501E-05
-3.45603679844641E-05
-2.65393330249319E-05
-2.43411255338962E-05
-4.15743294798918E-05
-1.15584094777087E-05
-7.34292726238216E-06
-2.33937015509784E-05
-6.3766355161153E-05
-5.17630790276755E-05
-8.11742663737614E-05
-6.25502234467146E-05
-6.3039733014551E-05
-4.14826413036116E-05
-4.49075037565735E-07
8.22807553868678E-06
-1.31459894123456E-07
2.25908403656991E-05
1.09078144062167E-05
-1.67444930696085E-06
-2.24757567165146E-05
-4.78495647412369E-05
-2.53630021009777E-05
-3.96971199768353E-05
-4.37535328635654E-05
-1.44599718566142E-05
1.54158180283028E-05
1.09629854751647E-05
3.71824837788799E-05
4.37542969829747E-05
8.45745626813491E-05
8.09147441828624E-05
7.0870573755366E-05
6.80997775764234E-05
6.92340175624208E-05
7.21766591805328E-05
6.18011583941213E-05
3.53910015092828E-05
-4.38858406092826E-05
-3.65791163253197E-05
-2.05987796476794E-05
-3.79072366678076E-05
-6.06603689091038E-05
-5.27230511507152E-05
-3.60076106316839E-05
5.55119303870772E-06
-5.18732754133802E-06
-6.67228381817246E-06
6.64910181774474E-05
7.34670924724049E-05
3.91768358954339E-05
3.27647340672292E-05
9.35824184350446E-05
5.59522218772449E-05
2.84559178194023E-05
-3.39432776045445E-05
-2.67867660134197E-05
-2.44160239298156E-05
-3.32567923331163E-05
-2.4608804340024E-05
5.973109431907E-06
1.82012949645162E-05
-2.72043888274872E-05
-1.2642152893578E-05
1.56691291262397E-05
2.9610258247968E-05
-2.23316802147648E-05
-3.25993430210235E-05
-8.55355373137752E-05
-2.51941755408611E-05
-5.3390143736616E-05
-6.16684561035879E-05
-3.02174402165641E-05
-2.88570857642831E-05
-4.9605407688594E-05
7.55163046716386E-06
2.22769515485418E-05
1.06417402772406E-05
-2.49038279127484E-05
-5.05322747415677E-05
-4.79345095487854E-05
-2.64388264891641E-05
-5.10003265289342E-06
-2.97699126275748E-05
-1.45291304650434E-05
-3.4503341381065E-05
-3.79341781774848E-05
-2.27486090451887E-05
-1.43362078544724E-05
-4.95313294860062E-05
-4.08507024360506E-05
-1.60751034097425E-05
3.42051794957508E-05
1.15250318430626E-05
-4.46855370761848E-06
-2.80687557471853E-05
-1.57589526340256E-05
-3.00796638395205E-05
-4.15752010184844E-05
-6.31649658004996E-05
-6.08053785925237E-05
-1.7313320292587E-05
-2.41710940787963E-07
-2.38000207936824E-05
-3.83139457027391E-05
-3.26996791548708E-05
3.96291267284252E-05
6.00689675803407E-05
5.35909853535596E-05
3.05002102520584E-05
3.27858183506225E-05
5.0319198981475E-05
6.27343775335321E-05
3.45639655285322E-05
1.88132004426608E-05
-3.31898546344742E-06
4.55663850879914E-05
3.37740192757998E-05
6.83240977850497E-05
2.00737330311271E-05
-4.00014602945494E-05
3.59930173654018E-05
2.37737142763602E-05
2.52449839471276E-05
8.13263334415613E-05
8.19226191420923E-05
6.3465445806227E-05
9.99934360365554E-05
6.73645874471383E-05
9.02838208103846E-05
0.000100801617896494
2.84780563232878E-05
-1.2527572094171E-05
3.21825051601446E-05
2.56361033819669E-05
9.88211573067127E-06
-1.14389968233732E-06
-3.87855507671303E-05
-2.22547336870798E-05
3.17873317449343E-06
1.84474897673622E-05
-2.27316611098563E-06
-4.80703222991239E-05
-2.43072047668669E-05
-8.42924655106822E-06
2.94453440829964E-06
-3.06378609525899E-05
-4.89039261587356E-05
-2.05670513146248E-05
-3.6510342814639E-05
-2.72370659312555E-05
-3.48427372228617E-05
-2.5504058374449E-05
-6.40695235889712E-05
-8.75153712645052E-05
-0.000118577931388978
-6.33023008241919E-05
-6.89089861473898E-05
-7.32374318335677E-05
-7.92034889680795E-05
-6.4435421134548E-05
-2.86352210380027E-05
-8.57544624736193E-06
-4.84755252484598E-05
-3.99128548373478E-05
-4.42142664990376E-05
-1.40789793157555E-05
-1.10668433713092E-05
-4.11244738282336E-06
2.22592047284612E-05
-2.1029063105841E-06
-3.04994264052029E-05
-1.62768832221381E-05
-4.5738336234229E-06
3.38302387790528E-05
-7.72930750247623E-06
-1.72399019135444E-05
-1.89802186021718E-05
-1.45455692128911E-05
9.86074195428946E-06
-4.14266339426474E-05
-5.81727684021891E-05
-4.11383257460724E-05
-2.5511879079227E-05
5.2634496259673E-05
1.02535824394604E-05
-1.93444054037937E-05
7.0015466247604E-06
2.29531396959884E-05
2.92975949777668E-05
3.46756018978513E-05
-2.764175747826E-05
3.97380520994537E-05
3.35222617620591E-05
4.62438765789538E-05
1.93404662043578E-05
1.82140430656849E-05
7.04148702370186E-06
5.59648005036588E-05
2.94733358144511E-05
1.37200554135484E-05
1.94837195116496E-05
5.64076948064964E-06
7.50288867877E-06
2.30879030476341E-05
8.72942660774226E-06
2.01124961985736E-05
3.05165725360874E-05
-3.77876769932205E-05
3.35217175471951E-05
3.33305997361868E-05
2.38368299260663E-05
1.97144416927601E-05
-1.72320340966557E-05
5.08797540610003E-06
2.08823159784626E-05
1.80085423367673E-05
9.04954395990723E-07
-2.87666083856778E-05
-3.80159354682115E-05
-9.14929258993793E-06
-1.91115866768853E-05
-3.58077234181333E-06
-3.97270613476886E-05
-8.86937879446277E-06
-4.95615799978098E-06
-1.29704349149615E-05
-3.65485520397188E-05
-3.40729401752658E-05
-4.36456788362823E-05
-4.97337853351305E-05
-5.25764647713638E-05
-2.46542559780746E-05
-8.71526729860755E-06
1.53219816055651E-05
9.6839984004706E-06
4.96776798672254E-06
1.5919432463557E-05
1.39978031123541E-05
1.33242577701187E-06
3.38601207106575E-05
1.07609650517348E-05
2.98767108749456E-05
2.73954527926401E-05
1.19442297828776E-05
-1.92270645120788E-05
-3.72972714600244E-05
-6.30311457081001E-05
-4.55399147545069E-05
-5.58840514719401E-05
-3.57037058669658E-05
-1.50422426617684E-05
1.45676220393563E-05
5.10065302965191E-05
3.91357846267969E-05
2.51429829913424E-05
1.08530906143327E-05
-2.59091946113738E-05
-4.75238436818431E-06
-3.28275942075622E-05
-1.85810663879781E-05
2.2323095021132E-05
-3.89686981800472E-06
-2.24758363695481E-06
2.59510469418098E-05
1.42670437708795E-05
3.52375735693045E-05
-4.08137687370605E-05
-5.18970937681113E-05
-1.40263876686727E-05
-6.97346035757861E-07
5.32087903081636E-06
4.72059271229629E-06
1.8235874677837E-05
2.24697033973091E-05
3.46907001585776E-07
-9.71126189306421E-06
-1.58823943115584E-05
-1.12672234281856E-05
1.97069299849532E-06
-9.20902054834696E-06
-6.12088555361114E-06
1.26316632865119E-05
1.14656892382469E-06
-9.34217861823981E-06
-3.76765456667162E-05
-4.47029200089881E-05
-3.62955527895451E-05
3.66866476328302E-05
-6.75414132800414E-07
-2.49070331088742E-05
-6.11998240338479E-05
-3.72596155845958E-05
-3.40072342271854E-05
-6.19868694438409E-05
-0.00011589487376791
-0.000131230231353753
-9.4643735434254E-05
-3.99249139832521E-05
-6.08903024278354E-05
-6.13677532242811E-05
-7.52551424479718E-05
-7.14235466041627E-05
-5.83122691123299E-05
-7.37282255081846E-05
-3.75949507402196E-05
-8.92882307366079E-06
-1.61985969172514E-05
-1.07663650352902E-05
-2.16861925319207E-05
3.60970517496235E-05
5.74057769397583E-05
3.47340995668414E-05
2.37131477105545E-05
-3.50575402739533E-05
1.03451743224449E-05
2.87230709576728E-05
-4.72912154006036E-06
-5.07790351901732E-05
-8.65386878027986E-05
-0.00012169095039522
-5.4017068667874E-05
-7.44164465249556E-05
-7.79951447412618E-05
-6.65941649859602E-05
-5.04355981526148E-05
-2.19276100748885E-05
2.61167925791737E-05
3.53142590351204E-05
3.02683511850283E-05
1.14980673983701E-05
-1.43721107232055E-05
-1.99185829516138E-05
-5.41836553677522E-05
-4.5421414987155E-05
-9.68819031752501E-05
-7.84520489749658E-05
-2.94766746893873E-05
-2.31600368395763E-06
3.08649358247601E-05
3.4149852929966E-05
4.80576518518117E-05
7.02660980738761E-05
3.94845559340547E-05
2.88566062413443E-06
2.69216350696794E-05
3.43568242402539E-05
6.70794063267298E-05
3.04572691279479E-06
1.56423442105893E-05
2.19206848203501E-06
8.32076251852346E-06
-4.49392484252916E-05
-5.67983804884592E-05
-7.96612816932042E-05
-2.4717840503319E-05
-1.01703629893903E-05
-1.25971025625826E-05
2.06482613911062E-05
1.07160017800881E-05
3.59169673064554E-05
2.54400154973592E-05
1.09544648969078E-05
4.36061032881123E-05
5.02982830249443E-05
2.17942148001973E-05
4.05585401077723E-05
-4.00722960180825E-05
1.82164941607024E-05
3.00948430781928E-05
-1.60607214533025E-05
-2.67074727840227E-05
-1.49231965776192E-05
5.97651533734088E-05
0.000105536064395312
8.23124765241252E-05
8.3305094908099E-05
4.46419990940892E-05
9.53546607271692E-05
0.000166747715450803
0.000114269529259726
0.000119464575216289
8.62026393113727E-05
4.79965259605931E-05
0.000113958998890246
5.96118801451931E-05
-1.19355498504344E-05
-8.7237789606516E-06
5.15099713304106E-07
2.74704767090769E-05
3.46469868788303E-05
-2.48423494491371E-05
3.32864172908172E-05
-9.67966677324759E-06
-3.79133479862179E-05
-4.62693742152392E-05
-5.95622941113149E-05
-4.18051620271031E-05
-3.43255559090135E-05
-5.80388091784165E-05
-5.1083044544504E-05
-1.90218555719996E-05
-1.21839360683314E-05
2.1880196114724E-06
6.63799801701932E-06
4.37502525726236E-05
4.62125106801696E-05
3.99609688279272E-05
4.79632258663974E-05
6.18020749538242E-05
6.82928278750865E-05
8.18700805478073E-05
1.91424222132731E-05
2.74995307391081E-06
8.14503379654223E-06
2.11515693876742E-05
1.01501340790134E-05
-4.02273966630824E-05
-5.05260799222659E-05
-1.72378019988826E-06
-2.69020612159836E-05
-3.30614971550068E-05
-3.14584919620234E-05
-4.90456545811742E-05
-4.62266279245641E-05
-5.18911703467447E-05
-8.90513246483825E-05
-1.23822565573789E-05
-3.54652281710924E-06
-5.15423820847668E-05
1.33431904316667E-05
3.22740760740225E-05
1.30841835701542E-05
4.93148446192675E-05
-1.63456068886941E-05
3.709049244709E-05
1.39572857783079E-05
-5.39071877182025E-05
-5.43185441154595E-05
-5.19791368206584E-05
-3.8117720895317E-05
-1.32859764712829E-05
-8.13582171461185E-05
-5.20435354925262E-05
-6.70687863730661E-05
-3.99749868907142E-05
-4.41121630995056E-05
-8.22151599923099E-05
-7.23090052136784E-05
-7.65887958430304E-05
-9.30701943388872E-05
-6.28431571193933E-05
-4.97498275257039E-05
-7.41673715709959E-05
-6.21070633668851E-05
-2.6886088724214E-05
-1.64775931503225E-05
-1.13913727460129E-05
-2.71667209270059E-07
9.93798201674671E-06
2.75317759868118E-05
4.02999414671885E-05
7.63832534457986E-05
0.000127745986784056
0.000102847318747627
9.07540400540185E-05
6.103368366046E-05
5.65102934064887E-05
5.1238074709472E-05
-4.92785708504208E-05
-5.66091104357124E-05
-1.36908980584481E-05
2.92429795003797E-06
-1.53494352987545E-05
1.54409346829901E-05
2.91198375554661E-05
7.07224736744922E-05
3.2530872408976E-05
-2.11973900719114E-05
-4.34534163491274E-05
-4.35256196556348E-05
-9.26789604908499E-05
-0.000138966029721197
-0.000173203641404867
-0.00013677776976334
-0.000127166966685055
-8.5633126523651E-05
-4.33266873022016E-05
7.67315084430359E-05
5.22072903206044E-05
3.68262288131783E-05
3.67822457573618E-05
3.29260817904746E-05
-6.50165937500978E-06
-2.39020897924759E-05
-0.000106170765962612
-7.34658359646643E-05
-7.28535326104749E-05
-9.13738136326768E-05
-5.61228067023018E-05
-3.15998387864631E-05
-7.09478661269699E-05
-6.85522311239312E-05
-6.74800778179604E-05
-2.11193604960003E-05
-5.47813033838744E-06
-9.83257692386586E-06
-3.86689342728618E-05
-4.58512525876161E-06
-2.58744296894499E-05
-5.22517669799498E-05
-9.86346113136414E-05
-0.000120098424596159
-0.000116542619903574
-0.000120981090476614
-0.000146560575803965
-0.000146719227657014
-0.000134512580825415
-0.000134983797948614
-0.000148615950213411
-0.000129445399358994
-0.000130487181869265
-0.000118044546479053
-5.87685591934985E-05
-4.89573912906765E-05
-5.38209580902759E-05
-4.86482741038583E-05
-6.59455841735337E-05
-3.18757603935657E-05
-5.62517264388445E-05
-9.69047477645514E-05
-0.000155355075750395
-0.000127935118565499
-0.000100975669348648
-0.000164158620571642
-0.000145046419974321
-0.00015486786237503
-0.000191340901987936
-0.000125163065075145
-8.39794828126647E-05
-0.000106347863822094
1.0383431041926E-05
-6.66516050784857E-05
-4.45855765225026E-05
-1.37286673751949E-05
-2.47855325283787E-05
-6.97966377220271E-05
-1.41697488322896E-05
-8.42859091560637E-05
-4.18272826059005E-05
-3.0870059845481E-05
-1.50271848067176E-05
-7.63052772955575E-07
1.15469346828484E-05
-3.77715403273535E-05
4.92789641545436E-06
-1.11779659859833E-05
1.2390442455061E-05
4.93082529719123E-06
-2.81287350919511E-06
-2.01336776711805E-05
-4.23081067677639E-05
-6.13253290966538E-05
-4.40033681447382E-05
-5.9492039221315E-05
-8.83032361136739E-05
-0.000109868810303798
-7.51316405413377E-05
-2.71386248553294E-05
-2.83769660283112E-05
-2.93513215876575E-05
-2.16764324317895E-05
2.14021541353754E-05
8.04105113454501E-06
-1.25437862094386E-05
-4.78770701060363E-05
-3.97110129788298E-05
-6.96170903176058E-05
-9.99287119623422E-05
-0.000112365664777529
-6.22455683353202E-05
-5.2260502073714E-05
-3.08185516375941E-05
-7.620854415034E-05
-6.88914330526041E-05
-2.60762618092689E-05
-1.09054333199439E-05
-1.64509335165E-05
-5.12660886216092E-05
-0.000127197684389853
-7.21121015012843E-05
-1.24200353820952E-05
-4.39020804050536E-05
-0.000117891178904287
-0.000123338674992992
-4.70054349251191E-05
-2.54429939809676E-07
-3.49550293348301E-05
-9.68532113539373E-05
-0.00013267961633582
-6.48093367093143E-05
-3.13407802923249E-05
-9.58458580885921E-05
-0.000100660328904095
-9.08174020195551E-05
-6.55874908874361E-05
-4.92751836331484E-05
-6.98972672430614E-05
-9.19624673873197E-05
-9.72971949521773E-05
-7.086382855082E-05
-0.000121174414880665
-0.000163828526540527
-0.000172232492980161
-0.000183817332364727
-0.000171306747541735
-0.000172938053522643
-0.000162401042452297
-7.24779236046807E-05
6.93939175713005E-06
3.94971005981761E-05
0.000129010006773515
8.1293237101314E-05
5.32211675542995E-05
1.54050787556019E-05
-6.88302342305082E-05
-0.000145049891218841
-0.0001862312666891
-0.000270941944247558
-0.000208066463307
-0.000165401515288369
-0.000176838554180657
-0.000119642961502775
-0.000110006639886903
-4.69834697977137E-05
-4.74070986421616E-05
-0.000132199290182026
-0.000127956685862615
-8.98840194782371E-05
-0.000155237412971374
-0.000133853962509148
-0.000158512118618525
-0.000119403399167322
-8.4220748611384E-05
-6.05509769026887E-05
-6.700974875982E-05
-9.80109409376801E-06
-8.21209422487024E-05
-9.16268089533975E-05
-9.47208319775894E-05
-4.0601739269199E-05
-0.000121890144950338
-0.000139932932945547
-0.000155535298154719
-3.94293069776088E-05
-2.15187837061507E-05
-2.4589516135549E-05
-8.44282967238599E-05
-2.25981615051989E-05
2.71553921334422E-05
2.93756057454922E-05
-3.89203214739931E-05
-2.7570042830041E-05
-4.09234718526675E-05
-7.72673580168274E-06
-1.7327683178649E-05
-1.81463352178299E-05
-4.39154145997939E-05
2.64065641377111E-06
1.69094682482413E-05
9.65742724897573E-06
-1.92633644750876E-05
-3.73403389788534E-05
-1.40457122603038E-05
-4.063263992584E-06
-9.25818938068562E-06
-6.45760315004169E-05
-5.77309816545733E-05
-8.84514792947447E-05
-5.45206686939932E-06
-2.5417270820377E-05
-2.54377069546592E-06
-1.62606404662154E-05
-6.02438103331352E-06
1.07364131194332E-05
6.81405464465038E-05
2.70180910618152E-05
-1.36739474922225E-05
3.02297542285732E-06
2.9576106478657E-05
4.11036773540606E-05
5.62403741163887E-05
8.17062658897495E-05
6.42394916859734E-05
6.81066823290395E-05
4.97743765058107E-05
-1.61167969815938E-05
1.05588017219557E-05
-1.28311493399095E-05
1.27937969436882E-06
2.68117293883923E-05
1.3068030411477E-05
2.30038188778709E-05
8.97867249779042E-05
5.29852594337619E-05
2.36643847687066E-05
4.8048563467568E-06
6.69098246073897E-06
7.34341877761143E-05
4.90200096259459E-05
3.50478587373196E-05
6.70307509415307E-05
0.000101280517033821
6.89252518625145E-05
-3.12810256603287E-06
-1.52572317482843E-05
4.96688990531858E-05
2.69489966877006E-05
-3.97622727757009E-06
-2.88465592562894E-05
1.41352491413813E-05
9.22133213519478E-05
5.32101987564306E-05
2.64928282946592E-05
6.88675809727323E-05
6.80303101764897E-05
7.24799056944453E-05
-5.03729048144058E-06
-2.7127478445174E-05
1.35053629001412E-05
3.81944328334504E-06
-2.33194013129225E-05
-2.87841653537155E-05
-1.66254225652426E-06
7.83351063189722E-05
6.33870087473213E-05
-7.16990855063167E-06
3.59291072164017E-05
3.3041591840731E-05
5.65717275714953E-05
3.15781213694956E-05
-4.74359242736547E-05
-1.55434538607555E-05
2.74285211486579E-05
-2.82987556273272E-05
-1.317806743295E-05
-1.08644577384125E-05
-6.26485681999054E-07
3.10179724231426E-05
3.34245370758654E-05
7.09906844159643E-06
4.05874677259721E-05
1.79708276590293E-05
6.08924068496354E-05
8.37813400464733E-05
0.000121807756415758
0.000100285049577331
0.000173874943215238
9.42921338848668E-05
9.96114903668607E-05
1.96987369686152E-05
-2.00448279982831E-05
-4.31790875474025E-05
-1.0995243314749E-05
-4.44877664272732E-05
3.62031963650418E-05
3.58602779908388E-05
5.07865344612715E-05
6.80138241611762E-05
8.00840999673934E-05
4.73460974616849E-05
-3.71695911893338E-06
-2.24918972817765E-05
2.39223965314342E-05
1.44957588899902E-05
-1.32701583714948E-05
-3.95442086872177E-05
-5.86706261345232E-05
-0.000113999505215084
-9.20649683429291E-05
-0.000110998523787998
-8.80842951200396E-05
3.32152913224542E-06
1.66751494167251E-05
2.01829112822843E-05
0.000120643222735138
7.66761007759164E-05
3.59100468698458E-05
9.40958458897179E-05
1.06916797595106E-05
-2.91804262821196E-05
-1.59869395805763E-05
8.49192639179965E-06
2.70510411199173E-05
1.82702044733362E-05
-2.35447074766134E-05
-1.3749545006723E-05
7.81875289349036E-05
5.03969867251913E-05
5.15059983324321E-06
-1.64621891933851E-06
-1.67575455172123E-06
-2.65708522277003E-05
-2.96112911503027E-05
-0.000104709935619096
-0.000125600943439717
-7.90017536488609E-05
-0.000121376402640522
-9.1042091157978E-05
-6.93690791894344E-05
-5.74291106940184E-05
-6.12947232742885E-05
-4.61691927910731E-06
-4.24590997710163E-05
-7.81810887309796E-06
-5.01614366798402E-05
-8.10307841357377E-05
-0.000135195165465405
-0.000130080290005828
-0.000141809688998886
-0.000216856576790737
-0.000158542759471854
-0.00010131658866213
-5.64265440829404E-05
-3.46940428958195E-05
9.94150071911788E-06
-3.76928785697742E-05
5.55191475373299E-05
-2.59963838826357E-05
-5.68140578597142E-05
-7.08787198543477E-05
2.09577896314413E-05
-1.45532905573611E-05
5.97949875286963E-05
3.51710302855861E-05
6.39529996823877E-05
0.000156687407534123
0.000178732257793856
0.00015019557439116
0.000135881879529062
0.000110171702675429
0.000120316077926075
9.79483907612325E-05
-1.03512748436453E-05
-1.42712156303738E-05
-1.18646755014767E-05
9.35877054509798E-06
2.35460701572085E-05
3.40486910445148E-05
9.89601094116074E-05
0.000100244906937831
5.83624502209982E-05
1.86910214611537E-05
-1.29650425980142E-05
-1.72034971548546E-05
-6.83829976119573E-05
-0.000103745236358665
-0.000110215815026631
-9.6254929722759E-05
-8.82649166564362E-05
-7.62211070941892E-05
-0.000147160992152732
-3.24209733112805E-05
-3.41234645113857E-05
2.03736713264609E-06
1.04768638780821E-05
-5.03011064932196E-05
-1.55563084691953E-05
3.32852919164469E-05
1.50306963264411E-05
2.88852843751652E-05
2.16444288767088E-05
4.01886729046232E-05
0.000116645216293101
0.00010837048278394
9.37741173952772E-05
4.88343274542616E-05
3.95029837106266E-05
3.46446314834339E-05
1.16164497050349E-05
1.43318678475022E-05
-2.80786481105856E-05
4.89171712699864E-05
6.12141717922372E-05
7.54575155509592E-05
4.74675831674867E-05
0.000113003372156135
9.6434835741833E-05
0.000115341941393204
0.000111936356926111
6.49388616471066E-05
6.53135503726129E-05
9.8627671377648E-05
1.9250206005802E-05
5.25512779678384E-06
5.47089921844547E-05
2.65726353013133E-05
8.85589383803562E-06
-1.05671942490827E-05
-3.26599648338839E-05
-4.61940145562959E-05
4.34068611831454E-06
-1.84338314777408E-05
-3.22635244183747E-05
4.45738518957965E-05
1.42509498332079E-05
4.29189235819136E-05
4.54061508732783E-05
-3.20101702826321E-06
-5.78483576293784E-05
-4.33076449484701E-05
-0.000141383250642826
-8.79008046931962E-05
-0.000131890092630416
-0.000145264571476468
-0.000161185364959621
-8.58272703152395E-05
-0.000121653602364249
-5.08612996817282E-05
-8.48033239029987E-05
-4.0562442253704E-05
-2.1614591252069E-05
1.18994183993442E-06
8.96460951137812E-06
5.26966319946821E-05
3.3754144587169E-05
3.63203384866814E-05
5.8183324663101E-05
9.47718489294582E-05
0.000117648728583966
3.30555137122084E-05
1.82532409347579E-05
4.45712526740209E-05
6.56407609054328E-07
-1.3210216009312E-05
8.15948544049826E-06
-7.9945727590796E-05
-2.15214760921288E-05
-2.37981668407691E-05
-8.91638809271879E-05
3.63884386669584E-05
3.36373502978926E-05
-5.93118029744864E-05
-3.77758492739889E-05
-1.34516613110655E-05
-0.000155118018361149
-0.000108731009143592
-0.000170505258591899
-0.000174967424086236
-9.59115489373597E-05
-4.56712847744981E-06
-6.38724999936197E-05
6.79408320891729E-05
2.71070055878138E-05
5.44343041616118E-07
9.11391302979036E-06
-3.80153294121589E-05
-9.82289717008837E-05
-9.16104267537732E-05
-6.50097378187137E-05
-3.44636378512907E-05
-9.24351122586149E-06
-2.07245424621589E-05
4.30759514569191E-05
4.09856898521947E-05
8.72886714937007E-05
8.34217034235604E-05
-1.69339635871389E-05
-5.45201967221868E-05
-5.87229678573849E-05
-3.52890639875628E-05
-4.15755052943988E-05
-2.90796712253037E-05
-1.27864450190803E-05
0.000173342995990206
0.000317487040285463
0.000425391911787547
0.000519328221064989
0.000627337757192669
0.000587779420300957
0.000552088265310733
0.000474549178081749
0.00035723513775506
0.000253051731656844
8.59816964356795E-05
0
0
0
0
0
0
0
0
0
0
0
0
0
0
0
0
0
0
0
0
0
0
0
0
0
0
0
0
0
0
0
0
0
0
0
0
0
0
0
0
0
0
0
0
0
0
0
0
0
0
0
0
0
0
0
0
0
0
0
0
0
0
0
0
0
0
0
0
0
0
0
0
0
0
0
0
0
0
0
0
0
0
0
0
0
0
0
0
0
0
0
0
0
0
0
0
0
0
0
0
0
0
0
0
0
0
0
0
0
0
0
0
0
-2.61008301598609E-06
