0
0.00433997944530503
0.00430941313901032
0.00451260356924511
0.00420036037895263
0.00467287827254942
0.00491897460222218
0.00188419604076162
0.001808941338569
0.00223420089334813
0.00194284021279512
0.00200109584355362
0.00213245797107697
0.00178412106149259
0.00185692631578847
0.00199050348202713
0.00159316482933629
0.00175068946752348
0.00172745136310822
0.00206141707493646
0.00157007894657251
0.00201020311627135
0.00177848890060267
0.00150386660649159
0.0017935293463058
0.00148114599735495
0.00336805728305736
0.00176674284593833
0.00196748867999852
0.00162315759977983
0.00161206351038317
0.00147969147963223
0.00133512478408831
0.00190867736584989
0.00299799532549462
0.00149217330333167
0.00145800134193718
0.00144831258672852
0.00146356733048189
0.00144837497439916
0.0015198285211636
0.00126834352665258
0.00152150621422351
0.00170794012078822
0.00122899828779027
0.00167075498492264
0.00173135919652855
0.00164167003934071
0.00143109679664733
0.00167341790335659
0.00155921352928082
0.00180083112856352
0.00175284375135019
0.00146817068932957
0.00130200422977364
0.00146075192813106
0.00136481468739799
0.00161629950087375
0.00171256549854926
0.00141310019353272
0.00155954952682884
0.00149707087834164
0.00164023368046306
0.00176935887188777
0.00155022251676699
0.00129946329790354
0.00148229701095349
0.00140739170068327
0.00138828842917419
0.00133070224677883
0.00149974644015622
0.00146483703950932
0.00166114532234966
0.0013856476112459
0.00145635895282673
0.00115926905543411
0.001478242988338
0.00197851872254114
0.00132720241792444
0.00154222344787317
0.00142551760051534
0.00120257210100045
0.00148598521807978
0.00118047516638743
0.00174155223764086
0.00138206073029735
0.00131986747643306
0.00121181214768984
0.00133986092135936
0.0010638457208935
0.00116068842156697
0.00149685329978693
0.0014957722454484
0.00126764696402124
0.00132264090619512
0.00109327677802992
0.00135156253063182
0.0016710323311407
0.00142645313569544
0.00150554951719243
0.00154335475680188
0.00128642030829325
0.00142174505899299
0.00136031524928937
0.00113471855578514
0.00117819878330186
0.0014934457216792
0.00110391859118291
0.00140186210188514
0.00143107010821852
0.00115663545165806
0.00122403585695512
0.0014246403212487
0.00109477115691526
0.00127194841326741
0.00118701873062084
0.00138684359265493
0.00136419684108909
0.001324531635842
0.00148411561956342
0.00136816981249156
0.00116863102984712
0.00129012339611251
0.00137502644565881
0.001343641550608
0.00124309574046081
0.00136569263720851
0.00131093985821464
0.00124119083775806
0.00139692186955154
0.001586378448561
0.00145006851118261
0.00160017283722475
0.00148100081526352
0.00124096258713921
0.00156069747360313
0.00132904478017253
0.00122903632954881
0.00128889924484642
0.00113855544037652
0.00122053164770448
0.00116691058068055
0.00139981479152652
0.00130581809360123
0.0012846377293812
0.00128894869500861
0.00118041250639574
0.00130011857865333
0.00124655747760473
0.00137394243658569
0.00148166819932895
0.00125195587413975
0.00121032439231003
0.00124520462231255
0.00122412256044901
0.00111710284342978
0.0012046073854396
0.00126851750190407
0.00102812033954572
0.00131367158978577
0.00122455610231234
0.00124652953829369
0.00135181652180325
0.00101415125850935
0.00139820208619797
0.00127682501317955
0.00121958465303054
0.00114358103185175
0.00116043250308876
0.00118331823431525
0.00102837773341608
0.00100536081205294
0.00115345951654408
0.00142124488292206
0.00122590862738825
0.00107184077012837
0.00104211812643677
0.0011556629945629
0.00112265663777789
0.00119034254674566
0.00134457214267264
0.00107642522413378
0.00141507105493186
0.00112875581758694
0.00130554326618813
0.00117455199654125
0.001738602570326
0.00136118230256633
0.00125504274208839
0.0012011896814701
0.00101972548584022
0.00116910553185628
0.00125653823692905
0.00130438745881585
0.00106284462207175
0.000973771387633553
0.00105096768846364
0.00116043952672019
0.00103853554246048
0.00131897028304628
0.00104996699773276
0.00111606948331043
0.00125136996755255
0.0010703405241583
0.00129505263048797
0.000912430924191607
0.000975704612961486
0.00109968879498438
0.00112671297348269
0.00106932594833573
0.0010741637981577
0.00113196643189857
0.00100719983880035
0.00142222251560488
0.000932151244818301
0.00112516048673678
0.0010348534130919
0.00107219412194178
0.00104659061958288
0.0010045503748395
0.00116494220226784
0.00143904522240383
0.00102181713336234
0.00100380281695087
0.00108749398114291
0.00114326983233884
0.0010368459412167
0.00116590902295378
0.000983314041070473
0.00110364027772254
0.00109931168048159
0.00107481019692247
0.00114561802460014
0.00118123147683712
0.00116941653552901
0.00122106473550343
0.000972325141148631
0.00118467921300348
0.00104572149292333
0.000913046748547289
0.00107292599071541
0.00119541295350242
0.000969811074790866
0.000952507180946604
0.00102219050315963
0.00110652160853901
0.00114702062169712
0.00172038359079604
0.00121044424714179
0.00112823123120379
0.00104316825911933
0.000996786503759125
0.00110848465276782
0.000965121913517174
0.00122277996049939
0.00110090872532644
0.00100406159352477
0.00119281006816543
0.000960627932088677
0.00112960237098926
0.0010974908333576
0.00107313071666223
0.000951604585557726
0.00112632937121632
0.00112462963515821
0.00101714661091365
0.000948825190997134
0.00148709997631082
0.00117583278120602
0.00216864807950114
0.0011502542044533
0.00123658002375127
0.0010884871430329
0.000915722039760252
0.00201445448166833
0.0011558202173802
0.0011207205770088
0.000879188155582545
0.000950763026251127
0.00115151849376471
0.00120004679239108
0.00108262308154052
0.00114558406875293
0.00129826578533289
0.00112947967653859
0.00115078916811801
0.000996157008663077
0.000996159621154842
0.000995262641953163
0.00101838841531785
0.00113418016562687
0.000989925497698497
0.000973140991381369
0.00103460255539783
0.001028507593744
0.00182073828933014
0.00107083577293172
0.00120306184184969
0.00110253036403382
0.00153243371220671
0.000942484913556245
0.000905199150800263
0.00100351333080375
0.00101856303934409
0.00164113798107853
0.000911301432544776
0.00103391562856887
0.000986152173096609
0.000942241418538666
0.000949465491728207
0.00113217707221377
0.000946814083688726
0.000982167905348865
0.00110823836616612
0.00102594171202642
0.00093243056713517
0.00101566471209302
0.000966903718827743
0.00105693523598308
0.00104973621418031
0.00094276651847159
0.00107558411562276
0.00113779652540745
0.00104946290381667
0.00102369795859395
0.00152597192928844
0.00124544120211783
0.000985648090527744
0.00157354830877596
0.00117123384178513
0.00114353895723321
0.00103820088377971
0.00112427295525048
0.000847188469339034
0.0009678106301323
0.00101294969689323
0.0010356440493651
0.000831333036983338
0.00103865177642306
0.000882315725909575
0.00089509518113624
0.00090400896418933
0.000954539195246733
0.000890840255759598
0.00108586391086073
0.000798355160214287
0.00107106285642221
0.000897932693914389
0.00105990390583112
0.00109204060452772
0.000995522728733522
0.00107729132921828
0.00101800681993692
0.000822973601706764
0.000921675365029481
0.000898849156229394
0.000952893233751217
0.00127597756666788
0.000952964762962848
0.0011046500684701
0.00101038777549094
0.000920665134482791
0.00102022540219418
0.000925218810387192
0.000964268472519226
0.00103117442020151
0.000978758789761105
0.000998761054390324
0.00101150432811625
0.00111517209249445
0.00103575193455989
0.00103347604505152
0.000938462221114967
0.000926834756065172
0.00104417375486788
0.00130300206021883
0.000819566563662226
0.000913107801269197
0.0009519791128035
0.00110764211380076
0.00102408882978536
0.000918830599260492
0.000968353757568103
0.00109892299361084
0.00109191552818904
0.00112156320226091
0.00103267724903958
0.00104370572469823
0.00107500163163994
0.000969381510696193
0.000996399812833848
0.000868239180891229
0.00110032179883745
0.00102364043153707
0.00103597742435268
0.000748418453143345
0.000908750557657799
0.000945977079127394
0.00100834347749798
0.00101498170286535
0.000864214358470345
0.000987678258648022
0.000948708320348562
0.00111295067188088
0.000801650715095409
0.000964708525730258
0.0010316342612021
0.00114450571109529
0.00113336965947536
0.000933176320866006
0.00100437669903343
0.00101285206543748
0.000948027105786702
0.000923660351703363
0.000937923410789107
0.00101711842055133
0.000854843843704859
0.000883153646180758
0.000956542254216101
0.000916688144397972
0.000974303965482361
0.000865272876633465
0.000914298119544247
0.000825133100650726
0.000799665782919984
0.000963296379143536
0.00106046504939955
0.00121207756968633
0.000802689947746401
0.000934409137534148
0.000895866693647537
0.0010035715482949
0.00105100507029192
0.00104474018379678
0.00111539205438341
0.000969198324563883
0.00122367936979794
0.00102304056302281
0.001081712673646
0.000976416018480888
0.000994686299950287
0.000926665845249321
0.00125395959179964
0.00100828838767809
0.00101978103599378
0.00113676496136261
0.00106853698687063
0.000944704047234094
0.000962047732384022
0.00111134856454236
0.000926693410739236
0.00103973024339906
0.00079475135964212
0.00108426803879919
0.00093048833019983
0.000826315844221676
0.000937174290128298
0.00112155650574138
0.000754327198543955
0.000967405137980726
0.000804970185859397
0.000830413470848762
0.000825269936157511
0.000937858311401763
0.000852190798432263
0.00100536645185575
0.00106433375538147
0.000889579493483088
0.000901119187136653
0.000848283315975036
0.000876103771543922
0.00103167939738265
0.00100471349785507
0.00098133394303059
0.000975473470950887
0.00100465599801514
0.000992698195770932
0.00100153963459423
0.00110111924410483
0.0010137292093854
0.000904208637220991
0.00093799931962933
0.000918109083404372
0.000975155200928425
0.00085267512679204
0.00105271073740919
0.000849214374096981
0.000920401220365912
0.000893402616690971
0.00104128294969698
0.000933588461131281
0.000879546288611767
0.00098326295940553
0.000953233701580894
0.000986311993724016
0.000953031281062655
0.000904349222064931
0.00110852843587904
0.000928537227874925
0.000922620462338096
0.000847731870450168
0.000986696176183986
0.000925713720245686
0.0011043580942588
0.000934165669805068
0.00094700444855378
0.00101649826188258
0.000874003534749066
0.000932728696034326
0.000818585252597138
0.00124940921329825
0.00106360646186631
0.00076759865562253
0.00139374613427367
0.000869608492636128
0.00109342668250666
0.000921386444267729
0.00115290664910032
0.000882861862846449
0.00108408001717708
0.000993969634781585
0.00101581198602209
0.000910522286698005
0.000943045331801837
0.00096295356277951
0.000974662018792456
0.000971059048139913
0.000868551408340167
0.000974582921685987
0.000988144609948873
0.000960575637666455
0.00343559948888929
0.000915529665984023
0.000943097127036887
0.000900179990947501
0.00127425394318916
0.000941402448886265
0.000791377345406419
0.000876415679697853
0.000943804523323197
0.000967563649418421
0.000904823557493341
0.000898441216129596
0.00106384998828113
0.00111000792486408
0.000959756817304357
0.00101514515102051
0.000888272055952965
0.000807654465831329
0.000829937822845828
0.00103912776506967
0.000919404362782822
0.000983033957521228
0.00100268101115371
0.000892031215888965
0.000968807355610456
0.000930639472209254
0.000983990982147181
0.000951464014229912
0.000981862028417844
0.000948477456702703
0.00110385205032449
0.00103986465424913
0.00186762565981819
0.000800169702637505
0.00121060525564305
0.000849348990059521
0.000819580298087624
0.00091081800660487
0.00228342186686431
0.000868837126109342
0.000880562160540088
0.000966769026633677
0.000873339796682607
0.00116151645087803
0.00089365322839262
0.00085329168777159
0.000894088056589499
0.000932830577118498
0.000874592682303175
0.000871696411262093
0.000966581193158566
0.00102194758427921
0.000938848849763281
0.00086826415869352
0.00103950170226889
0.00145138741275062
0.00118146500191853
0.00115095234386565
0.00125369806332514
0.000970469252354969
0.000818453871042641
0.00111758398194267
0.0010570624795993
0.000923340113487258
0.000857877445884767
0.000981250531245398
0.000795621364791135
0.00077967185650107
0.00129122355899869
0.00090010862195022
0.000980584792118146
0.001023583144089
0.00129631611394263
0.00100438542042753
0.000961702280713379
0.00106615969122526
0.000961708734606766
0.000899397913917752
0.000768324180647123
0.00144625570529023
0.000868306115721788
0.00090994896655282
0.00100084370465522
0.000850886787587474
0.00108126043163489
0.000994330646034137
0.00101568095824003
0.00107550297091322
0.000924024831910584
0.000863502534299238
0.000888286548065879
0.000961045869981596
0.000948992226291923
0.00076616051044515
0.000819173639626876
0.000971566869140273
0.000909220990981856
0.000860174308903098
0.000852360024973345
0.000955666148912396
0.000973191535621438
0.000990834912439803
0.000917293697160608
0.00091918793166941
0.00104396830967533
0.000958740528926718
0.000949439018314535
0.000700285062786392
0.0018159660249682
0.000962698311362518
0.00100346496281403
0.000980199328120478
0.00137063571425493
0.000966054863386733
0.000991343212528034
0.000767303389972638
0.000778691833679451
0.000862757582705078
0.00117455142315942
0.000769003391497734
0.000848483842857267
0.000931793014968677
0.00109106290747201
0.000870394193422348
0.000956405495210001
0.000952694093610719
0.000841933841050252
0.000806388986277303
0.000950526684605351
0.000861145882050127
0.000927293550735698
0.000984969001608792
0.00093140216001226
0.000780350132741201
0.000850231068250824
0.000945850958737019
0.000867769916988192
0.00111538849446046
0.000981292499514307
0.00106626791112811
0.00141248219100583
0.000816318553996937
0.000844919538302649
0.000758888431267081
0.00105036826998717
0.000999555427670807
0.000929704339178451
0.000985945262564146
0.00159653155779662
0.000901739610772327
0.000876498367320078
0.00102166593046826
0.000762522674448541
0.00109124483472738
0.000937747806550601
0.000724683411366997
0.00101588302826867
0.00100953986501853
0.000723788294891452
0.000797520641410116
0.000715261297465487
0.000983135388967973
0.000729084697866232
0.000966450720919636
0.00102072515975255
0.000882129736447964
0.00076821370563379
0.000832433990537458
0.000848924087585133
0.000780913875976731
0.000751144095136786
0.00105333910782823
0.00102763380599797
0.000932853743379231
0.000894196017437094
0.000706526675957756
0.000748070240487003
0.000904193243795765
0.0010573285258284
0.000914868273633446
0.00102748098882981
0.00102297890760608
0.0010536138924025
0.000916993887825983
0.000780082199874692
0.000825418843157623
0.000789513123624563
0.000913687195897529
0.000992498444758031
0.000924441450393781
0.00108740630522796
0.00108110359549853
0.000900726029590079
0.000917332891113956
0.000899002411116883
0.000993106940079999
0.0010479789350882
0.00089739918727583
0.000884772168497612
0.00109895373553792
0.00107356070355182
0.000879066101995481
0.000879408667538832
0.00105529499213476
0.000823761614030617
0.000838570593765491
0.00118621925839394
0.000955033824533071
0.000916031047474698
0.00120230238542874
0.00101879430607739
0.000785967270807456
0.00113355474435292
0.000959758432043183
0.000908923816914504
0.000998213784973773
0.00088318266458064
0.000833756699281233
0.000864485935491769
0.00109112330669803
0.000924467192058446
0.00106081751655884
0.000911469578410541
0.000997879504218342
0.000799581482985045
0.000759592830981603
0.000956195734121006
0.00101340716881625
0.000902308275524512
0.000890621629024452
0.000838268488766768
0.000910619525709192
0.000979556981229005
0.000994464757679455
0.000844967662811436
0.00079077722865337
0.000873169642853527
0.000854567735884674
0.000882428147786928
0.000896593216899358
0.000848023763007334
0.000823230863167393
0.000782136440993648
0.000914336164028849
0.000865148715987049
0.000871136963341987
0.00083491852707443
0.000904382107473308
0.00114002682325277
0.000783652737685263
0.00104067603053019
0.000879855044028055
0.000997705577675287
0.00107326756729033
0.000941210324917035
0.000848396848239014
0.000925912655985591
0.000979634783107652
0.000866795557322821
0.000970051509946067
0.000927690569198158
0.000753940048527158
0.000800090666935091
0.000958245419320816
0.000862360976647708
0.000986299777220582
0.000942551605471571
0.00100639686874856
0.000843874203548148
0.00115830661343565
0.00100922746110362
0.00100816275511185
0.0010344621287232
0.00112877912830387
0.000890646309517207
0.000880116857661061
0.000865644233600059
0.000829872654302919
0.00103387774232553
0.000976045742614651
0.000883123206127325
0.000851974328593298
0.000764572182351618
0.000894880648299355
0.000930064634124218
0.00092919757249076
0.000940304687961268
0.000895724197237936
0.000991132960752256
0.000851183068920496
0.000919866020847039
0.00136404930232872
0.00104493903952547
0.00100338726309593
0.000971160002139949
0.000886101347179937
0.000889113367108538
0.000875703320623955
0.00086219714287114
0.00103904661212828
0.000990802472385769
0.00101309023036564
0.000901274732378261
0.000909092488862467
0.00104174078759718
0.000885821648221016
0.000829764446102564
0.000970901771788767
0.000865327467902384
0.000951302278158271
0.000871736416663804
0.00100457778051649
0.00144002665586707
0.00148134118163655
0.000899205345772677
0.000808736099596792
0.000957463187655859
0.000893039518410468
0.00074458040808449
0.000993555187982931
0.000979934017413776
0.000798197512150305
0.0010096838334033
0.00103472270158753
0.000986893823989527
0.000853613663787593
0.000970649687643566
0.000869527760337177
0.000895826462210028
0.000952701777725692
0.00109102769392832
0.000885655198034298
0.00105207628358859
0.000824886694163216
0.000981471446428485
0.000986867743541071
0.000852272201382506
0.000967499992280372
0.00118317840822466
0.000921546481824186
0.000960297484322045
0.000933752160668734
0.000881531870645717
0.0019575416371056
0.000988699257539889
0.000984574529388141
0.000895289554584913
0.00100736379174295
0.000835334110991892
0.000954083080153106
0.000817035059672095
0.000782831442740662
0.000955417487490061
0.000941677112011583
0.000828744560127875
0.000853531713319172
0.000975615867944383
0.000839153981143855
0.000882845341257648
0.000863678339414101
0.00091701770401257
0.000928887003820685
0.000859520109425818
0.000856265340602506
0.000866444441014658
0.000852893799925023
0.000896987126946604
0.00108587772768717
0.000952717682663605
0.000753162140112031
0.000793900568390304
0.00079531145922911
0.000755904204584759
0.000930535519827124
0.000819920747690223
0.00100196446929495
0.000912732605259197
0.000895502051251067
0.000892349562158581
0.000948455897943476
0.000924774481649122
0.000837704656729417
0.000831919353625948
0.000865883270712265
0.00100984869394485
0.00104547826481813
0.000843448256699919
0.000798936555717014
0.000776586474583199
0.000936099698548129
0.000999922009243386
0.000811531436978506
0.000996886807238183
0.00117503532697505
0.0012148718501057
0.00088025269219714
0.000852031211421962
0.000973543827564091
0.00112453171123532
0.000926925971867712
0.000707036828318943
0.000960842241472508
0.000983464135373955
0.000856004760581213
0.000927560564328201
0.000719917047744689
0.00130874314331341
0.000925500083012136
0.000908358417899596
0.000683840892452037
0.000875526239088823
0.000833541050316871
0.000986954342330629
0.000851731701060644
0.000885828593293224
0.000890408774283029
0.00074154992070999
0.00074602060870962
0.000861023829102804
0.000844716326404352
0.00075745385128356
0.000879721458816695
0.000828424356348409
0.000862831099974867
0.00093287726089439
0.000797539149743395
0.00108809164233828
0.000971994442240222
0.000907623846194412
0.00105621022874911
0.000880576647341131
0.000990481596555936
0.00107482931385076
0.000989007585238971
0.000834368013593334
0.000879889163073586
0.000887880495938788
0.000997576854852134
0.000978641470957169
0.000846448490334867
0.000985833084423561
0.000932762349805339
0.000795739178513601
0.000928103661136599
0.000903820761628802
0.000847028170290025
0.000749445232503601
0.00104642697229719
0.000970961203371006
0.00104444081357781
0.000807685370332986
0.000851817639276254
0.000841425610254497
0.000897461926516018
0.00104232300671689
0.00102292852522017
0.000799395639369444
0.00103704291327433
0.000974220805349848
0.000915177021262539
0.000842108754199565
0.000901261254107511
0.000963089563789661
0.000942206842577801
0.000753216443904774
0.000690417499050534
0.000753236082697464
0.000852456277282673
0.000792046659000098
0.000903714473789246
0.000863384304131172
0.000904344697428265
0.0009578427714745
0.000926315636352929
0.000937443428996385
0.000845709672952686
0.000745839914263797
0.000894791023919775
0.000841059074838525
0.00102009183251845
0.000926957046887214
0.000834017079214537
0.000873280157654316
0.000797813713415955
0.000712969888572262
0.000815087941201325
0.00117203974486831
0.000816614178918718
0.000850281448367134
0.000835182300575988
0.000814297262334014
0.000910095272473498
0.000947974101054947
0.00079749099244153
0.000880323638866292
0.000778803512261686
0.00103752953342048
0.000900365962263002
0.000974006866274206
0.000843058743179522
0.000861737576876368
0.000724899362672812
0.000824922575872791
0.000850096954173369
0.000918837271843175
0.000882692386024721
0.000738960121700472
0.000719840417953186
0.000751613134923487
0.0008068098909174
0.000960179574560093
0.000765915009301456
0.000864876943117279
0.000949187844720907
0.000801559883091179
0.000903751730838073
0.0007584841777738
0.000937808081824109
0.00125548518225141
0.000710322673213817
0.000762532842010648
0.000859305195878731
0.000920682878193373
0.000878972419384412
0.00136126137433749
0.000770362930751697
0.000961873533566625
0.000794993646513745
0.000737485951820391
0.000888837023426714
0.000942943969867555
0.00081179531880503
0.000751940290584074
0.000845470505240543
0.00072613498848735
0.00101951613026264
0.000895495335294421
0.000906186920112466
0.000743776514955387
0.000876594578429195
0.000727778699077003
0.00106319968986016
0.000855224813844495
0.000872156649873831
0.000898671329124139
0.000923570278749464
0.000918978602166574
0.00106019689414261
0.000767873044090703
0.000968676089971886
0.000772105297875675
0.000882580191309046
0.000871942625192092
0.000826319742246121
0.000881811823659105
0.000867793741141542
0.00086572268950038
0.000797174192433346
0.000786827087287244
0.00088495743299597
0.000854312966011877
0.000888743980656775
0.000934010879981234
0.000872292626042229
0.00112139267840923
0.00113724567355579
0.000792002557111402
0.000833783920108232
0.000880176670339612
0.000823443443155454
0.000878520697800191
0.000905699524081567
0.000871658441584904
0.000996123350724236
0.00100817233210635
0.000848327541854059
0.000975849319460203
0.000805712954905107
0.000923068838344986
0.000764055133048489
0.000891487849959913
0.000909649275092973
0.000885860583588892
0.000830989210374486
0.0011281779028792
0.00125955629284569
0.000743933858425308
0.000919426056466224
0.000811942207635933
0.00108246694088504
0.000863881790236392
0.000806703584951081
0.000935312695751076
0.000907962122192997
0.000898010851780527
0.000901806802193671
0.00091920385109752
0.000897542346494219
0.00103105587633554
0.000850073590461323
0.000782503943506296
0.000985018694966166
0.00103358261070172
0.000894883812670155
0.00113903696910083
0.000980731273776853
0.00105086408677411
0.000874098362806813
0.00082695001854963
0.000947046637797565
0.000851746263826288
0.000989723512934553
0.000854201896678152
0.000843056116343511
0.000943905131625654
0.000783923847655211
0.000891151063303699
0.000828226933115881
0.000905776409901801
0.000858341965493833
0.00140292662479439
0.000804333216193446
0.000789180648326809
0.000836116579461722
0.000888113345724345
0.00103731484406693
0.000893870089769828
0.00120645683729466
0.00108997519416678
0.00112120298571291
0.00106678810443817
0.000914091459804915
0.000884920813746843
0.000926711630147717
0.000830897071113242
0.00105523655704655
0.000863261072508207
0.000934449736104792
0.00084507894658354
0.00100284602837131
0.000937107905781417
0.000877007240451584
0.000907292760465071
0.000938255554367632
0.000989307631444334
0.000908767717516296
0.000946173488652798
0.000922860848094412
0.000995820683370486
0.00101541565742776
0.000970322276185977
0.00118263180849547
0.000888595452628906
0.000964409745790243
0.000969371789331879
0.000962528759205974
0.000878702082951617
0.000941596107111456
0.000950525939842152
0.00101733810040237
0.000975639004931035
0.000918090800424096
0.0009629014789888
0.000997513089748645
0.00102088778461509
0.0010270687604843
0.0009326953925238
0.00102740334475246
0.000997605916091563
0.000899183790403586
0.00109868607227982
0.00117983093947023
0.00113047598392755
0.000987483549417382
0.000910665888616159
0.000836455352089194
0.000934016732280002
0.000948625214651664
0.000895061466832149
0.000874770056178761
0.00098239585414884
0.000826802982317891
0.000957645809874791
0.000846921911806271
0.000976945898753125
0.000929342395128623
0.00107847402791684
0.00146098314086717
0.0010368520121347
0.000973461551990599
0.000831196399406959
0.00100489061547361
0.00102711085307894
0.000918298570828152
0.00103336759969314
0.000936741456894771
0.000862535299310038
0.00104373818862741
0.000968784567856598
0.00087527480712536
0.00100086208571524
0.00105071170634942
0.00115390007132849
0.00105534721122512
0.00103926397953597
0.00128212585021265
0.000929537564261436
0.000928218846037075
0.000900644183639734
0.000832560280138327
0.000918469631908935
0.000809188164277101
0.000942081003246668
0.00106104551737629
0.000849642661555244
0.00127581341485577
0.001012612338929
0.000999122962768517
0.00103164404002012
0.000920028716207294
0.000889838726695181
0.000984905534435226
0.00110928903188718
0.0011028137962132
0.000952569567056113
0.000951351673236936
0.00129682769551059
0.000956443931396554
0.000973300860919656
0.00109652693309524
0.00118347499890862
0.000974048988806984
0.000979180437963296
0.00103204682698034
0.000805453451003959
0.000888419985628581
0.000894013681424639
0.000958404901630881
0.00103645623215922
0.000920113380408566
0.000956759590299008
0.000946415080050372
0.00094433328183632
0.000925709774873928
0.000896151452435262
0.000919369041558587
0.00117110291427324
0.000879284364059755
0.000948894238625587
0.000971218654908627
0.00108881006284831
0.00101836264667512
0.000953330563181721
0.000879092538429588
0.000950011734355643
0.000924632681215646
0.000930985713650304
0.000927855513359005
0.000849220063413852
0.000957944242010901
0.00109865957603943
0.000990163134409833
0.000890002474504628
0.000811234536215386
0.000913482331615276
0.000952379777525189
0.000901372442997382
0.00084638244670118
0.000965457197210945
0.0010754958231061
0.000992270991991752
0.00097572648944151
0.00102466439422329
0.000865278383539756
0.000984681094701729
0.00102922909616596
0.0009470674353228
0.000948396322137328
0.000934810877575681
0.000889927984356264
0.00103803095726037
0.000920532099726372
0.000827566012317498
0.000858356844713007
0.000870991878995197
0.000866809899295964
0.000912504810367337
0.00104173925239155
0.000942554485426056
0.000882191157185983
0.000861111189776984
0.00105950462029193
0.000831614177879269
0.000829818430052849
0.00088897012775702
0.000960927025987382
0.000893718571974492
0.000871409198590667
0.00101764930308883
0.00098676161272262
0.000970998256374106
0.000988809382993838
0.000801227409505313
0.00091983869115643
0.000917406838461674
0.0010078203251739
0.000821276887447035
0.00114450695934695
0.000858744926280043
0.00103912894412605
0.000960535987103433
0.00105851378874835
0.00080398069947457
0.00155347440201147
0.000871414463868469
0.00104265508460647
0.000967408354307742
0.00191378428236392
0.000931100376619076
0.00103840516717356
0.000972007781636457
0.000934041362276439
0.00105047146598307
0.000888122937689265
0.00118420582283087
0.000870588384220312
0.000805427497841967
0.00144205403633323
0.00146212445184928
0.0009425966637926
0.000948512821146793
0.000967986479487354
0.000933372951337228
0.000956022464010014
0.00113292511754651
0.00100344453288611
0.00100866464286545
0.000825244502685064
0.000963291284452965
0.00100600825221032
0.000949998398537329
0.00130922542588659
0.000958479409916543
0.000973582764117067
0.00093039619950095
0.000838287958136664
0.000917095054132497
0.000993181325296169
0.00080473291071854
0.00106951360535453
0.000906362692105157
0.000888988252546998
0.000925822770173918
0.00100405760774999
0.00112535929060033
0.00111656118107219
0.000863923056491561
0.001036208011838
0.000865666435233936
0.00120014383270627
0.000966160644093273
0.0010539961648248
0.000899477571876338
0.00103463942378064
0.00116273427514252
0.00110250749898271
0.00109900720355492
0.000914386066603924
0.000962007696437773
0.00103168125127127
0.00101921663585592
0.000978749921904213
0.000944380802681854
0.000872669979675876
0.000981920060138881
0.0010284979141983
0.000973441249674618
0.00111460248813064
0.000942748931610187
0.00100884048053342
0.00095792202412729
0.00100036024350211
0.00102327768166818
0.000924266421678848
0.000874079500431784
0.000944819077964965
0.00113454124914358
0.000861373752694732
0.000958071033081873
0.000904925312047668
0.000866696591209532
0.000868711160113842
0.000883377937603986
0.000859392920635549
0.00109221258618452
0.000883739201296263
0.00078780730043106
0.000968225904935291
0.000927696383311196
0.00106366548459094
0.000866679000088371
0.000979100668676522
0.000845617691118486
0.00116599150381771
0.000948605991810504
0.000904074938060416
0.00091933342492332
0.00103017022959933
0.000993832680046025
0.000880655098559598
0.00077851589537397
0.000924318738823496
0.000799159226364073
0.000810840494551457
0.00101786075805001
0.000884684932178953
0.000930325920909342
0.000974095915610483
0.000855993334059373
0.000898199913542008
0.000836017875386913
0.000955922257645607
0.000990808488521596
0.000911842938909846
0.000962192336397805
0.000837474704812371
0.000912088482183901
0.00102077725564762
0.000841762664852642
0.000936794217717691
0.00104912253558308
0.000904115559685226
0.000927942565351395
0.000977967286055276
0.000951971833664019
0.000933532934031301
0.000905843119984608
0.000890455573355977
0.000809906344147856
0.000864985318739341
0.000972895227189418
0.00100871713858706
0.000944867197392255
0.0010658863117691
0.00097295489916775
0.00083093975503329
0.000779334446186325
0.000922031637931939
0.000946715003127241
0.000928253700614673
0.00107708408682987
0.000876988627139387
0.000893491307761936
0.000926954785627695
0.000841401643955892
0.000981084645914304
0.00092194182218247
0.000935973661447466
0.000868642474932955
0.00103605776379418
0.000888970371863615
0.000936171948689837
0.000984116297381464
0.000886917607717862
0.000964254509805518
0.00101956325607968
0.00091027923649639
0.00091253471981645
0.000912510002493567
0.00100809964910509
0.000883173724682033
0.000909994936861128
0.000858198144929697
0.000872581019232978
0.000805447441255444
0.000834136652864295
0.000861709821351268
0.000877322212538884
0.000855131740272595
0.00079252657035564
0.000728094067401042
0.000864194639069992
0.000795366899690168
0.000799852665835056
0.000873369729936923
0.000932719546587071
0.000975469345465888
0.000938917807753893
0.000913796291343204
0.000847950477186083
0.000955927016537307
0.000802194008905922
0.00102424533341794
0.000752935478732357
0.000862881057566572
0.000760111067124064
0.00080779766128285
0.000717397142942059
0.000726588252087542
0.000909648795534712
0.000960977071439861
0.000690749480331279
0.000815908357998165
0.00073932466127523
0.00087413666525676
0.000795363802789872
0.000897348437636407
0.00098535677336878
0.000748160018410339
0.000925267432821131
0.00105754077137073
0.000885138487549414
0.000884906241609147
0.000876577712998978
0.000784320665281623
0.000663803081243414
0.000786601348563268
0.0008758308303456
0.000841626855949538
0.000902357202569756
0.000939648255824664
0.000897896444852472
0.00127684685073283
0.000756918756555026
0.000892152757389629
0.00083257028638686
0.000861177565006605
0.0010834542053429
0.000898299788933677
0.000974337561036743
0.000839255979877352
0.00114465742685034
0.000749475603729756
0.000946613173395688
0.000800653760220998
0.000755892442479868
0.000759674658359441
0.000734826363626994
0.000805006845383509
0.00107611916002117
0.00111350036455885
0.000731710290207997
0.00075708779299699
0.000870442549898254
0.00115478969591197
0.000819247098183475
0.000844786142426979
0.000914330193471848
0.000809329329239453
0.000862402257927148
0.000724227444901032
0.000840583953122339
0.00111542690831769
0.0009724003230875
0.000946638425847428
0.000759642736680843
0.000703183402018155
0.000883392279283739
0.000914719100162793
0.000982787632852158
0.000946382019134137
0.000829488359333653
0.000983193217168827
0.000989628794297505
0.000699081858123323
0.00104432272114209
0.000861497021578129
0.000861785739866648
0.000728164508893708
0.000807883496124929
0.000789257596859379
0.000813203069819339
0.00067170020595277
0.000853138187566468
0.000841457795203859
0.000814054060845558
0.000723688550952228
0.000777787766631546
0.000916476993164609
0.000814057454287822
0.000838724231551482
0.000768530357050655
0.000754518756367568
0.000778556241988762
0.000691230581836127
0.000738894620446924
0.000915312477696641
0.000805663318826431
0.000852255569042133
0.00087905260077697
0.000922713891735345
0.00087624137045438
0.00079178524288515
0.000850678934931733
0.000726736821219536
0.000828544253061221
0.000944033005983224
0.000727398199955868
0.000842158209200586
0.000759370770493812
0.000785244986299943
0.000866259881174472
0.000833714110217912
0.000638480059326079
0.000761762335398135
0.000789756097833549
0.000663196378516987
0.00062694078567337
0.000873006485925531
0.000830511039816068
0.000699493399755439
0.000775496414057107
0.00083475901302796
0.000706797500705487
0.000816820766886553
0.000780379190783609
0.000769581930614406
0.00097332149742526
0.000782556055017714
0.000752818433399443
0.000760383719389036
0.00073055601618831
0.00072592407215218
0.000770910647217215
0.000901873085378477
0.000744504947433891
0.000808737304220162
0.000655011791074243
0.000853002090416614
0.000890986289657897
0.000762481907462515
0.000717736270957641
0.000648212900211479
0.000832122842560415
0.000766022616693281
0.000689998875748317
0.000878111614114595
0.000943939954331086
0.000789474338907261
0.000739757344642953
0.000806019577866491
0.000752898092113483
0.000809386632599978
0.000886693420668049
0.000800180582628726
0.000890279054930904
0.000975566034279193
0.000782851880920217
0.00081988548563418
0.000957993714751919
0.000860029559688443
0.000778796228565313
0.0008410937011087
0.000764659460695518
0.000796340718227852
0.000818454786107507
0.000753061738097166
0.000822608281869013
0.00078069293272733
0.000767533978443689
0.000864854281059057
0.000884835786853657
0.000918401162017159
0.000772671713788451
0.000761645356160619
0.000748973056485037
0.000696819236920009
0.00080638879665752
0.000932397730711899
0.000779020526216788
0.000813592529698604
0.000601927784450715
0.000743030896006717
0.000644211801633563
0.000809038495296199
0.000785735196164296
0.00078785581569092
0.000794396193378952
0.000774041913386245
0.000717429889691568
0.000672475872763623
0.000683711526237904
0.000744612550949751
0.000751191537034471
0.00086394416605654
0.000698878032764751
0.000778165233291461
0.000727325073333061
0.000687450650391075
0.00083652915626964
0.000692252117666954
0.000878352436921942
0.000963288618789592
0.000762202695503591
0.000873474943330406
0.000770781984105653
0.000870639091268408
0.000767087289885047
0.000885411150665016
0.000897830269780531
0.000821543924404382
0.000756542127007043
0.000841523382682001
0.000763554039097497
0.000774165858173978
0.000801697996683928
0.000730433202702176
0.000638556652778433
0.000884327373864327
0.000779263683078186
0.000790961722315198
0.00080423916709722
0.000759448769392396
0.000926897867982584
0.000644202505972726
0.000650965505446055
0.000714389673956788
0.000739527511206094
0.000758221282844441
0.000762100845172476
0.000780350237385897
0.000698297963716275
0.000994257802577816
0.000738868204558211
0.000562931445698005
0.000800175559308959
0.00075723077000352
0.000929804121118789
0.000701660903363447
0.000656092122195137
0.000843325943198317
0.000983621403910186
0.000809060558125854
0.000857444425188854
0.000860473354812558
0.000721121769761454
0.000997052176777025
0.000798318658635276
0.000877989992717259
0.000751032914133283
0.000826657117085574
0.000969890704850628
0.000856887342388973
0.000732970790383275
0.000705322338289469
0.000822853938070371
0.000819384587508623
0.000839961146376887
0.000803941396862121
0.000681485559855921
0.00079024586331402
0.000670617641376758
0.000938264042812881
0.000870626886926819
0.000856424925199393
0.000752139484675174
0.000672381861781105
0.00079720154945104
0.00083965787483801
0.000805297329617556
0.000707966828039876
0.000759266409445857
0.000730187877753963
0.000566690874160729
0.000738855503386415
0.000790015730748886
0.000798671506912959
0.00094374618808005
0.000743386886983907
0.000743446656819414
0.000773140845706408
0.000846263938269628
0.000789390080270242
0.000715012680712171
0.000777215164479764
0.000835097030065752
0.000666525394774975
0.000754865931367899
0.000657591395281503
0.000725805667109358
0.00089163996954352
0.000777612919281188
0.000828592188661738
0.000845975448223322
0.000869404156337507
0.000833062462530475
0.000776074111251199
0.00079722036947905
0.00090320158000657
0.000644458197304528
0.000760324935430587
0.000746971978194411
0.000710559957863054
0.000748060525805619
0.00073324897775916
0.000669972826309874
0.000746616575375581
0.00071789998957628
0.000601356480693412
0.000706297791484787
0.00065517963064189
0.000657584523098864
0.000791700175319039
0.000754230325421471
0.00062177122544114
0.000653422466603521
0.000645575811930011
0.000728426431633874
0.000686382189231744
0.000743089060677426
0.00076762928949519
0.000700049851592781
0.000737142869327116
0.000834516987825914
0.000762663391890824
0.000920642497981565
0.000707181717549532
0.000757534345794434
0.000678091419914821
0.000804009642147917
0.000876710873776179
0.000803629663323703
0.000801056566188519
0.000865662752560986
0.000777313458606246
0.000953566310938093
0.000886125599164047
0.000754435942960091
0.000854119940604144
0.000744499424920644
0.000799366169756935
0.000788130589246876
0.000825378650384292
0.000853842850497431
0.000819426179523728
0.00075853576375737
0.000841350290808283
0.000865992574910166
0.000786485792300325
0.000899342552187363
0.000834364112397609
0.000662643432912053
0.000647965595313411
0.00064904325420428
0.000781114007966755
0.000814970055006509
0.000874938471779113
0.000784281051494149
0.000660007332654352
0.00082934444716438
0.000823244771502469
0.000826498462844236
0.000834101608305908
0.00086002048900733
0.000611105272045448
0.000727772363252096
0.00088498998504527
0.000691816612242941
0.000896659806624811
0.000751907149232538
0.000848149796174309
0.000697424236777055
0.000816578008602312
0.00105801026652734
0.000726523556374267
0.000835401863386757
0.000718672970841622
0.000689696369937812
0.000694365208354576
0.000668952011173898
0.000792771457282284
0.000834973790208282
0.000778300844363996
0.00082057238917061
0.000867135057217607
0.000848814819828069
0.000710794086777712
0.000726578031066729
0.00079743087441992
0.000792143658309316
0.000812071819938032
0.000824219938834478
0.000914067632451231
0.000731610210559268
0.00074358579073046
0.000731533426507083
0.000688327470623464
0.00080811944623678
0.00077812473262649
0.000677110521474175
0.00080529826355016
0.000714197990692678
0.000744022741420468
0.000717123068405097
0.000816073471540383
0.000821318415479955
0.000764431320770623
0.000679972615572663
0.000926701835642669
0.000791781388676346
0.000742233676249389
0.00079764620483069
0.000851458921112959
0.000937493673837522
0.000719546415669299
0.000678288444761474
0.000842836399160732
0.000809077134767615
0.000697336289648864
0.000775457417401375
0.000788396394017587
0.000706239094732563
0.000704804082780774
0.000847827587664655
0.000889172041652841
0.000744917888081278
0.000772236953926487
0.000791178713470995
0.000999720933014582
0.000817741701264511
0.000666068669433108
0.000654449037027231
0.000733736474649029
0.000712974464422436
0.00102299201384293
0.000785496207322745
0.000750426874906559
0.000748094577617025
0.000758021122321406
0.000721770144845791
0.000828795620448896
0.000717783605818392
0.000752884959458518
0.000688992333604206
0.000737691175262558
0.000766644469456599
0.00069226059999795
0.00083640669889208
0.000662191480750678
0.000674851735472659
0.000709066803180843
0.000746746581210489
0.000715280615152194
0.000730281398616112
0.0006884976917624
0.000813132157857281
0.000811750381349477
0.000803292540576885
0.000768389372395559
0.000825519125516808
0.000643633674269925
0.000680544697540611
0.00067909446173441
0.000769429044996913
0.000706628381901068
0.000798288622390661
0.000715788890737051
0.000838533485435331
0.000686914901404666
0.00067252483924242
0.000821578476994892
0.000865043353458001
0.000745084358243129
0.000581060143923151
0.00101092068278111
0.000691767243422024
0.0007065334648341
0.00064318180834501
0.000698909868618221
0.000789666999572875
0.000829997949578169
0.000599180448816578
0.000695489617475566
0.000707861895926327
0.00070142955429005
0.000805041580636196
0.000813802700681772
0.000814396492415638
0.000670960519344587
0.000774199134490431
0.000708073077044942
0.000743828166613169
0.00075810432013824
0.000700431308006258
0.000738741819826116
0.000750272397578311
0.000716345175970849
0.000702262027030303
0.000673262472562769
0.000715194021955332
0.000626306254632832
0.000661276244664177
0.000808783823747125
0.000677476620867993
0.00076467996173694
0.000729626314372906
0.000787823226991428
0.000624280681580387
0.000769216705747195
0.000717406900636237
0.000654681686486889
0.00082814090447622
0.000745160551636807
0.000714437526284366
0.000790928642191001
0.000750087562209867
0.000710220846791994
0.000892929292108577
0.000675186566526147
0.000765200772346016
0.000700882709275158
0.000711589191942791
0.00073440070933965
0.000669903981909353
0.000745330310669499
0.00061680086615508
0.00076850182548216
0.00081462200010439
0.000864783847970345
0.00069256695682213
0.000702855352722718
0.000699852658852532
0.000706640802712105
0.00062372654574264
0.000724961010088181
0.000648198864062724
0.000751370416190635
0.000666317946746221
0.000668137964523454
0.000685415529096123
0.000703329945510945
0.000641450351782102
0.000738345185085532
0.00084378169702115
0.000731581739906955
0.000805013433755418
0.000798632956834389
0.000773584200789643
0.000602773500459772
0.000709426658217596
0.000797662086987274
0.000721850642819763
0.000724910349429245
0.000759387121898072
0.000718845627321114
0.000714877603904022
0.000630834552581237
0.000678093970422101
0.000609111091676795
0.000681678863551886
0.000782396793406162
0.000725662779726399
0.000568305613171972
0.000725430655408525
0.000621148198087876
0.000607408553183813
0.000601088193549959
0.000830418516293565
0.00068778530760903
0.000742916039272694
0.000691584873873446
0.000626587921625246
0.000625573490816573
0.000635300740281098
0.000833150251384848
0.000671130865092618
0.000659885164258394
0.000682124678308139
0.000607799025271203
0.000638429252383498
0.000787326867554632
0.000880748212016006
0.000647258528610609
0.00079984612008895
0.000709914427518092
0.000633906191246029
0.00074197500986145
0.000768318781223554
0.000700345729556632
0.000961419486937937
0.000651254798491245
0.000672518816957421
0.000648573276970061
0.000870212493305646
0.000813956519104714
0.000691454920298407
0.000675224523651743
0.000806952744061976
0.00070499074404856
0.000754307328624263
0.000723608360629853
0.000689932426125488
0.000685568363602189
0.000682591779440693
0.000670519167501731
0.000708574217765801
0.000807352284763462
0.000854669521973782
0.000618719545486786
0.000723424646170348
0.000690936980611232
0.00081506326751097
0.000785693033466526
0.000846091450492616
0.00066703987735391
0.000732651499435921
0.000666448767000221
0.000630202866321773
0.000854065221663428
0.000636731009763454
0.000723587803507256
0.000720654861774022
0.000730226323586928
0.000743253087839461
0.000846584049589326
0.00070979398191454
0.000673475563136872
0.000849617784196725
0.00069372096360615
0.000752119424509185
0.000660352043527429
0.000660858778644716
0.000762182714109649
0.000711684326395223
0.000662298192579164
0.000793406886141674
0.000833090641820621
0.000798534069786249
0.000701948145857747
0.000658675297433134
0.000636022209476286
0.00073284503846937
0.000754168111059285
0.000688220188424488
0.000745533777949941
0.000614344703573453
0.000701840211283053
0.000757729847226316
0.000658702900295726
0.000644976622950069
0.000706527520142343
0.000675743738379649
0.000594623775296125
0.000786067203754552
0.000653711108691662
0.000762103450558171
0.000700901796551193
0.000664195698263615
0.000742703385415113
0.000638657704551125
0.000667488841004481
0.000638772033264672
0.00067625734920171
0.000799092040653841
0.000655611452352084
0.000668483483995695
0.000696516083532638
0.000686491275950073
0.000624091772120916
0.000654213917588093
0.000813527793077312
0.00177909508611994
0.000711307511942059
0.000651280671878829
0.000788151257631878
0.000727646757618437
0.000622735366175744
0.000707733879403899
0.000757883231401572
0.000700298669663669
0.000659857574054643
0.000702894644433386
0.000647067885958456
0.00069846999699573
0.000719211980545762
0.000660357839627792
0.000771991954295346
0.000543766638057324
0.000652817610981156
0.000700282348797873
0.000711247434787787
0.000675047254428749
0.000709663135784278
0.000667891896488622
0.000644639374974464
0.000710157109090345
0.00077634469973253
0.000556072680143724
0.000653389852791539
0.000705676256789916
0.000769573550535685
0.000567918145479311
0.000701892060821318
0.000792550408496823
0.000702423019768623
0.00069137680521651
0.00178180908991708
0.000725863968159585
0.000802064582346805
0.000576156474315267
0.000706192337843947
0.000717243736716005
0.00082052282034117
0.000792239633505972
0.000662044430818357
0.000637970273230049
0.000817439205652732
0.000679642429423955
0.000742213595279473
0.000810310915480202
0.000669140906345246
0.000641918770272524
0.00091309006812317
0.000719925445776307
0.000740867728280609
0.000715975675984414
0.00058506983181732
0.000698217174129238
0.00075727701296284
0.000708735101571817
0.000790673438247578
0.000752690427522468
0.000693350152116351
0.000712044060661907
0.00064830190426826
0.000668800412085276
0.000737490572550414
0.00068871403935382
0.000659937788279315
0.00073810941342995
0.000768437382329151
0.000710283195206304
0.00167393765627024
0.000586197334649572
0.00075203294594518
0.00069510341117728
0.000700720781842077
0.000665776567482222
0.00070307332762559
0.000633583129037095
0.000754408103219406
0.000786323955111826
0.000734566092753023
0.00104487426759417
0.000557626179141322
0.000696265941668571
0.000767486197836409
0.000675819712286235
0.000630291726432569
0.000735902951752964
0.000754798769635748
0.000784405224649564
0.000641452797120843
0.000657322838346205
0.000669079577281085
0.000718678529718695
0.000574555102005894
0.000749241732822572
0.000713620117656007
0.000727996957590707
0.000749634038408787
0.000639296471248307
0.000705785957118947
0.0007168980601068
0.000603961646890668
0.0007186402126381
0.000721908352886716
0.000734360717922888
0.000683083895969571
0.000722512199635478
0.000692475953098135
0.000639033107905458
0.000654160276487724
0.000671936617069091
0.000721049533151072
0.000789162671680393
0.000786181191213928
0.000643838925374298
0.000662706603325299
0.000806577115243919
0.00083543629302601
0.000724004954254279
0.000793967144059978
0.000671397876969668
0.000740217428311394
0.000714891978999757
0.000805996149198847
0.00081624039174622
0.000712328579541706
0.000847480207062945
0.000694336603829486
0.000626266062203599
0.000736673900405754
0.000718082987111215
0.000787637825057129
0.000754559345959642
0.000652141920348625
0.000687571465891858
0.000737940279129685
0.00082714721643479
0.000730712577126539
0.000740488012799592
0.000610520260504357
0.000638074128600274
0.000605137782026157
0.000732268303816286
0.000755393257257324
0.000670467477292301
0.00083201767920386
0.000673652580650316
0.00127195662128267
0.000823075344495472
0.000598423765530218
0.000730792217524028
0.000898916815809121
0.00138973648007314
0.000651967538692358
0.00123213424991106
0.000727197974989043
0.000817828617162087
0.000721988224612713
0.000696675736454085
0.000783770356807218
0.000740226988811229
0.000824894766698696
0.00077258899767778
0.00094931183524841
0.00070340755625724
0.000702146570053782
0.000807638050154273
0.000674930217480588
0.000683172498124067
0.000716712815576162
0.000728159742244098
0.0007024153909117
0.000726074007052588
0.000634129533950093
0.000835375100283646
0.000808211316426223
0.000695757820998946
0.000712972122004055
0.00076658876019738
0.000686276474469086
0.000625813140646938
0.000703091816568712
0.000619645035383572
0.000833970154604894
0.000951743805323661
0.000892236037756613
0.0010146679086871
0.000763112865673602
0.000706016405847931
0.000703084367975918
0.000859030673077284
0.000721890179338074
0.000739945245601373
0.000785133705505133
0.000661749897886638
0.000701801422412877
0.000730199072514103
0.000707839619876206
0.000768391379319378
0.000706935292083171
0.000581677796146113
0.000709853101654723
0.000806508821391484
0.000779589939806858
0.000597284161033625
0.000708343622645929
0.000722255967598651
0.000749231952699515
0.000836676426507273
0.000645323629436605
0.000729611761244799
0.000740374279581275
0.000747268107452198
0.000590244778914067
0.000819296300419383
0.000673799407158929
0.000749301579017081
0.000583458518182569
0.000692673594868031
0.000705791168928762
0.000713250102707153
0.000678948598094641
0.000630834984525989
0.000698179193245934
0.000953332928159503
0.000711328741688126
0.000750658451808364
0.000683711428240279
0.000685305810953852
0.000706806724575342
0.000766117508239924
0.000607652716819391
0.000786010128669297
0.000781490274285263
0.00142799978333599
0.000625914959367594
0.000694678476238172
0.00066414651610771
0.000709116749395912
0.000667725911332071
0.000683527220641212
0.000802109158775307
0.000666648090863885
0.000685591185835579
0.000718218595828517
0.000696234582833554
0.000728551518583347
0.000891965968261038
0.00069502396138033
0.000687483452384122
0.000738455661027367
0.000725901559164418
0.000755003529637451
0.000703509496426431
0.000670230918605693
0.000720659715714379
0.00068310695800569
0.000749840395023669
0.000898160336132418
0.00138697314461849
0.000830279168298245
0.00070782044695069
0.000830110890250476
0.000635992589559331
0.000831144132853633
0.00126974730682208
0.000843025333562478
0.000773239435686461
0.000991917912493552
0.000953000267198025
0.00101891056140215
0.000550656861272767
0.000731937409795027
0.000803390194362578
0.000738479157317147
0.000632884904396678
0.000666604706686675
0.000856934579291461
0.000730286838772801
0.000605187172723884
0.000916920703243709
0.000700043600902476
0.000678953152840968
0.000721378419388465
0.000638220977698947
0.000725902693579476
0.000856437431222574
0.00072602631059544
0.000740967155707966
0.00139231584941183
0.000775631004126894
0.00122524895880974
0.000680021640633506
0.000580777079563743
0.000591615804658045
0.000693865241178462
0.000766898709431739
0.000581608649845819
0.000727102065941626
0.000705252269120463
0.000852996393911752
0.000614755283250642
0.000875376003454711
0.000585053608353578
0.000776998993545394
0.00059701372536745
0.000733023768595326
0.000639462437971805
0.000732281894429078
0.000724266145279656
0.00071707649020497
0.000764187156608717
0.000785029517598867
0.000596373343718869
0.000684281518029164
0.000725123818556747
0.000636288842533297
0.000645101949027508
0.00078633192356984
0.000688312273369596
0.000669804720037889
0.000743800439444173
0.000881662871263833
0.000710582212196352
0.000728811214306381
0.000641483339814276
0.000743079668082397
0.000687040162860351
0.000664495925127274
0.000628956125742421
0.000708120344542551
0.000777847780003932
0.000699409543378699
0.000736526811137068
0.000861167620898634
0.000736317239514042
0.000648059914769515
0.000688737199509528
0.000716823032658671
0.000855219853888403
0.000641206969083407
0.000759236154552503
0.000665023370415304
0.000676223710928968
0.000721569619683166
0.000639614658910481
0.000661225889350019
0.000772720000876941
0.000689005798869228
0.000670737566366733
0.00070409130389839
0.000642722737624201
0.000695571145060326
0.000737479356317396
0.000699491887640994
0.000656248022915831
0.000707469705254971
0.00072200416207829
0.000769163342814705
0.000797416116813877
0.000717981720967158
0.00073846797530864
0.000687943127038289
0.000677130151954072
0.000813960848170651
0.000634758775018415
0.000730828335836172
0.000870579402522698
0.00062693371365231
0.000643526150194912
0.000763733161217925
0.000703192492080498
0.000626180733593631
0.000660205435762225
0.00080090043567038
0.000949856559993364
0.000706929532556309
0.000727072507905841
0.000765785334887709
0.00064100018963068
0.000698379426016684
0.000766268356401051
0.000797187136834585
0.000815442516214954
0.000662584450727346
0.000645018937505645
0.000641125095874426
0.00076365812192812
0.000821935641867691
0.000683013425692217
0.000719282346470378
0.000708195373094108
0.000733851657860716
0.000720591383345032
0.00076835863674842
0.000752020555478029
0.000768602270403774
0.000767620892131563
0.000793473977515501
0.00058096563212608
0.000766967847756091
0.000657071162219428
0.000747843140828358
0.000773533224376717
0.000729787131461765
0.000734864851041843
0.00073593306137112
0.000729140690091496
0.000722711971200611
0.000755525587668866
0.000634384401603892
0.000873978883264614
0.000954581194683267
0.000708623535994015
0.000704100831526513
0.000804307115077964
0.000638839567491306
0.000652177889956858
0.000684150948126713
0.000686687292846172
0.000750031988182747
0.000717144014337256
0.000814279029516745
0.000712958198031139
0.000771019564107343
0.000680699984599546
0.000711070885515862
0.000656510623644917
0.000740023050524671
0.000678564430537029
0.000717290065784364
0.000738446231726992
0.000848027080699429
0.00066877455832237
0.000859154091756632
0.000717497678738982
0.000729246546785993
0.000728002397926971
0.000664086588823308
0.000735770651852257
0.00074045391725474
0.000687083882521238
0.000771088972997381
0.000696610153615189
0.000787037122852038
0.000772665635375164
0.000721053651695332
0.000753314296974362
0.000859087010355189
0.000813372102631575
0.000864535003288161
0.000629668348990361
0.000719127283932531
0.000856751454332481
0.000766382393801716
0.000752432965412227
0.000695247948978759
0.000707380145250162
0.000651679358108024
0.000741399626836245
0.000727336722063623
0.000795917682111978
0.000748843118490411
0.000797863254992231
0.000733851679049048
0.000789635072897411
0.000739552677833535
0.000772980936306803
0.000789683738414644
0.00074563166530353
0.000648615174160802
0.000649475836583168
0.000711352631435147
0.000701088636823682
0.000696661933530779
0.000798043346630883
0.000691251572287814
0.000805030547684364
0.000712864995848624
0.000671236527245348
0.000977788683666225
0.000616131173312001
0.000698161403343913
0.000712515005787092
0.000685582346398529
0.000763825708055952
0.000604186128695164
0.000785177713187118
0.000643054200029803
0.000723771421032778
0.000716549408720283
0.00062637139846087
0.000762868260783776
0.000737825842626756
0.000708921264096909
0.000624663535092801
0.000828189919831478
0.000770683391414583
0.000723354130698138
0.000807880149794267
0.000671852785487331
0.000901756339835529
0.000743433943919807
0.000745740317374416
0.000750259020654549
0.000774592338060722
0.000832355960936685
0.000668784363443007
0.000655556876662623
0.000657629621734533
0.000680869601674004
0.000814696268423423
0.000803551432907239
0.000805665261868079
0.00073167411519766
0.000658147018288962
0.000724290819348782
0.00071263176723023
0.000694490393823798
0.000719482149580202
0.000820138833262331
0.000648328094361543
0.000763587374003304
0.000870273295150836
0.000673390976649831
0.000637648928769156
0.000853072922081832
0.000845944424654059
0.000722081813748082
0.000794658067740279
0.00076562815180413
0.00089503415395791
0.00106814360535182
0.000885170940659752
0.000769245353044945
0.000767102192502996
0.000805626503463819
0.000983201894307715
0.000948773625195491
0.00073007163411862
0.000853799811010079
0.000718913144426671
0.000758222558390682
0.000775130531603204
0.000673822839361834
0.000692811417140996
0.000652776361654766
0.000685884577897503
0.000745160883134098
0.000744300987075534
0.000814200540898437
0.000697771837909106
0.000583093381232623
0.00064042547907539
0.000692798401075242
0.000727839661119131
0.000653588494641433
0.000651812817219711
0.000804309862098699
0.000826790915921192
0.000712341503559215
0.000767884909922205
0.000806550318336992
0.000813806845900325
0.000593663471133916
0.000728624598417288
0.000752680811449203
0.000704133808201684
0.000655589608671938
0.000688030366302919
0.000779875438127296
0.00066629622086809
0.00086147259980668
0.000736512546268306
0.000864157231341464
0.000729236823129772
0.000854445481440669
0.000738422275734751
0.000873945090282841
0.00088601984465234
0.00073171398327233
0.000785448460665565
0.000764937864172275
0.00080732583681025
0.000864991532475377
0.000733876203432666
0.000769055522963225
0.000936459836036224
0.000793313294108478
0.000861173422687634
0.000787105696945607
0.000783890720490675
0.000825474682882068
0.000852076404404406
0.00118668254705289
0.000701743143472634
0.000769247625384838
0.000808789055743323
0.000693584567712756
0.000787767716231809
0.000699442857903704
0.000760458157766076
0.000763338096531288
0.000794110837446424
0.000692429230899681
0.000933544465479239
0.000745378224455986
0.000678884220927578
0.000705339930613857
0.000642942096712637
0.000788630899959063
0.000721596803946177
0.000712970566880763
0.000703353750752802
0.000793065085839233
0.000739038707297356
0.00066673554769024
0.000745584982529244
0.000802127549005132
0.000811171205671143
0.000757160150448323
0.000898358163452569
0.000845544683337387
0.000753943620949046
0.00083200828205218
0.000716036714152444
0.000702127530206068
0.000778262881634973
0.000784920703715911
0.000760556140956446
0.000810036606362964
0.000782180536771641
0.000725427623444105
0.000611189433537233
0.000700512601523553
0.000921207892983916
0.000703425814855304
0.000647816290887171
0.000806711813105653
0.000680349668129936
0.000778813006964053
0.000934801888902604
0.000746968793409133
0.000882924548908861
0.000688546943316247
0.000750377018329735
0.000704537938173542
0.000651467657618373
0.000743934507575565
0.000764536631046674
0.000848950245055368
0.000777626455743907
0.000808382145221727
0.000705959114907447
0.000594422083390092
0.000754741025121941
0.000771961743011629
0.000865166623935425
0.000790403945736258
0.000692780019971176
0.000742063429893079
0.000609446369551317
0.000762797586698977
0.000681752225893565
0.000748593097351375
0.000750619907366939
0.000844941497307941
0.000864054712814874
0.000679947266571687
0.000785209680013686
0.000786815337199929
0.000729812377695098
0.000846338384026566
0.000877217106812309
0.000910571483602707
0.00068470266979557
0.000728198676282663
0.000782775742145017
0.000823955596448853
0.000838811693681237
0.000648359153103082
0.00089924134937721
0.00077866563570898
0.000715514334531532
0.000731924279027746
0.000773393040388381
0.000812594749546584
0.000754900085200362
0.000858722844263036
0.000622502619794618
0.000796455815530724
0.000769257361153401
0.000786896624789812
0.000915725653896374
0.000802513681029724
0.000769259098377965
0.00079324356163147
0.000753344071779647
0.000645165367906954
0.00071324078747003
0.000628670937298126
0.000742292534900394
0.000862035582223204
0.000763030643182106
0.000860455860893414
0.000787028962347174
0.000952172036334532
0.000682600759152034
0.000853979831230532
0.000776252327672331
0.000892244046026859
0.000840079605295633
0.000712496561505429
0.000736529019724798
0.000792982332616559
0.000730801460584369
0.000863744428610782
0.000839185360785102
0.000637148200660442
0.000811183901689363
0.000738004506850899
0.000721163860313687
0.000801948673441069
0.000600144376214537
0.000783276741568859
0.000960670125347992
0.00106354798801195
0.000840912575158034
0.000648718851230428
0.000704849501977337
0.000765205155753928
0.000742817639999758
0.000935240214375506
0.000706479539766283
0.000737743203968619
0.000739601515188823
0.000775116124479849
0.000872616891431212
0.000701685967950534
0.000788232207371346
0.000650759030157734
0.000785465775022699
0.000668112321801731
0.000798688725060006
0.000804099759355479
0.000707008221723017
0.000811868094327251
0.000772187261748179
0.000759183900190599
0.000881675352948101
0.000685791192588031
0.000670514318127263
0.00066124833259331
0.000703870402114978
0.000690435403121302
0.00072817627045249
0.00088576354186813
0.000741845927438771
0.000775002821197368
0.000711130471437515
0.000673684630879971
0.000647086545500315
0.00080907478066062
0.00079582635305859
0.000663908891406155
0.000695342988202307
0.000798150176236996
0.000808809503054135
0.000799076153968327
0.00082356576282057
0.000760714171853235
0.000787807299689175
0.000768565105837651
0.000741878486962342
0.000729262750443269
0.00068374065608115
0.000660377676327474
0.000640310242112794
0.000751166084917452
0.000761659750813578
0.000757870569477429
0.000710651593509803
0.000631194506057383
0.000761880801367319
0.000768966361107309
0.000748449368477272
0.000688653084992958
0.000721058072292185
0.000752741564637783
0.00079677227914839
0.000773812716309725
0.000735468848008811
0.000755086312055013
0.000764513007868082
0.00070912506142086
0.000708569391714873
0.000915448047109838
0.000660095254169593
0.000739087593285476
0.00083569925244016
0.000856656482191354
0.000754404863343815
0.000684732812388841
0.000751920639268705
0.000765723086272286
0.000869674522397955
0.000798319180044824
0.000837318475418266
0.000859029945738003
0.000714818975127172
0.000852797757006207
0.000710995082990552
0.000716805489964885
0.000988589903401336
0.000625800981781099
0.000760115916461338
0.000698722362150369
0.000796077012360308
0.000718135332999024
0.00066617128399824
0.000653037762724766
0.000818799879535886
0.000930118744315677
0.000708067569169356
0.000654547428862118
0.000700406541499686
0.000844211083071417
0.000718030004275503
0.000816711466489896
0.000784478270261336
0.000721900851438885
0.000792535023159775
0.000851139608267952
0.000722388566359911
0.00082670777886199
0.000733118561981753
0.000797998395004885
0.000685533989504517
0.000807690053618762
0.000727604783570253
0.000782943414408903
0.000741665298164254
0.000724033110922261
0.000639452574962865
0.00078146191931951
0.000741180622817581
0.000911002251590464
0.00084460067263993
0.000814803951157803
0.000656318725239547
0.000694708696942103
0.00080321979476618
0.000802326206511211
0.000689705137543385
0.000742938451793323
0.000794129520650335
0.000819740415534344
0.000828462254549744
0.000776069929652829
0.000719890042937022
0.000664713452003432
0.000799429074667077
0.000672989729441696
0.000745701362079661
0.000855185496611062
0.000704463850825551
0.000735931172581314
0.00074233121341777
0.00074200822311451
0.00074319649336102
0.000773856292527784
0.000783136163335287
0.000845254588761353
0.000812592445477304
0.000743257155131859
0.00078261144894328
0.000865249993225483
0.000944114673523778
0.000844917651841846
0.000873366848670962
0.000796276900120637
0.000858566177681312
0.000792015384496534
0.000877057662471216
0.000705831041015214
0.000829811042886245
0.000770607166358163
0.000893338788803268
0.000797030687561935
0.000665419943999957
0.000746149720327296
0.000712990155013295
0.000811035831721497
0.000865252238180085
0.000832256342186239
0.000766322140149944
0.000799910982456225
0.000885048070281243
0.000802533019486653
0.000923878412127807
0.0009169499155539
0.000674706903435518
0.000777613098152138
0.000736956252381026
0.000797865387272674
0.00065801586478886
0.000714332123893396
0.000993071319744288
0.000980203699258822
0.000694501097647859
0.00100822277617157
0.000959686327358757
0.000992342794084623
0.000844619419983789
0.000836389007714536
0.000791072636700367
0.000745298590120749
0.000811271366404376
0.000908140838431556
0.000943917633727341
0.00069719753560571
0.000865070223766961
0.000711231275931016
0.000861419650594186
0.00093516191597877
0.000831610756025697
0.000735969751859146
0.000704460325793426
0.000929869334784992
0.00103840387897194
0.000788394182689913
0.000980423404913302
0.000901872207841657
0.00104982492346474
0.000887121460555491
0.0009637577879479
0.000704718047036261
0.000848191216701361
0.000974436593553712
0.00083056894127227
0.000692195612968174
0.000886128428934656
0.00348332046226157
0.00113569484575575
0.000829037583940635
0.000931948481059076
0.000975120605805214
0.00112065445437965
0.00107156268301691
0.000849387451202159
0.000817336833016114
0.000777263029803639
0.00072287621776045
0.000883175685597534
0.000854799385562401
0.000828947402730453
0.00080177365236753
0.000774542440577135
0.00080238928872675
0.000738775367913658
0.000694631612123884
0.00086017690372886
0.000918067804884386
0.000786691823628599
0.000784980162977721
0.000669592440464209
0.000821102541080106
0.000812896527751903
0.000843048635611293
0.000801677028619223
0.000937262095401618
0.000835421749376273
0.000760790480753115
0.000796439608593677
0.000821898801381223
0.00079429213226225
0.000790291093422212
0.000815227193591425
0.00107896929907019
0.000856904357250086
0.000884382350374222
0.000881371243589444
0.000905729851663274
0.000959040488278936
0.000704688740346157
0.000804716825748652
0.000844957088472805
0.000782723729265202
0.000815703317959451
0.00101132102974265
0.000716528856359052
0.000813099702385461
0.000831321993092504
0.000892509077173488
0.000939047288978365
0.000775476299953096
0.000624384019321315
0.000645698297960004
0.000806627947733646
0.000800263904030232
0.000759428641225758
0.000826892213871684
0.000781518593273104
0.000833260183059171
0.00066847224035056
0.000801776968092387
0.000792542730142443
0.000654574137447452
0.000772321071657158
0.000764391531997726
0.00082462399220052
0.000739346315959037
0.000814902614797773
0.00082290389468429
0.000788249377801686
0.000756507330321373
0.000848230660686791
0.000808405469024708
0.000801428084299538
0.000856154041640345
0.000869617649751373
0.000742178174882606
0.000729211209973088
0.000829854730348909
0.00075023000153936
0.000808147596127848
0.000840494676633378
0.000881798917346257
0.000677944445143331
0.000724649642811458
0.000679481803519261
0.000754782606845818
0.000739384233594563
0.000845045902451545
0.000844021636148529
0.000683001060490585
0.000838604050247721
0.000915169414201829
0.000758867656785475
0.00078073081889876
0.000866522060137201
0.000796703700783136
0.000747231157102505
0.000843015099188844
0.000981029725847151
0.000696935735513045
0.000837337823544002
0.000769933950260641
0.000839117422495763
0.00067395356375615
0.000661893887566424
0.000793388781052477
0.000771341438285786
0.000725634633172932
0.000763573722623347
0.000760020774980918
0.000893542066184578
0.000655057922697821
0.000786076881698157
0.000717125222323025
0.000830180448750723
0.000759194944228241
0.000694523574904557
0.000707643756348314
0.000722472057040434
0.000784086531335761
0.000754558108709487
0.000600196329344459
0.00074217373862059
0.0007789112460376
0.000911802026175524
0.000728165580159204
0.000833002371170054
0.000839424149384196
0.000906780027505221
0.000873739208742458
0.000842212468755182
0.000757381058327943
0.000734170414394469
0.000783392347266419
0.00082613510926739
0.000924087719944233
0.000798264482255529
0.000815208922589463
0.000739529921798613
0.000984814939621845
0.000791703798824012
0.000666253775750666
0.000750480325532368
0.000778996298966861
0.000775214815698356
0.00076924591474356
0.000887092471593864
0.000822844975081386
0.000710713966203624
0.000846647820437937
0.000817193019621582
0.000820307228614572
0.000743600425229643
0.000809561360362433
0.000865097130753159
0.000638266722218739
0.000774101239903016
0.000752677102149878
0.000896720584300063
0.000859440859817218
0.000856230408933441
0.000825286425923107
0.000727238040274315
0.000767842791401335
0.000742136438709977
0.000877904301966054
0.000695286723147554
0.000872571279072866
0.000879610172683603
0.000853716681351125
0.000799595598425114
0.000741304097748376
0.000794404668185687
0.000868569508077031
0.000771590077293003
0.000692523114586949
0.000697799505727819
0.000776224261516663
0.000742943492651166
0.000780980266574758
0.000915926839280969
0.000846632472816116
0.000830076351241018
0.000802462126235323
0.000866293977558624
0.000823936326620317
0.000780374423525243
0.000788506264543
0.000839494960146792
0.000855189349383958
0.000730330495891019
0.000751720068327532
0.000945008293636802
0.000575782437673079
0.000775350833862223
0.000860189531213788
0.00069724501999022
0.000728753434324441
0.000824503562873052
0.000925080478548285
0.000761055892014837
0.000777543391348922
0.000852812788050043
0.00145577050278406
0.00097498075402065
0.000817616344650786
0.000937901698647006
0.000675600500719197
0.000773844463892654
0.000689130454024961
0.000881520539048535
0.000803924049123281
0.000710796587942323
0.000686454893543652
0.000767442387045244
0.00073570147171356
0.000894145834563108
0.000759870709725568
0.000847829112558667
0.00095614958187027
0.000855232833111605
0.000720393755845975
0.000745963514329135
0.000681315257759431
0.000712941077928722
0.000787521628649605
0.000754034776990896
0.000757269339587479
0.000707469343321138
0.00079798670275196
0.000661875776384084
0.000717526562847318
0.000811187649427079
0.000913223333471176
0.000824280903545142
0.000773214596507188
0.000798985452198215
0.000808078652234917
0.000761677227953114
0.000760570077530645
0.00077128795673937
0.000841871902562178
0.000839428119014377
0.000807066870663204
0.000787533792395239
0.00104116076343524
0.000998405553812746
0.000778349679348498
0.000742399316744121
0.000741649278338581
0.000842551128454765
0.000813617711979095
0.000838447764162376
0.000876870606132971
0.000707247824835255
0.000774639769478709
0.000884060968768444
0.00072923320646601
0.000793204624486043
0.000870162102227448
0.000879203588548768
0.000757693131146952
0.000747449135348856
0.000795658104762497
0.00079889631858304
0.000768430228357405
0.00074496538778883
0.000806118363827397
0.000824560668988317
0.000696561855827723
0.000787528969402743
0.00087458810206202
0.000751822816374184
0.0008556328080608
0.000886977052882665
0.000885383165872557
0.00075534265122833
0.00070713789554287
0.000768843067538463
0.000847761243538095
0.000780855364748179
0.000814615502528139
0.000842489849256842
0.000883765702038897
0.000673236667580057
0.000642936856143585
0.000739435219788787
0.000730579304608519
0.000779710953743005
0.000781408031141594
0.00079089979728604
0.000713949025844981
0.000937369349165724
0.000778536144970858
0.00074310578965049
0.000924225301390893
0.000805207514015837
0.000988984224189614
0.000667691741237762
0.000876203373469927
0.000914699097200218
0.000763909742548074
0.000839999830985447
0.000870221606378648
0.000840488374570932
0.00081636874309147
0.000802600321980197
0.000835813934732262
0.000758230077999028
0.000789542859051611
0.000702495489603517
0.000705146436184878
0.000776172521267521
0.000715290998487113
0.000816646166108748
0.000797059520870385
0.000787192201542421
0.000796679257930712
0.000725726321094939
0.000783822407958031
0.000869668740304081
0.000735367178848166
0.000847744125556212
0.000907801145924713
0.000774389004098923
0.000718433758510165
0.000749837173525582
0.000865464531791658
0.000872970921774472
0.00079532499462266
0.000896496920768484
0.000803047201573066
0.000844306104977586
0.000806675044150026
0.000785169500200221
0.000931430513346457
0.000947105702766446
0.000772965946412243
0.0006745523629335
0.000782583282305605
0.000836911831576098
0.000718490200727382
0.000859163357478272
0.00084473579576193
0.000863329433218802
0.000799023673135792
0.000797045734470904
0.000868220865022093
0.000840518066832621
0.000713447968048856
0.0008102086190764
0.00105844244306773
0.000909686165202557
0.000893218074217198
0.000856765967121858
0.000779118176318081
0.000913378307658278
0.000741269163266397
0.000712594848006402
0.000850248344545419
0.000949085654768205
0.000855977855912489
0.000969912783723786
0.000910866296669255
0.000920756481257417
0.000867532327018472
0.000834234955997559
0.000827103113858795
0.000803104410852758
0.000785915297751751
0.000819400436496879
0.000765794215794884
0.000704071091930209
0.000914320659347433
0.000963869136542058
0.000842595366566153
0.000867793275282579
0.000941582926910697
0.000777967191937553
0.000844061823483046
0.000706229774994661
0.000799520486229378
0.000818951919142467
0.000777946222353549
0.000803267972924528
0.0007349583543895
0.000977478995221093
0.000793192602280215
0.000821972502010045
0.000907814853312401
0.000859431257343428
0.000866881646227718
0.000791684302262637
0.00080530399226398
0.000887799169674666
0.000808626861265697
0.00076226955031626
0.000785350625337082
0.000859800185365974
0.000786553666769294
0.000871325975240659
0.000781685618181468
0.000982389245890938
0.000871075897053895
0.000798439093643988
0.000777086229902874
0.000783043695431961
0.0009177926773467
0.000704332806369716
0.00108458414227588
0.00082044699477353
0.00083749405131871
0.00077102757445784
0.000901930432804806
0.000778940341884893
0.000745640145172906
0.000866272072419474
0.000804084260077492
0.00102880917674462
0.000903055154832508
0.000882793822489357
0.000723159271241075
0.000797332769139223
0.0009064428840578
0.000909309834517398
0.000691025349479626
0.000833823123420668
0.000763727551604769
0.000859045618061492
0.00073459933629505
0.000890106052135138
0.000779435029066677
0.000791579090197656
0.000907004757675805
0.000799561433689894
0.000767347796649998
0.000793632504404903
0.000811729594185123
0.00079627514720378
0.000854088075253863
0.000756648260371059
0.000625922980608155
0.000985354221168674
0.000690268424836106
0.00086742930941194
0.00107822672163018
0.000891473440710972
0.000690895905681557
0.00079564640130717
0.000772785105253357
0.000815632816870621
0.00079633311154676
0.000761825637364117
0.000780929794698263
0.000836229085892637
0.000894243592173225
0.000847855144569722
0.000760535776248132
0.000818836546595728
0.000773016798723072
0.000826779479015084
0.000982606416859601
0.000829220989682417
0.00077506703958056
0.000744618784015669
0.000634803893141104
0.00071629224836311
0.000726076438177371
0.000786715889683263
0.000714668781364231
0.000746667793639836
0.000762761718160931
0.00082097343200423
0.000727300846639799
0.000788247461327659
0.000782685021470348
0.000808390695002015
0.000848301346864744
0.000810606181073272
0.00071114293047309
0.000774585241856463
0.000793905960067005
0.000807077997810072
0.000897820082757323
0.000770243736039539
0.000921108302199373
0.00075785661032907
0.000983747653855014
0.000769772993489761
0.000761508734757256
0.000717872367006862
0.000748805850592082
0.00071685452990843
0.000851421215166244
0.000765321297256842
0.000733628197830502
0.000754385087415711
0.000824156632366967
0.000716107742835516
0.00081073363297737
0.000701680658976024
0.000779719519767329
0.000843237651615533
0.000887874368504584
0.000769318393934179
0.000881595705594215
0.000824020483254081
0.000853116411997609
0.000854482193889447
0.000726250884179181
0.00074506163108447
0.00076685119811304
0.000801453460617499
0.000708602866389199
0.000979496892178131
0.000866562188628623
0.00089801010013473
0.000822536368951267
0.000904025926841641
0.000791509956301932
0.000838332645784476
0.000793764522215615
0.000915630864079449
0.000964806134406086
0.000870093619687949
0.00087109176054705
0.000774600106446582
0.00114666754095088
0.000885705275268768
0.000792015260374569
0.000856708247183513
0.000862661061510458
0.000894591117590609
0.000836074685625076
0.000956655724582991
0.000943491681953787
0.000881223167283908
0.000804864612752793
0.000826908256776
0.000741078451027844
0.000791835463913473
0.000917229697216468
0.000787336853480796
0.000825513923679914
0.000821363019859003
0.000873834632254436
0.00069478874747986
0.000753294710708539
0.000842478702645158
0.000811045790862124
0.000823943077829868
0.000856742687804407
0.000874460170705162
0.000773400244177933
0.00109598859827625
0.000819333011783626
0.000853507934524705
0.000777973183346661
0.000815077510029015
0.000774695865884243
0.00106316180476705
0.00101113422353413
0.000900454675762663
0.000752926024982982
0.000801224349145541
0.000923035984499104
0.000903437423000407
0.000744750975975857
0.000874774309486018
0.00075820219415938
0.000839222582856864
0.000783873857355487
0.000738152315345585
0.000794222773088936
0.000826767322826016
0.00075450159404746
0.000848096346841793
0.000853786924925628
0.00083152028527656
0.000851216035572727
0.000822972330217266
0.000756315181872727
0.00078650868929118
0.000850231149233304
0.000712370433597556
0.0008716092428081
0.00074036996085305
0.000921896434113965
0.000806112110185489
0.000718163209812118
0.000742816642115144
0.000799046452689665
0.000929631044779443
0.00079333971484476
0.000827594293556774
0.000774481497097934
0.000794267576647727
0.00097793673260182
0.000842940407384688
0.000807829182771954
0.000790245412609551
0.000881896753235812
0.000784482131017602
0.000968961217519042
0.000760073278700825
0.000853353675212495
0.000885062777845206
0.000762504769721686
0.000765132615699301
0.000889937088309908
0.000770746931625841
0.000799170349801452
0.000653990274604119
0.000669207679965876
0.00080792846597019
0.000740246429068156
0.000882246710060757
0.000967127009880767
0.000881698814633636
0.000833207262660369
0.000925506998279246
0.000920578295170051
0.000902514725430996
0.000842383242714859
0.000939929810207694
0.000669021014353542
0.000854953559576899
0.000746094655882216
0.000907387542889744
0.000844902001644665
0.000952814342021648
0.000926380364238567
0.000755651446710776
0.00077149282095327
0.000871423704959483
0.000880748746858046
0.000856096447923903
0.000681212059986213
0.000772439957186606
0.0007466955951615
0.00077885712257137
0.000805202511208004
0.00074339421091659
0.000836806396796922
0.00107803979057791
0.000872867351952227
0.000842737627079491
0.000781633516747989
0.000774472460796017
0.000904574149126169
0.000865996268543213
0.000860793151192047
0.000951340035400736
0.00084064459115349
0.000858051578705174
0.000868342080717856
0.000852243599464563
0.000848003503906493
0.000814948836691451
0.000890160183896458
0.000888633119699077
0.000771703178949392
0.000839000661558913
0.000881355012322665
0.00092700301941071
0.000799279990033288
0.000796007802964282
0.000761023519723789
0.00084191303025691
0.000798909890205497
0.000909442995310942
0.000993891336313656
0.000812334291562303
0.000906420386914538
0.000742346318573582
0.000934964865529796
0.000872555840422757
0.000830959400072648
0.00089935542627393
0.000961785869561102
0.000744960581003917
0.000858997892980673
0.0013483368480076
0.00075016388353484
0.000951577731071774
0.000770286672160906
0.000901260094827982
0.000970015622573299
0.000919624435387905
0.000868953894279718
0.000879256488350646
0.000815218535146208
0.00093207952779968
0.000788020974293222
0.00103063291535853
0.000844224417852263
0.000909430696549108
0.000876285921295532
0.000844943426174362
0.000907394989441703
0.000899751768378868
0.000793524253983599
0.00097712003711755
0.00096242523176056
0.000960067211904466
0.00107675030418389
0.00160268709522633
0.000849021151132316
0.000930075086170821
0.000894748593081303
0.00093723319815594
0.00109163933769269
0.000891012639851623
0.000874400338946799
0.000914442474836741
0.000795557237259449
0.00090185423370699
0.000897644791398665
0.000868911431984025
0.000860034321683408
0.000814636402766932
0.000690562970283878
0.000837229943400901
0.000943698387290789
0.000851971125550637
0.0007767547802172
0.000930307352878566
0.000728376542046429
0.000928873668050477
0.000853483078859084
0.00104173469975702
0.000883883481631555
0.000809442356253734
0.000736632111466228
0.000845660982827388
0.000978421682863241
0.00090698760424442
0.000885723106456812
0.00119246517373655
0.00100134498573399
0.00090193328804207
0.000955879918061058
0.000840047407961826
0.00088103710596031
0.000895938300087789
0.000947006852204964
0.000879247769717435
0.000952867518827027
0.00102521453924347
0.00100611194740014
0.00109292110500306
0.000897440621905447
0.000861495501182103
0.000832797811973633
0.00100332230130674
0.0011482366252237
0.00093837219572695
0.000811367542737191
0.000951616601495548
0.000886418858955788
0.00100445806718755
0.000864054080522009
0.000894939630181939
0.000807065304949532
0.000882798229161191
0.000824433289247015
0.000836929146196325
0.000842170341056451
0.00092628515438372
0.000824754862608173
0.000897508620839783
0.000747193599540033
0.000908169119449852
0.000993463477532059
0.000870861629161008
0.000896520025836798
0.000911945826965057
0.00090108474409526
0.000850962279126802
0.00111558741795409
0.000894704212992003
0.000970734347114346
0.000832873609595562
0.000900231574071508
0.000891194190392207
0.00102330960028454
0.000921411334695472
0.000971624206318064
0.000885160233195782
0.00089130532675866
0.000918240253816424
0.000872289392600957
0.000857569894950657
0.00076210448128218
0.000819258575984523
0.000909269682966416
0.000944349595074551
0.000844271786263485
0.000787142024760423
0.000827584473454037
0.00081014677229074
0.000889275427781463
0.000989261722363155
0.000957470899989117
0.00094983014051851
0.000965148028340231
0.000893090659684518
0.00107805709707889
0.00097679000299311
0.000923467749704214
0.00110736932953162
0.00105141118385526
0.000797162885033359
0.00094743955232911
0.00100079364948206
0.000921416634522644
0.000938713731199953
0.000871580602472432
0.0010080434633412
0.000927687126716697
0.000885513707472412
0.000918888976479764
0.000889483266592602
0.000985988859692682
0.000874377820507151
0.00101933227326318
0.000812230592292815
0.000895457246983706
0.000903986301698794
0.000863080377420809
0.000929838063343698
0.00086306255621274
0.000810097366166899
0.000943828915430523
0.000841935611641136
0.000923667866441904
0.000842773034555945
0.000986065889370763
0.00106686361663174
0.000822820700509796
0.000885446360558385
0.00191276919713901
0.000920469192852396
0.000928568574517943
0.000914958969614377
0.000826040584718855
0.000899909086067056
0.000808220649385659
0.000784272212298804
0.000944222258019967
0.000929087634927371
0.000925840407807769
0.00092236699310907
0.000884921441572054
0.000846227938665816
0.000923724174924999
0.00114326453238497
0.000868191345127356
0.000861859341462568
0.000885887131423875
0.000888833690923937
0.000841710144245391
0.000993032045536565
0.000784694578816553
0.000865884801699958
0.000897147106633699
0.000920310279657337
0.00091063208434739
0.00105038239974406
0.00102361365205535
0.00111739158679781
0.000967361905822674
0.001107593614234
0.000901993458639732
0.000905009399623874
0.000975887418700028
0.0008173880963944
0.000905693397384045
0.00145435515560331
0.000842669384858966
0.000897639244766649
0.00105759995997992
0.000937312487239388
0.000903108100976647
0.000863474130324949
0.000950368651321196
0.000977477576354935
0.000901443250410972
0.00101574448445883
0.000913743077053566
0.000841987789134243
0.00100658018781261
0.000896261629461708
0.000968398846938976
0.000917490384277897
0.000878925173678628
0.00089780412557984
0.000892960471757903
0.000876715875851921
0.000933860779135743
0.00101606629984417
0.000962069485773856
0.0010115641148721
0.000936956057101087
0.000960083583738619
0.00130892062219068
0.00120037934277703
0.00091197052985002
0.000859778749736833
0.000935665959230246
0.000975920919742454
0.000983228309222202
0.000908002767520849
0.000894436083950077
0.000961956209768637
0.00102206079847426
0.000855357018338985
0.000971749223112177
0.000967011963347695
0.000939178796752874
0.000824830262180984
0.000866223259827963
0.00100761464490596
0.000827034192945325
0.000868907071335911
0.000896373160446506
0.000847149971048425
0.000999342701932815
0.00109570182979327
0.00093619030753843
0.000859304669633975
0.000930970227405388
0.000953984388004198
0.000942214509462899
0.0014917975750954
0.000952893248336875
0.00101979551972474
0.000947319832826716
0.000960160168612735
0.00091581044575297
0.0012089204483882
0.00106775812056106
0.000935195981218381
0.000922534178472547
0.00106766188001486
0.000887006920849522
0.000981440654366942
0.00113769350206747
0.000964566431948865
0.00114494779427176
0.000980948486163935
0.000961392396265407
0.000923991808339113
0.000849993840616675
0.00105278445740759
0.00093660352997697
0.00100420901100617
0.000908371721565838
0.000982961634252297
0.000948009347035218
0.000920122464118174
0.00096690930557984
0.000975351275941412
0.000989378018779834
0.00103627251914425
0.000995559720924402
0.00107875580138257
0.00119587773625558
0.00112678335937636
0.00115453595027234
0.000964623280874109
0.000926174125405066
0.000916964566732847
0.00130385177295624
0.000971829147386609
0.00083836022242456
0.00105148269496693
0.00107433345751404
0.00079635212392451
0.000904285558653796
0.000917771458153397
0.00107501534017317
0.00104468625196119
0.00102370388975591
0.00100186326324199
0.00101756470615825
0.000892255735388145
0.000917468055542451
0.000992374053031442
0.000946530817430333
0.00101769342340433
0.00119609053248737
0.00098492105633132
0.00108567517694009
0.0010421045074618
0.00115901669549866
0.00107332561611934
0.000878913245347698
0.000914381679976656
0.00112501153280676
0.00101206497444842
0.0010315899256737
0.00108234579482438
0.000931714257423597
0.000903467280720884
0.00103245377508149
0.00105918219200551
0.00109970497428638
0.000928396770811945
0.000872424154000726
0.00102828817053332
0.00120392332094146
0.00107179628137557
0.000929070252214748
0.00126739387489281
0.00113763938855973
0.00107657365082928
0.00121080452406544
0.00121038225496158
0.00119099345964626
0.00128700290550339
0.00103912206161138
0.00113846707817634
0.00117832623980649
0.00111208643570001
0.00101654006942467
0.00101542085969361
0.00113539554146069
0.000941577620850162
0.00104976614288029
0.00114304797998987
0.00111910182268688
0.00120304251531612
0.00139508801295757
0.00133400799415586
0.0013377203772322
0.00120692579565704
0.00115063733905491
0.00133098212444821
0.0012392454378377
0.00106184953250384
0.00110875928064916
0.00143457397571781
0.00135166138147022
0.00129170266361094
0.0019043537975162
0.00120656497212865
0.00138832749313621
0.00142382169664875
0.00157794327803267
0.00155542414591596
0.00137504156586805
0.00138687732258174
0.00148129945323632
0
0
0
0
0
0
0
0
0
0
0
0
0
0
0
0
0
0
0
0
0
0
0
0
0
0
0
0
0
0
0
0
0
0
0
0
0
0
0
0
0
0
0
0
0
0
0
0
0
0
0
0
0
0
0
0
0
0
0
0
0
0
0
0
0
0
0
0
0
0
0
0
0
0
0
0
0
0
0
0
0
0
0
0
0
0
0
0
0
0
0
0
0
0
0
0
0
0
0
0
0
0
0
0
0
0
0
0
0
0
0
0
0
0
0
0
0
0
0
