0
0
0
0
0
0
0
-0.000993043562922398
-0.000990237414812515
-0.000779076510115248
-0.000491616412049885
-0.000435666711256029
-0.000109388858748579
5.57407430102333E-05
8.67675772814987E-05
5.89728803677603E-05
-6.67273321430474E-05
-9.01643264005944E-05
-7.3730216676676E-05
-0.000124326155877165
-0.000201047233207967
-0.000196538643983911
-0.000126673199367649
-8.35145397149735E-05
-0.00011615455328531
-0.00013206566764547
-6.2623834631857E-05
-3.30019299144939E-05
-1.77313007385335E-05
-8.17751455109573E-05
4.44409935630997E-05
9.69390809553071E-05
1.25484051248112E-05
-7.3011211719461E-05
-8.02912418303453E-05
-0.000120530586116626
-0.000164785322152094
-0.000227530688109431
-0.000178637077737028
-9.13002588456236E-05
-8.14831832332392E-05
-5.18539598378162E-05
1.99532421743435E-05
4.97197816473535E-05
-4.25100014431013E-05
-0.000102429200859512
-0.000103506348701258
-8.58120193198813E-05
-7.14209703024337E-05
-0.000113662695578204
-0.000101676622496115
-0.00011708150459909
-0.000118459041743973
-9.81107679544444E-05
-6.63640814052392E-05
-4.26845809847192E-05
-6.73942679823792E-05
-3.20977918856898E-05
4.67815978326634E-05
9.30655476964139E-06
-3.76331268827835E-05
-7.46321420067904E-05
-9.75148292047241E-05
-9.95209514668871E-05
-8.30534577600618E-05
-0.000132310265460012
-5.22582551659621E-05
-1.98036934017456E-05
6.95409068964845E-05
3.6436311574331E-05
7.20666858508732E-05
-1.40674201994568E-05
1.12155349565078E-05
1.85536578703698E-05
3.31994716036937E-05
-1.54043288213631E-05
9.8711739217799E-05
8.52856798555734E-05
0.000191149892973443
0.000213301780630022
0.000242934387892416
0.000181284585595934
0.000234326958345306
0.000163571245533767
0.000101560647155777
6.68880872015069E-05
6.20919293741381E-05
4.04277273290121E-05
0.000129222853946568
0.000118534539080435
0.000103338143857358
0.00021462786097625
0.000169411505733199
0.000174767795662639
0.000112070084617483
0.000124182353490444
7.80155689588378E-05
4.869381244636E-05
1.78113683339007E-05
5.06927004436847E-05
1.95023733792101E-05
9.00756428640729E-05
6.22829406696476E-05
2.03914165001834E-05
6.47176013745465E-05
7.71371643404514E-05
4.86059669374357E-05
7.09656371086238E-05
4.41673515131096E-05
-2.51189156599586E-05
-8.70329627194328E-06
-2.80173857403529E-05
-6.68343962370222E-05
-5.83691777241734E-05
-0.000109969074129676
-0.00016353561806766
-0.000131679705599004
-0.000109419446352929
-0.000122430470822902
-0.000118671753543547
-0.000153008877899772
-0.00010705128272859
-4.73456197421129E-05
4.76374748485235E-06
4.01507633052024E-05
2.3085792220593E-05
3.8940970474071E-05
0.000118480814312985
0.000186137647564103
0.000178980369588541
0.000169224187815246
0.00015398847764631
0.000207859261469034
0.000194752820609478
0.000138255046489323
0.000101057974857132
0.000121385741152314
0.000122489535220203
0.000142805771640952
0.000121941282058833
0.000116607877999314
9.46695328468486E-05
7.97452544703066E-05
5.27194875302402E-05
2.05918497806707E-05
-7.72295656319445E-06
-5.52521280000672E-05
-2.72592662302773E-05
-1.65613462986598E-05
-1.83093979786667E-05
-9.16936129719427E-05
-0.000158283461049364
-0.000166793092259358
-0.000114582217523348
-0.000151577702701978
-0.000115149804414507
-0.000144888748089479
-0.00010391818679338
-2.90604538557437E-05
-1.78323146018784E-05
-6.06605290246582E-05
-4.09415772170799E-05
-4.50359298251053E-05
-3.05077491685824E-05
-1.77885945062157E-05
-3.756898551231E-05
-6.92105611113257E-06
7.84888510973119E-05
7.32944873756587E-05
6.14350651975013E-05
8.55348916891425E-05
0.000120751977808865
0.000104871060719374
-1.78202734553606E-05
-3.12591413659226E-05
-5.06947732149714E-05
-1.93579696359769E-05
-5.33425177609421E-05
-5.7365700277856E-05
-5.27412015811156E-05
-1.61810115694675E-05
-1.55803881561107E-05
1.48078053934655E-05
6.00966056345215E-06
-1.2465948698307E-06
-8.82778695413906E-06
4.21779602992054E-06
4.40210297178407E-05
3.03381012657398E-05
2.1858369051791E-05
-7.69878179877855E-05
-5.76015745752158E-05
-0.00010853725108471
-7.20220195129933E-05
-0.000112045356556135
-0.000139619277430465
-0.000146779890017487
-7.01960062346534E-05
-5.49277973673191E-05
-2.23012519091024E-05
2.59593900919038E-05
6.12128186314308E-05
5.51535650696687E-05
6.73599645173917E-05
8.40990421431899E-05
8.5745653594784E-05
8.86233930517873E-05
3.48421680747083E-05
7.86946454571309E-05
0.000121422553081535
0.000139272150584847
0.000116735680812332
0.000105032308715513
0.00012677140495593
8.39151257529301E-05
5.3432780956289E-05
6.33718276929325E-05
5.53211384398447E-05
8.57229400435945E-05
0.000137560072621014
9.96683931468753E-05
0.000112695720786086
0.000110090895371708
5.32690577111015E-05
2.99556089088256E-05
3.31150447363717E-05
-2.77862415061744E-05
-1.47387348551335E-05
1.66040154714025E-05
1.80108176276068E-05
1.60379965927693E-05
2.97960606847095E-05
2.45536259444937E-05
4.65428641341323E-05
2.53537562299678E-05
5.67270351542395E-06
-1.93863281215195E-05
-2.33038704752831E-06
-3.51066792844592E-05
-5.01304474629307E-05
-7.94814281731173E-05
-4.46427676557262E-05
-6.74514607756999E-05
-5.56214731527428E-06
-3.58581434421044E-05
1.92322527686392E-05
6.58695229706649E-06
2.54463954499548E-05
1.10549768484444E-05
4.18645801697221E-05
3.43189049583621E-05
7.03370805381068E-05
4.5244490247886E-05
6.38266886480604E-05
6.96687604768486E-05
7.00080497599933E-05
7.67042690809833E-05
-3.62641057592176E-06
-2.95027680190218E-05
1.95663655496433E-05
8.98125522760736E-06
2.03870315054289E-05
5.01210868233773E-05
4.20974335049371E-05
8.5454016939493E-05
0.000107487513477182
6.91939985490236E-05
0.000105794402090485
3.71058976839163E-05
4.20127615984875E-05
2.79277010588754E-05
3.86868880474733E-05
6.75629032041827E-05
5.65664084853803E-05
6.62978191470603E-05
0.000164500936522666
0.000134864031491779
9.80882493652041E-05
8.3363055194038E-05
6.44874536653187E-05
4.82950017295806E-05
3.6890819071823E-05
-1.74377486804744E-05
-2.79012740908145E-05
0.000137612472062059
0.000197532126356497
0.000124692477082897
0.000169692770851136
0.000144570499212789
0.000129673861824098
0.000153212210447624
7.38496214667714E-05
1.71936071385851E-06
9.43340067868174E-05
7.67807145273613E-05
5.79818056519935E-05
0.000122173197636276
9.41342407358924E-05
9.87349048988222E-05
0.000132743331923681
0.000138924666657164
0.000165153406602572
0.000246021105201414
0.000255296054297886
0.000261859682684427
0.000283180941778163
0.0003002798560053
0.000314044891974203
0.000238085929739752
0.000218824176722833
0.000176544838366595
0.000207300016643985
0.000180242490793993
0.000221533275501551
0.000140662593675877
0.000201773272291037
0.000209335657211618
0.000216722548836631
0.000169381419048879
0.000155380961112748
0.00013095633521504
0.000172344778339161
0.000169515691898613
9.76582870202932E-05
0.000141726452458594
0.000218476885492973
0.000208574910924893
0.000162408883785892
0.000149729504233859
0.00013883266299622
0.000196736238471947
0.00014263022858007
6.07272413505132E-05
2.5020816226838E-05
2.33253191261251E-06
1.48107292028053E-05
-3.59976098102805E-05
-7.70701537270357E-05
-4.72120571180355E-05
6.9198036358906E-06
5.86984352528204E-05
7.51251660992759E-05
3.39792961251751E-05
5.89556158943843E-05
8.15559893389549E-05
1.30638770551633E-05
-5.82105056255074E-05
-0.000111976880837861
-0.000125455608562745
-9.77423536510202E-05
-6.69441509615891E-05
-9.5320812624943E-05
-3.09125436138742E-05
2.30958592812906E-05
8.8612152118198E-05
0.000104495842682277
0.000101233747340098
8.15485531797411E-05
6.55565780360358E-05
9.03744247249019E-05
6.91773657207175E-05
1.31376759700999E-05
1.22025494303854E-05
2.73054623489609E-05
6.69901745758951E-06
2.41432794156202E-05
-2.79472817148713E-05
-3.12794234208408E-05
-2.31936709998736E-05
2.32012328231137E-07
-2.08125894026065E-05
-7.2080170701102E-05
-5.75285559028032E-06
4.72192968312931E-06
1.28096188963704E-05
1.4398906016812E-05
1.35129934494067E-05
3.79982013390462E-05
0.000140973444766412
8.7390683234473E-05
0.000107033301601698
5.41933092551379E-05
8.71335804423702E-05
9.58417895502894E-05
8.95211851577991E-05
4.93752464636748E-05
6.18468837944435E-05
4.99540421207005E-05
7.86442403819701E-05
3.88149194871889E-05
1.35000138544723E-05
2.07736428587955E-05
6.59960051207961E-05
4.3932961610489E-05
3.95889240463186E-05
5.06543735795751E-05
7.54813004304478E-05
9.18024510243628E-06
4.7846311832946E-05
5.1898527641858E-05
2.67671095564298E-06
4.58605880272757E-05
3.21120523904302E-05
-1.3947701359136E-06
0.000100749007938261
1.94849451839286E-05
-4.90485033901953E-05
-5.50745313772467E-06
-9.85286942685636E-05
-5.4488085350884E-05
-6.63103123476248E-05
-7.23862829938496E-05
-4.28720712184482E-05
3.88757084667124E-06
1.45285717626101E-05
5.32819667443637E-05
2.94432562219905E-05
5.33728121022936E-05
4.751860262846E-06
-1.14016404728209E-05
-2.07076697828669E-05
2.01768590673069E-05
1.49385867498548E-05
5.37370471703185E-05
2.11532485778689E-05
5.81169937471077E-05
4.9946244096326E-05
3.5043101236039E-05
-2.19739962857726E-05
-2.91080968668391E-05
-6.40441439616512E-05
-9.47348648499215E-05
-0.000123366310352089
-0.000112599885128775
-0.000100233461142197
-9.87412020049893E-05
-0.000109782057624573
-0.000121211212120354
-7.81805984465984E-05
-9.27412512429645E-05
-7.86989008592359E-05
-7.82792520173689E-05
-2.0423721292648E-05
1.76644640951607E-05
4.95613928753898E-05
8.46947118083139E-05
0.000104224644043123
0.000103944417918024
5.76720241220517E-05
1.78794424082426E-05
3.7511905261923E-05
4.39918291903275E-05
5.27057319945209E-05
3.58158841672147E-05
4.03402756821501E-05
0.000139338281183067
8.97618273209861E-05
5.26851747496741E-05
6.17449316570085E-05
5.89238878118539E-05
8.85042292541722E-05
6.82902059757109E-05
2.74283414492743E-05
0.000100903926317676
9.1760990872829E-05
5.01741226836909E-05
3.89117898300557E-05
4.51213492675843E-05
2.39704828494637E-05
4.38849638388026E-06
-4.74964393425843E-05
-3.81931790926676E-05
-3.39435613409787E-06
-2.87566191326954E-05
-4.18775611354713E-05
1.21343267321855E-05
-1.17165291236366E-06
2.21522420373725E-05
-8.81182042180757E-06
-6.10159368765065E-06
-1.4916846521602E-05
-5.00831628785286E-05
-6.16979692856394E-05
-4.98256016533494E-05
-5.95410473591255E-05
-3.23697277032953E-05
-8.27028024982733E-05
-6.23360604618747E-05
-1.39973277894406E-05
-2.28768347633869E-05
-4.02864816404785E-05
-2.76714404657952E-05
-1.32326779457537E-05
-4.32082168236972E-06
-1.2478816374034E-05
-4.68693140948204E-06
2.21892806496167E-05
2.45548477264456E-05
5.48255712603845E-06
1.3333024672459E-05
1.52827842033699E-05
7.09345435608305E-06
-3.58263002869854E-05
-9.11825083773471E-05
-8.64470291527211E-05
-7.5111279164695E-05
-0.000101594297082565
-0.000102973302016394
-0.000160114879279957
-0.000118466270758376
-6.66218057734931E-05
-8.18365973303728E-05
-0.0001098792423413
-0.00010900421351198
-8.81026247323789E-05
-4.20997059106777E-05
-4.99896451854314E-05
-6.10038903753449E-05
-4.97603414609357E-05
-7.38760614938704E-05
-6.74266184887178E-05
-7.46601988173818E-05
-8.38077078722611E-05
-5.17451441335188E-05
-6.91130490205114E-05
-3.81772044642456E-05
-6.40497603727575E-06
-1.21555903645755E-05
-4.26163010056452E-05
-3.3224092526386E-05
-5.28381055198567E-05
-8.63020254667403E-05
-0.000161585799280957
-0.000119347727083555
-0.00013834478825529
-9.80106290753256E-05
-7.67901360469638E-05
-0.000118467791759819
-6.85393998630554E-05
-1.06438925378432E-05
-3.44496286360429E-05
-1.39597995764886E-05
-2.24372072192172E-05
-2.93519391553427E-05
-2.59012319474632E-05
-7.44292340457954E-05
-6.55951682330429E-05
-3.82583996827474E-05
-2.79567064634204E-05
-6.9115369123943E-06
1.03595581403495E-05
6.34206716263984E-06
4.79099819191663E-05
-2.16543929993336E-06
-1.77411326882459E-05
-6.05374146644801E-05
-6.23463179360795E-05
-6.93841956466501E-05
-7.86911690295765E-05
-0.000122865258275775
-7.86677073071487E-05
-5.89165716474453E-05
-5.40962516757535E-05
-0.000113389553836909
-0.000126895253984666
-0.000151963745903925
-0.000106966011596453
-0.000104740346774384
-0.000150839243592111
-0.000139198755076385
-0.000150351783520463
-0.000112838702262425
-6.55722606871161E-05
-7.1984543214598E-05
-6.10499679653777E-05
-5.90476092916859E-05
-5.45381134670004E-05
-3.64616183109389E-05
-2.91614068130167E-05
-5.09087933428161E-05
-8.34699182597819E-05
-6.26409536864869E-05
-4.33705618070782E-05
-6.73374515477886E-05
-3.13605341003807E-05
-5.09319408826266E-05
-3.56974423632421E-05
5.53127502362824E-06
-1.78580276361755E-05
-2.77943913926486E-05
-8.89554909632935E-07
-1.16136297575583E-05
1.21679751028121E-05
3.50264157682729E-05
5.62102132466467E-05
6.29106428506657E-05
3.7344027328776E-05
5.48683970872464E-05
6.8898890812684E-05
6.89415598781539E-05
4.71523592021364E-05
1.70712498953567E-05
-3.61790115249672E-06
4.15478895877664E-05
8.35061857147082E-06
2.41917046143854E-06
-3.90882391350576E-05
-3.76116931899311E-05
-2.08333815562649E-05
-5.55307609205346E-05
-5.39187395595391E-05
-3.62580427511121E-05
-5.60172456559278E-05
-3.19455829813641E-06
3.49436694072459E-05
8.71378636580822E-06
6.99863309095684E-05
3.91274516855563E-05
3.83930767781245E-05
6.23527938773983E-05
2.58051280735769E-05
-2.42658623965315E-05
4.38200951864491E-06
-1.14667798577308E-05
-1.91509003273784E-05
-4.54640820923263E-05
-8.62938318528242E-05
-9.05560413368931E-05
-8.88911729313878E-05
-0.000113868914525019
-0.000120722693197631
-9.62101807230778E-05
-7.51421254279993E-05
-7.89565159602309E-06
1.56971557987701E-05
5.14562516224103E-05
2.4853583297835E-05
4.31223950908135E-05
3.17978027861527E-05
5.22452214466294E-05
1.57173597432844E-05
-1.07461291817317E-05
-3.34004259990478E-05
3.01321701236637E-06
-1.22733391738732E-05
-6.15075596849553E-06
-4.78853997752015E-05
-3.74617493898475E-05
-5.14089344061074E-05
-7.68689651527091E-05
-0.000118827407014911
-0.000143406780368178
-0.000132026287000304
-0.000122359090285731
-0.000131944858357908
-9.93253264473737E-05
-6.98349687118489E-05
-7.23159080434327E-05
-2.27936083055207E-05
-0.00012315971597933
-8.44557350508213E-05
-6.70317750496012E-05
-6.60875587813296E-05
-8.40600927504598E-05
-6.73992574576976E-05
-0.000101691460254382
-2.20544320692712E-05
-5.69470172123152E-05
-8.92291340192839E-05
-8.77740117188461E-05
-8.48463005753357E-05
-5.56247312385021E-05
-4.91642483005936E-05
-5.58686253073501E-05
-4.16868780897749E-05
-3.80956465198572E-05
-4.2000640060323E-05
-4.90944128324261E-05
-8.86311199349349E-05
-8.43036137127444E-05
-7.05754532212688E-05
-4.43395379510854E-05
-4.41164755558021E-05
-9.31557572229266E-05
-9.87224701809539E-05
-8.01403980401568E-05
-0.000115300877250455
-0.000109457020347565
-0.000172138723597137
-0.000146804561576008
-0.000113558586141382
-9.4794368098846E-05
-6.09730210834248E-05
-1.53010793456676E-05
-3.51533236128146E-05
4.22868805460195E-05
5.90910725093577E-06
2.16022459558998E-06
1.38696275440977E-06
-2.03295363432484E-05
-3.42260606659193E-05
-3.12098739388237E-05
-4.59619194312601E-05
1.04234254647374E-05
2.21509378131881E-05
5.75705493471121E-05
5.30637410478593E-05
5.4259639113215E-05
6.86137041388361E-05
3.26574713384397E-05
2.54403653811166E-05
2.53183195231071E-05
-5.63937885995506E-06
-6.13161584679682E-06
1.31878171562876E-05
1.18500049558318E-05
1.40881278582476E-05
2.01563592001735E-05
2.92739285526553E-05
2.12607698257311E-05
2.38424461375177E-05
1.04204420463267E-05
2.86206280280905E-05
5.56894558274793E-05
3.37902072463E-05
2.57894658334781E-05
4.78032452031963E-05
5.72099794298721E-05
4.14118940375794E-05
-1.41702094410196E-05
-3.04239605455921E-05
-2.53531424539661E-05
2.90966688294808E-06
-1.98504015441023E-05
-4.4569701441729E-05
-5.42716114092614E-05
-7.7042544727208E-08
3.08888299550561E-05
1.43673651353528E-05
-4.72130369491854E-05
-3.10008685569298E-05
3.06916990754599E-06
6.14136062300125E-05
5.48365172620968E-05
2.17369289476792E-05
2.80360605709546E-05
7.1586308049477E-05
6.5111392742986E-05
4.17915713725647E-05
2.10224631864278E-05
-3.6347438126489E-06
2.85246496925016E-05
6.31523446744947E-05
4.68368702960967E-05
2.57917966835092E-05
4.39081922966794E-05
3.4321482273127E-05
4.59599880987129E-05
3.46133206300742E-05
-6.35763414038232E-06
3.03104667848143E-06
1.33569624950759E-05
2.9486942858878E-05
4.74045909691693E-05
3.67003585364782E-05
1.65431578972753E-05
3.57719966683822E-05
-3.12772406914529E-05
-0.000313252698907671
-0.000282009524656811
-0.000318413468878472
-0.000276734213476372
-0.000239927569006315
-0.000221611165525224
-0.000145158878265297
0.000176719513746099
0.000156027925027228
0.000133579157068373
9.41323409455084E-05
0.000121770187747115
0.000112688923071228
9.66406272809619E-05
-5.74985619084593E-06
-3.41311831972852E-05
-4.47026022062903E-06
5.31381181339535E-05
3.41401793260832E-06
-5.38610894614387E-06
-2.55146253896467E-05
3.27349305545195E-05
1.04820796105701E-05
2.91859676957667E-05
3.9523660714394E-06
-1.35542026528787E-05
-5.18410274326724E-05
-4.54159066348164E-05
3.18330783292444E-05
1.75252768548585E-05
2.11760535234032E-05
2.96885325101067E-06
3.35468440331022E-05
7.41584879499217E-05
0.000102516861455985
3.98172929274667E-05
7.75749662108353E-05
6.98930883724251E-05
7.74581638436459E-05
6.61496805761609E-05
2.43003168649381E-05
7.8178840204436E-06
1.12210897084846E-05
2.00115809696165E-05
2.81082975647441E-05
1.71300833187171E-05
-1.93880891771804E-05
1.3912672233677E-05
2.05793593736566E-05
5.57238788926003E-06
-5.15376267664172E-05
-6.43390545705715E-05
-6.93290280404851E-05
-3.67686975663197E-05
-4.60965393232453E-05
-4.86625292261447E-05
-3.33055665048849E-05
1.22183037433399E-05
5.38209913005546E-06
-1.55053738016123E-06
-2.15111510785959E-05
-2.50296772731056E-05
-6.23701915805947E-05
-2.61729303990753E-05
-4.84899768902687E-05
-3.16402219021401E-05
-1.1468861328029E-05
1.915145557937E-05
4.21014397288936E-06
4.89762992083052E-05
5.24609845565661E-05
6.3943901199173E-05
2.36006162275333E-05
5.15828034119296E-05
1.86595896798987E-05
5.92749899798271E-05
5.96620961063938E-05
3.93464969644576E-05
6.69171801480852E-05
8.90286693258031E-05
4.3362470461638E-05
4.49361074856112E-05
3.03810883823732E-05
3.72345345230607E-05
9.65306123558375E-06
-1.93063076571384E-05
-3.1628142522827E-05
-1.72369978613267E-06
3.06982436615248E-05
4.59420724103613E-05
5.27513830444109E-06
1.82131289570026E-05
1.66744189835861E-05
4.8037623251901E-05
-4.69997648647051E-05
-0.000111051796666458
-0.000130348148093118
-0.000134068489263803
-0.000128304299363118
-0.000127292035852526
-0.000136391001801926
-7.61167015134219E-05
-3.19298268042894E-05
-2.81190142226464E-05
-1.96527406313622E-05
-5.69977140899135E-05
-8.85914078368446E-05
-0.00011837352127778
-0.000123102825301741
-0.000114136703654467
-0.000106339617762568
-0.000106126795182165
-8.68413005516898E-05
-1.11763184611943E-05
1.1104281538777E-05
1.4794864437701E-05
-6.09960150634602E-05
-9.68888461929558E-05
-0.000126164876726013
-0.000142983577308273
-0.000168233541724957
-0.000183358655224063
-0.000137750323180641
-6.2797410103917E-05
-7.85411253740953E-05
-5.87131099782385E-05
-2.84373590607978E-05
-6.33538479198053E-05
-5.43202064046276E-05
-8.70757880234303E-05
-6.92481394690973E-05
-0.000190283544802881
-0.000300570566668296
-0.00029289557373656
-0.000257940832287403
-0.000257424832254342
-0.000313924471230654
-0.00033444997801512
-0.000204220942330785
-0.00017685329140593
-0.00018270378907271
-0.00014577001205841
-8.8509670765349E-05
-3.89118505862429E-05
-4.40401799379124E-05
-1.93717895032374E-05
8.87816041287428E-05
9.66546153113374E-05
6.4166272598334E-05
4.08786791932034E-06
1.12610150967613E-05
2.92381774676413E-05
4.23403950933876E-05
2.9634412218289E-05
1.64086389311722E-06
1.63645191469555E-06
-6.73454769193157E-06
-1.34505475253465E-07
-1.8329818680358E-05
-4.45983224602762E-05
-9.64913188955817E-06
-1.86272955757945E-05
-2.78945235029272E-05
2.42289718894951E-05
4.31634578692181E-06
-2.59647998617314E-06
1.41531591773257E-05
-5.69059482057748E-05
-3.36638619320484E-05
-3.54677961280124E-05
-5.66417669065576E-05
-3.75292936778741E-05
-2.69826320276721E-05
-3.09237606343323E-05
-5.88307098337907E-06
-2.28377923623105E-05
-1.45129909104177E-05
-3.25816083881795E-05
-6.35484318669381E-05
-5.42703859777409E-05
-6.5254389915296E-05
-8.77939870867362E-06
-8.66490665742081E-06
-1.57393159703702E-05
-2.6972760514058E-05
-5.63959904537318E-06
-7.75410479790362E-06
-9.44623806045738E-06
-6.1646410428858E-05
-8.16940913423711E-05
-7.23747878816831E-05
-0.000116944973469339
-0.000111295834441518
-0.000109999229019332
-0.000146444233173153
-0.000140838501255449
-0.000117322021021189
-0.000151479157586023
-8.39551234694938E-05
-0.000102794076213477
-0.000111518866777292
-3.59756364101301E-05
-5.00482488267293E-05
-6.6642252039348E-05
-5.00867997494861E-05
-6.64888385867837E-05
-5.59108455853727E-05
-4.39691103849792E-05
-4.94046755061603E-05
-1.59120035979727E-05
2.31583269933403E-05
1.79274605102031E-05
6.21604868994094E-05
6.199940481405E-05
6.58110932152736E-05
4.90241996502586E-05
3.9702245118367E-05
2.65437565770765E-05
4.55625241318292E-05
8.69249666567035E-06
3.57633119473079E-05
2.09896892958773E-05
3.36249909386918E-05
3.0218456494814E-05
1.9156946449193E-05
4.89614048525505E-05
3.84034181046508E-05
3.01703957620994E-06
-1.11857070836168E-05
-1.50866260999126E-05
-3.18310627177772E-05
-1.74414812377943E-05
-4.9598796961127E-05
-7.10558408580758E-05
-5.68936919039025E-05
-6.06145896838146E-05
-4.90642788198667E-05
-3.49940954976978E-05
-3.67377712039099E-05
-2.76517171372653E-05
2.87113692719933E-05
3.11991972832409E-05
2.93748034658604E-05
1.73869692491984E-05
1.66492146705478E-05
5.09842517213626E-05
4.0144805531501E-05
-7.99346369370157E-06
2.5895762760704E-06
1.68586329565248E-05
5.86028173038185E-05
5.68225988740624E-05
4.17181960150153E-05
2.03593269388678E-05
5.4832360379173E-05
6.12614747428481E-05
7.11866030612949E-05
3.64168915631991E-05
4.7523993555388E-05
2.46808959329356E-05
4.13081165256957E-05
3.42709865354967E-06
-3.1896193064364E-05
-3.84664876504569E-05
-5.20208861167922E-05
-4.09802649597446E-05
-1.3710493292501E-05
4.19414920706357E-06
4.284849752789E-05
7.91620567605042E-05
9.51800591772792E-05
9.66231778407059E-05
8.87414017752938E-05
9.12785905706425E-05
5.28805985085988E-05
4.44579972245824E-05
6.113497730599E-05
5.78271867985865E-05
4.41642564857072E-05
7.59867208534089E-05
2.02627525921158E-05
3.77266796457153E-05
3.63124311692694E-05
1.36302047429474E-05
-1.43665005606624E-05
-0.000316381985886044
-0.00031553875694764
-0.000265259048799981
-0.000229820925063848
-0.00021286513991581
-0.000203715813842001
-0.000171669959466798
0.000137904651756991
9.21542852438823E-05
8.85923493250825E-05
7.60191855712985E-05
7.05957985090891E-05
5.0377141175433E-05
5.23692486338892E-05
7.93482277807666E-05
0.00010446880889301
0.000102956595228303
6.90551375334754E-05
6.1757791798504E-05
5.10289704312024E-05
4.72274666491871E-05
5.14508647480357E-05
4.44159748274741E-05
-8.30517635430046E-06
1.20065492677413E-05
3.83418139795295E-06
1.61999806592059E-05
-8.71578859172197E-06
-5.88187398773761E-06
-2.23958186012065E-05
-6.04972371862702E-06
-9.45494422180824E-06
-8.85494279077704E-06
6.35284476623711E-07
-1.86166432400624E-05
-7.84856484129312E-05
-6.39086563694339E-05
-7.72981214654746E-05
-6.46502129791495E-05
-6.91675242858073E-05
-7.21878408198642E-05
-2.84687051417559E-05
-7.22927467443395E-07
-1.12574981215757E-05
-3.19657955198022E-07
-2.48665975716619E-05
-3.5163822113223E-05
-3.2329766210922E-05
-4.21055806730544E-05
-7.83224655224745E-05
-4.08609303490925E-05
4.32539411657065E-06
4.53763981615884E-06
5.28033319882438E-05
4.4273706858167E-05
3.94248058136386E-05
4.21142978858914E-05
5.52706504783659E-05
3.28826909253737E-05
4.78735917441739E-05
-1.82529949422617E-06
-4.83175585480321E-06
-3.7358160436391E-06
3.08931969373439E-05
-8.17043949372842E-06
-2.15804459400993E-05
-4.61144712291336E-05
-2.29512094616583E-05
-3.63764266134196E-05
-3.00347808190107E-05
-2.83915522767825E-05
-2.56372288518978E-05
-2.36949230657268E-05
-3.18051459826425E-06
-1.22335464152025E-05
-8.41593967246987E-05
-7.92386589209694E-05
-5.68417979111759E-05
-5.92633698774474E-05
-0.000400280310966944
-0.000408497674458768
-0.000356171498307113
-0.000244949374287614
-0.000252010054116556
-0.000231954411732721
-0.000230315098875191
0.000138866757239803
0.000160273513999301
7.81971350045611E-05
4.31663775709423E-05
5.3168473798394E-05
-3.54250422932996E-05
1.07247521489939E-05
-3.16743613208503E-05
-3.03742678921628E-05
1.16033763215602E-05
3.8246143281747E-05
-1.01730968659901E-05
4.35517968719415E-06
-4.17144876360185E-05
-1.11091287597835E-05
-2.06314180801862E-05
-3.21762023736718E-05
-3.47510331250141E-05
-2.11570339293522E-05
9.42219214928653E-06
2.20934528450047E-05
-2.47928530614308E-05
-5.90579998058014E-05
-4.47395835340024E-05
-5.42064077093206E-05
-3.43744376478484E-05
-2.08269982975724E-05
-3.52231732032929E-05
-1.09627344742001E-05
2.1058497071335E-05
-1.25391134735333E-05
-4.86189639991495E-05
-5.48244313364045E-05
-5.84021900563835E-05
-5.47754784544406E-05
-3.0578624114139E-05
-2.93044131056105E-05
-1.1701827266807E-05
5.20118726880286E-05
1.39681653014418E-05
1.70337462612996E-05
2.70318895440572E-05
1.00826524264964E-05
-7.34958469150343E-06
5.83099686158929E-06
-2.98946129809332E-05
6.05275450056487E-06
-1.65937016641178E-05
-6.99551898339541E-05
-4.98293244031197E-05
-3.78583598176081E-05
-4.04450797099092E-06
-3.07811028016084E-05
-3.87328326059275E-06
1.50843608565741E-05
3.68425986678591E-05
3.34688007637848E-05
2.75370842814049E-05
-2.6144868051887E-05
2.03242457620185E-05
-2.04339798322248E-05
-7.59947014588402E-06
5.92168044594152E-07
6.22692843044543E-06
1.65032248817976E-05
3.38687307451087E-05
4.04238517270759E-05
7.33049188087901E-05
4.56397478269871E-05
4.86348063552427E-05
6.05602059933462E-05
7.10109435622655E-05
5.36149347887557E-05
5.84299266676764E-06
5.85214738176695E-06
-1.90078981367884E-05
-3.67243137424478E-05
-4.97330092220139E-05
-4.51342895654571E-05
-5.41815675740621E-05
-2.72807636801636E-05
-5.42317919154116E-05
-2.2893088106365E-05
1.40602676795497E-05
-1.70802487321147E-05
-4.21496436493611E-05
-4.25168305509508E-05
-4.54988737638007E-05
-7.62715618818534E-05
-7.80189319673506E-05
-9.00222951905518E-05
-6.02187817998683E-05
-6.38354032420108E-05
-7.67524981176628E-05
-6.41732843460938E-05
-1.80613718400407E-05
-1.9877819848733E-05
-2.24426945318631E-05
-9.0708327973506E-06
-1.32319727807088E-05
9.19316440904884E-06
2.25373748223416E-05
2.37296796578899E-05
5.97697506687373E-05
0.000107577251782415
5.67429046505587E-05
5.86154852074785E-05
7.02381151500336E-05
3.90299048769513E-05
5.12266122727847E-05
2.57445049166253E-05
-2.72111095978795E-05
5.11685735012236E-05
1.57313214001345E-05
2.35210336042388E-05
2.96536463103981E-05
4.99366417797214E-06
4.24029457415219E-06
-7.23355709041452E-06
-0.000138967915965522
-8.83102208240199E-05
-9.63970535948166E-05
-7.71125940044526E-05
-7.87134292821144E-05
-6.83832112123705E-05
-3.69270329066035E-05
3.66371605388978E-05
2.94656629867623E-05
1.8649843748774E-05
-2.57996900027631E-05
2.15695782703177E-05
9.58102927022585E-06
-3.21695036889335E-05
1.09225642840195E-05
-6.04800608860251E-06
-7.21175542895605E-06
3.26667554862585E-05
-9.609684790809E-06
-4.32661078856006E-05
-1.0051404283035E-05
-4.55340386346185E-05
-3.94677075271619E-05
-3.60557909162257E-05
-2.74107251661483E-05
-3.58139538960942E-05
2.96797018047798E-05
-1.3727984007264E-05
-4.86973624011212E-05
-2.77157509607094E-05
-1.45362033431048E-05
-1.66667132291631E-05
2.27143002045171E-05
-3.85532594658528E-05
-4.4470493391812E-05
8.46724109797516E-06
9.04468573050185E-05
4.24800113481128E-05
3.37574160719589E-05
2.22740837705981E-05
9.08532202561062E-06
6.4701564679228E-05
3.12743973722319E-05
-9.59674771800417E-05
-4.09216021335107E-05
-2.7747431347288E-05
-4.30345436871823E-05
4.93738701437091E-06
-1.23550900811335E-05
3.05038924032439E-05
6.40530270244359E-05
2.69436026681084E-05
1.5935057392475E-05
1.07813268548702E-05
-2.69576438958043E-05
-1.06425442006536E-05
-3.95450285496577E-05
-1.76144873273434E-05
5.6354962187159E-05
6.36210288387432E-05
7.626672434398E-05
0.000123853824947216
8.56087812740831E-05
7.08531333580825E-05
8.74121090818157E-05
4.81694236475211E-05
-8.9260435629851E-06
1.50593232610492E-05
-2.1907152689813E-05
4.66747636051653E-06
2.56539121583835E-05
-4.98811934246983E-06
-3.05649753659051E-05
2.83895951879682E-05
4.67129560596211E-06
1.769101764778E-05
3.92901006934634E-05
4.5005614474738E-05
2.23460511818056E-05
7.84025358460437E-06
-2.486534096963E-06
2.93244358295795E-05
5.273640180666E-05
2.20787925014391E-05
1.36767385929814E-05
2.66931340476676E-05
6.53874683284713E-05
6.87427957400557E-05
3.22302340633302E-05
2.21674456634819E-05
2.22579252319646E-05
1.26784401651766E-05
2.29101342292218E-05
-6.12347684121539E-06
-8.47435342626795E-06
-1.20965127740768E-05
-7.05209869746665E-06
-2.48441628620418E-05
-1.87409776829853E-05
4.87317174988775E-06
3.14529956779733E-05
4.37159531638224E-05
6.00255713631347E-05
1.92460253156709E-05
3.36631302095604E-05
1.55164302297288E-05
-2.69167760761754E-05
-5.14272348871557E-06
-1.0722454066129E-05
-1.43830345986923E-05
1.95643538485097E-05
4.01457110046069E-05
3.71109416857474E-05
5.47377886480069E-05
5.29648887083407E-05
4.13045690965997E-05
4.32386641455575E-05
1.42982737722228E-05
2.30397615632036E-05
6.07801668922935E-05
8.28147794416741E-05
6.413390962245E-05
3.67603837993244E-05
2.93285609415915E-05
4.67248553748235E-05
3.15702785554445E-05
2.18515798601403E-05
2.85785944426298E-06
-2.26613165853602E-05
-1.24419390509574E-05
-6.17291793748271E-05
2.58714977747368E-06
-8.42640374682234E-07
-1.08985407125918E-05
-9.75566495931964E-06
2.27618709286628E-05
3.72787598828665E-05
9.4010789033877E-05
3.93920941987244E-05
2.60882160395035E-05
9.53082673419185E-06
3.6466623635617E-06
2.19770872036212E-05
-3.78472072945123E-06
5.54565985616476E-06
3.77821028098496E-07
1.86664877641318E-06
2.55542416810939E-05
2.68514638876708E-05
-9.60248192663671E-06
1.67534174534732E-05
1.82710876964752E-05
1.64101738881043E-05
2.73302339732117E-05
1.9090591590955E-05
2.65608063044143E-05
2.70320986407621E-05
1.03266011776323E-05
3.08196287804422E-06
3.09112975223141E-05
3.45444031431194E-05
5.1732135858225E-05
6.45129001013394E-05
6.78356673987506E-05
0.000103400230230554
8.11622779291059E-05
4.06029965921053E-05
7.93850942829512E-05
3.8025965009281E-05
-3.48151610347531E-06
1.29484323832995E-06
-4.85761561852916E-06
3.38433569711908E-05
3.89862163772621E-05
1.06615201300098E-05
3.66877534567483E-05
4.84473590350824E-05
5.17824158233916E-05
7.21913331963488E-06
9.2297248436363E-06
4.36909627762486E-05
2.0031318973356E-05
2.72639046366373E-05
4.84535453048558E-05
4.78573853287445E-05
9.59708076509351E-05
6.62468839499875E-05
5.79113531465754E-05
3.33692405761534E-05
-0.000299615314465097
-0.000289032553675949
-0.000280922109171054
-0.000276473240794241
-0.000280306440349074
-0.000292003845270921
-0.000221802701941569
0.0001332313450344
0.00012649532438272
0.000159230027771372
0.00011710078980179
0.000126493541544093
0.000115965238724099
6.11079182097313E-05
7.21604129404994E-05
4.8504339065094E-05
4.32575681158178E-05
5.44401691389499E-05
9.36662036187613E-06
-3.38366371615865E-06
-3.5709180693913E-05
-6.62447561307872E-05
-7.21640777702887E-05
-0.00012078640296398
-0.000105357936350525
-8.98514389721655E-05
-7.19645113055561E-05
-6.22248764466435E-05
-2.85458164768711E-05
-4.50993429160277E-05
-3.60087274136019E-05
-3.10233163150225E-05
-3.07854329366835E-05
-3.36637818630123E-05
-6.47559735716182E-06
-5.02626799921928E-05
-2.75336572648657E-05
-5.25261867277455E-05
-7.07493505080981E-05
-6.76010262874397E-05
-6.22960778751728E-05
-4.09270607693484E-05
-3.73252333169967E-05
-5.29349128134648E-05
2.85903628082181E-05
-7.94509308341262E-06
-1.94561321986597E-06
-2.20780391961996E-07
-3.25413160066902E-05
-4.24755287024714E-05
-4.03868290438627E-05
-0.000104704936389814
-5.4066080001614E-05
-1.09022958593303E-05
-2.13027199038443E-05
-5.45565278397838E-05
-4.22530640989886E-05
-2.84485113511136E-05
-5.48987192785776E-05
-4.50509578344768E-05
-5.02433828889588E-05
-7.73769028122439E-05
-6.77690770266197E-05
-4.52560138663746E-05
-5.3979909980996E-05
-4.67572754973765E-05
-7.4769697892869E-05
-0.000113388187250973
-8.64703794760718E-05
-5.95880184427566E-05
-9.21501047491351E-05
-9.08541768487702E-05
-8.62388993758682E-05
-5.83503184091093E-05
-7.67933182894161E-05
-5.16103360467568E-05
-7.1097579113122E-05
-9.3637296655081E-05
-9.2611338547641E-05
-9.44430044920129E-05
-0.000140427686837301
-0.000144308131191553
-0.000196807648802226
-0.000185246317530924
-0.000143138590938996
-0.000154789139172687
-0.000157448833306234
-0.00016226354558018
-0.000123244077685056
-9.30197633530384E-05
-3.07497563658156E-05
-5.98588218792279E-06
-2.46315290110266E-05
-3.9380365437294E-05
1.0793976015186E-06
-1.00790071375394E-06
4.38663533962057E-06
-6.61193221560149E-05
-0.000118957589364527
-9.52558823871565E-05
-5.58366047790464E-05
-7.09895587075699E-05
-0.000110296028061632
-0.000126985091672079
-0.000110826665182217
-8.65929475910333E-05
-9.10105193869656E-05
-9.73562143796158E-05
-7.4009243844691E-05
-4.35409870627857E-07
1.04860680509362E-05
1.11069320374457E-05
7.22310293178985E-06
-1.27589591568981E-05
-1.05381932459801E-05
-3.41084999127348E-05
-4.16122045952322E-05
-5.31471433151145E-05
-3.29462548256371E-05
-4.80058506919761E-05
-2.44422213076883E-05
-5.13639360064009E-07
1.73157744752755E-07
-3.21158826953247E-05
-1.70008902894853E-05
7.95963012632976E-07
2.14632041680311E-05
8.52207827435202E-06
-1.36681607102203E-05
4.13460837451851E-06
-8.02017717534885E-06
-3.28852639104689E-05
-2.98680763465415E-05
-7.51918113320424E-05
-2.86212034076233E-05
-6.36226637202988E-05
-5.65800224066278E-05
-2.44336210710261E-05
-1.41283308495401E-05
-5.65166826776766E-05
-2.76439142893538E-05
-3.28868214969177E-05
3.32428191539186E-05
9.68035397640014E-06
1.11919187099372E-05
2.77942786410868E-07
7.01809661394166E-06
3.31564163535481E-05
8.93861733589635E-06
-5.69988211287187E-05
-5.07643655464005E-05
-4.55886888816714E-05
-2.64129934877149E-05
-1.77409722026848E-05
-6.33824543709172E-05
-2.55718617573615E-05
3.01786832279847E-07
-1.34448998575192E-05
-2.98225760840124E-05
-3.58803885799067E-05
-2.7019080220661E-05
-2.65311336590391E-05
-3.13777336453505E-05
-4.18661549859976E-05
-4.00563793542122E-05
-5.05783829488575E-05
-4.71571603352411E-05
-4.48091466616463E-05
-2.73882440572719E-05
-4.76169164893227E-05
-2.88506276664521E-05
1.44948945222069E-05
-1.8437273634887E-05
6.05644079953791E-06
2.96493398332792E-05
9.57538065163933E-05
0.000100826647366986
8.42581762200701E-05
4.79026516476381E-05
6.10912677038289E-05
5.98480986876485E-05
4.10186829386061E-05
-4.05010870447425E-05
-4.12159646832787E-05
-2.26075589441615E-05
-2.68240996465414E-05
-1.19725525385876E-06
-2.57386174117242E-05
-1.05416391447628E-05
2.37741448670246E-05
3.01258706679092E-05
2.99537966792542E-05
-7.51230686373118E-06
-7.31840275284837E-06
1.51832688907403E-05
-1.54668904839394E-05
-3.77170705548988E-05
-7.62834000679809E-05
-5.72879698739264E-05
4.65792812835764E-07
2.21233228754393E-06
1.33344743785915E-05
1.34918793844965E-05
3.0564539391932E-05
4.4957746076498E-05
-4.9342411767934E-06
-3.51986894948612E-05
-1.80721792830191E-05
2.43355159794867E-06
1.42479739450018E-05
1.55663371052077E-06
-5.42115355596583E-06
2.27419861986035E-05
6.35445302593869E-05
3.10899406518366E-05
-1.80325752922778E-05
-2.60301606201151E-05
2.53388856965566E-06
3.90592179368312E-07
2.80315572293372E-05
-8.36755472089731E-05
-0.000294291374445208
-0.000259316953993565
-0.000256032456931891
-0.000278774074135407
-0.000253259561474721
-0.000265139304988004
-0.000174540267896462
4.44004042049075E-05
1.00770663092012E-05
1.18897074307846E-06
-3.01849920729803E-05
-5.53885909483E-05
-4.9901073109786E-05
-3.15485750139473E-05
-5.26253689051085E-05
-7.56127919791199E-05
-3.03715855010794E-05
-1.90691023145041E-05
-5.71940019383841E-06
-2.9137291481137E-05
-2.53722572344263E-05
-8.26814087348016E-05
-5.06031523752953E-05
-4.24847598839031E-05
-0.000306963856455066
-0.000260791814675219
-0.00024227580094156
-0.00026633941720625
-0.000129565332335815
-0.000103678093142192
-0.000188648630513805
-7.12430424232643E-05
-0.000115144801549682
-0.000107346373817684
-6.33811404647547E-05
-0.000188996252623374
-0.000219873406410903
-0.000156859800349877
2.80417654256458E-05
3.55330434096476E-05
3.12599041227789E-05
1.10912588459099E-05
6.34045101351006E-05
4.72582924787642E-05
6.70357815908384E-05
9.31477550143406E-05
9.2245891184249E-05
8.64183111098149E-05
5.29344332503771E-05
9.09149623512574E-05
0.000113455927693898
7.72051903947731E-05
1.47774045466455E-05
-5.18276442334965E-05
1.81465280133571E-05
1.76392386734872E-05
1.57878643172214E-05
-1.22263055072809E-05
-1.05176025932156E-05
8.33427391485035E-06
8.89308079328519E-05
1.53644010271533E-05
3.39875199387053E-05
3.06914782735704E-05
5.95527192192971E-05
3.57477586433863E-05
5.84804862875266E-05
0.00010177111594525
7.41721176363323E-05
4.5180784917725E-05
3.88333582794251E-05
1.37483772232063E-05
5.38743473126831E-05
3.79085436379595E-05
-1.95093993984325E-05
1.14406936284855E-05
4.38786357024758E-05
1.5204679821264E-05
4.98555859708417E-05
2.63538107205483E-05
2.0248932675519E-05
3.73964468155722E-07
-3.62186121791677E-05
-2.97089095758396E-05
8.92905475842592E-06
5.52026182861893E-05
2.71599143183426E-05
2.9128970565799E-05
6.68733005951098E-05
8.27506527479596E-05
6.30837590380813E-05
2.97181098928545E-05
-1.9701025747904E-05
2.62710509553237E-06
2.71252203437023E-05
2.83329993557615E-05
3.47054947598961E-05
5.88908586956472E-05
4.29735199063216E-05
4.10809827563337E-05
5.38321343848526E-05
6.29386864798529E-05
7.86335646571513E-05
9.23546517312329E-05
3.23156342260768E-05
8.46148321220363E-05
5.52070938535408E-05
3.31316372226207E-05
3.8664812557871E-05
-2.1712235197918E-05
-4.25214128628151E-05
-1.42085156567447E-05
-1.4326036193624E-05
3.34919879381589E-05
6.3893458363424E-05
2.1009246794109E-05
3.2203277678362E-05
5.98993052069317E-05
5.33780301954825E-05
5.99934416329724E-05
4.66561328677342E-05
7.16335472821994E-05
4.89901846686131E-05
5.50291704363837E-05
4.68784265915654E-05
3.80728776033055E-05
2.32114774531841E-05
1.43505110226117E-05
-1.58044208033992E-05
2.72948818320597E-05
3.84191386703492E-05
3.54329743849261E-05
6.19586766252618E-05
8.21933352580264E-05
9.85548849682114E-05
9.12459843809436E-05
7.26682095423567E-05
7.04763431944252E-05
1.84078030765738E-05
4.89484673944604E-05
7.10876496572181E-06
-1.3239146380919E-05
9.82992973461695E-06
-1.45189822414978E-06
1.01444070953702E-06
8.05109333973245E-05
7.0223857693654E-05
7.12111578994174E-05
8.48072349416984E-05
7.47563221732872E-05
8.84308299306527E-05
0.000174347502051159
0.000122738416518933
0.000108074786208327
0.000115803264152972
0.000120985474115677
7.91792851300093E-05
8.27214778677014E-05
1.02312129223162E-05
1.3373517603938E-05
-9.75360430075522E-06
1.24191837708271E-05
6.75008584753118E-06
2.04176229310178E-05
2.15936035513015E-05
-1.03475629317443E-05
9.7220013908025E-07
5.02624206716607E-06
-1.78607952771258E-05
4.01689469340312E-05
1.75675237893067E-05
2.30823045951844E-06
1.41083920419492E-05
6.08785599887671E-06
2.23204699527888E-05
2.71204270416368E-05
-4.21420340240549E-05
2.14972363140788E-05
6.22955308071493E-05
5.3430329462465E-05
0.000133633604608962
0.0001025892804925
0.000134048934672849
0.000130281066319946
0.000111190406482899
7.98201065653905E-05
0.000101210341925427
5.21775896490645E-05
5.6231334801598E-05
1.49892428094723E-05
4.5606548964769E-05
4.66013628448314E-05
2.14067290894863E-05
-1.88925038991044E-06
-2.65887651268149E-05
-8.81333817836136E-06
3.17108771608463E-07
-3.31485337092122E-05
-3.26932582357732E-05
-8.9873486883154E-06
-5.38511105102676E-06
-3.84336881532305E-06
1.77027084122839E-05
2.06854789614601E-05
3.2535467116703E-05
-2.36361700339885E-07
2.84005373748153E-05
3.85850397636065E-05
5.73871958961805E-05
2.95987678160722E-05
4.97693886778787E-05
4.06853951299833E-05
7.43518290294501E-05
4.95845646598767E-05
0.000107058815072615
7.5590385987925E-05
0.000110567648199403
8.71213323378143E-05
9.29771260779624E-05
0.000106945830678026
9.19638836699454E-05
6.06348793300997E-05
6.22405971651536E-05
2.46697914237763E-05
7.04996336101615E-05
4.59704884565939E-05
5.93612018188577E-06
2.13398374739114E-05
-5.01798363534794E-06
-2.62521997766358E-06
2.40307764614372E-05
-7.94057993351017E-06
-8.9663326851897E-06
-8.11737471295822E-06
-1.77661305067825E-05
-2.75501676387593E-05
5.78816950875675E-05
4.45695614631459E-05
3.99747686157294E-05
5.60803452233179E-05
9.40720544717164E-05
9.8455012113566E-05
0.00014251455322478
5.23772924929754E-05
3.67425664598379E-05
7.07174715822009E-06
9.90400472248798E-06
-2.01158909548306E-05
4.60215916538351E-06
-1.56825952952004E-05
1.01503992371791E-05
2.61993778914303E-05
4.14447248069348E-05
4.911040495579E-05
0.000115049317165978
4.11137781722126E-05
1.16282213409373E-05
1.77897665311616E-05
4.5239150816566E-06
2.39034146328943E-05
1.80317162801117E-05
-3.64379476520322E-05
2.71105977640318E-05
5.50831225699276E-05
3.5623959321501E-05
4.69486682932768E-05
5.96868876468408E-05
5.56249166076429E-05
2.72288444026319E-05
4.37947899072668E-05
7.64725320143512E-05
6.71146057432004E-05
6.15470933431178E-05
3.3938287570846E-05
1.34252543473584E-05
3.69654524781438E-05
1.08799957133928E-05
-5.66058010286675E-05
3.71074411012033E-05
-3.54515679840028E-05
-1.55714294320114E-05
1.44392985484641E-06
6.47647583823025E-05
5.28714728012818E-05
6.02361476957057E-05
-4.39664397376728E-05
3.15361519222802E-05
2.37080289460817E-06
6.84057883909995E-06
-4.85194969516191E-05
-4.27234547412546E-05
-4.80844743516038E-05
-5.28526710715578E-06
5.30275243170224E-05
1.55956185357933E-05
-8.70773602207761E-06
9.85531948017668E-07
-1.20345995843021E-05
3.54563571333493E-05
9.20814066748053E-06
-4.8715184391718E-05
-9.07665277559418E-07
2.55199655626457E-05
4.46627196036294E-06
5.51875989379941E-05
3.84488521855538E-05
2.39329357550098E-05
1.4310781698232E-05
2.15388217752568E-05
-5.92596543401161E-06
1.88547637595312E-05
-1.5855748747553E-05
-1.37947356400999E-05
7.2104838853985E-06
1.72845714701678E-05
7.34861671917718E-06
3.17954428075164E-05
1.91382608423426E-06
4.32721565947007E-06
-1.8977792880255E-05
-2.33987349420386E-06
4.57739223113138E-05
3.69510799238388E-05
3.07838118441757E-05
3.95691379350895E-05
5.58273644670769E-05
8.60492920816686E-05
0.000111012637701502
7.24661161891784E-05
6.96079975134887E-05
5.50250317414884E-05
5.91758194706251E-05
6.84569839360211E-05
3.79583730471775E-05
-7.95285075272607E-06
-2.70747022940082E-05
-1.23700219384084E-05
-5.58063450800999E-06
4.11314307260573E-06
-3.11479436254524E-05
5.08658136218473E-06
1.1554803687798E-05
8.60031540559321E-06
1.61193124531325E-05
1.81770306718392E-05
6.97835776606423E-06
3.10371181054419E-05
-3.36856407584812E-05
8.93141350384743E-08
2.24269778919564E-05
1.52575000191544E-05
8.56531572296272E-06
-2.79666731946876E-06
-3.69359395497116E-05
-1.25197576460926E-06
-4.06928643681103E-05
-4.30217098742869E-05
-4.6492372554456E-05
-5.77445561606891E-05
-5.76221357047075E-05
-4.79731890716543E-05
-3.74236611089842E-05
-2.46784793786043E-05
-4.18178056194339E-05
-3.36265420469035E-05
-1.40085180033819E-05
7.41884235879351E-06
8.96455357196105E-06
-1.29407706114445E-05
-3.7506008463241E-06
1.26430234183205E-05
4.81037455189318E-06
6.73947399122858E-06
4.14004695156361E-06
-5.7715252449222E-06
2.73709513064848E-05
4.12859358919433E-05
4.97765830476287E-05
7.80432910652544E-05
8.24739640298156E-05
7.06342734880106E-05
6.6935210979213E-05
6.09551017100228E-05
7.62973473937923E-05
2.94641832499462E-05
-8.55120137736979E-06
-2.05948907196396E-05
3.30491246431821E-05
3.13031741805281E-05
-6.58014222719541E-06
-8.65453634235734E-05
-4.96438043621485E-05
-5.87213913922018E-05
-3.8859422653487E-05
-8.96608120161924E-05
-7.81129101527601E-05
-4.15690672089421E-05
-3.28778626496643E-05
-2.63577637729976E-05
5.69319413319817E-06
2.4486149136106E-05
1.28090168159712E-05
1.15668593064611E-05
6.68158799252365E-06
4.85512935467207E-05
4.16226565795324E-05
0.000103839326204096
7.44615020454609E-05
9.96125031743965E-05
9.76191783794737E-05
7.7843150762203E-05
8.10327707010087E-05
7.23248846097565E-05
3.07708849023532E-05
1.79566567273942E-05
-6.74248454226007E-06
2.25297709851118E-05
2.08011883297062E-05
-5.39710628573697E-06
-6.99850029031668E-06
-3.04729165488552E-05
1.01017091713382E-05
8.20949192168527E-07
-9.15354773294689E-07
1.65304658306786E-05
1.95542318032442E-05
1.80688413626532E-05
-5.91626848526955E-06
-1.9573046125131E-05
-1.80421624281874E-05
-4.53990854856259E-05
-2.96046987182004E-05
-2.89580228397663E-05
-2.46152571258319E-05
-1.98203529682409E-05
-3.57535052434223E-05
-4.81065335747875E-05
-3.00955890367961E-05
-3.1740535062971E-05
1.60303987867403E-05
1.28390744961218E-05
7.82790082642139E-05
5.89566628002453E-05
5.6994647944736E-05
4.36857833151216E-05
1.91166969859993E-05
-1.76999151415972E-05
-1.83874086458168E-05
-8.44776016598656E-05
-2.00101741122715E-05
-7.62400521484484E-06
-2.02572667256474E-05
-4.492261846316E-05
-4.18115477882619E-05
4.09290175216933E-05
2.88231696414406E-05
-1.98789440367332E-05
-2.5371684282795E-06
2.44120861237305E-06
1.89508771937392E-05
3.40080246423782E-05
-5.99691505750727E-05
-3.09344645028818E-05
3.14751703631486E-05
-4.80998250992752E-06
1.33005865514288E-06
-1.06337403249582E-05
-3.53265510984364E-05
-8.77432575491679E-06
-2.12352033761368E-05
-5.94928488697221E-05
-4.34225534475556E-05
-3.161279374142E-05
2.17886779666515E-06
-1.40097443770141E-05
-3.53368364137689E-05
-1.77994636601869E-05
-5.08820042102106E-05
-3.20289351786075E-05
2.74406106139677E-05
1.64489688802698E-05
3.73995442448462E-05
3.23372042941974E-05
2.94281545343308E-05
5.43012232214062E-05
4.47912589657189E-05
-4.12518281490226E-05
-3.79447361924073E-05
-3.06402738273472E-05
4.36769679469322E-06
4.81722008579404E-06
2.20400229193788E-05
5.14451308866645E-05
7.7502559412549E-05
8.31875571498381E-05
0.000141775094330157
0.000166465650591231
0.000109339707910977
8.81422291875154E-05
8.32891952427194E-05
8.79556263263811E-05
0.000114430690135952
4.49068355437458E-05
3.16997151912844E-05
8.41551263716939E-05
8.31580656801166E-05
8.20544964205614E-05
0.000100977819728475
7.21139199008451E-05
5.38751383774207E-05
3.07851665165534E-05
4.77167182621272E-05
5.93198829838924E-05
3.16082807440394E-05
3.05649569953979E-05
4.01602263757647E-05
5.20562065311825E-05
4.77353582726358E-05
3.92244355428348E-05
6.69246192819441E-05
8.42022177082975E-05
7.90071293550684E-05
5.78743017034511E-05
6.60662273062861E-05
8.77828749442888E-05
6.69643995155042E-05
3.20674257132347E-05
4.29210555454062E-05
2.34140143085629E-05
2.85382047946275E-05
2.29301719972503E-05
8.3069588885535E-06
1.80810921837223E-05
3.64582403766559E-05
3.67830752384715E-05
4.92096681352887E-05
4.90652415796249E-05
9.81120666102508E-05
0.000102938948521343
0.00010401933535945
8.05454368069763E-05
6.3312061529348E-05
9.12373806339853E-05
0.000106549671896712
8.60291262337863E-05
8.66239444603247E-05
6.94401344734351E-05
4.97666302323305E-05
8.05543653717359E-05
2.30089105270563E-05
0.000109165371555319
9.91498654409612E-05
5.46690400714844E-05
7.68964549407405E-05
0.00010905428140461
6.11206641105423E-05
7.64432859921914E-05
-7.67018892695034E-06
1.49994203864863E-05
4.55551901168953E-05
4.98456244446193E-05
3.05493100432878E-05
4.25300003018117E-05
3.89363785781152E-05
1.96916896401031E-05
-1.19968912373033E-05
3.69327241325872E-06
2.07921122535181E-07
1.69782923715879E-05
3.5170016515404E-05
5.75716726067222E-05
6.63539576466122E-05
6.01497070171903E-05
4.52370201484923E-05
6.4340115335051E-05
6.56804289345575E-05
9.52749796807963E-05
6.35295719853478E-05
6.2045178240426E-05
6.20187722022302E-05
5.12438832105465E-05
9.92716248662916E-06
-1.16932361821097E-05
-6.41207775893811E-05
-3.345089091616E-05
-5.25879904253224E-05
-6.65005422075114E-05
-2.62647579634993E-05
-1.43624547739547E-05
-3.08139012330484E-05
-2.23405345732645E-05
-2.64055272276842E-05
-5.33900445814019E-06
-1.93598668133019E-06
-1.1165235154819E-05
-1.8837508977061E-05
-9.12424890393688E-06
1.33984377799166E-05
2.57777958505192E-05
-6.07664015814056E-06
1.13512766731586E-06
-1.0260949693045E-05
-5.18884306158268E-07
1.83087029891166E-05
-6.5099933628074E-06
6.34323852111222E-07
-1.20246554814671E-05
1.17383402498408E-05
-1.0220527171496E-05
-1.97144540670503E-05
-4.16226839793696E-05
-4.82753448990856E-05
-7.41053550931326E-05
-5.13310802029647E-05
-8.6376733636913E-05
-7.66606979003608E-05
-7.59129224546005E-05
-5.5059820890248E-05
-3.56955864826699E-05
-4.57712926592451E-05
2.18589217069915E-05
2.3070655559401E-05
1.8531583935752E-05
1.28167523637005E-05
7.14592771211484E-06
-8.9329494562631E-05
-6.86407050344434E-05
-0.000124198364635157
-0.000130464400757767
-8.24158234253319E-05
-7.66546222260945E-05
-5.21797166615033E-05
6.7827167032988E-05
6.28781331699395E-05
7.73133676353456E-05
7.66318713423903E-05
4.23231254396768E-05
6.15328149227498E-05
3.48555406977054E-05
2.01547992684103E-05
1.32521377190709E-05
2.65455917156338E-05
5.46956318687483E-05
4.99829970902165E-05
3.900526379349E-05
3.23202712156364E-05
4.98247696608904E-06
1.23412728947943E-05
-1.35072918745858E-05
-1.73435030430982E-05
-8.67875944830734E-06
-1.05113607763813E-05
3.17619265790714E-05
4.26896061269743E-05
9.14282654939073E-05
7.17497600173473E-05
4.07312729126416E-05
1.8862226451224E-05
1.30511179381051E-05
3.33254538884461E-05
4.55284725399534E-06
-7.14658775526815E-05
-4.83471151749471E-05
2.2576941128731E-05
2.69856481930297E-05
2.87576031799909E-05
-3.20021233403485E-05
-1.6402205501326E-05
1.73502850740527E-05
4.19747547422166E-05
-1.40808904399009E-05
-1.3567210812906E-05
-1.001412425067E-05
-4.86502907105442E-06
-9.66788628828168E-06
-2.33473559833107E-05
5.45921917901766E-07
-1.17621486441155E-05
-3.5977106749732E-05
-2.40020990989222E-05
-3.33370917630813E-06
-6.58333405943412E-06
1.30650885301799E-05
-5.89209542233733E-05
-2.40547702033326E-05
2.90572213872132E-05
1.22260116017367E-05
4.28484570588805E-06
1.86218325133224E-05
4.0192233736248E-05
5.50900968520569E-05
2.38327592147588E-05
9.26909783248424E-06
4.52026410235356E-05
2.29360385510437E-05
4.74222696883566E-05
-1.30430391404566E-05
5.89325749535434E-06
3.25686286053282E-05
2.05239268772866E-05
-1.32202697985889E-05
6.62560764494653E-06
5.84826149033392E-06
-2.05917683092985E-06
-1.95110021868668E-05
-1.15515163597783E-05
1.39790307966261E-05
1.24082120926164E-05
3.20836307845952E-05
1.10870822588769E-05
4.51200587701092E-05
6.38100070575525E-05
5.21084574442871E-05
4.84284027733841E-05
0.000112034681757493
7.54126442302224E-05
6.38836281719609E-05
7.74962580615761E-05
7.65174574595848E-05
7.99306790469505E-05
6.6214401332548E-05
1.73809552069087E-05
3.28108205151465E-05
5.48668689172234E-05
4.30574920388573E-05
2.97231398310257E-05
7.35096714464143E-06
-1.08069054805137E-06
5.34877247591299E-06
-3.43064763536508E-05
-3.96445957598834E-05
-5.79862056911823E-05
-4.54846079917328E-05
-3.41998196505132E-05
1.9924608953965E-06
-8.55311199700861E-06
4.00374156862903E-05
5.42180002274187E-05
3.38307329831119E-05
4.56869411020967E-05
1.26692462870174E-05
3.20505381969446E-05
8.34876358847525E-07
-1.61431321613522E-05
-3.73015982383567E-05
-3.45871335563484E-06
-4.37060519878541E-06
2.81377888653448E-05
-6.78410649571856E-07
2.1096797181707E-06
2.32598745279566E-05
-1.47824130518028E-06
-3.87115707283556E-06
-1.58594595242372E-05
-3.63800922301024E-06
-4.59174197357973E-05
-9.05748657742658E-06
-2.02674147873782E-05
7.95668067945792E-06
-1.77971286495069E-06
-4.29988279023635E-07
1.56211032618172E-05
1.80916452328798E-05
1.72510102475609E-05
5.13373710751062E-05
5.15341372628369E-05
3.36266452300969E-05
2.12274889627864E-05
4.57756247563508E-05
3.62612728586893E-05
1.62287869576473E-05
-2.28957277110778E-05
-1.20061862536852E-05
-1.29702689240923E-05
1.0393641640856E-05
-2.84858749300571E-05
1.31749945697867E-05
-1.55716737669383E-05
-2.78252440897733E-05
-5.18623991380082E-05
-7.43752204763686E-06
-4.41731043790684E-05
-7.73889828542338E-05
-0.00014084907639863
-9.88119512496567E-05
-8.55939416222643E-05
-8.53569783084177E-05
-8.67261264791428E-05
-0.000114532767168197
-0.00010207081915342
-4.93186406063012E-05
-6.7237132658922E-05
-6.21766860739217E-05
-3.12721368668479E-05
-4.34006804541805E-05
4.03776621936865E-06
-6.65226165070649E-06
-7.51547531553918E-07
2.38429478829125E-05
1.23423056339819E-05
1.31687260599869E-05
3.72758483273811E-06
5.77212550279952E-05
5.34084266195338E-05
2.47775222071873E-05
2.8244798020692E-06
2.51971021547696E-05
2.12266801627226E-05
-6.65366507074909E-06
-5.30705573426374E-05
-4.51079404458898E-05
-7.61285216465382E-06
1.91570834556548E-05
-8.86846039443763E-06
-4.78740398517568E-05
-2.09803152446645E-05
-2.53096338856067E-06
-6.61369885866213E-06
-1.12853984094606E-05
-3.82847014973964E-05
-2.9885483434646E-05
-1.97148327016E-05
3.08738016417608E-05
-1.10939875275197E-05
-4.45384580984982E-06
-3.11780872648292E-05
-2.84767469556201E-05
-6.24894750872222E-05
-3.82212888154313E-05
-0.00011780260837098
-8.31306922055891E-05
-8.04079483240923E-05
-5.69417083680627E-05
-2.8880572325592E-05
-3.5956455267848E-06
-3.90383822187709E-05
7.79211522139477E-06
-7.69366180742196E-06
4.21922937203588E-06
2.02174853612125E-06
-2.18644809068599E-05
-1.35661996513815E-05
8.24630568939446E-06
7.97505624087581E-06
2.30977506643257E-05
2.96863133377116E-05
-2.24077469187842E-06
-1.97131134231443E-05
-5.71554215025805E-06
-1.91542228271493E-07
-2.72312619924463E-05
-5.76794594422402E-05
-8.17983544826534E-05
-4.91585507699398E-05
7.50387525526521E-05
1.28225162278093E-05
2.34491666226994E-05
4.17294339040552E-05
7.12257240141231E-05
0.000129367831677039
0.000122340009216508
-8.99727652369506E-07
5.0051401572632E-05
3.14867750859808E-05
2.34076699778737E-05
9.86209479803011E-06
-1.96978250320888E-05
-2.67648060340974E-05
-1.5525417445439E-05
1.32065791292236E-06
-1.52395182114719E-05
1.54370277805615E-05
2.84448854916495E-05
1.4637326158937E-05
2.66081939133429E-05
3.50044215689663E-05
3.41719705898093E-05
0.000126305711928366
8.1799905567367E-05
2.1544719484033E-05
4.84692769798521E-05
4.95855041573492E-05
4.52904297198568E-05
3.59955837941329E-06
-1.86472999421667E-05
1.4129970217308E-05
3.7300414140307E-05
2.69662998650497E-05
5.5436156951002E-05
4.55439857978418E-05
4.82695234664186E-05
2.89582653612103E-05
4.28240558568841E-06
1.79726884859722E-06
-8.38372049789711E-06
-2.92602451978612E-05
-3.97878632798523E-05
5.83247198175984E-06
-1.67363984922399E-05
-9.25524201425905E-06
-9.20131772613082E-06
1.39815990941808E-06
7.67136211336892E-06
5.12256746773232E-05
1.76842944888337E-05
1.0552636483853E-05
7.3883156463415E-06
2.3171298504641E-05
1.72180618053571E-05
4.07346130171972E-06
-1.82053891128432E-05
-2.18898325575433E-05
-2.53124682006485E-05
-1.55564338823015E-05
-2.18507135897487E-05
1.4082962827387E-05
2.26742308570072E-06
2.44016826325669E-06
4.77891892627103E-05
4.48723800991706E-05
3.73508771136043E-05
9.6640386937169E-05
1.68707327123263E-05
3.33148520030219E-06
7.73883720268905E-06
-4.12387917412382E-06
1.74523806443873E-05
-7.02492588033531E-06
-4.44247526492623E-05
1.0704153737805E-05
1.5025024222835E-05
6.96265870660572E-05
2.66404050434916E-05
-8.11843648716663E-06
4.42550259406763E-05
1.73792916601057E-05
-1.7776485874835E-05
-1.35827385316851E-05
-1.26337662595116E-05
2.5779827600388E-08
1.24878521948562E-05
-2.04705494928013E-05
-1.39116066113597E-05
-1.1979795966664E-05
3.02952798989307E-05
-4.40071346260118E-05
-1.13282216682597E-05
-3.5384791900633E-06
-1.73994807812582E-05
-1.1787599552542E-05
6.40950205086982E-06
-3.3889295196167E-06
1.44052429155363E-05
-2.08552428963882E-05
-1.35391790758532E-05
9.9655834044895E-06
-1.95880467315781E-06
5.16874412847663E-06
9.88286267108592E-06
1.51683142959826E-05
1.72712742913389E-05
5.02968227929942E-05
5.53623527536721E-05
5.71228655496665E-05
2.60367597989341E-05
-2.69575388146744E-06
-1.985325558315E-05
-9.75228087597762E-06
-4.24051489820209E-05
-5.51512335654828E-05
-3.75348640854406E-05
-4.41430724566028E-06
3.57183443725703E-05
3.71246300468944E-05
4.61798334951537E-05
6.95957403619724E-05
7.51490553736203E-05
5.6531731917966E-05
4.54268942543529E-05
2.00635166830496E-05
-2.26761301811686E-06
1.01750249043704E-05
7.14074693585935E-07
-3.47881838105137E-05
-8.33286022337034E-06
-1.22142699977678E-05
2.12822601647235E-06
4.90819939566858E-05
5.8583822736966E-05
2.05986355294089E-05
4.05090919763622E-05
2.68459100367958E-05
2.01930338015342E-05
-1.25070499167787E-06
-6.33286052025421E-06
-4.24513727663551E-05
-3.82492714579821E-05
-1.38284823183501E-05
3.38891306445857E-06
2.72985743751964E-05
5.24533537607631E-05
1.84983388302573E-05
1.74312945168014E-05
6.05626464203193E-05
7.64564311885136E-05
6.28053818422375E-05
3.26983246243822E-05
7.88763018642806E-06
2.30950320324737E-05
3.03118012819754E-05
1.20585077335063E-05
-1.95057858458477E-05
-6.39198723421138E-06
1.33805289004983E-05
2.19869773147819E-05
4.8085980236477E-05
3.88684225515318E-05
1.24233487549598E-05
2.64524847079275E-05
1.56239639257684E-05
-7.33391105617764E-06
-2.24157796415596E-05
-2.53854997181094E-05
-9.40388027199128E-06
3.25540655465716E-05
1.8674406832785E-05
1.90679532388701E-05
3.22054222502496E-05
7.41051588303254E-05
-5.9647164748001E-06
-3.57171038199263E-05
-7.06730770723884E-05
-6.21424252794209E-05
-5.28393898067045E-05
-5.80815933214E-05
-8.29956484049122E-05
-4.10293130725264E-05
-3.26484192280698E-06
-9.53102774867984E-06
-6.14161685859078E-06
4.38170259238217E-05
4.2231516262774E-06
-3.38565828499356E-05
-7.47559181440684E-06
-1.15940218377629E-06
2.12805711606091E-05
-1.25732484458168E-05
-7.35778583285513E-05
-9.66245370456631E-06
1.63147505179761E-05
1.3333880834983E-05
1.79529749267872E-06
-1.56979775426749E-05
7.43479457024117E-06
6.81726549359973E-05
2.73181982278576E-05
5.069783117326E-05
5.11347842262124E-05
2.92035572935601E-05
2.62356795539399E-05
4.34329570131792E-05
-7.79604856224712E-06
3.22059070871857E-05
7.4904301163313E-06
3.34569455466582E-05
6.86809055692004E-05
7.90252176112502E-05
0.000106579990093564
0.000101500229942275
0.000140715453246597
9.73722344447901E-05
7.80300901848601E-05
4.84144342929065E-05
6.52100028720519E-05
2.78645607676E-05
2.83044790720859E-05
-5.00511629925547E-05
9.76077422835296E-06
1.12588431511994E-05
4.53740945582397E-05
3.01005550501449E-05
3.76320583039272E-05
4.37021827248948E-05
9.15296390467176E-05
8.55795089957304E-05
0.000106415822530189
5.1352080338419E-05
3.33335145373191E-05
3.14746667173765E-05
4.0141198179991E-05
-2.41859858346704E-05
-3.55655988832707E-05
-6.30195282396428E-05
-3.07432208854169E-05
1.80722079164027E-05
7.28743497509012E-05
4.0956623345722E-05
7.08848157819752E-05
5.50152534241911E-05
1.79226710210293E-05
2.80606218548013E-05
-1.80556029861177E-05
-7.8899359079428E-05
-5.58114102873971E-05
-5.83939199095085E-05
-3.82483568618165E-05
3.80490679981674E-06
-1.99727258681039E-06
-1.1295501204829E-05
5.06115653474567E-06
-9.50290659903649E-06
1.52815471604395E-05
4.64727167749281E-05
3.31797591398739E-05
2.16294533089444E-05
5.06243158659036E-05
4.21460770948822E-05
2.66681971082939E-05
2.10901361337812E-05
-3.46749949290033E-05
-2.12441788927072E-06
3.54543598981719E-05
1.16140760245431E-05
-7.65148313011891E-08
2.75953599059629E-05
2.22331049330828E-05
2.52470449181714E-05
-1.00410290605972E-05
-2.86100500119308E-05
-1.74751864621419E-05
8.27653935720036E-06
-1.12942309441775E-06
3.53474991208205E-06
3.4941932074379E-06
1.71327957330124E-05
4.8431842535105E-05
2.82177715774415E-05
1.74665875675754E-05
8.57438947667113E-06
1.16011716689834E-05
7.58288645609482E-06
4.37874248523198E-05
-9.86617326353022E-06
2.15903872531848E-05
-5.57841865441634E-06
1.76942163314508E-05
-2.31494312900433E-06
3.76528312060246E-07
-5.19130303289735E-05
2.53764402938749E-05
1.44038163363959E-05
1.09403943914043E-05
-3.27418992669579E-06
5.20898839755657E-06
-1.83300480983404E-06
-1.19379872705939E-05
-8.65309583436613E-05
-6.63730422054413E-05
-6.49071226626646E-05
-4.94961039246287E-05
-5.90023315668693E-05
-3.68220617586462E-05
-1.45244500430077E-05
-7.85606174334438E-06
2.04269488750624E-06
1.74204199673266E-05
1.43099317211645E-05
3.60275950151814E-05
8.39412035397417E-05
7.17933944981338E-05
5.51695942093451E-05
4.12440933703397E-05
4.73990392478328E-05
7.02433996533111E-05
5.92892824109944E-05
3.14209529918741E-05
2.69995109671784E-05
6.64618095171496E-05
7.31487445700699E-05
6.59936385201348E-05
2.94390023260629E-05
5.53062086545886E-06
-1.62450317629398E-05
-9.48805256886824E-06
-1.41514983796861E-05
-8.98503576195656E-06
-8.99389529808743E-06
-3.93879873788324E-05
4.34076232236993E-05
2.49450256717343E-05
-4.8345559764726E-06
-2.40282452719882E-05
-3.86379452581244E-05
-5.03851653037955E-05
1.42382952039655E-05
-5.97463095576608E-05
-4.26588992819529E-05
1.66797894522812E-05
4.8743268435826E-05
4.11572361975504E-05
6.16094428294943E-05
5.06942566792761E-05
2.71154129698675E-05
4.87402340732083E-05
3.88160906575742E-05
-6.85417086139454E-06
-2.92734838280386E-06
-2.98778902694479E-05
-3.35277696956293E-05
-1.6386803618693E-05
-2.40009809071479E-05
-3.45429777001425E-05
-2.5602249895589E-05
-1.53006863636452E-05
2.70923686327819E-06
-4.6966739515848E-06
1.71159300807091E-05
2.77046882348432E-05
2.70258616750084E-05
2.69725616454113E-05
4.11712618530634E-05
2.70969011415555E-05
1.24203651916877E-05
-6.28856030310468E-06
1.3864698885393E-05
1.20083322060472E-05
1.29326238089498E-05
-3.68218928496354E-06
5.79580938961183E-06
9.72843624656049E-06
4.71218697247949E-05
1.39222380406108E-05
-6.79372761920589E-06
-2.99961564154398E-05
-2.8577239717252E-05
-2.21618209783986E-05
1.82599106346753E-05
1.37736161335589E-06
5.25901372336203E-06
3.23243453874266E-05
9.02316512066245E-05
8.89066796398785E-05
0.000102997022961794
8.67827177243908E-05
6.03224889281936E-05
6.29162259155385E-05
7.30278936187786E-05
4.89453468607613E-05
5.16465482549557E-05
4.37645175161375E-05
3.39454064034116E-05
6.0591606627392E-05
3.49676200958204E-05
1.79758545246037E-05
8.9838493780941E-05
7.6831483926059E-05
5.7146727350508E-05
3.74464964823306E-05
5.85819874446762E-05
7.75449623711335E-05
3.88647473085346E-05
-3.895774179292E-05
-1.17757645687385E-05
-2.33868199908532E-05
-1.34695467479872E-05
-4.50625134632366E-05
-3.58372506949618E-05
-9.28794930916117E-06
-1.83766275888721E-05
-3.39984181952603E-05
-3.83400888280523E-05
-3.34922613475965E-05
-1.87045677298121E-05
-2.66656480651476E-05
-2.97282486253468E-05
-2.25414046091112E-05
-3.15060436795672E-06
3.45699089705294E-05
1.4153043601277E-05
4.81929378314682E-07
-9.36661941898225E-06
4.01475531675837E-05
4.97180485712025E-06
1.13003944091103E-05
-1.10161345183282E-05
-2.3618091483157E-06
1.50054870126579E-05
3.81294434134027E-06
-2.99096511373003E-05
8.49651680725139E-07
-8.307912765808E-06
1.12717335916395E-05
-3.43782921231549E-05
-3.96988031273844E-05
-4.642661341604E-05
-2.35676502551248E-05
-3.5638141712257E-05
-5.54137549060194E-05
-6.72751599523011E-05
-1.81921302184065E-05
-1.40732977154675E-05
-6.33149779946726E-06
-1.30010829465078E-05
2.31859211651721E-05
7.56081680227875E-06
-1.21196331258188E-05
-1.67207051487061E-05
-9.85312279483419E-06
1.93702182069252E-05
4.22601955785078E-06
9.21679217982378E-06
3.43240818983184E-05
0.000102265185938851
6.64576895837486E-05
2.15270866123027E-05
3.97928450606083E-06
3.27956695511123E-06
-2.60441013364424E-06
1.74102382750167E-06
-4.77937317054713E-05
-5.78472462002184E-06
8.53463015921742E-05
4.09850821711264E-05
4.70305124298084E-05
3.61802238818395E-05
2.91698788466519E-06
-1.40983031068867E-05
5.08127387599153E-06
-4.18229818329873E-05
5.12151945081869E-06
-4.00039046424794E-06
-1.87014991217922E-05
3.49075798585424E-05
4.83398627012978E-05
1.15231264254829E-05
-7.74640861951761E-06
-2.05702753115093E-05
1.22761866986169E-05
-2.53801123778769E-06
-2.99998201889387E-05
-4.44062514247824E-05
-2.17092235123974E-05
-2.39156468459614E-07
-2.89948760076566E-05
-6.441582174681E-05
-1.58471963586493E-05
-4.06707069049511E-05
-1.74245837667825E-05
-3.2074960160624E-05
-1.6195430122218E-05
2.84964477496395E-05
3.24112347983188E-05
1.33887912899284E-05
2.65703982411945E-05
2.7674213985623E-05
2.18183723440042E-05
1.13041442071875E-05
8.31963436570845E-06
-2.73828341018979E-06
-2.86811335026387E-05
-2.39193052814996E-05
-1.79524031234891E-05
-7.11952946376375E-06
1.43114156759968E-05
4.66999451956179E-06
8.05530438326586E-07
1.54532053855158E-05
8.62670233385273E-05
4.80478316148488E-05
2.19555182440678E-05
-3.62775064627479E-05
-1.71117313375096E-05
1.26584172382474E-05
3.36825335300858E-05
-5.29066144327131E-05
-1.7949718424492E-05
1.48632735379781E-05
5.18592708072651E-05
5.13119635473437E-05
5.171708759482E-05
3.23290926276256E-05
1.57116504975956E-05
1.35860669410091E-06
9.54380377051631E-06
5.31257518091488E-06
-2.23071692080753E-06
-1.26990646162297E-05
-3.78523968741812E-06
9.82812143465224E-05
9.70669369885893E-05
8.31516256976972E-05
6.18274156342802E-05
5.21417918351426E-05
0.000102253030772161
8.22965586075042E-05
-1.25863385017995E-05
-7.17036435892605E-06
6.00764102751121E-05
5.208421839469E-05
3.8116812130153E-05
-2.80599408072355E-05
-6.90266777759592E-06
-2.58342883101816E-05
-1.06262059190964E-05
-5.61963027354267E-05
-5.44822452490766E-05
-2.4264938445064E-05
-1.03054050725847E-05
-2.93448946443125E-05
1.36829454101947E-05
1.96218338362252E-05
6.94082177332856E-06
2.97359934585508E-05
8.93480939134948E-06
1.18710378939306E-05
1.35647883991144E-05
4.64679094878935E-06
2.91258236499018E-06
1.43602739912417E-06
-3.1811934632653E-05
-2.21605285332599E-05
6.91620454495319E-05
2.81884841444568E-05
1.30950557701653E-05
1.96678061725379E-05
4.32494976489983E-06
2.68978164993977E-06
4.09841665467315E-06
-7.74884915156946E-05
-1.23950660955556E-05
1.79224310949104E-05
-1.07234807991695E-05
-5.8688719514023E-05
-5.66339784809554E-05
-7.71811437060263E-05
-8.03489807697015E-05
-8.84087121845863E-05
-9.05495872012933E-05
-8.37559565446602E-05
-2.06626187831873E-05
6.16417764412543E-06
1.21078264386695E-05
-9.92996352511677E-06
-3.74382951764176E-05
-5.27889384459569E-05
-6.58687046729296E-05
-8.88325039812988E-05
-8.1718074021804E-05
-3.15632556307453E-05
2.87175454856547E-05
3.73776548317987E-05
2.4567464937735E-05
3.43550867942074E-05
4.89574286702487E-05
6.36541787889093E-05
5.69806533847683E-05
-9.26215679106093E-06
-3.47291417688501E-05
1.52932953994179E-06
3.25543659030833E-06
5.63255943980001E-06
-2.1220920031725E-05
-5.28193501675749E-05
-2.39557026121099E-05
-2.74547246356718E-05
-6.30235519767178E-05
-7.06717406238221E-05
-8.00402426074179E-05
-0.000112137844161761
-7.58017576744728E-05
-8.94362790537892E-05
-5.15352342133323E-05
-2.62029802692339E-05
-3.58998056547871E-05
-5.28392592361387E-05
-1.97634976558144E-05
-1.62038146284695E-05
-3.58956769705091E-05
-5.42744540626082E-05
-6.49829265796481E-05
-1.49415148035268E-06
-5.95967731253233E-06
-2.39461592187115E-05
-5.93970450109176E-05
-2.59133566008355E-05
2.89287116488824E-06
7.43850481290562E-06
-3.37012331767388E-05
-2.8561828339911E-05
1.19857054901137E-05
2.20508175307412E-05
-3.40836177934865E-06
-3.11003213475812E-05
-4.79702289669561E-05
-3.79976397582203E-05
7.73427152470454E-06
-1.95479986989805E-05
-3.79236697813415E-05
-5.18694913461606E-05
-3.82820502204313E-05
-6.8807713421484E-06
-2.75414354194112E-05
-7.33224431238935E-05
-6.98448454061773E-05
-3.50170718351188E-05
4.36596234211894E-05
2.2834950815883E-05
-1.13181851877495E-05
-2.12470174842204E-05
4.20352519283623E-05
5.40867105645619E-05
4.48425409217773E-05
-9.47060390958713E-06
2.96241696019142E-05
5.28785293484464E-05
9.11838281692206E-05
3.51745003164509E-05
1.70583639614753E-05
6.11580399201027E-06
7.08059331781743E-06
1.6295005889124E-06
6.97514935766554E-05
3.53702563044137E-05
3.58280714477159E-05
3.26501814394706E-05
4.98531574205241E-06
1.72932222091723E-05
1.21579296777871E-05
-2.21689807373406E-05
1.24936380279436E-05
7.8932181712781E-05
3.30767434338806E-05
5.98819490721465E-05
7.37295553718343E-05
4.33086671208696E-05
1.39599939578697E-05
-1.15108664600136E-05
-4.62973077068171E-05
-1.33246279315708E-05
-1.64967472515631E-05
-4.12207525449502E-05
-1.101165373367E-05
6.0135637606601E-06
-1.23321224092224E-05
-5.51712955097099E-05
-3.19105941742763E-05
-1.97609207127192E-05
-4.39007353975774E-05
-6.10474618825757E-05
-7.56478065051788E-05
-5.40070348827786E-05
-3.17735750502907E-05
-3.0081355635659E-06
-1.67580133381732E-05
1.13505344760693E-05
2.7798140028773E-05
2.88496113227572E-05
4.24858106749651E-05
6.95570369211488E-05
4.38565779728519E-05
4.23341979753611E-05
9.54312922037875E-05
7.0605268785787E-05
5.04686408936467E-05
3.58100962037275E-05
2.02864758692426E-05
1.10668487599929E-05
-1.16967404540933E-05
-5.95715559406716E-05
-3.27894026832169E-05
-2.92750957509627E-05
-7.48656121868306E-06
-4.21430056567717E-05
-3.31704357349492E-05
-5.16437045296686E-05
-6.05198887903886E-05
-5.89692600162128E-05
-5.64314589542885E-05
-7.85778206369597E-05
-5.79890112679298E-05
-5.42739342257789E-05
-2.58858657061116E-06
2.00665274053305E-05
2.84150030975032E-05
5.47959396601804E-05
7.05711495360463E-05
3.96936447942272E-05
5.21970164217909E-05
6.53063928914965E-05
1.79756581875564E-05
-1.59281406714985E-06
-3.30035100460939E-05
-5.17240451853171E-05
6.28028665114852E-05
4.71221787962193E-06
-2.49193885496937E-05
-2.53050785519711E-06
-7.80430730007628E-05
-5.54706782886385E-05
-6.20897417995097E-05
-0.000124155488989179
-7.26339543571887E-05
-7.33151541267076E-05
-5.09246202131916E-05
4.92999494214233E-05
2.92786454450865E-05
3.30320613769999E-05
4.09699828652277E-05
2.26480943381854E-05
3.71052274531351E-05
1.69151009645887E-05
2.11078679614389E-05
1.75738889687314E-05
1.61417641337659E-05
-2.41625652904638E-05
-2.93521132508589E-05
-4.74761841640901E-05
4.82705854936965E-05
3.36099101720869E-05
3.15539669645302E-05
2.79370376613269E-05
2.17968574118674E-05
3.29571826991822E-05
4.42824895900171E-05
-2.98339977960959E-05
-4.51250206881437E-05
-2.42473900977544E-05
-2.29364068955328E-05
3.08027456158089E-05
1.79144450008364E-05
3.43991479393102E-05
3.07895743253873E-05
4.86454755760838E-05
4.32419500551963E-05
4.39424487919844E-05
2.88475895495526E-05
4.3133707540478E-05
-1.20567130437997E-05
-3.73752405556299E-05
3.86313392638117E-05
1.82156497244955E-05
4.69601941931805E-06
2.72527935392839E-06
1.81133267767868E-06
3.477030400099E-05
2.13726184448577E-05
-4.53739298095121E-05
-4.48628698018863E-05
-1.73577762719602E-05
-4.4758276986664E-05
-1.6731824819025E-05
-1.82012925265924E-05
1.66257395527045E-05
-2.88132176751569E-05
-1.02748992702153E-05
1.64779495121476E-05
1.5616174520786E-05
-2.41714363670197E-05
-2.60698093982593E-05
-3.25385598103444E-05
3.75241084590795E-05
1.74760312386086E-05
-3.68236259352327E-05
-4.45985978119125E-05
-3.56121153182483E-05
-2.62236391685566E-05
-2.49314288213846E-05
-5.6144214158683E-05
-6.51091719618398E-05
-3.49945977002369E-05
-1.52438268539523E-05
1.02265784265469E-05
-1.53086603269178E-05
1.57173914710491E-05
-3.37660163144911E-05
-1.83692923235629E-05
-1.75714097805121E-05
-2.01269227969874E-05
-3.05313963625794E-05
-3.82452350426443E-05
-5.21317850584105E-05
-2.95713521140643E-07
-1.07924034855059E-05
7.87484390720738E-06
1.62620240951592E-05
-1.22494796175249E-05
4.66075932343256E-05
1.84123169643917E-05
1.1097063566398E-05
3.36577935306686E-05
2.32972237453558E-05
3.63206835818579E-06
-4.96273825580204E-06
3.33383537828739E-05
5.12270822939186E-05
4.55983894133283E-05
3.01773139746412E-05
-1.57876466979132E-06
1.29785113410074E-05
5.79028956952112E-05
-8.6073586669065E-06
-3.94648449591479E-05
-1.36489052924284E-05
-3.03790975105942E-05
-7.2589515805721E-06
-2.58875444744663E-05
3.04007229593423E-05
-2.19623835789572E-05
-7.52097509758956E-06
-3.47226650535513E-05
-1.33912978364442E-05
-1.24201414667227E-05
-7.5329289197183E-06
-0.000103737559547861
-4.27163252028795E-05
-4.49826461892668E-05
-4.8412683364583E-05
-4.00916765117301E-05
-5.30375614457525E-05
-2.03761736459023E-05
-2.89533523597008E-06
1.323827255708E-05
1.22133815081295E-05
1.48909131004491E-05
6.21725547945186E-06
3.63236458057974E-05
-1.62135133843874E-05
-1.13765649801033E-05
-2.98565009421038E-05
-5.28475049002323E-05
-3.68829437615151E-05
-7.48958128333855E-05
-7.56368486419201E-05
-4.88185062331038E-05
-4.93581724680388E-05
-3.18301263129232E-05
-6.97238608397464E-06
-3.72652046541545E-05
2.35575452460434E-06
2.92116358147638E-05
2.04469606427888E-05
2.78128354293966E-05
2.25908037233015E-06
1.95971209559108E-05
2.02770708309569E-05
-7.21179505022126E-06
-4.58993467202133E-05
-2.49993356396124E-05
5.09348265899709E-05
5.0605821717539E-05
2.77217945337962E-05
4.51918854255466E-05
7.13313988226023E-05
6.53049066750993E-05
6.86427479845407E-05
-1.94411095775304E-05
1.69208824578651E-06
8.41393214331641E-06
-1.04637135809612E-05
3.69267483324563E-05
4.17392228443343E-05
4.09646651668912E-05
3.85366554080779E-05
3.97171351041103E-05
6.22356052854143E-05
6.59413202931953E-05
1.08046245764983E-05
1.66127882591944E-05
1.04519568982631E-05
-3.539914228265E-06
-7.63282577387193E-06
-1.93785078270724E-05
-1.39938453886718E-05
-1.28716344511461E-05
-2.69694664301412E-05
3.28572703182119E-06
7.30310777465426E-06
-3.97702228689055E-07
-1.76291964042198E-05
-4.08368556800057E-05
-2.09616977567213E-05
-1.67128701133849E-06
-2.42938006812426E-05
2.27977905356732E-06
-2.25897527621901E-05
-6.59299654992135E-06
7.37001527939409E-05
5.5168546558868E-05
-0.000273082701322591
-0.000270376062476908
-0.000242060313144142
-0.000171953863724048
-0.000199242761426582
-0.000210922788555256
-0.000219953692071768
9.02509875536679E-05
9.83688131873475E-05
5.74696092682881E-05
1.65862822190551E-05
4.80129082073262E-05
8.73723048923775E-06
4.24441499959791E-05
0.000140621115053534
0.00010573827996945
8.50787035585935E-05
8.89917194375125E-05
7.05693555388768E-05
6.23383035342447E-05
8.00269565358207E-05
-2.57786509784058E-05
3.35593308681223E-06
1.72794538645023E-05
1.18920571797755E-05
4.70574993602183E-05
5.60588998322215E-05
6.58165909839005E-05
6.11624959044507E-05
5.28301009401627E-05
7.18137431483528E-05
0.000142640152427388
6.07113942252625E-05
7.0293785118985E-05
4.95780216244698E-05
6.21250710101976E-05
3.47399719299624E-05
2.71149675639382E-06
-8.82528664364949E-05
-2.28610306698291E-05
-3.51996251841862E-05
-2.40701602701039E-05
-3.6972561446838E-05
-1.66512522706133E-06
1.21911805551469E-05
2.55732136790597E-05
-2.08063050563873E-05
1.27974139833436E-05
-2.92037447336472E-05
3.17546328267063E-06
4.22513777760804E-06
2.17556205897815E-05
2.49034250347854E-05
3.53065388188382E-05
3.05340793948624E-05
4.84363777116492E-05
2.69857808290036E-05
1.77913532375614E-07
-1.59173333980659E-05
-2.53142453032564E-05
2.40927047516885E-06
-1.77870390791307E-05
-2.51597188034128E-05
-3.42033927618645E-05
-2.48449085745945E-05
-3.38527960266918E-05
-5.64017545449035E-05
-1.32358548631332E-05
-1.47138213552281E-05
-2.36356663287016E-06
-2.03759340477198E-05
-5.63480668378687E-06
-2.54802740707301E-05
-0.000326617269087137
-0.000305634651751098
-0.000275654061915925
-0.00041018439447196
-0.00036518763147995
-0.00032637032237683
-0.000245606182229641
0.000127989085238491
8.23613403769728E-05
6.18219658518088E-05
0.000194742397353432
0.000179540512061893
0.000138333311473398
0.000119340641339869
7.33457317284975E-05
9.73312362262965E-05
9.69283553703945E-05
0.000110657824929799
0.000103146763265892
8.32699971552846E-05
5.10201590967095E-05
5.33382248342146E-05
3.26655014048588E-05
2.77464705241964E-05
2.8124831215697E-05
2.81274876901317E-05
6.14140573472277E-05
7.55505789096887E-05
7.93574211469575E-05
6.36769357234381E-05
4.589264488594E-05
3.04419971858446E-05
7.77207016822893E-05
6.35184550265171E-05
5.61365118238622E-05
6.08334321681406E-05
4.26237372842848E-05
5.7399229701681E-05
9.89355347788552E-05
6.01770488305744E-05
6.02659779045134E-05
5.98479594235244E-05
1.88217916120022E-05
5.75768355995321E-05
5.38555068090239E-05
4.55250719944267E-05
1.58641906043243E-05
6.86503911230325E-06
2.49916670093927E-06
4.24730862610082E-05
4.08641270666205E-05
1.6122750522612E-05
-2.11473823857626E-05
1.33154698321271E-05
-1.62829567950034E-06
2.68949452126103E-05
6.47387630018385E-07
-1.40963131361823E-05
-0.0002874370185801
-0.000258197066034789
-0.000208430226481456
-0.000158924813779775
-0.000176205142388905
-0.00017457983553954
-0.00016263482555135
0.00014751781088356
0.00010959464744836
6.63846091965106E-05
6.17806510326178E-05
5.16379514839762E-05
5.18278807409014E-05
7.67743421977246E-05
4.52599336420682E-05
7.29515699658766E-05
5.92896938622537E-05
4.33995950293569E-05
6.23870627783999E-05
2.99552645328177E-05
5.57061369667391E-06
3.81121535942289E-05
1.93468402200012E-05
3.59145482038227E-05
2.08753846237257E-05
1.02152102582096E-05
4.83829424250784E-05
3.1149016167405E-05
5.12770168397099E-06
1.47744509000935E-05
-1.14641757153253E-05
-2.53767352493958E-05
-2.27589666125764E-05
-2.58590787247715E-05
-5.46684145051118E-06
4.62072148244614E-05
1.4818883367542E-05
-1.38303177726868E-05
1.11288537092003E-05
1.7549317857435E-05
1.18929002012419E-05
4.69116045280174E-06
-5.28861058743969E-05
-4.44428353475664E-05
1.17541687299525E-05
2.55429235917668E-05
3.96642930735859E-05
6.53342760136548E-05
-1.45168367485149E-05
9.36251817239662E-06
1.66885141748537E-05
-4.06578326786748E-06
-2.27569436844974E-05
-7.16183678619488E-05
-0.000126235405670259
-0.000304330497447677
-0.00024676105943631
-0.000208959163555146
-0.000200334432598662
-0.000167279487235559
-0.000163533214169508
-0.000105784267881282
0.000136947338041102
5.74732609324349E-05
3.87462940309103E-05
7.20179141464258E-05
2.09920644052285E-05
3.27888096760632E-05
4.93902913381982E-05
0.000109947973546824
0.000116412246170852
9.12822976966202E-05
2.93534315423503E-05
3.27784833824678E-05
3.55958333092283E-05
-0.000144413248428072
-0.000261359580350766
-0.000196017963056698
-0.000165344141004441
-0.000146359793254092
-0.000163909731008595
-0.000169707897389164
-4.21307881797943E-06
5.25033114754439E-05
1.28786629626485E-07
3.92552244868007E-06
-1.63884110856792E-06
1.49113589534775E-05
1.95531176730687E-06
-2.83269342431119E-06
-2.67916834181372E-05
-7.99562579167072E-07
7.87345476583274E-07
-3.63581247819069E-05
-1.70918344121897E-05
8.31507831849809E-06
-3.8818932553862E-05
-1.49984749782834E-05
-4.52100081117841E-05
-6.84465642620484E-05
2.78204833636354E-05
4.81810939632528E-05
5.76795302180452E-06
3.18741856371538E-05
8.66426353396806E-06
4.8503212378611E-05
2.4207574542532E-05
-9.21650938015403E-06
-2.13885294100975E-05
-0.000237627818872434
-0.000231004808637292
-0.000161298049163336
-0.00018682209334271
-0.000132553505143581
-0.000112073132599136
-0.000130797511980825
0.000132034590096145
0.000131330383693391
7.45929719830514E-05
8.94839236638181E-05
3.76331909589369E-05
-1.42005153696323E-05
2.14904975123221E-05
2.079216590675E-05
-4.84401296385423E-07
1.8157733121936E-05
5.05027154980157E-05
4.04613763321583E-05
6.91837030848058E-05
1.20796880294298E-05
1.38573564490072E-05
3.23160240448093E-05
4.4607244792416E-05
-9.32961473218341E-06
5.48257240369005E-05
2.6535538753338E-05
6.18814141312602E-05
2.18068816100676E-05
2.51884906208234E-05
2.54248916381312E-05
1.65674942704667E-05
-2.19931034643681E-05
-1.24322373658719E-05
-8.46199946959961E-06
2.14283416773564E-05
1.41640900333125E-05
-5.75122279679098E-07
6.86305048172651E-06
2.75917103610514E-05
1.20556578261231E-05
-6.46012543988634E-06
8.61585644278223E-06
4.81223662317894E-05
3.79826892660223E-05
3.59134180770584E-05
5.33369497580744E-05
9.46931977105134E-05
9.07158470724462E-05
7.97318907186822E-05
5.22002953232477E-05
4.90223548521527E-05
5.41736221310542E-05
2.12847033910859E-05
-5.34275657990993E-06
2.1346801231609E-05
4.37962512328869E-06
2.79797709620595E-06
2.63670767493061E-06
-6.3419977790212E-06
-2.0944776544105E-05
-2.18239413663994E-05
-3.91088492618885E-05
-1.32453858746038E-05
-1.62078323200516E-06
-1.10937369104636E-05
2.47774416792822E-05
3.09957564723839E-05
3.97509027282447E-05
5.7625491501214E-05
2.91600445616765E-05
5.38355391884087E-06
7.07525379748766E-05
1.18971476713918E-05
4.8952480435536E-05
4.61858901956393E-05
3.85264700483657E-05
3.88395499802801E-05
5.01491455818527E-05
2.78295466428421E-05
6.42099136522408E-05
2.78427492576667E-05
3.78180104127885E-05
3.45029582786099E-05
6.33663183125124E-05
7.08297681640613E-05
2.40334690326755E-05
1.8817215664441E-05
1.89673842687297E-05
2.75602335863184E-05
7.6622916849534E-06
2.75695200519605E-05
1.46938385868567E-05
3.24810390351778E-05
2.10950806500462E-05
5.00354515000914E-05
1.05362929844948E-05
-2.85693656946793E-06
-6.01041248600893E-05
-2.84726286416536E-05
-1.84667345551033E-05
2.06035540839228E-06
-2.28791185557027E-05
-2.4411698444089E-05
4.45641923606714E-05
6.71709966860236E-05
5.21194513091908E-05
3.29223013903712E-05
-3.31540000247983E-07
9.51241950021346E-06
2.95024198467736E-05
5.12400903647982E-06
2.83894669387059E-05
3.49338629958635E-05
4.75891800692886E-05
0.000103575242226365
6.7942762815505E-05
7.0874873363627E-05
6.37938344641023E-05
7.90847786707415E-05
8.23183836393885E-05
0.000103421452899243
1.76203181091724E-05
5.26478748652249E-05
5.85385187981496E-05
2.85602489449032E-05
-3.8857388696284E-06
-3.03078485269959E-05
-4.0538128086512E-05
1.96761984289587E-05
7.09894733240055E-05
2.8315760511959E-05
1.62801440426226E-05
3.19216368890257E-05
2.39352477126703E-05
2.45301252293824E-05
2.83958891781765E-05
-7.44892888677631E-05
-4.68537825087874E-05
-5.98802694600322E-06
-4.60992065654075E-05
-3.1416363552606E-05
-5.91678698172962E-05
-9.36899710592758E-05
-4.84003297235445E-05
-3.53562896828656E-05
-2.75376064047294E-05
-3.19374742654029E-05
-3.56512061023545E-05
-1.26048326444763E-05
-1.44501487316361E-05
5.60012548120295E-05
1.47626025560382E-05
-1.06148714837317E-05
-8.58289432397991E-07
6.34607806565308E-05
1.34162679271167E-05
3.19937240754652E-05
-5.23269233730435E-05
-1.61555288304878E-05
9.40822369429737E-05
7.78492101467037E-05
1.43272169742222E-05
3.67654539681857E-05
5.26338675679472E-05
6.50437371617234E-05
6.82931717031473E-05
-2.95079461010595E-05
1.53891344733634E-05
6.13251126254234E-05
8.34280581732772E-05
5.95287330204143E-05
6.30348234743165E-05
3.21158357683714E-05
4.15920762009674E-05
6.40652575628921E-05
2.02053779061246E-05
2.13412071040093E-05
1.85996393868436E-05
7.42399747963828E-06
4.84647751040408E-06
2.13669400436825E-05
-2.86649215423035E-06
3.02797614111193E-05
3.44130883975215E-05
5.54391265439907E-05
3.42490811511092E-05
0.000107935790171633
8.41704589183804E-05
3.93851958645241E-05
-1.93646905116052E-06
-7.89747936548872E-06
-3.84963932142117E-05
-2.47589236788516E-05
-6.65570844388807E-05
-7.17164055704875E-05
-4.25299092628069E-05
-2.48589639282823E-05
-3.71583415173951E-05
-2.57105045107157E-06
2.2210892849612E-05
3.15649558227218E-05
4.69458380313266E-05
5.00040034741397E-05
7.76959743783999E-05
7.74415587415733E-05
4.76414798085773E-05
3.13674395190894E-05
6.18780514341031E-05
8.22651467367821E-07
2.33606784705274E-05
-1.74677514065516E-05
1.99728405609276E-06
-0.000317905668809765
-0.000294385516231584
-0.000302255319804987
-0.000185720692639121
-0.000207102997676988
-0.000203053563066154
-0.000214041441842937
0.000122937359707587
0.000102923766884545
0.000115959743501447
5.76428533301173E-05
3.84432939811626E-05
0.000112230658064699
0.000133057474094541
0.000181166928172494
0.000152611703696988
0.000135187214563073
0.000145845010811864
0.000132065507595558
8.32766670293248E-05
6.81582144547443E-05
4.16707465189034E-05
6.69987052935707E-05
4.91326823941242E-05
5.25652808045806E-05
6.7687084176787E-05
4.31128299058949E-05
5.01495912273081E-05
4.83312668848614E-05
4.1620619409112E-05
8.55848556211945E-05
2.29774889244768E-06
3.03538608016211E-05
3.60883108434744E-05
2.79559474617663E-05
-7.59891236375528E-06
2.37670520995653E-06
-3.84606008057944E-05
2.38842845584831E-05
-4.26598439882441E-05
7.13254892593748E-06
3.62946773817226E-05
6.37432224218896E-05
6.94972061953984E-05
3.06048543032945E-05
3.18478088117649E-05
7.3820057088165E-05
3.35567156120719E-06
-4.56376963288834E-05
-5.29669273994533E-05
-5.14875478393742E-05
5.02222485970029E-05
2.35699921151187E-05
3.22826410223958E-05
6.03696861100148E-05
0.000117384283280566
8.89796378956877E-05
0.000106800301577243
4.31436242298361E-05
5.49442565450149E-05
6.54997013685747E-05
1.89249198325584E-05
3.21779044566159E-05
5.18130588327122E-05
3.13508106608709E-05
3.26007879729146E-05
6.60095146903806E-05
7.52071024879661E-05
9.51482409137753E-05
2.28446940006716E-05
3.44890911877375E-05
4.88376302866737E-05
5.31807827766377E-05
-5.48963849390496E-06
-1.69635435629005E-05
1.35610098958482E-05
2.79845408537609E-05
2.71246624577771E-05
1.15073235785713E-05
-3.88146345237143E-05
2.06751265309172E-05
5.50291966509584E-05
3.51241408684413E-05
6.369617074922E-05
6.80904250458387E-05
8.42450281924494E-05
0.00012871059721197
0.000125692492454742
8.93275242249807E-05
8.80183502122649E-05
-1.30670576062132E-06
1.08684554666164E-05
-7.43572213556602E-06
6.05537666862494E-06
6.93583940694867E-06
2.58628679247808E-06
9.3802446158291E-06
0.000117490757654398
6.82877125602158E-05
8.30827999643128E-05
5.39707992640528E-05
4.6770088905288E-05
3.3331120554991E-05
6.19102918685538E-05
1.37185243090551E-05
7.85670992032349E-05
7.40430998052921E-05
0.000127221656246609
0.000119326728973175
0.000139691834829851
0.000128898067682573
0.000173320344259114
0.0001862501658233
0.000200920780531559
0.000159651888287652
0.000174200869499126
0.000217456913635451
0.000223564946832443
0.000219446659167721
0.000232500507506633
0.00024903258812006
0.000289814987907831
0.000269864057405362
0.000244552674773738
0.000217220409630722
0.000207852958299557
0.000147707299619574
0.000133682676326762
7.58185189408877E-05
5.8171476141477E-05
4.04392772593904E-05
4.86201529999671E-05
1.16452119079858E-05
2.08686062145572E-05
-2.83898251573491E-05
-2.46185367686631E-05
-2.41992016365138E-05
6.98770503519648E-06
-2.66243770317132E-05
3.3145679601077E-05
5.23782767003958E-05
5.76065442047323E-05
4.25737350146601E-05
0.000104875199213977
6.27770089612379E-05
9.09596372346027E-05
2.55840946309918E-05
3.99630893669348E-05
-1.85852208074562E-05
3.31109282639865E-06
-5.06758634438838E-05
-4.28618401513081E-05
-2.44077293417557E-06
2.31869924725191E-05
-2.95910081267051E-05
3.93370694108747E-05
5.0420500870892E-05
8.88169821842421E-05
6.78565048000491E-05
6.53227317927415E-05
8.65503539380819E-05
3.29488178512286E-05
2.71348200208334E-05
-3.00404505595227E-05
-3.47045088641515E-05
-3.13565526144654E-05
-9.33464460361899E-05
-9.90327391753627E-05
-3.01772540230899E-05
-4.9780217717129E-06
3.28754811182144E-05
3.05813156034022E-05
1.51572801969621E-05
5.06931845610107E-05
-0.000340417296396902
-0.000316325145135747
-0.00028786630137775
-0.000280763969231882
-0.000269224805481289
-0.000206115570743866
-0.000212828654206836
0.000183019474348274
0.000164619781797148
9.63460990429535E-05
0.000141485074083404
0.00010163997289055
-0.000145561208685735
-0.000169113085311577
-0.000151048212136915
-0.000165399669815328
-0.000114566762675624
-0.000156612170251996
-0.000333167445669836
-8.82014237068213E-05
3.64517676848891E-06
-2.73266277553626E-05
-7.04721385805206E-06
-4.85739062971997E-06
-1.06698409601334E-05
0.000158039350675895
0.000213256295874214
0.000175937586187171
0.000151991259494706
0.000167743178925731
0.000129021798224721
8.55815521332601E-05
0.000139830807824586
4.56901274690348E-05
-0.000265111837725575
-0.000193364944181083
-0.000202861042815667
-0.000160647177696923
-0.000105050048773639
-0.000159155019674115
-7.91604016020298E-05
0.00019472377567463
0.000135444970877968
0.000111795939503699
0.000103235445194436
9.06581132733928E-05
0.000162442463356937
8.71293384429901E-05
9.17810752013492E-05
7.30125740804553E-05
9.17221467162526E-05
6.68696885200913E-05
6.10029620360825E-05
-2.93329589125277E-05
-3.29974631783516E-05
-0.000279530046548883
-0.000244901615813226
-0.000212419322296857
-0.000191879208065766
-0.000169056127836405
-0.000152347846113111
-0.000138953968237247
0.000105219717762938
0.000124552187539063
5.79891752518756E-05
6.87390981489764E-05
0.000214875919202172
0.000135881071002416
0.000112031667123857
0.000103749987264142
4.80449147729104E-05
6.88606413484954E-05
5.55093152315559E-05
-7.94713344074479E-05
-8.60605556971632E-06
-1.23970405852717E-05
2.9410328615021E-05
4.79765058781385E-05
4.59776865893513E-05
9.72316832581415E-06
-4.87678548657483E-05
-0.000252346708502666
-0.000166862876233808
-0.000193401600382483
-0.000162476205346081
-0.000155821201062452
-0.00012002046580572
-0.00010809478167349
0.000101284898165268
7.09664644638665E-05
7.59350690673429E-05
2.30421486660216E-05
5.22460093203323E-05
2.77276724060089E-05
6.96917091882037E-05
0.000120297764790987
5.6420009126955E-05
3.38530166588153E-05
7.0158740067632E-05
3.81209355353412E-05
3.39966981927299E-05
1.32581536167428E-05
-4.31883634013651E-06
1.50847441808159E-05
1.57836648316052E-05
-8.54796328672424E-06
-2.43925547481616E-06
5.35496517213405E-05
2.23272782369345E-05
-2.85718687670503E-06
-0.000100413052382667
-8.12171884579415E-05
-7.73807958509004E-05
-6.32197777250438E-05
-6.95887547702183E-05
-1.33760649370946E-05
9.96963400238315E-06
0.000127644713553108
0.000117569049155735
0.000106858105451807
9.76246078463272E-05
7.86458440748256E-05
6.37139608602855E-05
1.27010914554331E-06
8.91012628298963E-06
1.03874651656699E-05
7.56403877068801E-06
-7.29406831280964E-06
-1.05735682693891E-05
-3.15920419415135E-05
-5.31630579627497E-06
-2.59649108928738E-05
-2.06042043254477E-05
7.25739982954491E-06
-9.36878205890379E-05
-0.000314594833478444
-0.000276456960184261
-0.000220409054731784
-0.000195008144988948
-0.000236015044675056
-0.00018223130583705
-6.78930232626776E-05
0.00017989462142677
0.000145415877248001
0.000103600040375552
5.30372148684996E-05
0.000114167306355991
0.000201191444356322
0.000154724761376003
0.000131294759573347
0.000107469434055897
0.000111952582038399
0.00015206389367841
0.000100941795465799
-3.19459162085244E-05
1.87995802865924E-06
-6.39022726021341E-06
1.94121150937116E-05
1.83364406214468E-05
4.1660753217483E-05
1.76616452378315E-05
-3.88729125396894E-05
-3.31782300483141E-05
6.13698714332641E-05
2.00347059612978E-05
4.57255966734041E-06
-5.0619216195621E-05
1.42821079507927E-05
5.03520797230023E-05
6.06391685597251E-05
-6.3463412006675E-05
-3.73784886399203E-05
-5.64407051983374E-06
5.48843491614226E-05
5.36933205253997E-05
7.7404237146476E-06
-3.88477634587803E-05
-3.60583437055253E-05
-5.83760562586327E-06
4.81386364596688E-06
-0.000131563031168198
-0.000389559236302527
-0.000296788144970755
-0.000241817025481807
-0.00019161828512453
-0.000168998001949287
-0.000178041347386473
-5.22011346570609E-05
0.000174183645881148
0.00011030985647752
0.000112742341597997
0.000109917978345686
8.73978023325156E-05
8.06862540134081E-05
6.42104023633963E-05
0.000159292423939059
8.27871046242526E-05
7.21402454009125E-05
5.77437184978293E-05
3.58138289587545E-05
4.77910936505094E-05
3.14418329243104E-05
-9.59072124973691E-05
-6.69463378414375E-06
2.03453961546591E-05
2.06581362775704E-05
5.29957839306104E-05
1.44670328565672E-05
4.62371694853689E-05
5.33677365637122E-05
8.58445765272266E-05
6.02694457672594E-05
7.5157397271991E-05
3.00365657824124E-05
4.70758237928663E-05
0.000126760331694529
0.000106243705806219
3.93719806857607E-05
6.00641879727E-06
-1.72356610532488E-05
-4.33874129408043E-05
-2.0192786628556E-05
-0.000114250474578216
-6.88897528161318E-05
-2.31488500634783E-06
2.97975163892061E-05
2.87585189389688E-05
0.000106723215375538
0.000213187205508924
0.000201373945881823
9.3905711430874E-05
-4.15633697938902E-06
-1.50723232191578E-05
3.37816932569351E-06
-7.11337704814275E-06
-0.000101709381806327
-8.57421116399981E-05
2.38243400643479E-05
-0.000252159715860753
-0.000195711229949272
-0.000135793136774878
-0.000156138526063116
-0.000179634302505137
-0.000153761882407834
-0.00014381546965731
0.000183694010995904
0.000126052194943747
8.66367669681681E-05
0.000161758453226102
0.000141988885428091
9.11517142232282E-05
0.000103864711464515
7.72488431940736E-05
0.000113332102482433
0.000134508430711482
6.06209268774249E-05
3.10900538748768E-05
3.49327412966544E-05
9.31778137518798E-05
0.000119823673170935
5.58041989283497E-05
-3.08655571674567E-06
2.21105617551317E-05
-1.50759354470658E-05
-8.3183672228754E-05
-0.000133426794951681
-0.000123819705311644
-8.42719103693085E-05
-6.12197407075192E-05
-0.000101607661876098
-1.1452760439199E-05
0.000126175308928519
0.00012259968820985
0.000125042778135362
2.02362831700437E-05
2.03853559910306E-05
4.51759159899206E-05
3.27834476255568E-05
-2.45854776842746E-05
9.96289162189559E-06
3.54959910756915E-06
8.42809328008837E-05
5.77946333003857E-05
7.12639406517168E-05
6.30526196948702E-05
-1.0532544363562E-05
-3.4023754470108E-05
-3.27832714065853E-05
-7.57439923700266E-05
-0.000108981166710624
-0.000134840459143973
-0.000146407286739295
-0.000128143406264657
-0.000185170293289766
-0.000102931122352004
-0.000189713043688502
-0.000172630488321444
-0.000170586037320406
-0.000117180700382375
-0.000112148062057016
-8.84360149241665E-05
-0.000160900232311104
-4.12436403652654E-05
-2.96577522022611E-05
-5.02937466753611E-06
-5.84945829485405E-05
-2.27563572358559E-05
-5.30422892796773E-06
4.96404458661925E-05
4.62953097101764E-05
3.2556215021262E-05
6.67218798197158E-06
7.61555051558822E-05
9.19760356385955E-05
6.19339945986158E-05
-6.26506668908338E-06
2.07451400019717E-05
2.15490613578623E-05
3.30587279939582E-05
-4.75292326647415E-05
-6.5395793938091E-05
-5.68350667597484E-05
-2.16582684317968E-05
-4.29072673250167E-05
-3.23718014077262E-05
-2.57131807589232E-05
2.12363733536864E-05
5.16180381705026E-05
6.07269883945024E-05
4.44307703973439E-05
4.38622760938498E-05
7.80201060660696E-05
5.70483134687762E-05
1.30509005813999E-05
1.57637098376456E-06
1.88311518091074E-05
-7.81300617411296E-06
5.15211489542344E-05
-1.07850405930744E-06
-1.29714893999411E-05
4.92260759161521E-06
-3.30347100650956E-05
-5.7373933915481E-05
-2.15527031362598E-05
-6.30328130680297E-05
-1.55383582683133E-05
6.87606039608124E-06
2.20331758352533E-05
2.17406101897134E-05
-2.35424755436338E-05
-3.06802442526243E-06
1.57925582835595E-05
-6.6246143982454E-05
-7.99465979326027E-05
-5.48082510731049E-05
-5.40103027313841E-06
6.70538324288467E-05
4.80956809263312E-05
2.08055187477085E-05
5.25401165126843E-05
9.07900465844629E-05
3.85029271694756E-05
3.225367876855E-06
-1.10083088112564E-05
-1.75393247017325E-05
2.8944793864959E-05
7.47717569529911E-05
0.000109855816233355
6.60641257860544E-05
7.65933412796421E-05
6.89752019821069E-05
5.86327570657016E-05
-1.52561639165825E-05
-0.000194829761248928
-0.000318046698446327
-0.000278184300844566
-0.000251449845702716
-0.000240763054841895
-0.000194773251931259
-0.000142083036777003
1.75982492109263E-05
4.65633103152434E-05
0.000101304974250936
6.18972076222674E-05
9.42755980533273E-05
6.75146308563957E-05
6.02578719741499E-05
5.11002184244929E-05
6.96000622674791E-05
5.99572284447783E-05
7.48229469156771E-05
2.76869532612911E-05
-4.72334231220419E-05
-4.65564418828779E-05
4.28468900996145E-05
6.09001355450711E-05
7.05684446758516E-05
5.54844425072577E-05
7.9811038445814E-05
0.000143783922270949
0.000113944858388326
1.57933543506921E-05
3.24214625685949E-05
-1.91668074644699E-05
-2.66062177786211E-05
-0.000314381501985895
-0.000237292391073925
-0.0001662937346688
-9.87172933622261E-05
-9.23837774814665E-05
-8.44447418876824E-05
-4.9524468212614E-05
0.000238393223691348
8.39212990798263E-05
3.9765947051653E-05
4.14386285016425E-05
4.09490930667207E-06
2.26847553774507E-05
6.00516556441774E-05
4.58471971119866E-05
0.000160491093335023
0.00014915445347242
9.4788921046726E-05
0.000129990809418525
7.04279848446513E-05
-2.96359787955274E-05
9.36041959347392E-05
9.31462060556321E-06
-5.29026730904286E-06
1.66470463082889E-06
3.90908179675198E-05
7.54683926463131E-05
9.84162820004129E-05
-4.34038655490024E-05
-1.41952666910248E-05
7.77921705699805E-06
5.11886203024948E-05
1.46798169569051E-05
7.7057298170409E-05
0.000113379369271845
0.000195260341719194
0.000216559371020275
0.000203539300789021
0.000156054429287311
0.00014714816463239
8.37804978039024E-05
4.13325741672483E-05
2.13324115518643E-05
2.83596183351932E-05
1.40830267559684E-06
1.72187706089895E-05
2.87869481549497E-05
2.50670014180052E-06
8.426960710666E-05
7.65824570744385E-05
0.000101453102541531
0.000129035109005164
0.000147736243840767
0.00013238760784978
0.000192209044657504
0.000142989183175633
0.000130044204318904
0.000102000102235608
0.000167930355561436
0.000190194925616099
0.00017757231739541
0.000242287031661646
0.000284636008258893
0.00034306211164551
0.000451213589015574
0.000411509757926801
0.000357388332323441
0.000353524718132955
0.000270640051290142
0.000227305963960973
0.000145036832551936
2.52021856718727E-05
0
0
0
0
0
0
0
0
0
0
0
0
0
0
0
0
0
0
0
0
0
0
0
0
0
0
0
0
0
0
0
0
0
0
0
0
0
0
0
0
0
0
0
0
0
0
0
0
0
0
0
0
0
0
0
0
0
0
0
0
0
0
0
0
0
0
0
0
0
0
0
0
0
0
0
0
0
0
0
0
0
0
0
0
0
0
0
0
0
0
0
0
0
0
0
0
0
0
0
0
0
0
0
0
0
0
0
0
0
0
0
0
