0
0.00267162978380545
0.00205226725283992
0.00295262558346502
0
0.00356245480525248
0.00245569022288691
0.00200641154262976
0.00196439548214516
0.00188705208773052
0
0.00256080152837723
0.00193825312852085
0
0.00272223336953014
0.00174892535145959
0.00222889221328689
0
0.00245326537383909
0
0.00274427882774563
0
0.00215836939317219
0.00186798087417044
0
0.00207689118616155
0.00194200373641103
0
0.00315332806516602
0.00208273221879867
0
0.00245315481481398
0
0.0025063853437051
0
0.00256274712224664
0
0.00241879170871762
0
0.00241818218991076
0
0.00235579361233016
0
0.00200367910187624
0
0.00189205831186258
0
0.00199845833462594
0.00161275699182847
0.00158647070678964
0
0.00210057477939136
0.00135878220800702
0
0.00205853290838098
0
0.00280182215725019
0
0.00200427066228475
0
0.00206894195710513
0.0011629322483994
0
0.00287299497899046
0
0.002134950226249
0
0.00170758638448188
0.00166656546714142
0.00137954973738879
0.00152203524910982
0.00165686505183126
0
0.00190005042378117
0.00136180727904277
0
0.00198746757221858
0.00119943148480141
0.00147168235029133
0.00173612350091317
0.00134525569392662
0.00160839218356005
0.00129706593543796
0.00170920173287186
0.00136836620737684
0.00159483804719152
0.00130424835101423
0.00115356756781079
0.0012000016899913
0.00151127964508474
0.00144903987249127
0.00146742915222156
0.00117790883662446
0.00142013772124458
0.00127241884025058
0.00135545376639811
0.00140950344732854
0
0.00173217200131225
0.00160904844511223
0.00124785832251786
0.00147889928038053
0.00114373544518332
0.00143565965342301
0.00116619411305016
0.00126000488791685
0.00135569927345729
0
0.00192237078573572
0.00104461300757806
0.00155069345899434
0.00120896225836098
0
0.00174596307022291
0.00128238436318312
0.00134130072208506
0.00116968292815157
0.00109531733721082
0.00147964572305612
0
0.00179014444468835
0
0.00197866679600095
0.00116868964940667
0.00147682929152831
0.00116898297059688
0.00128794724594183
0
0.00147722138421489
0.00120945389839792
0.00128487850741502
0.00129619199343386
0.0012791709392848
0.00143769710491203
0.00108000707039792
0.00121994352066183
0.0011880289802864
0.00129235793783987
0.00131176284992238
0
0.00173202682083995
0.00146027762755599
0.00125931672244249
0.00134343617336309
0.00146584461517309
0.00121997861044518
0.00126547124483455
0.00118817126942879
0.0015112347824449
0.00107371493514867
0.00115575944262335
0.00119964883020065
0
0.00163140872939408
0
0.00153624847417918
0.00137022333786953
0.00104263557179882
0
0.00169745812758926
0.000948679571330326
0.00123022875289857
0.0012024649756617
0.00135036498721916
0.00113566494746366
0.00122813961056931
0.00132251577737088
0.00120676238102308
0.00109303238111297
0.00129631105038165
0.00100037873661989
0.00130428900223502
0.00111041098170627
0.00127487621519099
0.00127989858133989
0.00141015162120523
0
0.00157539189960457
0
0.00179831821832512
0.00114985663507954
0.00175685756717005
0.0012033681009982
0.0012292641431006
0.00104938356880861
0.00130902041394209
0.0010515968750595
0.00124794148362112
0.00111292483921424
0.00124684751632673
0.00111725483321239
0.00112550291218979
0
0.00171985085893239
0.00123686519769335
0.00123128523610962
0
0.00152772611920698
0.00113040170297741
0.00111956301117793
0
0.00126445887412164
0.00107365048717212
0.00109249529456521
0.00106022622287205
0.00112966969978553
0.000948481797725834
0.00124658174168632
0.00114229201233573
0.00104638421341831
0.00116923436160458
0.00103400139121137
0.0012838784682527
0.000983904183152456
0.0012245750659432
0.0011143970965002
0.00119303676522544
0
0.00144946851367069
0.00125618936502536
0.00114227268510418
0.000949125380320376
0.00116543958756786
0
0.00135004446553158
0.00128135657950336
0.00132628160435032
0.00119600510425292
0.00116773542034742
0.0011334759651035
0.00108528412482821
0.000980719485424367
0.00101369913162564
0.00106773952326546
0.00106841093809287
0.00111365965167566
0.00120978499133437
0
0.00138088698544381
0.00114199320736591
0.00128389002680552
0.00105793953383172
0.00117033780372491
0.000970159232923888
0.00117879713025494
0.00105003853193759
0.00115844677260828
0.001136656746191
0.00103649558044364
0.00115706811474197
0.000927723395284665
0.00110465699676109
0.00117504147220275
0.00102841498514211
0.00107186932213566
0.00099814617313829
0.00109258504727747
0.00117177407267869
0
0.00120902709368093
0.00112652587935135
0.00114532840084179
0
0.00138802491152942
0.000953248662898376
0.00110718824123869
0.000983418737155699
0.00108003466914697
0.00109287038577993
0.00110331762272703
0.00101039416769434
0.00111173880951191
0.00115607551348087
0.00110442426070298
0.00114281218599292
0.00106022622488608
0.000959457392237423
0.00109627493306886
0.00103494743145524
0.000986911783060705
0.00110990440472555
0.0010523283459968
0.00111997941290698
0.00103714627518432
0.000947277819919652
0.00100124469739609
0
0.0014378088444951
0
0.00141343187378044
0.00103958636688258
0.00105650719719619
0.000983615852612972
0.00109809742514842
0.000978242653649321
0.00111363462291732
0.00114108864586449
0.00121433894471726
0
0.00130939521312675
0.000901220360477468
0.00106635764202704
0
0.00145790460126883
0.000931141733907848
0.000980698642110428
0.0011038316848533
0.00111254468093551
0
0.00129964185912476
0.00103311621691932
0
0.00131337114062147
0.000912423513041755
0.00102934741729404
0.000978144168193754
0.00100543477884731
0.00111917099744507
0.000984982685348339
0.00107601077112487
0.00104362535698254
0.00124193414510783
0.00143194873280159
0.000947406605328834
0.00100217797203475
0.00108671458065128
0.00104161821948316
0.00119635310929122
0.00121949027321012
0.00105873189181486
0.000958794660508071
0.00107991614940959
0.000884793886736741
0.00113097624587087
0.00113741022749442
0.00111570169173223
0.00102646147548201
0
0.001248884755011
0.00101338168089975
0.00102749747743427
0
0.0012796210815075
0
0.00120003701474696
0.0010492070907171
0.00074810087615446
0.000997723634318476
0.00104996416979542
0.00094527635624462
0.00102326920605494
0.000932611722914549
0.00104999700630923
0.00101145310281781
0.00087554691013916
0.00102790122700431
0.00108831087078703
0
0.00116085164542713
0.00112740223237824
0.00107456156376726
0.00106473873364211
0.00157703033678588
0.00119815714782584
0.00122012308152399
0.000990832207173446
0.00103950248172973
0.00104176942700298
0.00111460839750531
0.00104766517718126
0.000996934754828628
0.00129938719306713
0.000918305431088727
0.000944219539594906
0.000943479881661832
0.000996482947194872
0.000912434916799344
0.00100885188067818
0.000993105362498104
0.00106609245128228
0.000833108173621385
0.000939477353036134
0.00088832384048827
0.000856319791224169
0.000900495371142074
0.00105182763517258
0.000904021665560699
0.00105019102069054
0.000848892580730624
0.000839285847855759
0.000868540202316234
0.000893298323387767
0.000821445780371824
0.000979066509905921
0.000760989338300923
0.000917624890689946
0.000867633697939665
0.00100061269121833
0.00108568416417714
0.00084543179182631
0.000862504433217299
0.000932619594695975
0.00113180028332355
0
0.00126299137611403
0.000977644582073835
0.000901578282312006
0.000928525877311481
0.000982760839546069
0.000957399854793519
0.000883755752107121
0.000980309392771209
0.000780331897995162
0.000937588837045927
0.00108893150376211
0.000793020750085403
0.00109874589908059
0.000996910975584964
0
0.00130589467797725
0.00097905740467253
0.000912243904857033
0.000999945885417211
0.000986548085059294
0.000884442102399101
0.000939612632727116
0.000989562657650442
0.000967087665161847
0.00082782483023653
0.000931064640579556
0.000835540520790911
0.00112461352948452
0.000873695655191333
0.000969819554599397
0.000973960718909543
0.000887409884176411
0.00105899666457096
0.000928400332563986
0.000874336360699442
0.000919198821376998
0.000943167757961834
0.000845275465750856
0.000911534977075696
0.000896708129295713
0.000918029003408694
0.00114586618363947
0.000948678221489273
0.000889047307012401
0.000955664051147772
0.000957134888539015
0.000958090844087315
0.000987072420339425
0.000933402727158462
0.000917796529771811
0.000924819335303077
0.00110821778236842
0.000896373145595247
0.000895678914083893
0.000996645733914971
0.000954650418592549
0.000940142646497499
0.000943851514812686
0.000792785900703557
0.00101937691078373
0.00093221917575658
0.000964219571295347
0.000953564673952659
0.000910155266485302
0.00106800669978626
0.000904124988002245
0.00102578470919425
0.00101840822550227
0.000906970431694817
0.00102604808987682
0.000829511752709774
0.00092906699837027
0.00103357483003092
0.000784059525112698
0.000887804182893183
0.000921657408769968
0.00094633934077506
0.000812860617144883
0.000964652539769306
0.000910335089534744
0.000935586980048093
0.00082585660695161
0.00106423187424818
0.000998354015476487
0.000978060528421889
0.000886263082267721
0
0.00118730825185232
0.000885271980146413
0.000763706191427471
0.000876573805355725
0.000964174228973676
0.000835096505584695
0.000966337705328056
0.00105767375454215
0.000964607337384322
0.000986305721269544
0.000861539725300443
0.000960848690255039
0.000816246357567435
0.000909090065310271
0.000800850416195474
0.000771867747507712
0.000842006178576197
0.000778112126207148
0.000853836631579898
0.000920434155639463
0.000848552162284836
0.000857700835968053
0.000784932758923701
0.000867707517169857
0.000923334916776141
0.000863803562116045
0.00103507958514328
0.000873624723324911
0.000933820907560458
0.000976348515713292
0.000922669461645094
0.000826949912375379
0.000769044971600018
0.00089204335435236
0.000879993706745958
0.000931227898438489
0.000903348769973472
0.00183054380954371
0.000988906563511898
0.00101371778788878
0.0012339486417702
0.000949131261362628
0
0.00118080928176358
0.000841489431498603
0.0009612806652345
0.000935789633562629
0.000887790918224346
0.00084764793347439
0.000939872545689234
0.000970372190896983
0.000877475734981825
0.000801611907342808
0.00084991691538812
0.000868794880775602
0.000999798394576893
0.00101461668367919
0.000973463322314595
0
0.00123017540185115
0.00093319999414184
0.00085648066934606
0.000882124593819466
0.000912769218908319
0.000859830659662325
0.000900537411393771
0.000837483201044174
0.000921636192035001
0.000851728480297035
0.000832463560094968
0.00090436225164146
0.000770977915791335
0.000865356535561545
0.000871657275609681
0.00089194552240728
0.000766049975313545
0.00085151412082236
0.000977000931133328
0.000804891024164452
0.000952694801104646
0.000757335214456511
0.000894284349528791
0.000927640344080097
0.000803944995677704
0.000924352559638699
0.000872688722746426
0.000911735036080309
0.00098431991942388
0.000815527246406136
0.000863881112783188
0.000845310016122393
0.000930683943713824
0.0009683741209264
0.000919752107593597
0.00087787552576606
0.00102993983864722
0.000786960246613605
0.000863299768964223
0.000851417530740211
0.000901802893511975
0.000964518007597887
0.000945224089493125
0.000761333228006482
0.000858846675244609
0.000896619523611528
0.000835205869537876
0.000746761084759464
0.000824087495841461
0.000826676591410396
0.000732435375253627
0.000738461184259723
0.000794947662330508
0.00077886983898024
0.000743098541680828
0.0011036818236421
0.000688356508280294
0.00100424666540606
0.000830169781618336
0.000976345527150201
0.000862436519281752
0.000739269217341911
0.000908031847052441
0.000811645167699684
0.000818066465007728
0.000754100862236952
0.000858076398617332
0.000952546071300429
0.000782653434399792
0.00087943477038621
0.000856824069977295
0.0009684786334157
0.000915415591356929
0.000869841451283521
0.000987125219353499
0.000896823998894049
0.000878274888477288
0.000897342930169217
0.000810325309214111
0.00082166127191084
0.000929369433104297
0.000805163192892433
0.000760676882936453
0.000847343608643833
0.00102201057719512
0.00091081610214474
0.000764843018907325
0.000854638790587077
0.000880216575384472
0.000833577426563939
0.00101656828844759
0.000805395578785245
0.000862172078758451
0.000845956876522607
0.000932183965780072
0.000942127677971442
0.000731103013496691
0.000963472831241946
0.000821403895122353
0.000914757860746515
0.000826976625304315
0.000818487622278339
0.000837705641119502
0.000864798856331488
0.000950336919012445
0.000754436364790723
0.000890632982148574
0.000833323586062681
0.000766011933355978
0.00101333140725239
0.000868898777849629
0.000812673458091564
0.000860937201919648
0.000882321971321235
0.000831517099316665
0.000910292894232537
0.000996501223335051
0.00094208389246438
0.000798874696710472
0.000713651451302258
0.000923605277092783
0.000894339579863048
0.000779022210149258
0.000866866712740455
0.000806974354121716
0.000858692791910038
0.000754515253168546
0.000923484301041325
0.00083892632543452
0.000795101272703501
0.000877064823927615
0.000750282094435338
0.000876924439832198
0.000779291923374559
0.00075172901013289
0.000815151089042284
0.000895682926625601
0.000827148140732148
0.000896591449593481
0.000855470168248738
0.000849147882068089
0.00100597768250202
0.000771297700066084
0.00081732206943752
0.00086593617660764
0.000772351194693368
0.000914078837644448
0.000889856421823888
0.000854134976501178
0.000923325430609302
0.000881365547137295
0.00089871621234811
0.000723880457389438
0.000825569704471899
0.000899236072997278
0.000700527661768236
0.000919316580155558
0.000815945639632742
0.000842047758557716
0.000773603871536158
0.000782657158931445
0.00090260718696089
0.000834241591529727
0.000808355594660148
0.000741429208882076
0.000877811408000036
0.000923708921844069
0.00078447450090943
0.000798219965463838
0.000826102072095456
0.000778552710438237
0.000952131412431739
0.000824468124406568
0.000988345739194705
0.000827344449582944
0.000809558634226906
0.00096158396865167
0
0.00104121973075556
0.000852294474458037
0.000915973920450688
0.000823026690743029
0.000745449912839102
0.000879311437581238
0.000685938982576206
0.000909900804828614
0.000852345386064904
0.000874121673840343
0.000893274751077566
0.000858049724534107
0.000877620596088008
0.000887268933569436
0.00112851472862218
0.00105946614590413
0.000883004621843713
0.000925368601452906
0.000984990251722356
0.000931752184712214
0.00107613573645015
0.000768036806152743
0.000864396995426417
0.000876257482780789
0.000866555755628064
0.00101447106113818
0.000767534432998761
0.000945866691049178
0.000691338074406916
0
0.00114008752986768
0.000790297692604427
0.000942716282426599
0.000807763150403698
0.00103962026280055
0.000881350405832153
0.000826699709884379
0.000995392768543405
0.000932119752989183
0.000877033854171164
0.000894038683189303
0.000793546046143652
0.000882355644263145
0.000931859486927322
0.000995713257590516
0.000982066766101735
0.000704291731723826
0.000810334455871146
0.000960235672428726
0.00106869563062425
0.000687438336972026
0.000808723340829758
0.000906273791468459
0.00081770617503365
0.000889971300478085
0.000863321401685075
0.000788811049695704
0.000783487748789471
0.00084219780403581
0.000855635196293729
0.000963660924120889
0.000876830849873596
0.0006874505076211
0.00078902940785207
0.000921499141709163
0.00079346266778436
0.000904982975748854
0.00086170166829266
0.000851245036888938
0.00100451633509296
0.000888544987010547
0.000919663352815622
0.000847022926581101
0.000822797673771556
0.000913392017711058
0.000829664359019696
0.000748561115659258
0.000849290012438192
0.000923693385427867
0.000800121911561107
0.000685802890584305
0.000842017739703247
0.000805793692090586
0.00089189487515181
0.000642602849884831
0.000836256667816659
0.000877450062748678
0.000809422169179942
0.000697224057067258
0.000809211926509989
0.000696084842987269
0.000729192145189997
0.000865849626854659
0.000764445456573814
0.000812340189163503
0.000882829856926067
0.000927366006849246
0.000907784437000951
0.000786812589852758
0.000795127318886388
0.000922001075491555
0.000912283086305851
0.000973671272530956
0.000766291035303811
0.000789693975783853
0.000976870839457694
0.000783286825311073
0.000751628429534138
0.000822906938777428
0.000802656488470749
0.000854375274125772
0.000867339559862761
0.000814776021476741
0.000838429312471926
0.000989982481534712
0.000940306908392927
0.000978515373329741
0.00114822664408234
0.000816508204691199
0.000942722940602025
0.000925398270615252
0.000855764494698047
0.00082430537429524
0.000957344690250313
0.000822109874785938
0.000713972111266139
0.000902570420649479
0.000832503105625842
0.000765143774488318
0.000689974824203582
0.000881510854037513
0.000907919867096642
0.000763746780834754
0.000748098352445671
0.000913427247482787
0.000796346511427861
0.000966353403559122
0.000916316515507788
0
0.00101917385217848
0.000771290807856806
0.000734206032631921
0.000754079976390082
0.00077879035768203
0.000799854740043206
0.000865249381498533
0.000828162184702024
0.000767220851192704
0.000842176305708567
0.0009072847580272
0.000890984870769271
0.000882817148018314
0.000820253790289061
0.000927782635613325
0.000782901418107666
0.000815033626582118
0.000850623872877279
0.000762510074228287
0.000872438393454399
0.00077721747043809
0.000706798580340385
0.000710798320117248
0.000775339649958077
0.000959024671256187
0
0.00114896596562472
0.00095082106975091
0.000803021121571278
0.000842023136785435
0.000791893740615649
0.000857896154640239
0.000812564569563921
0.0008111711050044
0.000810683382748425
0.000919861330447257
0.000812242719238396
0.000803594927225484
0.000852535568871378
0.000840858923686032
0.000692064654377409
0.000847894082873789
0.000692146160948721
0.000714884385853152
0.000771479202184839
0.000727896002591834
0.000744823446688484
0.000869043840977859
0.000789528119314498
0.00079243376303135
0.000749461335191889
0.00091860704250583
0.000858429723199209
0.000746507803373817
0.000900041339549971
0.000739208531826066
0.000769985259779384
0.000757271111211538
0.000783031083346838
0.000834750731251465
0.000783492044368965
0.000895288014091656
0.00084314150055237
0.000869381033266118
0.000766729910504099
0.000684190968595838
0.000745135632541443
0.000762001222142666
0.000803401661777165
0.000766482852150316
0.000821348971137798
0.000682147182237704
0.000784001806723085
0.000719189511431913
0.000739261659408211
0.000605730282673519
0.000687732980329271
0.00071434477224591
0.000785160996059272
0.000711714355333653
0.000713705057400433
0.000685598154028061
0.000898690949014097
0.000722868463364361
0.000746656129561239
0.000826453320194944
0.000912046778079546
0.000724543091566843
0.000787933325422816
0.000833632412787164
0.000750132957033713
0.000873195107962936
0.00088704330864892
0.00104620809262188
0.00090099067331549
0.000881312018222531
0.000888191384864496
0.000693382860348473
0.000859349904833277
0.000807965642500386
0.000805467957553565
0.000743774778861481
0.000970865814591215
0.000749480010371241
0.000695643831191442
0.000823789704175056
0.000722301325188123
0.000980205017685119
0.000754825715415746
0.000891915129475112
0.000855880793849018
0.000793299778569954
0.000705819300790332
0.00079948867596344
0.000786364893100898
0.000784811276937133
0.000787312556037537
0.000821446147931385
0.000888045068150496
0.000861557707167016
0.000800903511477333
0.000724534276321037
0.000742863619680459
0.000849145538112002
0.000897873540140831
0.000740229608353702
0.000806952540369717
0.000715470343195421
0.000836338640621429
0.000770697969196289
0.000791897381287079
0.000755401635360127
0.000750088468864125
0.000775276968024969
0.000798311983395786
0.000822658185965033
0.000837641006477224
0.000797832194243904
0.000877212319824528
0.000793841621468475
0.000971739054596251
0.000715195578295737
0.000801912597576847
0.000749359380027405
0.000801931319582936
0.000823930089108468
0.000787107388622346
0.000779559573174261
0.000730424170537306
0.00077137372761907
0.000785212024734898
0.000726119561417726
0.00085949481313011
0.000705204665744022
0.000986604505426699
0.000805308330682168
0.000862191406486507
0.000736824273758821
0.000811148899995792
0.000817254047514984
0.000884711040681862
0.000738046228350736
0.000774103266429349
0.000853242237764743
0.000770489981983342
0.000712820675080266
0.000871705159866525
0.000842696433692614
0.00060225466556237
0.000659397467415242
0.000971444890373585
0.000694735907664493
0.000749522256446885
0.000825832666994621
0.000642113013554178
0.000821941249039722
0.000823985476133291
0.000727069522279721
0.000855139022453397
0.000796102766880375
0.000709406352446608
0.000843926075398324
0.000900072470401153
0.000877932878956585
0.000808461442088242
0.000775719636859291
0.000817893909840643
0.000755928393495708
0.000727883001240014
0.000904655075762065
0.000746560749816566
0.000700896423434703
0.00102442217285315
0.00134884327489065
0.000774457734640984
0.000831968768648371
0.000746248907589165
0.000862677107561482
0.000775884111689457
0.000743249617823385
0.000788847561891003
0.000759074321685196
0.000701423451613104
0.000917163262116208
0.000772723320386046
0.000723629978798889
0.00099337050379108
0.000938536516655214
0.000765776033020148
0.000841255802609676
0.000837972372893119
0.000922988206453083
0.000958001820061494
0.00114650086700695
0.0010043204548457
0.000788878416895141
0.00101069032063441
0.000831437592853732
0.000938867973196783
0.000970072097676715
0.000978373168874207
0.00110883862834945
0.000770294347362209
0.000932155287835612
0.000923821969017454
0.000916185708044739
0.000798722382735024
0.000971357456808066
0.000888297562000766
0.00092187000015706
0.000741486214098026
0.00083569675149189
0.00101636964414049
0.000798929756728231
0.000805943322216743
0.000803136027718052
0.000824394012189136
0.000760598934660324
0.000755632029946969
0.000798810298935954
0.000911671551182734
0.000923735779670496
0.000839129665584539
0.000849548531353581
0.000889246345118342
0.00143397245976567
0.000919256561592777
0.000953960141504941
0.00122235425085554
0.000880918680498696
0.000787152588188986
0.000903137515293984
0.000821397844086228
0.000926827198179299
0.000911547733172061
0.000975151454666147
0.000925909278249071
0.000768968566030941
0.000800871413859002
0.000727534729245665
0.00069332765191289
0.00104413661475107
0.000776490665707762
0.000825674542582542
0.00089389414346763
0.000902058039959239
0.000858399708821138
0.000826068597055074
0.000853806275598922
0.000825433130740746
0.000776993565496538
0.000801402003141843
0.00074688096724404
0.000816010921685455
0.000855635902951336
0.00079150930565423
0.000717471370026761
0.00137331294573571
0.000775615682517682
0.000897038396951334
0.000752924949412663
0.00144848307608207
0.000659030677653605
0.00106837057514764
0.000855569028996808
0.000779407711103027
0.00079875998821022
0.000882911074443137
0.000700396515051631
0.000804868255824097
0.000744554934145812
0.000689021927822422
0.000829333524710385
0.000722203018909128
0.000890068290594115
0.000796234605529924
0.000809397482011696
0.000948240450020398
0.000767596522380233
0.000809307046563593
0.000907102021210584
0.000816334911443048
0.000881219540670309
0.000829574665086354
0.000663080673485327
0.000713398909516338
0.000712460510869184
0.000694723933648717
0.000838098502235433
0.000759551457612487
0.000670077221373975
0.0008235778627481
0.000818181256362386
0.000707051651670264
0.000733394550249248
0.000775820177139955
0.000717402431377402
0.000692995087427413
0.000792203586200124
0.000781426212271369
0.000965042140315051
0.000824790240084545
0.000804620503648954
0.000801021401698254
0.000687952160606313
0.000854134105425422
0.000909699001799793
0.000812889029006874
0.000721271841327143
0.00076278075074133
0.000688458656194262
0.000679768757336281
0.000806267885535867
0.000883423450156728
0.000833774083687187
0.00077816673022918
0.000918287203510328
0.000815899180903392
0.00105939365131705
0.000965335840684649
0.000747878906043337
0.000782677221003582
0.000790834922125101
0.000763752704719046
0.000645056506102924
0.000950915613620269
0.000823663137401622
0.000855654212079436
0.000720446327922667
0.000768151185645647
0.00082716519415128
0.000806662491259617
0.000862444669677673
0.000801445720313948
0.000819260583247673
0.000642654483305492
0.000826759361211273
0.000767192751421808
0.000777850760380587
0.000695652109666775
0.000836601616116782
0.000780867349645176
0.000783397601083452
0.00062230725320469
0.000924235378925144
0.000777855577419581
0.000936183016698197
0.000922228061511039
0.000703771676672911
0.000653010514055097
0.000699224704422105
0.000733129721122634
0.000758323073750993
0.000807958200459386
0.00137872602223995
0.000789077339878685
0.00081774388423277
0.000721071942152561
0.000700905571111344
0.000743103211880817
0.000711005802579206
0.000699947859649445
0.00076861171499454
0.000695197328493806
0.000699551844665169
0.000700524808093782
0.000686564980741716
0.000810921290575214
0.000762622006065545
0.000747430473795065
0.000820731638587507
0.00072540071602023
0.000767459595562019
0.000744489519681703
0.000799206072654669
0.000820109442721924
0.000706858406505113
0.000835216146757977
0.000742592628886976
0.000784940903748503
0.00108665198946982
0.000798808989288028
0.000867841806059418
0.000867040671790215
0.000737959850555941
0.000746204719621012
0.00078997806738166
0.000768469620104123
0.000817771732880745
0.000834204134488522
0.000753040573722762
0.000769058490567061
0.000680842262862112
0.00074181344976352
0.000689415328199622
0.000718831727668228
0.000786224868849277
0.000815092020438887
0.00082373093008497
0.000890849670247209
0.000600403692264992
0.000873258569853926
0.000848357487706557
0.000705215143336849
0.000766419220360863
0.000716306251202925
0.000806943741716475
0.000789653169448386
0.000797437235567874
0.000880203568690137
0.000955064862949103
0.000832855148377295
0.000867170835220715
0.000880473680763322
0.00088269293573688
0.000780130112351631
0.000788406283916926
0.000878291024114582
0.000871714392713116
0.000730667684195776
0.000814655772729391
0.000733200162084117
0.000941232760610127
0.000861406041247208
0.000666258443422128
0.000852579141119062
0.000785556476056841
0.000838660203617979
0.000828264274308708
0.000760607715183147
0.000855851566166021
0.000881845105227476
0.000817832978016844
0.00087425180361508
0.000804299881729018
0.000726520545074522
0.000823947556955397
0.000821768361866843
0.000723106180826542
0.000760373701013657
0.000779693099880413
0.000783078476406492
0.000850774423006402
0.000719149939793393
0.000711855848350291
0.000824479785494266
0.00078188673798689
0.000696741514542944
0.000748674716184605
0.000799851189009738
0.000757858110911908
0.000735381450151271
0.000632459329731496
0.000681664216093413
0.000788440764526972
0.000720027563178384
0.000737419248970854
0.000785021780959012
0.000772920945809996
0.000828326653327101
0.000890984581026673
0.000878681402834641
0.000811088895120487
0.000725679273303297
0.000707794804978913
0.000994969787678361
0.000765564311728827
0.00102075614816642
0.000791724247758106
0.000796228134982344
0.00104080372093029
0.000911019813627017
0.000827509830945102
0.000779833971536523
0.000864992537288102
0.000753346525393946
0.000740303318945081
0.000674786225360923
0.00077746621207344
0.000911496472512465
0.000725991167964932
0.000792878608826251
0.000746618086560752
0.000820633612701227
0.000668033513364637
0.000682710492402323
0.000665194186476695
0.000845107235012287
0.000894243043019646
0.000703673404020182
0.000759939000528947
0.000840868777654761
0.000896928498747834
0.000844029282903737
0.000738151149710797
0.000900161422013635
0.000737607924111591
0.000808165518799488
0.000745809357821453
0.000600344277152466
0.000810726679078495
0.000778280605329968
0.000728792814324742
0.000690135167040935
0.000876065621507107
0.000795021367799526
0.000860148654062291
0.00077755470287405
0.000767299589223213
0.00078161851738487
0.000739336542138926
0.000861583143112149
0.000840724754400235
0.000815798180379253
0.000818295412251257
0.000763244841121948
0.000848054327437353
0.000778715343832843
0.000779287023939298
0.000769471558209769
0.000913818689369364
0.000827344401217879
0.00094085306403707
0.000759666404509065
0.000799518626717449
0.000694603105652523
0.000879735168494155
0.000925803094269911
0.000843538158722687
0.000953008943034164
0.000755790760184677
0.000849451878362471
0.00100677908051411
0.000815919003006313
0.000819709735221134
0.000725790247176473
0.00100629121176522
0.00077900375746364
0.000823816861722556
0.000886222778485
0.000747477216787744
0.000783758824888762
0.000699657026281464
0.000850521599842402
0.000704372632467519
0.00079395571174441
0.00085800617432718
0.000812184900071469
0.000795764802340603
0.000751272535163578
0.000795083213260671
0.000815394037634875
0.000880159781172171
0.00122312014399354
0.000872817783452887
0.000802648219101421
0.000848030175732519
0.000831538737750094
0.000926031394320534
0.00150031611508872
0.000955401404957505
0.000773660167538682
0.000885530699003933
0.000764100550148048
0.000723373258520958
0.000846323855382076
0.000921729980604448
0.00069450292096183
0.000746096001329849
0.000915897515219584
0.000784265421241816
0.000783840498287712
0.00083562419092896
0.000705636115825975
0.00073380972178347
0.000880672362528722
0.000855863462724295
0.000817916932637114
0.000831796102029433
0.000716060212312907
0.000830945617343918
0.000949917792930919
0.000814274281420468
0.000747380393953546
0.000940302726835025
0.000754250050692012
0.000781717548666335
0.000705334203440417
0.000670978581823001
0.00083381542859591
0.00101961701469617
0.000901333569020954
0.000767177958820676
0.00081212985441893
0.000969386891410571
0.000762699135769546
0.000863380862040743
0.000801320733209577
0.000954504147005798
0.000638859788500406
0.000806783464461203
0.000756872988496725
0.000947108511759813
0.000751369485149196
0.000683254650784303
0.000737626931999617
0.000789515660854409
0.000821381695487026
0.000730075446821413
0.000702019873655593
0.00075028578193335
0.000807043240944577
0.000756768081172001
0.000772040103778596
0.000717468366960132
0.000818616445574532
0.00078155350585889
0.000811832562003168
0.000757712685196858
0.000769037281648389
0.000714031192385977
0.000660041261989211
0.000752928929481189
0.000842504638005397
0.000902156677205088
0.000888824585613764
0.000777669643418415
0.000795616787842579
0.000764924577220185
0.000837095575750292
0.000842033860217124
0.000910735773238006
0.000773619978807877
0.000819177171139052
0.000784758588559237
0.000868988696156968
0.000848029577976114
0.00081294153983497
0.000733320319186754
0.000728093010129887
0.000735100533280771
0.000709301462692014
0.000746825356541484
0.00074672160272544
0.000794408881238241
0.000811201891205303
0.000766929713791854
0.00069693002493077
0.000726228527292447
0.000941108430940049
0.000803378432431052
0.000789289497349325
0.000827874102182473
0.00064053588887564
0.00094470165054735
0.000797502481104875
0.0008812604821955
0.000749123588078274
0.000585822978926123
0.000637651833141793
0.000708520388409478
0.000685879921223968
0.000851094349906872
0.000785147157266971
0.000640738562918556
0.0007585218607726
0.000804374646698288
0.000753292688185651
0.000732523145041671
0.000768741304015237
0.000710170027266765
0.000644746332464631
0.000796899259414513
0.000774075131383704
0.000881386472680692
0.00077763571627879
0.000948422136319915
0.00078206033019491
0.000749896414903287
0.000824617742244137
0.000895176042759281
0.000957507724691492
0.000792496825918396
0.000994285477047725
0.0007478538437885
0.000915153082093305
0.00086529891972637
0.00074605061680901
0.000697665750732444
0.000726057631276649
0.00100937815581896
0.000877113867846002
0.000736624672099239
0.00085515965306517
0.000680185199195035
0.000775100344218681
0.000746757605056026
0.000798002854315806
0.000831607150818571
0.00070621315588999
0.000702320433517321
0.000709822102933361
0.000703189435214684
0.000756785097228854
0.000681742311286713
0.000735275205866945
0.000776223572503176
0.000747254850127713
0.000814441896879098
0.000748891626709658
0.000761562063463664
0.000836499494297879
0.000668843700551229
0.000736138261392439
0.00077982241557577
0.000667712051105813
0.000779041575187534
0.000804649127750946
0.000832872912916546
0.000804286315946824
0.00121659418407434
0.000706578961722088
0.000718512984116773
0.000692940248148692
0.000798974991433678
0.000764886349523752
0.000751927081641308
0.000944840638629077
0.000736087978821737
0.000783703758511064
0.00073325701573339
0.000657019022715936
0.000825825302964544
0.000815373782480373
0.000824824939717115
0.000767029163555504
0.000836624888205744
0.00073164056598573
0.000747564624562444
0.000704540388911319
0.000809960288389304
0.000879090495976686
0.00127338139019853
0.000769488941787738
0.00105999001069255
0.00074440252239759
0.0009094278138593
0.000670526930197411
0.000758559435234773
0.000730261882502138
0.000850646094733752
0.000750662067863184
0.000688615976136546
0.000708110269297953
0.000764149424924222
0.000823256608101094
0.0007393073141613
0.000703042944094822
0.000865164626671713
0.000867601226569931
0.000836801824535546
0.000819218845562551
0.000778656315163614
0.000786907692820427
0.000747763742590264
0.000717531474719407
0.000669466829445139
0.000854166481195043
0.000723710583082805
0.000824025899723614
0.000702805540392122
0.000667383295600709
0.000690939695759749
0.000700599989458748
0.000768512582967931
0.000720053072958057
0.00111816475710036
0.000680099863649942
0.000728224867254628
0.00076850286725987
0.000683092649483892
0.000756155664538867
0.00071076393597793
0.000731599586075362
0.000694434310193614
0.00066534873640012
0.000763753758476438
0.000793171838711518
0.000745597063745712
0.000752785139931257
0.000749996095878304
0.00095109234401566
0.000654162332362457
0.00074819814620941
0.000704574704001749
0.000656772323913179
0.000790576811429846
0.00104960268269006
0.000791422860573369
0.000841025912345102
0.00120492633986075
0.00075160751339486
0.000932896893227745
0.000803791539816603
0.000844816824440706
0.000762632407761219
0.000924508201081649
0.000741831876233449
0.000896761233853056
0.000741940506377126
0.000750483243028879
0.000765574670210074
0.000730052797576526
0.000765772230899287
0.000739918780645119
0.000665196020488029
0.000788223504459174
0.000806893641379682
0.000759560870565795
0.000784125086477649
0.00076733806096667
0.0007947004400235
0.000829426352320474
0.000756014418627627
0.000735084512919683
0.000745402375608786
0.000868662166423256
0.000773602113738612
0.000904505452781734
0.000699252305892405
0.000843611044486212
0.000729840947865784
0.000755523449186395
0.000725926425381953
0.000659898763465815
0.000813121446263029
0.00067612443906822
0.000706547548458372
0.00079369572327962
0.000944856625752805
0.000941462008007591
0.000752521669819817
0.000836220936818235
0.000758686051993489
0.000778418635505582
0.000712468072121801
0.000703354634712992
0.000708324174212526
0.000686632517800967
0.000581517174112313
0.000619185530031814
0.000724238642023138
0.000701704734046599
0.000734510260281968
0.000749433134320545
0.000739092571752872
0.000999068288892691
0.000724897955635903
0.000796155123686104
0.000609534086784809
0.000718998104976683
0.000729251320115089
0.000779398734371256
0.000763166628848356
0.000754820087521203
0.000739975674517485
0.000661926846284869
0.000872393362900259
0.000770069101175242
0.000741655852029407
0.000742091508139023
0.00081086093669397
0.000717360201861745
0.0013762671511624
0.000779106916365964
0.000756241690442824
0.000682595238290078
0.000870711751088914
0.000695438531794775
0.000734210520212883
0.000846378192593534
0.000796980989841378
0.000891397497150056
0.000753855001215512
0.000727347123622957
0.000729558765105491
0.000751010773720853
0.000728098049092037
0.00086292370606484
0.000816969028485307
0.000833225703085042
0.00073365049141523
0.000840170149965342
0.000783866405036091
0.000725390978305496
0.000730385540450903
0.00078902941872515
0.000914489307288635
0.000824374895228293
0.00106716937361542
0.000803153005506828
0.000742513513673516
0.000831482927755637
0.000853453769394906
0.00083787777943048
0.000870606757783327
0.000698969571850106
0.000772909291101656
0.000731994761992478
0.000750289213799346
0.000736007564953964
0.00114303137037938
0.000879575747282216
0.000880086570643438
0.0008247110211581
0.000728116974237805
0.000912456875284223
0.000955190779594231
0.000796410647504056
0.000888651378967238
0.000969995767297547
0.00109244172589327
0.000899242399313906
0.000825271686741345
0.000816554170244471
0.00107627719122464
0.000928112457059546
0.000865044781601479
0.000976384388277439
0.000823476736326151
0.000978661148501978
0.00096796899673255
0.000801816538719637
0.000887668153888485
0.000827327182312692
0.000925820699884695
0.00106415272960765
0.00104601189536649
0.000936993205967433
0.00109646992576673
0.000977437103834263
0.000942827186819128
0.00087854400742607
0.00108820090014176
0.000928413429748969
0.000921617125056008
0.000916231541165587
0.000893224888686973
0.000804489128575111
0.000869653389481195
0.000904833890434681
0.000785212274520837
0.000896306535686758
0.00103616424712302
0.000935379103004
0.000866336308397015
0.00112454154874609
0.00083316585533425
0.000857919302138563
0.0011262540782409
0.000969235332527398
0.000862611797232971
0.00087547418072108
0.000759358893975708
0.00156011804351237
0.000853879174541771
0.00108218227097236
0.00108354148264167
0.000820320436756911
0.000833881950282453
0.000878095760835972
0.000878038050785218
0.000780493255116696
0.000894744042999109
0.00101635233074364
0.000869098981688733
0.000903092944712455
0.000783684884342822
0.00114073336060175
0.000892486740540985
0.000892299975335339
0.000726608165974988
0.000852372651419751
0.00095323611941071
0.00107321728658736
0.00125430618640085
0.00112498472802666
0.000863729702786543
0.00105027344596517
0.000964384588153289
0.00081753225879912
0.00081962748507547
0.000799018436875504
0.00108027031215422
0.000940018344763639
0.000960845730525956
0.000866413430644588
0.000903588934859798
0.0008208877582622
0.000951016191331964
0.00106634868017332
0.000886104063268666
0.00107985315510678
0.000750850278745974
0.000934944316646266
0.000812239874158839
0.000899148816209837
0.000817576422871081
0.000915821518341466
0.000835621293123264
0.00103203953058752
0.000830099795267427
0.000708817835149195
0.000767950676343559
0.000800671422247597
0.000754860773723768
0.000816899308208458
0.00092306378981404
0.000767170195866305
0.000776909392233568
0.000804014144120033
0.000856471780317086
0.000832570718758612
0.000837150896298554
0.000907622015391474
0.000806264422290911
0.000769698257158021
0.00071103292288333
0.000783581648537587
0.000784724012145748
0.000782625945591311
0.000782858180821985
0.000859509737643934
0.000784899622436154
0.000783947073495288
0.000711754571618559
0.000825538860152684
0.000979935630983846
0.000683858794866778
0.000794588433728847
0.000736810887731701
0.000863258366926314
0.000787129999090572
0.000787565483864483
0.000758888607550465
0.000829895604572299
0.000745418130484781
0.000810334004280925
0.000831991190078079
0.000669982207481336
0.000739531337445798
0.000809375558587832
0.000715321761555514
0.000760817299737634
0.000774296105273755
0.000725979282330475
0.000890962776112729
0.000789234812715346
0.000673844563673773
0.000768936800317303
0.000808811139128738
0.00077812409657051
0.000779974141181882
0.000729392823844844
0.00095754641795762
0.000803338508879248
0.000906350383421812
0.00105243157272312
0.00072171272908209
0.00101145301951749
0.000988394878183187
0.000870954548023049
0.000752361440497796
0.000946124847367275
0.00082773021373094
0.000889964095959296
0.000807064561737959
0.000758166577524785
0.000876499809266808
0.000868866136483241
0.000943323989238682
0.000669162407040691
0.00107125334607757
0.000811222287670009
0.000818035815893928
0.000894781979836294
0.000927305606633962
0.000725694922800263
0.000647864615829257
0.000857466960204581
0.000753173228593344
0.000825503819506313
0.000842024506953004
0.000787112251426275
0.000837884211629224
0.000888994623761692
0.000735572573228285
0.000773170537387621
0.000741479051780891
0.000817059584047183
0.000716067505658055
0.000893589484697426
0.000691563005048964
0.000722009356249614
0.000723742865856643
0.000798642776931504
0.000776263766830387
0.000711242970956049
0.000799894811308022
0.000696308009337818
0.000761564470529801
0.000750736988616473
0.000816166403796297
0.000698955767731672
0.000696928107257834
0.000630384609045937
0.000776093931949029
0.00067449844873171
0.000726457369677795
0.000798022684365338
0.000715999973272053
0.000617561721306137
0.000677868163444536
0.000712958033658035
0.000842250100937977
0.000826837938138646
0.000718745442646338
0.000708286436437671
0.000702163845749938
0.000738067653976068
0.000802214756932177
0.00106618869080167
0.000783640426607136
0.000956225684148229
0.000784682213029462
0.00074156408518981
0.000766201584197196
0.000706385105679482
0.000815188378672456
0.000769618354742245
0.000703835198397362
0.000639858944519476
0.000862717506088728
0.000869167314743811
0.000779646901627006
0.000843627596134479
0.000720732026463478
0.00083420670089724
0.000786051053911211
0.000840199846932744
0.000796547623754589
0.000699212584177802
0.000842090240755802
0.000968977468497403
0.00077285792785331
0.000712554908301711
0.00107435803037194
0.000622489947068022
0.000723288484850534
0.000626752040818105
0.000821725940122271
0.000821406677279379
0.000713069886441203
0.000752077988508342
0.00076926351567199
0.000785985312753902
0.000719474254996552
0.000702824661113255
0.000685830284444432
0.000704736951145667
0.00070698211438499
0.00064461325894279
0.000765393575217355
0.000801010109669229
0.000899146602131744
0.000731657581580737
0.000833819890584629
0.000862151738730257
0.000823190807396653
0.000679612285897963
0.000783223525039315
0.000767972958142204
0.000830740140820589
0.000788524268285672
0.000759282907393162
0.000944683002834112
0.000855109765214794
0.000808352535377204
0.000812079843589825
0.000952042993448852
0.000715501132064197
0.000756290317343563
0.000808538887133596
0.000733299047245867
0.000670609290968884
0.00075740722012757
0.000819790820705561
0.0007907627663073
0.000759218661539344
0.000847716687281785
0.000778342078885549
0.000803000886006219
0.000702420798781385
0.000624983455111153
0.000664348170108295
0.000861866829464875
0.000712940895050653
0.000747819543825342
0.000986286081939854
0.000854868101240228
0.000738299787101123
0.000852997928142858
0.000700986818750699
0.00079769865775831
0.000730737701727661
0.00059884657285734
0.000839538378284141
0.000711563475612559
0.00068904353315175
0.00066149083780452
0.00080172444413465
0.000700408886450167
0.00078354270326497
0.000655907255565301
0.000684115103707216
0.000699755574683102
0.000764499963143402
0.000701611188060925
0.000738297059343652
0.000666366635283786
0.000731948773143612
0.000596843786699503
0.000651303196844862
0.000687579145924032
0.000652789661245426
0.000695316144925332
0.000731194126993923
0.000691294981775895
0.000806770632913364
0.000677157811913263
0.000880179698859701
0.000672463128463378
0.00101069429880161
0.000862596303221718
0.000830140851097667
0.000970500290675462
0.000772460450678585
0.000851067676908757
0.000982867993160925
0.000725736681280721
0.000886967341172769
0.000819165771471513
0.000781305675726634
0.000750305553045719
0.00069099048963366
0.000706009204927124
0.000751358155603043
0.000791784713725875
0.000888950685521634
0.00083856611077045
0.000960485521092442
0.000904480131345548
0.000798834811720097
0.000785539161246189
0.000725632663665933
0.000742390159913137
0.000727756654895712
0.000821736279952922
0.000621803529055097
0.000769556872938401
0.000914491121401061
0.000901642098715957
0.000869161761669129
0.000679263150412213
0.000745415603030068
0.000766837027191299
0.000839482819038142
0.000806243089227718
0.00085262372611454
0.000777693863807438
0.000694497953427511
0.00061065120950297
0.000763750161135066
0.000656400894507211
0.000882426750457745
0.00094261239074533
0.000740596398538612
0.000605212213825036
0.000866017806813891
0.000845673399508855
0.000730424257077218
0.000678428541550919
0.000770561453097731
0.000820749310799897
0.000674515540833285
0.000714425820155303
0.000869885223497388
0.000837914596142574
0.0008133380934482
0.000756808257920142
0.000822560430564797
0.000796348274380908
0.00074918216982623
0.000749799019002043
0.000979527854720283
0.000712504949455184
0.000782030882610588
0.00079401637054071
0.000694851461054245
0.000812454953037491
0.000703563820592721
0.000636263206019724
0.000688188185446338
0.000722028621438316
0.000723860024295438
0.000735634794428933
0.000862212604893868
0.000795453957435033
0.000780252516790033
0.000738405462028194
0.000740307584771988
0.000684628216169128
0.000803999248307232
0.000824375428262484
0.000719642963686435
0.00080499416551144
0.000716557003930019
0.000633536413409477
0.000711728318629745
0.000698542031290685
0.000907938334893813
0.000823087329274423
0.000667551127171738
0.000729513075852978
0.000780667536081642
0.000703335703325517
0.000757830669940953
0.000752923116250816
0.000687535160449259
0.000789016714548903
0.000779183956688836
0.000693268084549905
0.000845734198825461
0.000634724079229093
0.00076823407111402
0.000672039971449135
0.000723120508795983
0.000789715834576775
0.000852231606039937
0.00107756150308154
0.000624532317012088
0.000760598693548763
0.000804381820994406
0.000738597361728686
0.00063374283465635
0.000909579183647376
0.000677183333850145
0.000688048660946584
0.000708731010240314
0.000881209571655256
0.000585656019015066
0.000836000563956913
0.000761415477239588
0.000709664982070765
0.000661592539473338
0.000728619451247237
0.000552487849564505
0.000719248138442673
0.000871537561026942
0.000721235864791461
0.000734888784959812
0.000740057125469071
0.000599573773278795
0.000644913830568049
0.000686058788203395
0.000863800106209013
0.000664327781083995
0.000847030497767947
0.0005910259490506
0.000686272657491681
0.000840969103463069
0.000642380883560326
0.000614612976457517
0.000710643740853845
0.000783944927875138
0.000651779976275234
0.000744663672699207
0.000749951210977456
0.000973940515713322
0.000761044525343633
0.000774261241753039
0.000586194407557784
0.000746156999800871
0.000751401409935633
0.000827201451823422
0.000841264318883636
0.00100856553394646
0.000879729305766402
0.000820985563054028
0.000782092781119982
0.000733403340846592
0.000776503659453849
0.000846686673461113
0.000673949025697645
0.000797292235725916
0.000824593110880388
0.000663111562111699
0.000811085680162663
0.000761781693368687
0.000692904931451416
0.000793088771442069
0.000771379982597365
0.000790849146069429
0.000724006468364765
0.000749154856284261
0.000885159253349393
0.00071265446987821
0.00095616558453142
0.000719645329137011
0.000794610543277741
0.000936685297139574
0.000810376479291715
0.000880500868419573
0.000875785353132403
0.000682703120321751
0.000902220205804161
0.000692801660266928
0.000686235791282256
0.000754168910244758
0.000755758256519452
0.000875866652148756
0.000712705355743776
0.000704803299312683
0.000728545187595109
0.000753766416826203
0.000672978392440856
0.000720608944966927
0.000791273453051089
0.00069282487844122
0.000734265563779887
0.000813447844545702
0.000773229975249356
0.000801367394431931
0.000829575261085257
0.000800766636003924
0.000669181122434146
0.000660752341718059
0.000666598794549748
0.000692475378277176
0.000734111085165817
0.000733486206350697
0.00066842738099547
0.000679592837048933
0.000736987735564632
0.000617137020845936
0.000784675278145094
0.000782028273562275
0.000727976393222225
0.000875531834430415
0.000715608281774171
0.000817288137990918
0.000672965529290673
0.000898266643819886
0.000972930773953911
0.000826029212430451
0.000723155369953619
0.000735993627931502
0.00070065797778292
0.000818053489846554
0.000695751927727903
0.00070215102021535
0.00101753778717892
0.000639311758684728
0.000714602235850683
0.000655742156702677
0.000733922883682857
0.000791662748602753
0.000830706867259964
0.000732563976057694
0.00074075700738826
0.000792138330797033
0.000717053441016473
0.000769863873563854
0.000719207064038247
0.000648853576933808
0.000729297622443111
0.000766540782416994
0.000688207923600352
0.000884715036607161
0.000626715733191302
0.000724601970738888
0.000650140032947692
0.000746049238202927
0.000732400796210274
0.000698982317154999
0.00067563906726881
0.00074004314909532
0.000923386750264311
0.000736190436842628
0.000643056740316651
0.000947831223133093
0.000732223138590981
0.000864147572265944
0.000692254992259653
0.00089344438976604
0.000722609370869558
0.00065341032628228
0.000687354542086907
0.000741760018794287
0.00085988320504214
0.000726044200515737
0.000823081801177817
0.000725311397197614
0.000711707041969013
0.000579865078919633
0.000753247505863911
0.000752493522098812
0.000631626537057739
0.000783065080729615
0.000664412984864146
0.000662460855386933
0.000600703576471998
0.000863579759214278
0.00076574782922802
0.00065585235201266
0.000799629401493453
0.000623521016761567
0.000847188388358673
0.000811595976881868
0.0006800923738926
0.000730272933783469
0.000867913685907246
0.000743635354927306
0.000854875813502312
0.000727286393941916
0.00073783006939014
0.000738784528674912
0.000763934221341314
0.000840834479587396
0.000778891317563232
0.000821708461881327
0.000795718726605757
0.000720062843405708
0.000735883815609723
0.000740092950113143
0.000793960586945196
0.000617188228436092
0.000746652745886435
0.000741232123696627
0.00093162275281062
0.000776608732412677
0.000633911155218116
0.00104390562003722
0.000608236557586373
0.000789932682352172
0.000743341355641459
0.000712404429492639
0.00076965323213896
0.000779927076121761
0.000810031708106131
0.000715727007138352
0.000686077460625934
0.000716318997609359
0.000856105077768179
0.000710340807602006
0.000666895187137285
0.000818558606609555
0.000809766511668676
0.000776723075624146
0.000696762016527609
0.000704223456059377
0.000738934796309547
0.000796036146239824
0.000778233511224765
0.000659165492397176
0.000773906520449213
0.000765857638388739
0.000760100929310083
0.00065559011552668
0.000743939331106391
0.000685872366450267
0.00066664553646333
0.000781074175026002
0.000667344397192145
0.000655180315068148
0.000762567118260658
0.000677764812882091
0.000756478914136857
0.000658038358470377
0.000761283601099602
0.000717579375852624
0.000721330373866921
0.000666503433593688
0.000572771545064969
0.000863809734380764
0.00067198580940996
0.000743856812606659
0.000795818409998961
0.000767812858812734
0.00083253345629374
0.00072261180747809
0.000696146852147806
0.00068156040506718
0.000719535079135039
0.000740902527881844
0.000677335458502642
0.000550373230638243
0.000801032207355411
0.000754931289745138
0.000775442306084541
0.000655790451264792
0.000646699310212371
0.000806709234326513
0.000752209760205732
0.000628075134125789
0.000695121669279144
0.000784951990383378
0.000783714488756627
0.000722571873204469
0.000730568939960822
0.000782582090763445
0.000697700044503458
0.000635672618495894
0.000707070685066039
0.000711353134735741
0.000637509842043387
0.000751825036381195
0.000683132666555846
0.000758773514465135
0.000749465700042262
0.000619728091196236
0.00060888532806976
0.000664379970172641
0.000787289276151068
0.000660737235047607
0.000749736945983782
0.000674328647547642
0.00062231167756666
0.000777525534188497
0.000813951637433356
0.000688870959069345
0.000661529863483128
0.000693136610090937
0.000742928943193812
0.000788917758062228
0.00072114619685226
0.000663558162594159
0.000648688383115699
0.000728405675106967
0.000749721499543302
0.000642611495303538
0.000794461473191183
0.000688171000030736
0.000775936697247285
0.000676235375786379
0.000825509729503662
0.000726234813082821
0.000601837305263344
0.000652884697967528
0.00071063485032497
0.000756647181279749
0.000709748726971516
0.000648992575108524
0.000647390260005671
0.000743283261137133
0.000727554273988764
0.000610252949008374
0.000806774443595669
0.000790837168746305
0.000822072991160837
0.000749957553027664
0.000731909956626071
0.000808302486630064
0.000659467247711356
0.000718437174709256
0.000904274083440234
0.000617330997400701
0.000727181514245629
0.000700941499813716
0.000761493792746414
0.000641539511888553
0.000813917814440977
0.000843726487041301
0.000779880492133208
0.000707786098068542
0.000574125711264643
0.000688978060134647
0.000637446695147635
0.000967062075793872
0.000749262363720092
0.000647453025127115
0.000732910028280217
0.000797698391848232
0.000691112057725927
0.000733586642299277
0.000729918362152694
0.00068087510201302
0.000606159435024723
0.000648172169950647
0.000695044319642615
0.000851807559428356
0.000703613014600579
0.000815262678049782
0.000727119149683397
0.000705368324923478
0.000665555890069414
0.000624169669479371
0.000657215391640794
0.000761007564255661
0.000673651742420324
0.000801411692795177
0.000644248441515801
0.000766135873936904
0.000706768869976838
0.000719930000727729
0.000645035716822993
0.000864364113525411
0.000656970177257773
0.000832988229496848
0.000878990177168041
0.000769822454299043
0.000748204896244979
0.000736586250719926
0.000693206566228188
0.000710789317019362
0.000722963125712219
0.000668995597954806
0.000750263754039764
0.000805120834168409
0.000776142585399888
0.000693131961395044
0.000802403547272678
0.000752860427841333
0.000657756216852642
0.000679436738624541
0.000789353817212111
0.000688608062202739
0.000642705835438361
0.000763346881812926
0.000753427558231152
0.000648910915702719
0.000686878432086074
0.000762455668886899
0.000584016932471816
0.000714498468313245
0.000609612570522076
0.000606550650600602
0.000650751382815371
0.000690338383013184
0.000821902862079632
0.000755998800145687
0.000646600074480757
0.000777073423184619
0.0006145761169706
0.000786114226719573
0.000891501870395451
0.000782418876685112
0.000699602788182227
0.000629314296778623
0.000748377697587266
0.000766997474414356
0.000704971904917341
0.000635934408888997
0.000777112921615581
0.000653184461854587
0.000683005317949352
0.000661624613975551
0.00061808329875994
0.000742562432608822
0.000679010338305075
0.00079293279946367
0.000779667704504338
0.000557599450382949
0.000739827380989761
0.000866613611897613
0.000831072122445131
0.000768495527063546
0.000669694150737179
0.000786245249985049
0.000687551737921627
0.000596828056858765
0.0007444885200159
0.00059638856504694
0.000648807476489429
0.000640188801239724
0.000707323748933664
0.000703122048196229
0.000713837677319473
0.000786712522750606
0.00072514832615053
0.000725864225302119
0.000715840542683602
0.00067462142579703
0.000614184719613856
0.000782902598372444
0.000695395129616057
0.000912424499465662
0.000646996941208506
0.000623799695566285
0.000737485780642286
0.00061659804721848
0.00069308847635491
0.000700296748965329
0.000626722461147822
0.000693050258493913
0.000671479506259147
0.000670358214550208
0.000647819341851725
0.000698351028841567
0.000616472962025569
0.000688945986458999
0.000658324670512958
0.00078940927279236
0.000822687432252016
0.000774317469218985
0.000753559471369866
0.000739597458869103
0.000736919570686728
0.000726401991348265
0.000671953150949553
0.000688266917185848
0.000680977903512871
0.000633370571472407
0.000690634172297284
0.0006442545949127
0.000622014124599963
0.000630997662705074
0.000739955963377541
0.000685265968855635
0.000641875848446195
0.000715686618055957
0.000617955531236297
0.000770730561679815
0.000633820135453352
0.000831527640269751
0.000601696205325613
0.00133814536464939
0.000813613879050136
0.000642894818482432
0.000900968602666658
0.000802316320771255
0.000787970087797158
0.00069947497420466
0.000879068711053536
0.000793219016018457
0.000751299398065728
0.000829582099929217
0.000760531199829593
0.000862932651567409
0.000764137117858205
0.000987643707169491
0.000799237605216241
0.00108542044072115
0.000739574812077486
0.000837194377154938
0.000689009580447062
0.000688512494199405
0.000808348871593126
0.000801944348093359
0.000828451249871262
0.000842240540968357
0.000795485701466442
0.0008430493037074
0.000807728248440413
0.000833407451019502
0.000826410697636435
0.000809143513543814
0.000794221798051734
0.000780481284959583
0.000713456721784755
0.000726390949316564
0.000655738337350295
0.000711013793904199
0.000754528833474273
0.000640829282416647
0.000669688914147678
0.000751002627373176
0.000870796258817843
0.00100056042666805
0.000724203711674819
0.000711557133698686
0.000793119674412579
0.000766877210461114
0.000914541685700245
0.000856993891589403
0.000743206353982287
0.000751820599606098
0.000893370642622115
0.000853037721706674
0.000724147825661286
0.00078369069607757
0.00106826411551599
0.000838202340191571
0.000777190299299365
0.000859792391604943
0.000668163841237275
0.000799595465265747
0.000794292635757478
0.000773813119392028
0.000896287032547006
0.000948328944614728
0.000981729081175228
0.000835164236514305
0.000798785239322001
0.00069958484374259
0.000752289142383221
0.000770633236859517
0.000853202712737333
0.000716208999703534
0.000847663048793466
0.00069741763602482
0.000728992878929976
0.000825903101015234
0.0007040679558134
0.000677033948518091
0.000765806368223659
0.000776976498128851
0.000771799587994655
0.000827151392681473
0.000711059192566536
0.00074212379903071
0.000697081627085447
0.000641728217849721
0.000832796203260796
0.000717733059195964
0.000722447773129918
0.00071622286607422
0.000769672496049214
0.0007919525806687
0.000788121739189223
0.00089296740390098
0.000772518328576857
0.00090404829286249
0.000834470083485769
0.000888452138748846
0.000801898481393835
0.000783217740035548
0.00101379300591462
0.000713638755199845
0.000807413856666243
0.000740615236800033
0.000730541290872299
0.000664207570352007
0.000744660334676266
0.000901304616632809
0.000768870343745069
0.000666475375023464
0.000863168010532362
0.000756434974117743
0.000796546160425328
0.000749736382509443
0.000841522919636902
0.000827634365988008
0.000810471001355855
0.000673966506852093
0.0007117101230898
0.00069512664596453
0.000792183138784014
0.000810411852098577
0.000740122253926971
0.00082362717500855
0.000774539443473938
0.0007445074421147
0.000693643203276805
0.000740288778889105
0.000871784972090467
0.000718119019298833
0.000735996503128333
0.000709479102462045
0.000793760543679454
0.000764792046522998
0.000815576302616729
0.000722632967209983
0.000792588261037318
0.000788460550368656
0.000802452792364721
0.000764325697603086
0.00077686456485341
0.000896566307968623
0.000835486494994223
0.000764449255466109
0.000857182773878274
0.00075134819439145
0.000788300764711657
0.000702830084292668
0.000758390672502184
0.000692954154953479
0.000687423235204476
0.000682657213596503
0.000862190660514971
0.000663703598490257
0.00078262663287195
0.000792320710333795
0.000719542106501244
0.000868584103899812
0.000687050262467521
0.000764706988354984
0.000697956906770859
0.000743164933241329
0.000635396841687668
0.000757831646226309
0.000652927225906067
0.000685450417672782
0.000797741714667782
0.000778285838233146
0.000700657543589562
0.000704819083250278
0.000674190866821883
0.000692823037944598
0.000728339098051812
0.000714365824576598
0.000678138899062453
0.000807960350762963
0.000725219631841636
0.000759804381226889
0.000672566001931374
0.000727373654559618
0.000666582339291249
0.000705945576869191
0.000658998261700039
0.000699922665271717
0.000759840119398448
0.000718835337179584
0.000799492322226312
0.000663094911227488
0.000723651455592454
0.000700128923186259
0.000773444235183616
0.000741620643535177
0.000609339698957905
0.000733730886873833
0.000757825870429267
0.000775089252686697
0.000722832354693431
0.000637114360670183
0.000679251458346206
0.00070872966020996
0.000688994226051879
0.000776922350004241
0.000787120494973461
0.000703939621161816
0.000773577735594125
0.000921308710108451
0.00068779958437957
0.000711656024114457
0.000699005493490223
0.000698297586947713
0.000707935735872016
0.000903639616665159
0.000780577701128144
0.000756083717033386
0.000790729758055156
0.000764994024780113
0.000741079234066501
0.000833485341339385
0.000698095800588297
0.000693473656307255
0.000662853157470198
0.000681150278155047
0.000795464007823963
0.000778514788362685
0.000807200553821476
0.000810997038237944
0.000644507328526844
0.000694016484626635
0.000764431193181179
0.000789019230715245
0.000796178288853174
0.000805674547168805
0.000835366638985056
0.000720609654568007
0.000686348802097016
0.000747841701689255
0.000781085144299098
0.000676608437977237
0.000814337220752515
0.000771312329151677
0.000753673918866711
0.000711843585430121
0.000779698075443128
0.000737667390537395
0.000692878270694404
0.000698530754445953
0.000697690257019351
0.000717804973918717
0.000736109752373824
0.000754739849873696
0.000670486205047022
0.000706770114217028
0.000725432706046076
0.000709831385146653
0.000839285339088269
0.000720633890651895
0.000684889353538678
0.000656708184671174
0.000582795892417198
0.000752692494910489
0.000757089354988867
0.000775375634205312
0.000584454858206827
0.000818735877718556
0.00086293456810215
0.000646685404282607
0.000818786498554217
0.000681911015278805
0.000797351227860155
0.000711064567793835
0.000738300993951582
0.00068230566924306
0.000764264356301868
0.000630670145460788
0.000735838120306126
0.000737251690409179
0.000662367910759908
0.000790509230709012
0.00108326451497239
0.000706147993993064
0.000827612756303801
0.000694983012170641
0.000753766931381109
0.000662749579470493
0.000572442801580629
0.00076042401620223
0.000761714005001106
0.000651275653825948
0.000616143077250637
0.000666121963749719
0.000715224759241752
0.00069534750326841
0.000721714094700516
0.000710628516576472
0.000732207810358042
0.000627453050258066
0.000641592785164048
0.000787263564610616
0.000750523982107313
0.000654334933246127
0.00072080305399783
0.000693149951657948
0.000659796447689748
0.00067833798482555
0.000740608639884308
0.000823327914307647
0.000746196292515561
0.000733364916438072
0.000712891795426316
0.000724830472928283
0.000753243851119364
0.000614451001741888
0.000803441392020887
0.000782272830351946
0.000637355324370033
0.000695959173144964
0.000823559051316622
0.000764143867396697
0.000669225087327541
0.000815860406447901
0.00077856066737073
0.000640307691227138
0.000763182494267675
0.000747354322044052
0.000681102306674556
0.000787214508804404
0.000694511472842739
0.000876444933738637
0.000804342949713254
0.000720044382275088
0.000645111168500662
0.000721888302508262
0.000690827681661113
0.000768757657918401
0.00060074899339756
0.000747043945958033
0.000678070329500304
0.000788292417987182
0.000814722570609807
0.000653256227089495
0.000692638075167553
0.000712363269293088
0.000721738927285735
0.000683402145996589
0.000676996071441068
0.000665154732087276
0.000651557168289923
0.000712643030737101
0.000768260868617305
0.00064344833417579
0.000814201095113579
0.000703616697329588
0.000674315018590644
0.000722379023238358
0.000650051548177563
0.000638995002143974
0.000805385739269592
0.000684830235559354
0.000718976706386853
0.000670578550357105
0.000789153761999554
0.000748796031000468
0.000640104956087387
0.000721556900268417
0.000747159002162921
0.000695210787626158
0.000708972244415425
0.000683339232478139
0.000838908767283098
0.000834521804341428
0.000761857767613668
0.000720620780916449
0.000813596197484672
0.000711002123391752
0.000837198499288966
0.000758915362084712
0.000744080951134076
0.000624202199510288
0.000643548370173086
0.000707426257096045
0.000681062602631945
0.000753400090129215
0.000691840088766115
0.000711814481852575
0.000692421316436232
0.000807750163262862
0.000794374978301768
0.000772599585512773
0.000790025091778748
0.000819733373383115
0.0007544621571009
0.000802093088592532
0.000835355182632642
0.000743666876930758
0.000770741471884081
0.000753065088284709
0.000794810759485465
0.000821450968761572
0.00085180742572637
0.000730382482214592
0.000674300401969408
0.00086079176514276
0.000838445989583924
0.000688903257551266
0.000801093956943827
0.000810716996420471
0.000758750511557834
0.00069309331953108
0.00075023351266973
0.000620839676940898
0.000847186490325454
0.000795923406158795
0.000748902595901151
0.000761774520509645
0.00081902115421898
0.000804342366297774
0.000778041541968154
0.000660212770941843
0.000813766900289343
0.000719659341103686
0.000698267797483721
0.000807332792873837
0.000729241445468317
0.000833315141610237
0.000763970604165207
0.000784778165289956
0.000711940948639771
0.000786133212532395
0.000774185273177331
0.000652166645649013
0.000619870657462235
0.000665429627135622
0.00074165519121873
0.000656953300234428
0.000955084618938297
0.000650661407916898
0.000839822691963366
0.000719893538974695
0.000707693962080826
0.000708720779678012
0.000740773562340606
0.000727368875055806
0.000717488976020681
0.000685496960784576
0.000861665191491052
0.000804884066027793
0.000673597178259004
0.000657899908180037
0.000747487215299244
0.000746936170134043
0.000668216703249341
0.000748520253931283
0.000801903365699138
0.000727001418057114
0.000681019375949656
0.000714393095343761
0.000824903976504659
0.000642471998573825
0.000718752489896493
0.000865855990278535
0.000870710337675148
0.000901766011699818
0.000714252780342701
0.00072814654801865
0.000676307231311005
0.000833855827296052
0.000752138679769871
0.000695009852845929
0.000674020391011563
0.00072846131301292
0.000786785417707413
0.000667122061479052
0.000685435628029526
0.000712368293523943
0.0007556676438377
0.00067336593203809
0.000834266642695738
0.000649884897010171
0.000727980569675151
0.000757374506355305
0.000752206440055987
0.00068446826401739
0.000835199603418335
0.000675184260788795
0.000745699636741481
0.000610342391323985
0.000641425214211441
0.000741712200500138
0.000717593609798837
0.000674484569969837
0.000728757729714796
0.000749186203352665
0.000706616600116722
0.000776951027209424
0.000735182726027049
0.000853130882533712
0.000758646772696698
0.000759979556501678
0.00092004153612346
0.000731547697348829
0.000753678718333433
0.000780975911055874
0.000811607459617456
0.000717948340703703
0.000746676130740841
0.000859710554215168
0.000763362579935804
0.000689722261855569
0.000689644632879499
0.000712407981286008
0.000826362113619568
0.000694857912724201
0.000762089560339016
0.000820157321277833
0.000686775235583606
0.000662101741976138
0.000827001415884974
0.00079769443089184
0.000674118531162435
0.000750799184466603
0.000817790970233964
0.000608313321394264
0.000716160696075915
0.000708828168602634
0.000728924633967928
0.000930683159665488
0.000717668805448609
0.000702456610501258
0.000745346941904373
0.000791086870282394
0.00079855216087954
0.000736343311639294
0.000639573255501101
0.000732239545489915
0.000758680963631995
0.000793429843006887
0.000729855208581369
0.000654068406700796
0.000831948767893266
0.00115823685427742
0.000715893111862786
0.000712820623112125
0.000804394065266585
0.000838024948234742
0.000711665448651531
0.000804894735849079
0.000705216517871538
0.000648998480321043
0.00058452839039489
0.000823961230202559
0.000710276901773942
0.000822557326951549
0.000657937514224455
0.000686462552913799
0.000757784170221776
0.000708657968515954
0.000761748493949791
0.000774117599111246
0.00080563556686874
0.000794155144244394
0.000863164890427425
0.00071391951425844
0.000789728577343034
0.000771236749140588
0.000837076212340248
0.000883987741889584
0.00122448141440695
0.000812075663802841
0.000643407232476672
0.000803565761350463
0.000769169878313424
0.00072312337237048
0.000742100575505728
0.000634014715236202
0.000673391570365827
0.000756725037590737
0.000759300751521777
0.000735193614341578
0.000648334819065986
0.000849863605711298
0.000600129743099021
0.000681577065398624
0.000615601538975865
0.000726010286800821
0.000684077442781546
0.000735559763990985
0.000819547642116973
0.00076365296831796
0.000847550841651837
0.000572869198766969
0.000704181967742276
0.000606356589962439
0.000672257614237988
0.000854381190629093
0.000733975184936528
0.000658639041513794
0.000743925728892434
0.000830030919899756
0.000663894282735155
0.000768451163575742
0.000787206076579031
0.000785591074935799
0.00076729114166363
0.000674395528058496
0.000756997530393161
0.000806257384414669
0.000642395745878492
0.000749697619270785
0.000772097503517481
0.000815688240473367
0.000825594258825606
0.000650954536188056
0.000810160162479365
0.000695428808346306
0.000681555579631764
0.000743829306578252
0.000982105418510922
0.000791840153899657
0.000717933547776481
0.000763931687920228
0.000683672075471736
0.000882975382999427
0.000684482893746327
0.000733502072058926
0.000754282688975539
0.000660915509404165
0.000712468954208756
0.00079808619909333
0.000852241160119112
0.000790248157998272
0.000765454750516623
0.00082651704746937
0.00074365503231804
0.000823965069469802
0.000748715486821535
0.00100085933215846
0.000759658679714719
0.000817050618107561
0.000787964840252771
0.000725998738070379
0.000750753459182764
0.000692144582412051
0.000716978979595216
0.000714616169820869
0.000857194844105636
0.000703799373437407
0.000687044574541142
0.000802446517293471
0.000718296265193754
0.00069743207044437
0.000679628487374443
0.000864915959301734
0.000732222991954194
0.000769182100175885
0.000710300140444835
0.000745090324989079
0.000778880305731323
0.000742184827527522
0.000812781972985003
0.000828558276765004
0.000651482806615949
0.000705934358026031
0.000859514792417598
0.000714703680557685
0.000781313358874066
0.000885653036880528
0.000674847326955003
0.000806773846150529
0.000844566071608911
0.000731700460165091
0.000746474414719004
0.00068708122916718
0.000735216136286081
0.000837397701106882
0.000816904193726827
0.000688110651870264
0.000699948651506758
0.00081808829360799
0.000922227409006086
0.000774971121198389
0.000701032804042149
0.000648031486219199
0.000759593197341426
0.000717525710937047
0.000835061974924094
0.000723780094496616
0.000763390472688242
0.00079065551714253
0.000822629723121315
0.000804860991974876
0.000727693490581356
0.000739761624858312
0.000768111924947011
0.000704353321028924
0.00105344898432126
0.000915378505065139
0.00148931710529425
0.000671222505241894
0.000682969170077591
0.000723595903166064
0.000775813168321038
0.000905098330091331
0.000695560021998504
0.000759129895086444
0.000775045363995121
0.000632829528889031
0.00073149359285622
0.000812025192412466
0.000799027120719902
0.00083818272394278
0.000662468505971161
0.00078855937793621
0.000725328182942653
0.000806902742419071
0.000700792282040869
0.000774563762520053
0.000747757920406992
0.00076050017068127
0.000646136787927069
0.000769953004720199
0.000821159376820378
0.000782675382190669
0.0007931119288164
0.000638069090649157
0.000855303609673639
0.000695719470307747
0.000634270542490951
0.000656703767426707
0.000919449418098328
0.000907644014171886
0.000731757268743034
0.000921637482267543
0.000855764781012205
0.000777084934250539
0.000831171390393368
0.000786482352227137
0.0007261427073187
0.000631784124983112
0.000638181104577571
0.000732738756717144
0.000713483283460161
0.000793852800445342
0.000717864498020994
0.000813482295500072
0.00081428374810291
0.000725161101350517
0.000735787877335983
0.000710016610110502
0.000728718699994594
0.000750814461742399
0.0006801595878635
0.000841196057522387
0.000764552913579305
0.000703062071759472
0.000955881324331105
0.000715790529078985
0.000692947301039944
0.000774910681096457
0.000736140165091049
0.000615580909716096
0.000614662855819999
0.000741050053805349
0.00077596656752461
0.000753060707768668
0.000631931385915282
0.00069780224364246
0.000831607954480677
0.0011508761284093
0.000653672491641174
0.000859925930497502
0.000660419447185319
0.000760227238004531
0.000695706312151287
0.000763794430984983
0.000753353453559066
0.000849371769607659
0.000702599792044381
0.000679758980281933
0.000749743758730992
0.000771292824253092
0.000783769434255622
0.000774783227474287
0.000704537782429694
0.000683064871594806
0.000765994975274039
0.000757805287596366
0.000889169318355514
0.000758497769489424
0.000749148045959476
0.00085511011974811
0.00070500482880738
0.000963939665427739
0.000726693703991669
0.000757938999675594
0.000903125197855379
0.000761492137949522
0.000767990897888591
0.000801180686264534
0.000724052999215133
0.000868098365232614
0.000770032492172168
0.000755627889714303
0.00083858490333335
0.000982251035070137
0.00072000381400113
0.000966656172447376
0.000922313124825023
0.000786360652204768
0.000881694218002628
0.000705145703197881
0.000616367458977809
0.000737843923501452
0.000689439867166507
0.000661197867986632
0.000907343178689187
0.000719331168052616
0.000932846082556731
0.00132422197905329
0.000769659585450969
0.000759535764836107
0.000748596288087293
0.00078636373964796
0.000721313790055104
0.00086001690181029
0.000718342256284927
0.00078898782461551
0.000734519036837595
0.00081527555424558
0.000732672068815744
0.000706538236898116
0.000839239021382893
0.000844262085589733
0.00068629893651266
0.000741721331827834
0.000656213821254521
0.000695879728520903
0.000823273165330637
0.000577383885075511
0.000787433513617661
0.00076460410437074
0.000642667987059616
0.000744989012266863
0.000800677650718105
0.00111481991674338
0.000628333320117141
0.000853066587654872
0.000970685372428669
0.000739182689259369
0.000707759109443732
0.00066831882090396
0.000664898109805379
0.000907151650122289
0.000822697936400247
0.000730353810457225
0.000768907181362242
0.000804853362747007
0.000682932769746922
0.000830187667386156
0.00083375318907394
0.000668394543778384
0.000657252612594867
0.000768278209353175
0.000722505931755665
0.000765568236651952
0.000756437041779345
0.000720560071534741
0.000787131752833948
0.000712352622280944
0.000646794159199238
0.00074224870488948
0.00066024125046555
0.000708497703299628
0.000789251468564142
0.000692958144489312
0.000797750796167138
0.0007331739055898
0.000829635969604123
0.000684989727871863
0.000800436713171447
0.00064390480912499
0.000737854619165701
0.000642021044786724
0.000730850346361813
0.000645108400544063
0.000681536257312068
0.000701336507290611
0.000730681551959855
0.000778200342039764
0.000773588439253447
0.000676416972133811
0.000758829174126402
0.000681997129408027
0.000815560134003154
0.000777407563351481
0.000755225870609306
0.000662592542612475
0.000770549797569526
0.000784140453964109
0.00076478280039281
0.000511724749657058
0.00075183048015359
0.000658435575914803
0.000742540873510341
0.000732407999493928
0.000821057234198131
0.000642930734443377
0.000715167786746669
0.000678023265385897
0.000712555845595388
0.00133491634770824
0.000695712959320089
0.000671350969981263
0.000792322469259968
0.00082650350816328
0.000745431408357135
0.00075823780891482
0.000804752451747005
0.000665284571957238
0.000741232688338459
0.000744226470474857
0.000730525083751234
0.000765340738665876
0.000796597295168321
0.000679126524792594
0.000803415586706119
0.000827421801220585
0.000708497068241428
0.000736711656967277
0.000773650702653144
0.000815883770726679
0.000723660124091529
0.000698362412766596
0.000717391373322682
0.000799662316478055
0.000694396209815704
0.000767895874683848
0.00111958162539133
0.000732416851118171
0.000696897118392943
0.000722886849289087
0.000788417317583466
0.000891946906080587
0.000855153426271306
0.00068123071135638
0.000767144196074192
0.000882495341620929
0.000778993837735374
0.000785746191275076
0.000718872660905462
0.000671330321209332
0.000894083347852598
0.000827949242110044
0.000663246392072551
0.000701012618099052
0.000677252140527532
0.000676436687778838
0.000692076484020512
0.000777584156552055
0.000817380236834582
0.00090225805947273
0.000717802038449559
0.000691952113799259
0.000696377147291499
0.000841846497163732
0.000775337539151194
0.000769576689123722
0.000814987945140423
0.00079736065199358
0.000746800315279734
0.000708034652853163
0.000724832760413444
0.000712171738802652
0.00078134213468213
0.000811882395572578
0.000703082886081294
0.000743996644747686
0.000671332390048234
0.00081542102178203
0.000745967014537707
0.000720788818808739
0.000762699877078407
0.00080125964425858
0.000831191364559393
0.000842011417411635
0.000746121630952617
0.000779137424422756
0.000761768069312914
0.000833541565684337
0.000761343269922417
0.00102035664494313
0.000704255984703875
0.000745312928718198
0.000738492251099655
0.000808827251773673
0.000645408806624389
0.000861833565316631
0.000629048226772588
0.00118240911846016
0.000779378419118799
0.000839861514606247
0.000929188676601709
0.000783298407294295
0.000833043845897246
0.000731841004019035
0.000871590167923213
0.000805186086524794
0.000854542582678146
0.000712142485419624
0.000831213642624204
0.000771400961430576
0.000711950186157586
0.000785755161790537
0.00086582611019981
0.000908691385468028
0.00088514802416321
0.000802231539410729
0.000723191167339286
0.000736993784880527
0.000830393745907364
0.000797896689981522
0.000863273131791101
0.000756899345776948
0.000824356654039311
0.000831495510625168
0.000805510332944253
0.000692879841042314
0.000723851680467161
0.00066844780152254
0.000677607986876035
0.000777617551072254
0.000890737135674102
0.000799533437845991
0.000891360980593923
0.000761545328286525
0.000770167607381635
0.000780098158854257
0.000859983670246496
0.000970353410000967
0.0008223015157011
0.000912985646300068
0.000745964644948809
0.000777605774491946
0.000801053772484088
0.000703328607414174
0.00085306371283713
0.000762375779408328
0.000876936816119176
0.000955689847843041
0.000792801891214861
0.000754543412715177
0.000699309407382312
0.00079102731912489
0.00082472254709805
0.000748011853085558
0.000817672695119117
0.000775442725144341
0.000695866187893109
0.00081664897642576
0.000738329791367713
0.000756932890527095
0.00076823468708836
0.000616346172536462
0.000729185043179348
0.000677143263047044
0.000743315396192207
0.00074817704901383
0.000695598672865573
0.000874859510449463
0.000689935715237968
0.000770646029105425
0.0008518378439962
0.000757596720408602
0.000827795300031718
0.000733449458987236
0.000790928385851699
0.000838861517733672
0.00074633491617642
0.00087714111587867
0.000900916761512565
0.000708433415130747
0.000740812138531386
0.000816168220022074
0.000798642821663359
0.000728987688381143
0.000708984823992293
0.000685577150115166
0.00072784142099158
0.000693763678746654
0.000836790958935306
0.000745322434500468
0.000641125923823267
0.00071465705434142
0.000760643735613551
0.000711314260008568
0.000798853635587785
0.000880140180807075
0.000820040454207903
0.000813720719308154
0.000767338144151031
0.000725441932158058
0.000695158739420713
0.000978808502006639
0.000748369965387695
0.000924513312885511
0.000674997738771691
0.000934694338547669
0.000780767596182018
0.000727377403602883
0.000774904293382046
0.000846589999308586
0.000801190228955475
0.000824173658872066
0.000804628805869627
0.000795704895665743
0.000810773253067021
0.000887538439424143
0.000722090317835893
0.000742287041828512
0.00085648957443001
0.000809070638881574
0.000750620624343721
0.00078978418377275
0.00073819997574877
0.000782609164054709
0.000743059491821416
0.000822557582723633
0.000743806688909812
0.000835119036867416
0.000826700482949228
0.000762666458405772
0.000814864584833757
0.000759361590094512
0.000768335048012603
0.000818644516945092
0.00079380330445137
0.000834367788285838
0.000887865673401004
0.000839191992599232
0.000736385307857657
0.000755399646618867
0.000705641785395702
0.000851528527167
0.000755718446053714
0.000735368103361086
0.000771074539634709
0.000744575715164042
0.000829317395387753
0.000772469034235053
0.000803467759821438
0.000790657561877479
0.000823060095901274
0.000843651238459879
0.00071815671928302
0.000797076521186983
0.000796596303363755
0.000809102687700163
0.000716942855312994
0.000685330197462243
0.000751685722945274
0.000796200925764927
0.000812689653873625
0.000765588927059279
0.000760047806960631
0.000857445391887134
0.000737612528341643
0.000839320652810513
0.000814794593359922
0.000757216241723645
0.000796804914242528
0.000757623812088173
0.000832353353271874
0.000833986717582382
0.0007683959206562
0.000664294094435799
0.000702671983051863
0.000834634526461487
0.000757522287353706
0.000956001868419022
0.000734624985439758
0.000959641892426609
0.000815568929991561
0.000924382637424046
0.000863065817220108
0.000899456574529794
0.000801799966488243
0.000864061167377091
0.00075823931142292
0.000880380643432732
0.000820421950912554
0.000849492311446337
0.000842989642118211
0.00078017388250612
0.000853013353958781
0.000884248707443883
0.000748520497749817
0.000850571043232235
0.000908224597611391
0.000889043717394527
0.000884028867369549
0.000820609117754564
0.000881040715115315
0.000838277415744623
0.000858849949792161
0.000834993727653461
0.000752455293415849
0.000751725138163745
0.000795410098140585
0.00082838752914177
0.000902995646522502
0.000880810353688238
0.000777375265051128
0.000809900453855863
0.000847013598603781
0.000883423162901736
0.000817653078312715
0.000768747070290917
0.000816276499122057
0.000849798592817138
0.000872323220661971
0.000908118022795474
0.000869125633662201
0.00101014928735666
0.000787516421447101
0.000852622105031878
0.000739851944743279
0.000884061422451999
0.00098547997147345
0.000714742654793233
0.000735482262386581
0.000825799535367584
0.000912798013311838
0.000875808389011638
0.000995286131471592
0.000846210665357997
0.001016084494567
0.000930886159641788
0.00108673210029104
0.000794982668874858
0.000819277589511935
0.000779215569001537
0.000826411397076295
0.000864735932050282
0.0008040763555545
0.000788100672987726
0.000727540612619839
0.000750993510153027
0.000784305098583019
0.000810940504510679
0.000887481516205524
0.000907998873559728
0.000983253453613816
0.00076908579744189
0.000866001140729162
0.000802946669480758
0.000764560207032076
0.000786057756166667
0.000705796173396813
0.000717622072429428
0.000762779577729691
0.00078860136932278
0.000874240511215081
0.000797342953270351
0.000738538837325688
0.00084002371069678
0.000755185003857158
0.000844196286690296
0.000735135238905841
0.00087392959805449
0.000781293836279584
0.000771064335212885
0.000974216248331006
0.00074512839337234
0.000736514563846518
0.000840608250382292
0.00087794369429622
0.000777326198348228
0.000799314436145276
0.000833325270169693
0.0010121501112463
0.000777965831244809
0.000861568851520922
0.000796452463749253
0.000864633896188245
0.000887934555664061
0.0010714811146463
0.000968308925998209
0.00086727805744603
0.000818834206330714
0.000771180700582409
0.000931883797850441
0.000947891748372214
0.000904335955544562
0.000983151381957335
0.000913583020203864
0.000883511357284154
0.000843202423302117
0.000889479630944517
0.000900695505031966
0.000770465372458462
0.00101003821889249
0.000858648011144704
0.000824835535700279
0.000811297727014379
0.000880298760970757
0.000936400418800711
0.000979551958176317
0.000804002383141544
0.000780001943064962
0.000910634582406758
0.000799174932499485
0.000768139423103518
0.00100217696528469
0.000802724934847058
0.000842362377715012
0.000755755354484962
0.000861139885006446
0.000894876505201021
0.000872746963117029
0.000887997394930619
0.000837719339240715
0.000806383669875371
0.000827598250039573
0.000774167471773312
0.000766555530043941
0.000826015758441069
0.000947917833304901
0.000926227815323222
0.000813457170674843
0.000913789472733011
0.000727944859323949
0.000889563942175068
0.000855485395290576
0.000861816788412029
0.000915577988248437
0.000869176409091292
0.000900751342058335
0.000908966719828106
0.00104011915609504
0.00085464538811569
0.000909918413478182
0.000855747584511732
0.000844488857832994
0.0010170962483532
0.000826558075999133
0.000842549139846019
0.0008679945808283
0.00078680766635987
0.000841814027991255
0.00090453926488825
0.000811391974628309
0.00100156460642549
0.000886016381837098
0.000838272446336385
0.000867957693626083
0.000793969546969429
0.000785311252975608
0.000961204376959147
0.00100039322481823
0.000845361259638617
0.000885925241321279
0.00100361652806374
0.000925762322668178
0.000829335769226207
0.000874632349460579
0.000811087130700084
0.000813689687992409
0.00111011369997476
0.000974161197268595
0.000952103580592594
0.000894051179682903
0.000809414179344427
0.000865760871887541
0.000828572684584481
0.000875871891588755
0.000870628785892645
0.000801078227705788
0.000837336385648557
0.000931889178133515
0.000956356087910089
0.000959894091642117
0.00102654936788741
0.000888383387149192
0.000730568118176965
0.000972747576508353
0.000847765795843223
0.000940260860057976
0.000839761250628637
0.000909225783044765
0.000887364112193844
0.0008258112207995
0.000820233830546731
0.00080884608736557
0.00098091586981837
0.000819918535140626
0.000896748750724903
0.000851168208877781
0.000845866357847872
0.000949007012933453
0.00083147452381843
0.0010643253665249
0.0010310295694253
0.000977010905827242
0.000901000515071327
0.000798900050439576
0.000981852545285224
0.000852721740462303
0.000967671743465775
0.000944981619672306
0.00084991920647208
0.00094604975348077
0.00089603445665278
0.00078607563706871
0.000859750849257389
0.000875718249714214
0.00100179056431624
0.00077768028442696
0.00090561987800116
0.000813076688201203
0.00102152784418063
0.00101116782679852
0.00104325177606227
0.00091180399893773
0.00094369928611154
0.000914687735821444
0.000857666333786558
0.000836399116602829
0.00103153174977676
0
0.00130900527988246
0.000865550254361639
0.000835295727252211
0.000863564077238736
0.000903444964875484
0.000886396222081784
0.000863638926840014
0.000897833481180053
0.000872525776142801
0.000797793462933147
0.000794029188705622
0.000799167921124781
0.000824275674877478
0.000858089002862254
0.000909579012826124
0.000879191853398735
0.000858297031583193
0.000872383785636106
0.00095486373278185
0.000787636818976477
0.000847236150837996
0.00101318231145958
0.000877137970102807
0.0010231661057249
0.000757298370049756
0.000825847256645435
0.00090643744319091
0.000934699285948167
0.000923600223926669
0.000840968472512396
0.000845351966453556
0.00101464418015762
0.000879345032522582
0.000939321535889784
0.000932273543445473
0.000841585097319843
0.000841127752176093
0.000911706041720933
0.00112879306468222
0.000908250906232732
0.000923104959921714
0.000891906921441401
0.000902871368976679
0.000882267501013795
0.000818082791255988
0.000815767042137535
0.000879592438386616
0.000934493183885413
0.00101174483775517
0.000852374410264657
0.000943834196745657
0.000969646061077957
0.000983255522320887
0.00103095834956448
0.000924057757816268
0.000959631222129377
0.00076446313203721
0.000901118339374376
0.000869033774347129
0.000903800722391307
0.00103146504819425
0.000977212912166001
0.000944135862104359
0.00100768625342377
0.00093271237880793
0.000966569288759455
0.000996390345996644
0.000980525906299406
0.000843017531522156
0.000858139296821423
0.00111800584429285
0.00104327640910162
0.000832566846734016
0.000986134913064312
0.000977971959998237
0.00092590657752512
0.00128018875126741
0.000893524533071282
0.00101267057730063
0.000854484546834937
0.000935149213124891
0.000874476970073661
0.00113071606323148
0.000866643381104374
0.000950271366859658
0.000927156350434546
0.000833473122512736
0.000906072951057022
0.000885255127041017
0.00103653181756449
0.00104771738073342
0.000982888338996993
0.00107265721349371
0.000838494147826147
0.000909525890988602
0.000976427478580943
0.00103184666904213
0.00104604047269159
0.000944313645108485
0.000829139935033204
0.0011048172358982
0.00104918868830849
0.000961261263317579
0.00109099078305398
0.000904407489183154
0.000969553547694651
0.00102391213804938
0.000953289259225555
0.00117459192360684
0.000856358263382138
0.000983985539942394
0.00103267335803015
0.00107630359931564
0.00105495727602031
0.000871507524961555
0.000877982044465996
0.00108583732147015
0.00100723685533397
0.000907862137681894
0.000938807316556752
0.00108399606367242
0.000993689363784437
0.00105306030491945
0.000987270711508336
0.000873440659412436
0.000900138823509376
0.000906944083363748
0.000958230974954056
0.000834323186714978
0.00105076219244532
0.00105344275128637
0.00104258518924183
0.000965332659787032
0.00104296538064248
0.000893097058306656
0.000958181127463118
0.00103293021711918
0.00109180558737662
0.00100194227739544
0.000978670795304932
0.000955320271635598
0.000909156602157102
0.00103875749499799
0.00104739817516846
0.000964991213615554
0.000989443332227766
0.000895958219336401
0.000944805495335996
0.000963136606728986
0.0009377005932332
0.00117872001609812
0.000969923094017127
0.000976792535146927
0.00100247133837567
0.000982792989781892
0.000988943834929655
0.000891122620042081
0.000982407805331697
0.00105328324292551
0.000926481174224422
0.000980300391716305
0.00161453430466442
0.00152439018196526
0.00109442801381851
0.000977125547803541
0.00102157312786294
0.0010360081869367
0.00110683712905767
0.00103975212806434
0.00104941619592241
0.00101777989617271
0.00101604611718023
0.000968060914341781
0.000930470597887022
0.000926681328217885
0.000989937195023788
0.000948457977158289
0.000938520883604183
0.000900176616570464
0.000961979192051084
0.00104211624268017
0.00109272110353711
0.000828498969108169
0.00109506141835586
0.000872138544396669
0.00100758927396363
0.000811543601457551
0.0011820531743451
0.00115012496200864
0.00107928766996122
0.00115515780803292
0.00100229194766517
0.001128144547889
0.00099509310592689
0.000943510350416228
0.00102189782779456
0.000891015244982749
0.000911666646297017
0.00116672550387272
0.000928527949409165
0.00102806480943405
0.00104494991478196
0.0010736574432653
0.000985020466770094
0.000985674319107335
0.000896610105238026
0.00106014646422685
0.00104482970873003
0.00110708824524887
0.00109310724322679
0.000959526633367405
0.00106531884981212
0.000999345998016047
0.00116483786211263
0.0011168988615333
0.00113871486275183
0.000921153053591114
0.000877093726472252
0.00112372861767328
0.000988092753823944
0.000960206974289953
0.000943240008844423
0.00100320058813418
0.000962703370015424
0.00103538676942622
0.000966610395063607
0.00098673276875136
0.000893820079526671
0.000930842168220304
0.00107210099464869
0.00104958628629379
0.00109894310796755
0.00106833288854485
0.0011031657335712
0.00120147017115896
0.00108007755615307
0.00102808057075947
0.00104639902852875
0.000905879461808588
0.000885183182080143
0.000886568008429728
0.000940594191837519
0.000927168996118597
0.00113603624930532
0.000973803074546828
0.00107583514294372
0.000952507262260232
0.00114576628849927
0.00106777194258326
0.000973342284938678
0.00106119491154915
0.000897699717884222
0.00100611886694556
0.000998213572747108
0.000935083245882009
0.00101353002480848
0.000974972300459255
0.00105562909411726
0.00105708701460272
0.00110599217544224
0.00097907734336591
0.00089763422770638
0.000957356571605302
0.000936320650486451
0.00105511394467563
0.000891600312201323
0.0010868094153503
0.000989283210680119
0.000931633780790647
0.000915094416348501
0.000937273498069057
0.000926021538764209
0.00100419543845577
0.000961721337974157
0.000924209773643661
0.00102183271769804
0.00104302777766296
0.000862395335873021
0.00109552780505779
0.00106837900214859
0.000918551458209519
0.000990490836940395
0.00116766711428487
0.000983606108621054
0.000975665400657399
0.000996125021515014
0.001137321577834
0.00107163377678797
0.000908910902992207
0.00103283900674353
0.00105731263723252
0.00110691976093654
0.00118247492321239
0.00100708840277533
0.00109718926768663
0.00109158680051016
0.0011941177153074
0.000995034832241527
0.00116497041738433
0.00103790203109615
0.000978732029170581
0.0010555482861786
0.00099539871064993
0.00104838827443378
0.00125089930644969
0.000973339806507066
0.00124863119209945
0.00101314251734604
0.00101645592551976
0.00107264604536263
0.00112479066419892
0.000932684715661488
0.00103502135834282
0.00110043106236245
0.00118255461320174
0.00103056911905109
0.00102800874547174
0.00113564735087343
0.000960894173608139
0.0011699987907374
0.00102203778410243
0.000928939526679716
0.00104986371526149
0.00102277086108023
0.00113281971246279
0.00120993258766898
0.00123373059503043
0.00130621001396981
0.00100685078902629
0.00109074854331275
0.00117072692006801
0.00109138864864667
0.00102459100330196
0.00106137234953291
0.00101246811344929
0.000952585393861581
0.00113199109323369
0.000999065952066123
0.001150681950381
0.00119516929903083
0.001043577750342
0.00109292561831445
0.00102327024685825
0.00105689579855354
0.00119974338936116
0.00105529545208584
0.00114869194046205
0.00113915782446299
0.000972766411553325
0.00108118273863398
0.00120235088608611
0.00118043358143789
0.001212961757683
0.00123124069850361
0.00107484379323921
0.00116563950223254
0.00090217802981561
0.000949439949031169
0.00090039202299356
0.00108881732434868
0.000926361159821698
0.0011680976780243
0.00113242571819855
0.00105351839288652
0.00102257553294469
0.00137084631216738
0.00131739017547308
0.000971902077892494
0.00105185154952069
0.00112440605338276
0.00104761509488855
0.00114225606829364
0.00111500041437196
0.00116490570026895
0.00112540200585878
0.001177727674103
0.00104043045086628
0.00132963882607595
0.00129530540212639
0.00117413493586892
0.00119225535636361
0.00126296901615945
0.000948656477477972
0.00140760596133914
0.00134823707709139
0.00111933748136913
0.000985167922045313
0.00117430643612044
0.00119302159292926
0.00142121023680194
0.00139534410742149
0.00139867677644804
0.00139528946419081
0.00131749864521272
0.00133195999315836
0.00161304320184244
0.00141445184419551
0.00131530754081945
0.00157836764401359
0.00161188269155063
0.00182892089168764
0.00185111871043601
0
0
0
0
0
0
0
0
0
0
0
0
0
0
0
0
0
0
0
0
0
0
0
0
0
0
0
0
0
0
0
0
0
0
0
0
0
0
0
0
0
0
0
0
0
0
0
0
0
0
0
0
0
0
0
0
0
0
0
0
0
0
0
0
0
0
0
0
0
0
0
0
0
0
0
0
0
0
0
0
0
0
0
0
0
0
0
0
0
0
0
0
0
0
0
0
0
0
0
0
0
0
0
0
0
0
0
0
0
0
0
0
0
0
0
0
0
0
0
