0
0
0
0
0
0
0
0.00118285397341627
0.00101735632294536
0.000830389037316253
0.000593833052348412
0.000374808265060239
0.000152552815470925
4.82611441342262E-05
0.000165879886674773
0.000154595134973307
0.000136198980380308
0.000103368068937999
7.22048872719759E-05
0.000109745651394517
9.26387429273529E-05
-3.74446430268316E-05
-2.65401254283115E-05
8.34475085111209E-06
1.63485330778593E-05
7.43120496279506E-05
7.30366377344117E-07
-6.93602367549969E-05
-2.88642766828416E-05
-5.95243784402649E-05
-2.86441424918325E-06
5.55231871380353E-06
-6.46115779343373E-05
-3.99149466436327E-05
-7.33193172769167E-07
-3.61031150414077E-05
-5.23753559734899E-05
-8.52201279375227E-05
-0.000152328899824229
-0.000110957493814412
-9.17187044755636E-05
-5.21839733144384E-05
-4.85537252226133E-05
-4.34098400371887E-05
-0.000102256099767349
-6.61228739502145E-05
-8.86661718785504E-05
-3.9851500009997E-05
-0.000172196298792922
-0.000181993913517342
-0.000113273974342567
-0.000126786548927592
-0.000156513937800862
-0.000123262425798822
-0.000274746468922268
-0.000224837975008573
-0.00020499820176565
-0.000229384861622623
-0.000270134914029443
-0.000332985585424527
-0.000415577532154491
-0.000306656926679182
-0.000224164708653661
-0.000238512207275298
-0.000263440820250253
-0.000249976184127213
-0.00023562258392255
-0.000159778705144345
-0.000239291980757586
-0.000288041543062863
-0.000283154897712517
-0.000370632174055234
-0.000301863517283804
-0.000260285548114945
-0.000292724811366064
-0.000249991937420407
-0.000306778677603749
-0.000246016621581707
-0.000164872078123572
-0.000221701368187961
-0.000217983740981479
-0.000276252865805648
-0.000253988359743894
-0.000232308445606135
-0.00034273714841712
-0.000329693341161204
-0.000323606956451185
-0.000245179245689245
-0.000123895324036926
-0.000165934944065912
-0.000198974338957967
-0.000126274029419076
-0.000160434991761033
-9.32594659922208E-05
-0.000170262948934931
-0.000257218880170903
-0.000275310517292667
-0.000250966195212186
-0.000283918878221159
-0.000300553990859439
-0.000307395358365569
-0.00031427678033616
-0.000257057994448602
-0.000154515040026152
-0.000122697468027212
-0.000157864932798299
-0.000109190369957181
-0.000157364449189701
-0.000124043036937323
-0.00019935530220326
-0.000234630450187396
-0.000252240977910447
-0.000208320864656169
-0.000249883595457782
-0.000240291055671515
-0.000201621400783737
-0.000199348557604266
-0.000342062981636896
-0.000326313129413462
-0.000287979648432263
-0.000269316567379662
-0.000201956796271526
-0.00022828846090552
-0.000196393713944569
-3.47111661277715E-05
-2.57186820898634E-05
-8.16759579479709E-05
-6.03152110496357E-05
-4.39391679804088E-05
-4.8738651267153E-05
1.79716701625791E-05
-8.42565824885581E-06
-5.18429444549167E-05
-5.02626756379118E-05
-4.38769632658338E-05
-8.32937778068384E-05
-8.33516534184457E-05
-9.59854121575175E-05
-0.00014407397910993
-0.000103288027677445
-6.32859702153295E-05
-5.48513623872097E-05
-6.25971846852769E-05
-4.89981981220278E-05
-6.58532282251894E-05
3.24856586225267E-05
2.38421895095987E-05
5.62850232991899E-05
5.54288564181501E-05
9.75231785327509E-05
7.45163917257076E-05
8.91650659976275E-05
2.43765302977567E-05
4.52487338519204E-05
1.36965834145336E-05
-2.05407730609788E-06
-8.72369987276879E-05
-7.99315901549815E-05
-8.97110705227425E-05
-8.39738940219913E-05
-0.000104009529038633
-5.72751636156967E-05
-1.0211847962813E-05
3.21690297513141E-05
9.89504428584554E-07
2.31382749873003E-05
-4.32470776263075E-05
-1.59936666425654E-05
-4.30176975386345E-05
-8.19025709168192E-05
-0.000111678849649963
-7.78595885846436E-05
-0.000150018831646305
-3.62087024253972E-05
-3.44317800637454E-05
-7.79635330907834E-05
-9.76210576301422E-05
-8.19743875128358E-05
-6.409492041914E-05
2.14343812602785E-05
-4.71972052443053E-05
-2.35029314123593E-05
1.17844576939704E-05
2.71608778786711E-05
2.24434300721891E-05
5.26656523080535E-05
3.92984204426668E-05
4.27066061113837E-05
-4.43893503793399E-06
4.89969885505028E-05
1.64690519759762E-05
7.30552620437313E-05
4.03400064296047E-05
6.61097499143853E-06
0.000168475017887308
0.000218056869106414
0.000122224967058652
0.000224379361749765
0.000114836252707423
0.000117768999968787
6.24445415365378E-05
-7.44739962818968E-05
-9.6189090194613E-05
-8.06900524529653E-05
-0.000131675069413609
-6.3408104702903E-05
-0.000101969335074222
-2.65352955746937E-05
2.88562124095797E-06
-9.04928506997285E-06
-6.90045605970709E-06
-1.93298315121046E-05
1.27483511828448E-05
4.32380024910729E-05
5.83865975187533E-06
-2.28498186654321E-05
-2.21458443049161E-05
3.69600453069882E-05
-5.66046002651516E-05
-5.33778923663771E-05
-6.27370145195768E-05
-3.85872179951754E-05
-3.89510956147891E-05
-3.4265436254282E-05
-7.16472342293758E-05
3.1500257937704E-05
2.96695765479115E-06
-5.23305190044755E-05
-7.12262463516391E-05
1.16244933852261E-05
-1.55607183339572E-05
3.12425065482925E-05
4.34542087923542E-05
5.68647771659098E-05
0.000125892681996901
0.000147685050474358
0.000105809503554648
9.36830778910959E-05
0.000104393111176268
7.34130251162198E-05
3.82194462750487E-05
3.01205955858756E-05
3.36711142616236E-05
4.67910190387532E-05
3.37601424133584E-05
-3.77460925778699E-05
-1.94531215055654E-06
4.33529441913224E-05
3.98115554229333E-05
-3.42134618700995E-05
-8.27946942606642E-05
-1.45332750746675E-05
5.18773046060326E-05
2.62826495434136E-05
-2.85654292797851E-05
-2.84758765147302E-05
-2.24167784553138E-06
-4.74136635881954E-05
-7.65537663872452E-05
-0.000119088986428477
-0.000155089022450547
-0.000117881532511036
-0.000135273649923849
-0.000122632975986339
-7.60876997954476E-05
-2.4052727931707E-05
-9.13085851558168E-05
-7.69499309859577E-06
-6.79319361273402E-05
1.72075200368288E-06
-2.96074212751973E-05
-4.06070231847757E-05
-0.000101071328908847
-1.75510586349662E-05
-2.34190579823196E-05
2.16534988258102E-05
-4.57540257810714E-05
9.76220962596769E-06
5.27262500053877E-05
7.92883507560905E-05
2.43143877679508E-05
-1.00257005899204E-05
-3.3774896312002E-05
-1.46242531551895E-05
5.57141451147343E-06
-5.75289239509135E-05
-0.00011358459269551
-9.07718428477156E-05
-9.20325384982062E-05
-6.91678479191753E-05
-9.87595353308983E-05
-0.00010710989236849
-6.26321153517803E-05
-2.05483561159482E-05
1.16458055382498E-05
3.08480861604475E-06
-2.6763089261543E-06
1.51924952711817E-05
-2.84215776468405E-05
3.89644851057781E-05
2.17070447879864E-05
-1.57085491236315E-05
-3.72552976533844E-05
-5.56700131759071E-05
-5.54835382058887E-05
-1.38253374922208E-05
-8.56827196130919E-05
-6.08049753214679E-05
-6.80710217222931E-05
-7.04384262983455E-05
-8.25792326513664E-05
-7.79501706050756E-05
-9.75680190759552E-05
-0.000128220467994819
-0.000170493162635478
-0.000246961361200295
-0.000251773322516403
-0.000253931063374429
-0.000234744822878977
-0.00022917500294698
-0.000175757662929559
-0.000127245327983527
-8.57010653122087E-06
4.11785479016159E-05
5.22849289482455E-05
3.09763556432471E-05
9.06404758928648E-06
-1.06030121052615E-05
-3.20843561189259E-05
-1.03608190215146E-05
-4.51697872196806E-05
6.18966746855822E-06
1.31564897719048E-05
-1.73018458931011E-06
2.62885101119287E-05
2.89358578143501E-05
-4.56137155890206E-05
-4.13683398144228E-05
-7.85779668415719E-05
-9.11452615150475E-05
-5.15198252106312E-05
-8.32494483885745E-05
-8.07414772254805E-05
-4.93160684129966E-05
-5.54264136480902E-05
-8.54746268821823E-05
-0.000104945032678256
-0.000118252344506133
-0.00014278111867903
-0.000121552981034781
-0.000172101804824752
-0.000141738004959686
-8.30400754322308E-05
-3.15406001757613E-05
-1.26140086400171E-05
-3.34723425341736E-05
-8.87302146779922E-05
-7.04794340636332E-05
-0.000109917865941672
-0.00015215055117982
-0.000171049738571999
-0.000189445549938234
-0.00015255946872023
-0.000156520370091943
-0.000134653603150423
-0.00012678363535003
-0.000127031152654785
-0.0001438558892358
-0.000152803898097545
-0.000112093367615957
-7.53335995062152E-05
-6.68090620591423E-05
-5.82717467214842E-05
-5.51634671425375E-05
-1.17444974505948E-05
6.10049642796701E-06
-5.72045911954381E-05
-3.26493286580804E-05
-2.60719360396808E-05
-1.89887369381124E-05
-4.2880931375444E-05
-4.15551697411487E-05
-3.15659666633154E-05
3.33475439131221E-06
1.75230648446485E-05
-9.26925297400284E-06
-4.3472144725948E-05
-6.84882762068961E-06
-2.5544483903987E-05
-3.18586095200949E-05
-5.23358258234038E-05
-7.67765936032073E-05
-4.58994936821886E-05
-9.70156843178142E-06
-1.16065785252564E-05
3.76596415313558E-07
1.49509716591796E-05
4.6333944147006E-05
-2.13785568656951E-05
-3.55562252891333E-05
-3.12576700385435E-05
-2.96724099110014E-05
-4.62709135201688E-05
-0.000100129092269164
-7.05144206139286E-05
9.0091720253768E-06
4.17723940005809E-05
4.32333014709665E-05
5.11091330321703E-05
4.05053224502729E-05
0.000104787266632449
6.1370565244733E-05
5.5644876315747E-05
2.21110064976274E-05
1.33938802577572E-05
1.25549373808456E-06
-3.02539750246023E-05
-6.34657910428541E-05
-7.6035469525062E-05
-7.97626873855972E-05
-6.21500479339829E-05
-4.6825606110931E-05
-1.84725287604714E-05
-6.12871651228575E-06
3.40998496504704E-05
3.98791093868054E-05
6.9955039019709E-05
2.77885918117532E-05
2.23247065417146E-05
1.47297258324842E-05
6.40174828783645E-05
4.2631200875139E-05
5.17453944705523E-05
1.4934191798246E-05
3.55056832654122E-05
3.8107002448964E-05
1.86267582771416E-05
-3.77100831128181E-06
-5.95243584579744E-07
2.18496585993474E-06
1.28266012830599E-05
-1.2760244921512E-05
-2.43852528761975E-05
2.89706165836858E-05
1.62677909242139E-05
3.25294106721357E-05
4.57958694123986E-06
2.18040474220126E-05
6.00851660989593E-05
2.56043888749651E-05
-2.99495200853625E-05
3.92593218720687E-05
-1.45715085533647E-05
1.31414180838355E-05
-4.77002336862534E-05
-5.68992442204106E-05
-1.59948654823236E-05
1.47603997696536E-05
4.38442868835875E-06
-1.38755185340249E-05
-3.64213812880965E-06
2.50047814898149E-05
7.54057625715103E-05
8.23165299787204E-05
9.42254852887228E-05
6.25417514383554E-05
0.000122439670775825
0.000112960580866998
0.000103982171879025
6.61342670866679E-06
-5.57911209274829E-06
-4.22748784410774E-05
-1.07711801869311E-05
-3.6937068498488E-05
-8.6051534332218E-05
-6.05511339315165E-05
-6.27987177646237E-06
2.21463083800334E-05
8.59271492487394E-07
-9.19648262556712E-05
-7.12408405184979E-05
-1.42980754351097E-05
-4.85488495914268E-05
-0.000101300026165315
-0.000154751637301904
-0.000152247962135985
-8.79335291104646E-05
-0.000103240376204841
-0.000104027794270095
-8.67608026429663E-05
-7.99032907863785E-05
-2.14207490507341E-05
9.00232014163507E-07
-1.04099063682503E-05
-8.42677754288846E-06
-2.11027834729748E-05
1.69216113042431E-05
6.19227716644172E-05
1.20106128075748E-05
3.31439033069091E-05
4.19846005059984E-05
4.63711909442515E-05
5.45398658228675E-05
2.14915548043944E-05
-1.79060159272506E-05
7.90516148484507E-06
-4.95430897159616E-05
-1.60419344355336E-05
4.64809431003488E-06
-2.87490390810622E-05
-5.81017301247035E-05
-2.30153901466734E-06
-1.63465580163241E-05
5.48399629764142E-05
4.12944176997061E-05
-1.38662884776026E-05
1.44504596919301E-05
4.73259925850084E-05
-1.52262098868713E-06
1.23464806450855E-05
-1.05953653945985E-05
-5.15219316669616E-05
-3.16479701999888E-05
-3.67136579466101E-05
-5.89202823299998E-05
9.19142115130851E-06
-3.46814865750154E-05
-4.18232039156938E-05
-7.12397076828702E-06
4.61433423610712E-06
-1.4372074839857E-05
3.70912402049834E-05
2.09661616051198E-05
5.2681679159592E-06
-1.46739826152694E-05
-3.5249728247836E-05
-3.55961649656324E-05
1.44204165705616E-05
-7.75609471454841E-06
-4.15490446417023E-05
5.65637550678531E-06
3.34326205308049E-05
4.53992400603068E-05
3.08244643411836E-05
2.30662388354967E-05
-1.50164751750214E-06
2.84679277489227E-05
1.47115837227732E-05
2.05925532317652E-05
1.58720420665073E-05
8.91317590427136E-06
-2.66957864758629E-05
1.95445464565638E-05
-3.89726510826637E-05
3.38825626018032E-06
1.10485728828753E-05
-4.77241358677128E-05
-2.98472226973305E-05
-5.65029007131028E-05
-7.25521552072119E-05
-2.70939337903127E-05
-3.30714554092657E-05
-6.31973356870733E-05
-3.29860453655367E-05
-3.83914948377203E-05
-2.40301585026909E-05
-4.7204653950876E-05
-2.9010462693312E-05
-1.5066341453023E-05
-9.64793773047121E-07
1.56896556139622E-05
5.58286241238072E-05
6.71308547968655E-05
5.09000183377109E-05
5.2684114523147E-05
5.85267634160174E-05
6.02098963333817E-05
6.97188907982093E-05
4.04347323090515E-05
3.77264187858918E-05
-2.11621739597255E-05
-3.41426514646935E-05
-3.51760705473076E-05
-5.26749182707292E-05
-5.26696191498384E-05
-3.0762140541139E-05
-4.9273613675831E-05
6.94945860340958E-06
-8.40400476653672E-06
-5.91962015980631E-05
-3.93390718884543E-05
-9.58923960768852E-05
-6.93384882783058E-05
-5.07910812919374E-05
-9.39290164977422E-05
-5.64159420956566E-05
-5.16098459178088E-05
-5.54275936576758E-05
-1.73716445835509E-05
-6.60238567507653E-05
-6.44415088147967E-05
-1.66159459273436E-05
-8.77876507239797E-05
-5.89218684862221E-05
-6.84166535041288E-05
-0.000128483199699124
-0.000117771427246643
-0.000108664005595222
-0.000115662495963139
-9.11493598857673E-05
-0.000165594385367577
-0.000119639087477644
-4.41326636011055E-05
-7.57115048583135E-05
-7.84667815302781E-05
-7.25093686076855E-05
-5.76661604495596E-05
8.42162685705359E-06
-5.7030069856754E-05
-5.75686544602361E-05
-6.06718102392721E-05
-4.71149553504533E-05
-2.86358568100798E-05
-5.28635577621887E-05
-3.17685510818262E-05
-5.57233059991614E-05
-6.41022420495098E-05
-3.78499922747377E-05
-2.10856412826196E-05
-2.74226002028877E-05
-5.99453972911366E-06
-5.37206971347947E-05
9.39372733558149E-06
-6.42398989111273E-06
-5.36485506346252E-06
-2.32886502837982E-05
-3.12882332027259E-05
-1.66708030690863E-05
5.98433581505989E-06
-1.24846975977253E-05
1.18251926941628E-05
-3.30082492218067E-05
-4.28415322559386E-06
-6.23719173816367E-06
-6.43043721160076E-05
-0.000106018241415568
-9.57754424526096E-05
-9.89625553220607E-05
-6.52203790169783E-05
-0.000128908570959583
-8.9358457266457E-05
-7.48661131172195E-05
-5.47155945312165E-05
-8.7954082242535E-05
-4.13331631734202E-05
-2.97107105670485E-05
2.54252675364385E-05
9.10281931412079E-06
4.6423780120423E-05
3.6708999557412E-05
4.22222542335603E-05
-6.89331110802336E-05
-8.06585938389375E-05
-0.000116161251492383
-0.000120040225507453
-0.000155835374530751
-0.000130962100488836
-0.000124486143459114
-3.1265310743268E-05
-3.70760788422132E-05
-4.00698897654504E-05
-3.3506034189877E-05
-8.06709344887824E-06
-1.92985940287118E-05
-1.54359452275069E-05
-7.88233569426908E-05
-9.57456496675676E-05
-7.65925283316494E-05
-8.34139058341844E-05
-6.49797095040347E-05
-0.000103135479397447
-0.00010308848714326
-9.76657566607253E-05
-5.06949164908495E-05
-6.29612409167404E-05
-4.42663452046315E-05
-4.18767361392963E-05
-1.37720902195192E-05
-2.03901058775009E-07
4.09657397563932E-05
4.42971315967882E-05
4.49029942562805E-05
5.30178607873951E-06
-0.00011633865950932
-0.000105824050411399
-0.000128268520809504
-0.000156327045101952
-0.000129888051951407
-0.000133200843593153
-0.000119043245652053
-8.27283770371283E-05
-7.478348716626E-05
-5.26434665238568E-05
-4.92336104012059E-05
-0.000121835491028878
-0.000139092985853413
-0.000129991094065078
-0.000122410327700244
-0.000147654807652462
-0.000138295665347565
-0.000165683335104784
-0.000162514346709645
-0.000153091609498352
-0.000209123211977111
-0.000127597942389761
-0.000133989241348483
-0.000185450211779533
-0.00016576641001783
-0.000146612937040368
-0.00013900872429918
-8.38946324860734E-05
-0.000103043117798144
-6.30799133999139E-05
-6.37108899196624E-05
-6.78510735267791E-05
-5.21952084876976E-05
4.44863585307145E-06
-6.73816808690481E-07
-5.00166666393348E-05
-9.63720527122121E-05
-6.16044020617159E-05
-7.34093849794863E-05
-8.46795670526821E-05
-0.00014156781079561
-0.000122546290288841
-8.97307537847133E-05
-5.50387076050657E-05
-3.42013948605746E-05
5.00932576924131E-06
-1.42166309823723E-05
2.01810994942681E-05
1.32087295171973E-05
1.79409589768609E-05
9.11366351292267E-06
-4.58928948461046E-06
-4.27867130036215E-05
-2.22128182692287E-05
-3.17250781089843E-05
-1.54644977612301E-05
1.08404741024097E-06
-4.11860747155028E-05
-6.04476120553734E-05
-4.5410349202175E-05
-4.85381518924145E-05
-9.55977511277091E-05
-0.000119889132068594
-8.95355578672197E-05
-4.28725948368555E-05
-5.54053460830446E-05
-7.73804294786857E-05
-6.44709977711272E-05
-5.65046924642148E-05
-7.19054997597729E-05
-7.80687695539367E-05
-0.000116907058601119
-0.000112272629612634
-6.61751850703044E-05
-6.06934376969636E-05
-6.80556499622936E-05
-5.01485845965318E-05
-9.34529413017132E-05
-2.43021349667369E-05
3.92730444931004E-06
-4.27788265421542E-05
-3.52176803929525E-05
-8.00297974148924E-06
-2.88403476589891E-05
-3.66531090508506E-05
-2.98367074118621E-05
-6.34129965690611E-05
-3.33349577260396E-05
-1.68816225412511E-05
-7.4539145265786E-06
1.27975575370655E-05
2.22680541495662E-05
-1.02321595001385E-06
2.70542498293327E-05
4.68034015140168E-05
-1.59467567791785E-05
-2.91481556011431E-05
-3.88911553939292E-05
-1.97235056680488E-05
-4.18006743231482E-07
-5.84542813649721E-06
-1.52771240986278E-05
1.58963622688797E-05
5.51366497223713E-05
4.43012407634038E-05
-1.86897310256552E-05
-1.95703300455608E-05
-8.51994693650759E-06
1.28575036454387E-05
8.53513907441712E-06
-2.62695420461175E-05
-2.42566719703048E-05
1.47654766315362E-05
-2.79821852692317E-05
1.53461967644799E-06
-2.04015697627276E-05
-7.06292330369576E-05
-4.92440560936076E-05
-3.83888505897801E-05
-5.00470011997765E-05
-6.98341724633919E-05
-9.98641964472569E-05
-0.000144182630182667
-9.72964273133077E-05
-0.000110988216240002
-0.000114297912562806
-7.34906809368092E-05
-4.75045515441808E-05
-9.00999340284022E-05
-6.22888285871887E-05
-3.74274537206974E-05
-4.8320638470974E-05
-5.60968516234499E-05
-3.20916254833424E-05
-5.87347647565157E-05
-5.38884490361275E-05
1.22711498053581E-05
-2.76656983420978E-05
-1.17436568155066E-06
-2.90597998761021E-05
-6.93528482430451E-05
-7.3661794381718E-06
6.02449209478342E-05
-1.50905371294337E-05
2.46447666709822E-05
1.94406302148229E-05
5.82734302834958E-05
7.06464101902819E-05
0.000109638048647585
7.77616180303579E-05
0.000124623084887331
0.000128013237225871
0.000103415728147393
8.39534969819006E-05
7.85276961523546E-05
8.31059087466029E-07
6.84583167245398E-06
-4.35702734902946E-05
-8.86927541995299E-05
-7.88515500491548E-05
-4.42172632089425E-05
-4.69695613141415E-05
4.47039312246235E-06
1.50847678214808E-05
-1.04765060550277E-05
4.20533597795903E-05
6.91305874685858E-05
3.79898208987496E-05
1.61593873132802E-05
-3.48555429106062E-05
-2.46865294802256E-05
1.14597799431902E-05
-2.93726511970352E-05
-9.51407226036798E-05
-9.47789817198037E-05
-3.92113296693525E-05
1.04183731414473E-05
2.36492174199564E-05
7.15975897452749E-06
1.40475611488348E-05
2.55555362165546E-05
9.39339485806095E-05
6.72028408622582E-05
-8.50697730552959E-06
-4.85944809549476E-05
-2.76203979707278E-05
-4.29108748224282E-05
2.17574628611766E-05
-4.63264945570411E-06
-4.22741303613269E-05
2.60868255332488E-05
3.39630416652584E-05
2.21745971818075E-05
7.33477702306031E-05
2.74763102862338E-05
-8.43824113691847E-06
-1.34434088378166E-05
-6.54019287403479E-05
-7.49630081472694E-05
-6.93548843132095E-05
-4.2125989390511E-05
-2.98402860999438E-05
-1.01977483218297E-05
1.24722989028701E-06
2.94979157362975E-05
5.69757218512049E-05
8.01375874453313E-05
2.79660352561277E-05
2.22836124560232E-08
6.22978243564753E-06
3.63287928629437E-05
6.91903202666761E-05
5.49256137878699E-05
6.6964526247361E-05
6.38343903709343E-05
7.74125203093943E-05
6.46326478288795E-05
2.28278892466815E-05
-2.13871809260981E-05
-1.10184069070364E-05
-5.34343997277569E-06
-1.98920344554953E-05
2.98446211778719E-05
-3.17247730198658E-06
1.51455664015515E-05
2.05379805131923E-05
9.37955571870612E-06
-3.77023115495547E-05
-2.03846531456737E-05
-4.70055765550492E-05
-1.30329881224301E-05
-7.43723621069278E-06
-3.9543237609532E-05
-5.31091116158103E-05
-4.19398132894139E-05
-6.33170076595315E-05
-4.21866179081388E-05
-7.22587749066575E-05
-5.56912127964206E-05
-5.6948905851597E-05
-3.6247102428231E-05
1.22190582204618E-05
-2.03708012993212E-05
-2.99309207899083E-05
8.10214152423022E-06
6.46729418700886E-06
1.72545235870377E-05
-6.88864276598874E-06
-1.44536637131767E-05
4.1309022766009E-05
-3.35103578225668E-05
-1.83778890885345E-05
-3.60525121956864E-05
-3.33566861016738E-05
-1.37369460093978E-06
-3.41343058030964E-05
-4.50523952765778E-05
3.33900186333215E-05
-1.74223196898957E-06
-5.19994505721342E-05
-3.17194453174944E-05
-4.14466570340822E-05
-4.75685774201469E-05
-4.51723257393787E-05
-9.32101292393153E-05
-8.73677073231579E-05
-9.51940670432964E-05
-5.69540706749492E-05
-7.38131882660204E-05
-0.000107501902820031
-8.31248662111574E-05
-9.44186850145471E-05
-5.68941381291201E-05
-1.6454772911E-05
-5.6327458808717E-05
-5.93730682983075E-05
-2.75895549426794E-05
-0.000124781899332701
-5.10912837637477E-05
-8.27174763722676E-05
-8.45955173215125E-05
-8.76009563779584E-05
-0.000113627063795675
-8.18020831720827E-05
5.37370119440255E-06
5.75332670004874E-06
1.346999901863E-05
4.71596528336976E-05
3.83976920371714E-05
8.42772117392673E-06
-5.50901450477338E-05
-0.000119227073521202
-0.000170708085347227
-0.000178858952291066
-0.000206741275089761
-0.000232746681907605
-0.000121792281764823
-0.000148983117293201
-0.000113120236485114
-0.000120480146973036
-0.000130633661659835
-0.000170422514949362
-9.65169929833981E-05
-0.000183382078834054
-0.000182405843381297
-0.000161927926795429
-0.000148533031180981
-0.000135198141415859
-0.00011612101298606
-0.00011927807834478
-0.000120154578764508
-9.2504432394015E-05
-0.000108800182503337
-0.000101171181070426
-0.000119010685917519
-5.83299809545155E-05
-7.8838761674225E-05
-2.70463909432984E-05
1.00533059553727E-05
-1.35291477608124E-05
-1.45459589685478E-05
1.00498694553477E-05
-5.24475745854426E-05
9.90025912918786E-07
-1.63943173147268E-05
-3.91638456887819E-05
-4.28381034795792E-06
-1.41850984642687E-05
-9.82086437333178E-06
6.4660136177635E-06
-6.50441739573048E-05
-4.09225065377084E-05
-2.64397303709177E-05
-5.94333619230505E-05
-2.44833340192252E-05
-4.47399261610413E-05
3.02202768639527E-05
5.03934171724424E-05
2.72634939161322E-05
3.35542049829429E-05
1.8947478979654E-05
-1.79819879160335E-05
-7.22905604517784E-06
-8.15409182942341E-05
-7.17238711859337E-05
-0.000118491101845495
-9.35405025198976E-05
-3.67976456117416E-05
-2.3990431450035E-05
2.11899018715174E-05
4.75861801338183E-05
3.92465769282424E-05
0.000100150020428785
6.45624692228642E-05
7.19331888270062E-05
4.18269311870087E-05
-1.58550092896948E-06
7.54902362373702E-06
4.03170783344559E-05
2.6939179111769E-05
4.15995424449313E-05
3.66543940628079E-05
5.18339674394428E-05
1.35693079814112E-05
1.7840804991597E-05
-6.02915369116043E-05
-7.92531890576038E-05
-5.32016905038367E-05
-7.2436937549524E-05
-4.24825180275477E-05
1.2960420717474E-05
-1.62515769195321E-05
8.44871457150333E-06
3.85470797390001E-05
5.17613035918776E-05
6.02746360136911E-05
6.05307649736515E-05
-2.52393775700558E-06
3.42341477605974E-05
6.20211303882756E-05
5.32607427689227E-05
2.64408220403715E-05
3.60229233470073E-05
-3.67866258472119E-06
2.1895626092983E-05
3.26885867690702E-06
-1.6317249174386E-05
2.54510014020574E-06
-7.38258803962704E-06
-2.23965503235071E-05
1.73123281391049E-05
5.12628241626613E-05
5.64685476570888E-05
4.82189639367186E-05
1.38170959012344E-05
8.92287692412623E-06
2.97954941245858E-05
2.88952593130649E-05
4.93748221630614E-07
-9.90977302829722E-06
1.84329396676949E-05
2.79933057888259E-05
1.43495760852847E-05
3.69484248048649E-05
4.20718287785692E-05
2.25703103580115E-05
3.51766812839312E-05
5.0880980870309E-05
7.2857461943195E-05
7.42856981764667E-05
1.01026457047518E-06
-2.87077903984822E-05
-1.04971254808062E-05
-5.0394858261851E-05
-6.693472981087E-05
-8.80118686301124E-05
-5.60879368390095E-05
-5.90265556672497E-05
-1.57602902393713E-05
-2.00137822999697E-05
9.08716446639168E-07
-3.3397566071682E-05
-6.0829162311923E-05
-9.12848333469488E-05
-3.42507256326828E-05
-0.000100564705442492
-8.25182328335607E-05
-7.83305065887499E-05
-7.66551342664989E-05
-1.02651311902387E-05
-1.74514803933091E-05
-3.6735351801279E-05
-9.99936765203153E-06
-1.22627740096925E-05
-3.31027686400788E-05
2.91380606640239E-05
-7.16532696885334E-05
6.02626170011416E-07
-8.96516786973408E-06
2.63055826078399E-05
3.82600072648393E-05
2.98381189261359E-05
-1.54715900813306E-05
4.60970600861422E-05
-2.64265794347395E-05
1.31027297692971E-05
-4.81787558534934E-05
-3.34275711312165E-05
-2.21831475434785E-05
-4.30663631255002E-05
-6.13278651072684E-05
-4.27156801338682E-05
-6.18599531479424E-05
-6.03518276756368E-06
-2.85735335010994E-05
-2.83051704510289E-05
-1.0886971683798E-05
4.03647964980298E-05
3.05896656819886E-05
-2.51413314510742E-05
-7.17210711191297E-05
-2.87802115083761E-05
7.68189512368343E-06
5.79515060322493E-05
4.34138327450363E-05
5.55245539776218E-05
8.77343394622868E-05
9.30816932079647E-05
4.48002914295416E-05
4.2443751216262E-05
-2.6043079953147E-05
-1.20848729798502E-05
-5.25708439295649E-05
-3.15955024452549E-05
2.6080151234437E-07
3.64762467068012E-06
7.56276226992633E-06
5.73771533192053E-05
3.23981064928711E-05
5.02416565956874E-06
-9.33609516417835E-06
-4.1369364037929E-05
-3.98752357245387E-05
-7.33726681432715E-05
-8.74790615777844E-05
-0.000108239162518312
-4.85197840984025E-06
-9.71334568403945E-06
2.34704287242077E-05
-1.1094684342788E-05
5.44251836223759E-05
7.78634674318518E-06
3.94342599990268E-05
-2.20896686204479E-05
3.35960566247907E-05
2.74086212889126E-05
6.19699626576984E-05
-3.59412787627242E-05
1.22111544023698E-05
6.39153758985939E-06
3.52559654527017E-05
1.0700232098098E-05
5.63760861144491E-05
5.53792111571513E-05
8.60476776449973E-05
9.21570280872023E-05
8.52261115767822E-05
7.85453254084533E-05
3.84449078037161E-05
-8.75480324141573E-06
-4.04757601557125E-05
-3.8519902064111E-05
-1.25460295405921E-05
-3.84531799640414E-05
-0.000103492713307216
-6.47568121073561E-05
-0.000100429183545839
-0.000106483985480031
-7.06586460331009E-05
-0.000129216136116497
-7.28829414906308E-05
5.37056717078744E-07
-4.79215368669315E-05
-1.49916260461064E-05
3.31829557037635E-05
3.95440270136611E-05
6.78927622266783E-05
3.95216632498699E-05
1.29356239236381E-05
5.87183137665071E-05
3.09360995127908E-05
-1.85851426002243E-05
-1.41767917179978E-05
-2.57599597492928E-05
-2.20322402805256E-06
6.16589727279321E-05
5.12218133799111E-05
7.11875263585381E-05
6.8665107087796E-05
3.38526625664425E-05
-2.51571815737497E-05
-6.47892588390984E-05
-0.000100183592934669
-8.14556060652718E-05
-9.11482812471391E-05
-2.55799076005324E-05
8.62453966733667E-07
4.60212578768394E-05
3.27420677330105E-05
2.26215795125255E-05
-2.79802670802589E-06
-3.52489005697208E-05
-0.000114694055472763
-0.000106262828450962
-6.77965133833428E-05
-5.95820207455596E-05
-6.0202345365705E-05
-6.6081788625056E-05
-3.53416217286467E-05
2.93624367485961E-05
1.69062063869674E-05
-7.10366668952739E-06
-5.09453106109541E-06
1.89649926405924E-05
6.06497133052434E-05
4.98958468570415E-05
6.6718247392562E-05
2.71952741692698E-06
-9.51580452872665E-06
3.64561612432064E-05
-7.67822486362391E-06
-2.6762491646814E-05
-2.12460764256627E-05
-5.29846894030175E-05
-2.28424481631285E-05
-1.5186559083964E-05
-2.42778504214131E-05
-1.25529812203196E-05
-3.30811138695069E-05
1.26906624129422E-05
-1.06324035957041E-05
-1.4081363780785E-05
-4.21006780358298E-05
-5.78363560520391E-05
1.24504778083308E-05
5.88255934836135E-05
-2.5812494720555E-05
-1.91805496086743E-05
-8.37909094003965E-06
-3.91395751940579E-06
-5.44279860509446E-05
-6.91587122858644E-05
-0.000123508952186192
-1.61231212449343E-05
-1.41900993219726E-05
1.12618994432714E-05
5.22621986427956E-05
9.66070289304748E-05
7.16624977240776E-05
5.70362167312645E-05
1.2759578342637E-05
4.28460851818054E-05
6.62757382005203E-06
-4.39125488359977E-06
8.50186597962583E-06
-4.95408704986093E-07
4.0108779408045E-05
2.78289046191568E-05
5.69147454092937E-05
4.72163438039863E-05
4.65260918162069E-05
1.01524665923532E-05
1.12580944970754E-06
-4.13144218110241E-05
-3.99128367081781E-05
-9.62611618308126E-05
-6.04844055520988E-05
-0.000104745039872855
-4.33493636811979E-05
-4.86740169203953E-05
-3.95853735322904E-05
-7.3343762863829E-05
-3.5505471480211E-05
-7.8959063478416E-05
-5.63304374104242E-05
-6.51253212745766E-05
-4.63844421971537E-06
1.95530299397911E-05
5.07061418605071E-05
-4.38440952371873E-06
5.75547251541551E-05
6.28651111951138E-05
1.44845291990988E-05
-9.09744724143394E-05
-8.08341967130405E-05
-7.38183233537803E-05
-6.69504786811051E-05
-8.09080246648748E-05
-7.27491135164603E-05
-6.89416141560695E-05
-2.81579485479909E-05
-5.6669234083208E-05
-4.78667364815005E-05
-6.15911169960447E-06
-4.80631054184219E-06
-1.63873937471986E-05
-3.58687013519023E-05
1.56876471042184E-05
6.09337072784723E-05
-2.79165798979562E-06
-6.29681392892007E-06
-6.84470355743184E-05
-6.73896619937156E-05
-2.18395362470326E-05
-9.15075982764261E-05
-0.000167488649884074
-0.000115718873819446
-0.000156915562079649
-8.42000080281337E-05
-7.10272788514993E-05
-6.66766012552439E-05
-1.29040324325979E-05
4.37713981963891E-05
2.16337784606408E-05
4.20812592149714E-05
3.8774038731327E-05
3.02411985629794E-05
1.57454033193429E-05
-1.07086514762835E-05
-4.84000941484343E-05
-1.15862219412828E-05
-1.81023404551635E-05
-4.39120581336131E-05
-2.99297455949289E-05
-4.40754568766742E-05
-1.5315022977202E-05
1.63279953435782E-05
-4.13216917098173E-05
-4.24979802347483E-05
3.90058380624955E-06
-8.3628732676768E-06
1.94329332105006E-05
-1.53793617297661E-05
-2.43176816272567E-05
-5.38802079313399E-05
-3.49754206372846E-05
-6.79882159534253E-05
-6.15472593687916E-06
-6.29922782572199E-06
-7.20407443634402E-06
2.20658856227533E-05
8.95740993568069E-05
4.27964495982478E-05
6.77508850469222E-05
-2.11103383276261E-05
-3.45920496163675E-05
-3.005671765191E-06
-8.93656362087476E-05
-5.19364018649788E-05
-4.92890767396768E-05
-7.92034104695543E-05
-1.84665602924292E-05
-8.22328393769591E-06
1.03976405712204E-05
7.81475870058871E-05
7.49728320281351E-05
0.000115717024064318
0.000111225999183275
9.56933141146377E-05
7.58784784328393E-05
1.36266551457993E-06
-2.02099312907194E-06
-1.25042873626431E-05
-3.68549954116254E-05
-4.25960741774996E-05
-4.88485529474322E-05
-3.75276712867019E-05
2.83389941008721E-05
9.89326671545759E-06
-1.01664698451158E-05
2.67610143254174E-05
4.19650825949272E-05
8.49786162992348E-05
9.86389120733047E-05
4.7961128407908E-05
5.9831851155583E-05
6.83046203845744E-05
4.73725956995022E-05
2.2035817944095E-05
-3.20246150855235E-05
-6.04938422342135E-05
-4.10965557371849E-05
-6.51148655755551E-05
-7.65177919882528E-05
-7.39722211700725E-05
-6.66109046842762E-05
-7.17388744615905E-05
-5.96550801648572E-05
-9.5602208943904E-05
-5.81486084114403E-05
-3.96897421441345E-05
-3.14735831912636E-05
5.92090025510329E-06
1.08588999979402E-05
-2.36888331368976E-05
4.43388537779807E-05
4.0966331481282E-05
3.3071989956434E-05
1.99111840189112E-05
1.16556532082398E-05
1.46127435174712E-05
5.52829409109634E-05
1.44711623521162E-05
9.60316777696952E-06
4.67785279783038E-06
3.26570888613696E-05
2.51535744723541E-05
1.37649901027897E-05
4.89490947743964E-06
1.24341786818595E-05
5.88488315188016E-06
1.67201216603888E-05
1.33411738975854E-05
-3.97929282727454E-06
4.56167521075971E-06
3.15402410604695E-05
4.86039625648197E-05
5.0476714936215E-05
9.39226542690256E-06
-1.81489892189394E-05
-1.63718739505859E-05
-5.10808940649804E-07
-3.59082911599279E-05
-1.82836008341287E-05
-3.6939189242432E-05
-2.21517649372798E-05
5.75335879378214E-06
-3.1671452229524E-05
-5.50484649744207E-05
-1.72428464757681E-05
-4.97255524777482E-05
-0.000125821646352332
-7.93903738852836E-05
-9.62517508044032E-05
-1.76720742665026E-05
1.49641619297602E-05
3.38787563747634E-05
3.95786651940292E-05
0.000115360657678785
8.18942010265729E-05
0.000103519051289942
2.00919565209525E-05
-1.39801480180502E-05
-6.51452213570575E-05
-9.16028635348955E-05
-8.6759425794235E-05
-7.1352887368313E-05
-0.000100886453693096
-6.12904503034367E-05
-6.05119850529304E-05
-4.77213034395324E-05
-5.04163419329997E-05
-8.40816538682292E-05
-2.53347433898427E-05
-5.11682234219413E-05
2.71767888065363E-05
3.63768455060921E-05
6.40422189307351E-05
8.39622748135676E-05
0.00012400052838568
7.78103726035993E-05
0.000141939124666896
0.000105346841456827
8.13472940664983E-05
1.54512580175094E-05
1.32861553056317E-05
3.31715699567848E-05
-1.26847234572311E-05
-3.12869289838628E-05
-0.000117862998978005
-8.76601676615465E-05
-5.77837316524237E-05
-1.19433639839212E-05
-4.73231652937536E-05
-8.26979212280726E-06
-5.49665917773146E-05
1.97665923756993E-05
1.75181899006549E-05
3.72263379816103E-05
3.48864231676388E-05
9.03929467792131E-05
7.07176806171041E-05
0.000106814077263044
5.39840088702111E-05
7.33232233588211E-05
1.32994019823249E-05
2.92888716621813E-05
1.35169171434658E-05
5.67585131639716E-07
2.32529613536933E-05
2.29453038215466E-05
5.7924076751728E-05
0.000101161967455312
7.27586114121484E-05
3.95703796495992E-05
4.81152167853884E-05
5.44377487194978E-05
0.000102634301319619
7.97494652523079E-05
9.4524042214997E-05
8.32391312394384E-05
9.89258927744917E-05
0.000102300049900308
0.000100771481529099
4.73187964240432E-05
5.840669138161E-05
-1.61805116953521E-05
-2.46341109444497E-05
4.35856380859607E-06
2.50865625654598E-05
1.26037583282451E-05
7.53115670949851E-05
6.29424691695923E-05
9.06437082663827E-05
5.24199894521681E-05
3.18008925568124E-05
2.45499237575082E-05
2.65477627100798E-06
-2.87921693102993E-06
-6.00645373302884E-05
6.31241558560989E-07
4.88741506744783E-05
8.20405335203798E-06
6.02418661168699E-06
5.28353311582189E-06
2.9987734851326E-05
-7.01817677657355E-07
-1.88944982025257E-06
6.37317390218646E-06
6.03612137562056E-05
7.97552896952176E-05
9.01655539057991E-05
3.43019683831512E-05
0.000102689020418515
0.000133472040334939
0.000124996678159058
0.000144957321174637
7.78025910053219E-05
-1.49346041169744E-05
2.36248490243188E-05
2.19821780739171E-05
-8.2084393973035E-06
-1.51904190627974E-05
-7.10856676401015E-05
7.2321877771185E-06
0.000114279644978476
8.38774706321759E-05
7.43497878489138E-05
2.2240210670155E-05
4.99840573839079E-05
9.26623164763142E-05
4.335166735432E-05
3.48487230293393E-05
2.78541932008504E-05
2.47769887182423E-06
3.65690234965687E-05
-1.92340253321164E-05
-5.43566572219337E-05
2.29551279999576E-05
-1.69900635596695E-06
2.30753167923904E-05
7.0108786160841E-05
9.50958196447158E-05
0.000128650818071729
0.000103467032910312
3.615833451472E-05
5.59083333330769E-05
5.02195218887188E-05
4.95918944056885E-05
3.29385269652209E-05
1.3216632349346E-05
6.03325692670667E-05
2.52106494747877E-05
4.79650307083096E-05
3.32218153970185E-05
6.46818847343546E-05
3.96706331862853E-05
6.77723152753134E-05
2.4481426005354E-05
1.75028988996465E-05
-6.89965302285625E-05
-5.53030151093286E-05
-8.636342904631E-05
-8.36380201622577E-05
-7.26902608940028E-05
-1.57179787460203E-05
2.72455741724494E-05
7.58744037938422E-05
8.70806628012688E-05
-1.46859877187704E-05
3.59722967392647E-06
-3.91433833083729E-05
-6.01025455245312E-05
4.5805518307064E-06
-2.55139098330557E-05
-7.23560060373053E-05
2.55917525294024E-05
-1.05271282605315E-05
5.51687591079204E-06
1.30239669747233E-05
-2.9028903541886E-05
-7.44040122909466E-06
7.51736425965653E-05
4.42157038835824E-05
8.75634903370278E-05
9.68158311645352E-05
0.000110267745591008
0.000105406911042019
0.000121402684543051
5.45555883701596E-05
9.24578500534344E-05
6.93829568890106E-05
3.57727654220078E-05
1.77564352987778E-05
1.1964224625955E-05
5.8585683467875E-05
6.14421683894932E-05
-1.81766545519255E-05
4.26024629020281E-06
5.80538390223359E-06
3.71053429916034E-07
1.32544608675864E-05
-4.91799253386158E-05
-1.38500064445415E-05
1.78845896686568E-05
-1.29785251615452E-05
1.36243860935197E-05
6.02403585361934E-05
1.93924447242057E-05
6.16128463372861E-05
4.93032529754928E-05
6.70167894287693E-05
0.000103057712665692
7.33086862518453E-05
3.23794841841689E-06
2.6841766027871E-05
-6.18202752404528E-06
-2.94112661681004E-05
-5.01776034574272E-05
-9.44023609184545E-05
-4.67301787165356E-05
-6.82743046176274E-05
-7.49263926417717E-05
-0.000116616296358335
-7.3011318784156E-05
-3.3788842259537E-05
-6.22239998894309E-05
-6.40872057476659E-05
-9.69981916457706E-06
1.37861893822045E-05
7.15911552243991E-05
6.56246517320059E-06
-1.97915970520346E-05
3.72859125398954E-05
-2.9180542406273E-05
-2.1572506894588E-05
1.2508482250231E-06
-3.10889778580752E-06
-1.70689346487907E-05
7.85243146999336E-06
-2.62569896193883E-05
3.91095068460625E-05
1.9403996444054E-05
-2.46459624352389E-05
-8.53497775492843E-05
-4.03091703211951E-06
-1.46462593193845E-06
-1.75005162415314E-05
2.1830278548339E-05
2.39193115953327E-05
-8.228593241783E-06
8.22415170151345E-05
5.7218957529147E-05
4.06585345648627E-05
8.2139968470832E-05
2.88979048745613E-06
-1.40742935720244E-05
4.64704408786781E-05
2.03515677942216E-05
5.74717470688554E-06
9.71627774269339E-06
-1.64270760340021E-05
-1.91711197073055E-05
5.63194379719395E-06
-1.84912952953679E-05
-5.15012669667869E-05
-3.42327535180556E-05
-3.53624703417693E-05
6.6384341824758E-06
-1.5535875144383E-06
3.11728794185293E-05
2.61468477411234E-05
2.25325951087279E-05
9.03340351016617E-06
4.5770147117934E-05
9.65673463658325E-06
1.47162542746711E-05
1.08609637513743E-05
-1.7639758774933E-05
-8.63379603305256E-06
1.17410361121306E-06
-3.24829242500127E-05
-5.54477497513653E-05
-3.33003284071671E-05
-6.1964593875826E-05
-1.67962854765385E-05
-6.46387925368127E-05
-0.000108139299741097
-7.38954765209533E-05
-5.88029880211298E-06
3.1953898359039E-05
8.30172153349452E-06
-1.4180105242388E-06
5.02934930146658E-05
0.000103000857970266
4.47037934816145E-05
1.74616237444828E-05
1.21129609857917E-05
2.98474492221831E-05
1.77974271207264E-05
-9.86894701427604E-07
3.07853644947283E-05
4.41988260348727E-05
3.91953746089439E-05
2.39912484315848E-05
-1.06549185195193E-05
9.91494679251563E-06
2.19106500096113E-05
-6.62178740864867E-05
-5.09469856288177E-05
-6.28781921487631E-05
-4.19250153647907E-05
-3.48342563987483E-05
-8.31585571983969E-05
2.22433621281313E-05
6.13442085550298E-05
1.29791832128835E-05
5.10261149129793E-05
-1.5160323712036E-05
-3.01259512228091E-05
4.68166807405699E-07
-5.92630242936881E-05
-4.33144574587318E-05
-2.45116324404207E-06
-6.81435641207805E-05
-5.20180184975708E-05
5.42811183312849E-06
-1.51960713039236E-05
-1.95502288565866E-05
-3.97758784832849E-05
-1.61276518617854E-05
3.99113985307692E-05
6.81174208286678E-05
4.16407363905176E-05
7.9127925651328E-05
7.47138860362356E-05
0.000106520293175316
6.22360712494866E-05
7.20475093943003E-05
5.00053134129916E-05
6.60986428021258E-05
3.95763135942314E-05
4.86561458489707E-05
1.6053770028567E-05
2.85446682135533E-05
-4.31804613822472E-05
7.15049525268188E-06
-1.97258574579025E-05
3.45177969992715E-06
-3.44776121249268E-05
-1.49961859879883E-05
-1.2402879389231E-05
6.03733528331001E-05
2.49891997461671E-05
9.43224279008895E-05
8.78196797330362E-05
7.21029592940684E-05
6.00242896828496E-05
2.15496867462833E-05
1.98233396739472E-05
1.95661386517959E-05
-7.78325178271075E-05
-9.01213072628612E-05
-0.000101717241621362
-9.05794477923538E-05
-4.50198136760147E-05
-5.92775992944894E-05
-8.00751080425472E-05
-3.43499132098947E-05
-1.0672564710029E-05
1.20921058936028E-05
-2.22549968824902E-05
-7.90929833679238E-06
-1.0695506314126E-05
-8.82835059855372E-06
1.25833289276468E-05
-8.87027523213253E-06
-2.2874026524524E-07
2.82465100171732E-05
4.80238878943311E-06
-4.31036194820543E-06
3.24667435115625E-06
-5.2652450323269E-05
-2.27932355770252E-05
1.84170934554918E-05
-1.84320381574381E-06
-1.88403470983739E-05
-6.30056359083904E-06
2.74232872946436E-05
9.63939034873371E-05
4.38773524117975E-05
3.41293845999903E-05
3.54071244950395E-05
5.8220615966529E-05
1.59243078031596E-05
-2.95574215078697E-05
-7.13342260798977E-05
-3.06937039886576E-05
-8.55957620048774E-05
-8.32813401124542E-05
-9.4640917189616E-05
-8.73125269137331E-05
-6.21050682547622E-05
-8.18855685388108E-05
-8.10202026081731E-05
-4.55362190271073E-05
-4.52473375562763E-05
-1.08303759901808E-05
8.76964669708743E-06
-7.96529221097515E-06
3.4511116437617E-05
-4.01296167290502E-05
-3.00480092874916E-05
-1.98784117621618E-05
-6.27093392556802E-05
-2.76746041183715E-05
-4.70489780216334E-05
-4.00885978801471E-05
3.21213085158034E-05
1.42469438139911E-05
4.85134889792536E-05
3.37357663414081E-05
2.79975058263041E-05
7.84501064093098E-05
4.18455559908566E-05
1.35082756785127E-05
3.49823842721337E-05
-4.87375545257018E-05
-1.26093323013976E-05
-1.36590756385852E-05
-4.77490442441973E-05
-1.99504303542548E-05
-2.92041971367911E-05
3.12689669963157E-05
7.64431030213435E-05
0.000101167431452056
3.52605058064049E-05
4.69095392211737E-05
5.03981173021528E-06
4.51231326973707E-05
-8.00920480259652E-06
1.53927827452167E-05
-1.13925785108494E-05
4.54696971870303E-05
2.93466090518544E-05
4.02415955277267E-05
2.53129513877795E-05
4.59450644485913E-06
5.61010368747941E-06
3.33378472836796E-06
8.85310852588073E-06
-2.41402884106642E-05
9.39028414215287E-06
-1.0476863450476E-05
2.60866150660197E-05
2.28474160946171E-05
4.58659672553288E-05
7.27192795103955E-06
5.81958107017819E-05
6.8602182226561E-05
7.92685517583239E-05
2.57021966894619E-05
1.41716867525192E-05
-1.61082517752025E-07
2.26089261949848E-05
2.24794964700418E-05
2.66358625447461E-05
4.79374042162253E-05
1.59854164544533E-05
3.21153699586302E-05
4.28300404928719E-05
5.16027429024238E-06
2.76483288139531E-05
-3.32569204317701E-05
-3.61956671204914E-05
5.92652501175523E-06
-2.91809110773473E-05
-6.50109961578594E-05
-1.44494560708831E-05
-5.35341343406365E-05
-3.08458728279308E-05
-3.92718553857048E-05
6.02894080631265E-06
3.7351427834475E-06
-2.69305614144036E-06
8.44551400038094E-06
-2.2622013556325E-05
1.22791720076349E-05
1.83538439992619E-05
-2.48795305066495E-05
1.03197932125121E-05
8.13166180821707E-05
1.17416904290046E-05
6.29661204668392E-05
1.99562297648868E-05
-1.70550545594273E-05
1.7871448272316E-06
-3.97062286993302E-05
-6.36152542302638E-05
-3.21047783481833E-05
-5.73514567827754E-05
-4.14530884006414E-05
3.82116275364969E-06
1.2945069476185E-06
-4.99636120153473E-06
-6.55567586649235E-06
1.40891203272739E-05
6.44796664086179E-05
6.91327166090038E-05
4.775016275033E-05
4.23349574105225E-05
6.68730528123467E-05
0.000130473505778507
9.02020362229005E-05
2.36494630954574E-05
9.31379610014292E-06
6.2624449791926E-06
3.67931078362012E-05
2.48571071643686E-05
-1.20541807816828E-05
2.51517391109569E-05
4.77330733980455E-05
6.07675364962104E-05
9.96219596147933E-05
8.1131752831947E-05
7.35936794198253E-05
2.1884122793959E-05
1.44781428943202E-05
2.27693140750533E-05
1.83661430726963E-06
-3.97821427593807E-05
-3.35978590403072E-05
9.49142326475634E-06
4.04305266945871E-05
7.22721824818461E-05
5.12812498796609E-05
4.15793755596227E-05
6.35900403597711E-05
6.59162939135877E-05
4.11692421793394E-05
4.82576956401833E-05
-1.23339677638266E-06
4.59658648295357E-05
7.20079174405233E-05
7.67141420300784E-05
5.24173680320131E-05
7.20487173221081E-05
1.44814168731185E-05
1.32561596356714E-05
-3.51948188622374E-06
1.43589254429252E-05
2.37048522007087E-05
7.58990018451917E-05
5.20226611518603E-05
8.92718493526084E-05
0.000121715945571708
0.000100697923433041
8.68179180604041E-05
4.10551987335202E-05
-2.610459926527E-05
2.61777497779488E-06
-1.81681405855691E-05
-4.10917415146235E-05
-3.80235975509056E-05
-5.82423255434576E-05
-1.03428583226242E-05
-3.95016035661661E-05
-6.99787582330057E-05
-5.72404456620953E-05
-6.06290465514486E-05
-3.26124680884981E-05
-3.99632164106639E-05
-5.11606549946868E-05
4.53101904858741E-06
2.81018944897685E-05
2.36085952826909E-05
5.91903928483525E-05
2.5525631940146E-05
5.42068565888034E-05
1.14305596249474E-05
3.69586674874447E-05
1.06013436247041E-05
3.06171873789729E-05
4.27782566166446E-06
1.58112205818094E-05
-1.04349971679684E-05
2.61393658017052E-06
-3.33854539739214E-05
6.77100288102415E-06
-2.07351276903737E-05
-1.62208156860488E-05
1.08821454798819E-05
4.9326769930533E-05
0.00010480167659333
8.66671864077652E-05
0.00010904861834976
8.57620308517884E-05
8.74817178134841E-05
9.03857552210592E-05
8.26103793035473E-05
-4.91669903894675E-05
-5.81023854649836E-06
-5.81716798587893E-05
-4.84164071440952E-05
-2.53250516840684E-05
-4.23124596173372E-05
-7.76342671644058E-05
6.16238686466547E-06
-4.83045954475408E-05
-9.18176332165908E-07
2.73386281139123E-06
-1.8917400343203E-05
1.3407594467802E-05
4.92744295602703E-05
7.389656106408E-05
0.000129440366166246
0.000103543047092553
0.00011698023261682
0.000127564103318663
5.95115267025694E-05
3.91833350819803E-05
2.33474906775257E-05
2.02564242429116E-05
-4.19817383902526E-05
-5.15917367101327E-05
-1.42928726731793E-05
2.48636159311851E-05
1.59374420773405E-05
4.8616150011933E-05
2.7786850039943E-05
6.46110902312979E-05
0.000137330357774289
5.52407109249165E-05
5.53910041726768E-05
0.000159006738424584
8.94356906574308E-05
9.44541918984901E-05
0.000136066483014657
9.52177908389617E-05
0.000142225649960403
0.000121378865522597
6.33735249501701E-05
6.41188114826068E-05
4.7817696112013E-05
8.53295569234383E-06
5.98874796320281E-05
3.12366911454913E-05
5.69951225896806E-05
3.29574595743319E-06
4.60539126449276E-05
4.20699909563333E-05
6.03530058162349E-05
-1.22102028009759E-06
9.11702030254186E-05
4.39126134942187E-05
0.000107050517259941
0.000112358337686396
0.000111645571203765
0.000160895190232926
0.000154233222769838
6.83883081138144E-05
7.21475476695213E-05
8.88846215764832E-06
-6.77346643182904E-07
-1.62512944967659E-08
-6.03244354146785E-05
-6.52415789767713E-05
-1.1545311472494E-05
8.68666748606564E-06
1.69255461934357E-05
3.59011090040978E-05
0.000130918268769317
0.000130650711018368
0.000130944761684545
5.69850385763138E-05
5.13785564069236E-05
0.000103576100352572
0.000101970937649954
6.41115574508358E-06
4.73227205961448E-05
3.79727622183205E-05
0.000117373721447487
0.000170117118840157
0.000100105166186868
7.3822998418296E-05
0.000122814369504074
0.000123987275694017
0.000134114764654521
9.56329868805435E-05
1.14138843663039E-05
4.08462685206153E-05
6.50852920572365E-05
2.98013379518066E-05
-6.84282344103008E-06
3.68689376272924E-06
3.38253626848649E-06
6.51359764028506E-05
5.09763208745436E-05
2.26957979884762E-07
-2.10005543074316E-05
3.27445865431036E-05
3.88658803043519E-05
2.32694400862938E-05
6.64882987923069E-06
8.77848454350109E-05
7.30845199271995E-05
7.99975534489584E-05
-2.96163532668227E-05
2.77018870049201E-05
7.86006929055023E-05
9.38780263905188E-05
5.19532316936122E-05
9.5449706900215E-05
0.000124559622638813
0.000174976540655634
0.000105656688717569
6.90913808412945E-05
2.25334272296479E-05
2.78513960569175E-05
1.31532878182012E-05
-3.37918342672022E-06
-1.69246647758117E-06
3.13297225461972E-05
1.52395515466402E-05
6.63184104629037E-05
4.3662236613511E-05
7.15220261680447E-05
7.86899633718105E-05
5.81678522370142E-05
1.01673674955602E-05
1.92302150126266E-05
-1.08012474393491E-05
-9.86520794497923E-06
-1.40974618306459E-05
-2.05384935802449E-05
-4.78662409010304E-05
-3.89293998945087E-05
-3.95981382552238E-05
-1.52130622836192E-06
-3.8549895880067E-05
2.35507743355552E-05
1.47690449485502E-05
2.74049963937327E-05
6.23447031637653E-05
2.3814889561245E-05
-2.16515181419915E-05
2.23403910868925E-05
-3.98119172043773E-05
-5.7180491712716E-05
-1.46311088619836E-05
-1.69386245823439E-05
1.09513601480787E-05
4.02609943076574E-05
2.88892245335826E-05
1.58736461558121E-05
6.02706230391125E-05
1.47810066375195E-05
-1.83632463713086E-06
-7.55637989116451E-06
-5.86757905869218E-05
-5.11616729740815E-05
-7.31917217114905E-05
-5.85453316262223E-05
-1.50957678546795E-05
-9.71581513507839E-06
-6.92874068636694E-06
1.16463745718741E-05
-1.18893631999705E-05
-9.43085272644161E-06
-1.48612119843595E-05
-4.07967600674908E-05
-3.6047439928252E-05
-5.87839552190221E-05
-4.46856117396089E-05
5.2833901535095E-07
4.7110954528244E-05
3.65016840031601E-05
3.467035033963E-05
8.482691810318E-06
6.89657074547204E-05
3.98219088006056E-05
7.40307591665975E-06
-1.66962842895644E-05
-1.23675458056323E-05
3.44213210468817E-05
2.23100506732637E-05
-5.57780894679031E-05
-3.30272067380022E-06
3.76609528825403E-05
2.45386801853217E-05
2.36377818357289E-05
-2.650128598663E-05
4.57665283001264E-05
8.44436713194865E-05
6.88585654504991E-05
-2.7291411414195E-05
-3.66861826989868E-05
-6.10569896035248E-05
-2.30536028085877E-05
-7.20360354938771E-05
-5.84760915721469E-06
2.73701892341336E-07
4.50220246818797E-05
5.49129507146511E-05
8.98554144372201E-05
6.58299843482965E-05
7.37142980078701E-05
3.0025033742212E-05
1.92063278503037E-06
2.56009957369465E-05
1.24919483963357E-05
-3.27966377880062E-06
-4.40778294720261E-05
5.91603165577534E-05
4.79651725713155E-05
6.1013161248809E-05
6.45041945949042E-05
0.000108827448846971
0.000111848163526981
0.000180315688566111
6.25187121828037E-05
3.78304886500121E-05
4.92653470304836E-05
2.30924494786447E-05
9.8319466706825E-06
-3.65289888726075E-05
-2.77541995987133E-05
-7.78891040226826E-06
3.71639154398223E-05
6.56163296214015E-05
7.14076409092171E-05
1.59641069132356E-05
9.47186932511452E-06
-3.33613130881477E-05
-2.1209008514397E-05
-4.04686881963099E-05
-4.85174424659146E-05
-4.12820678332457E-05
3.26957732583449E-06
2.81750111527401E-05
6.26844801488415E-05
2.02646618562011E-05
1.74178511564889E-05
5.839722970704E-06
2.66085630917983E-05
3.19652244282236E-05
5.1160233155716E-05
1.18000776774829E-05
1.6876543685374E-05
3.50815505174179E-05
4.24344462494104E-05
4.28632943240453E-05
3.81374049799722E-05
5.31184085648284E-05
5.19099630973224E-05
6.75964166277925E-05
6.66356711368927E-05
2.72595248563605E-05
1.28382960942028E-05
1.00605133505707E-05
1.94071217253606E-06
-1.56814855734581E-06
1.98483457064337E-05
-4.26922303295127E-05
-8.73227509037116E-06
1.16523797443719E-05
3.06742039336104E-05
4.35417404030889E-05
1.42114640376394E-05
6.17474502504753E-05
9.97246827180701E-05
9.80302747661554E-05
2.90343743603299E-05
2.96064014903735E-05
-5.57912564677483E-05
-1.145743721922E-05
-8.51061521163111E-05
-4.0515611634865E-05
-8.3562153557394E-05
-1.40218490395865E-05
-2.43661553291911E-05
4.96749880531472E-05
7.63368123376164E-05
5.25080249304605E-05
-3.54347313179043E-06
9.84196759414837E-06
6.42634992999448E-07
5.96655337855722E-05
3.83062644640507E-05
-5.86068862242687E-06
2.2501650163244E-05
2.32843774486704E-05
5.50201780508172E-05
1.66971541847286E-06
-5.88889414433627E-05
-9.45413040808842E-05
-9.72937984761185E-05
-7.53819933869786E-05
-7.56984970044699E-05
-4.56297466918965E-05
3.08525110059811E-05
2.42480140573889E-05
3.574486402382E-05
6.10192349715772E-05
2.91761902267676E-05
4.31883530181321E-05
8.23958138382059E-06
-8.37597192572024E-05
-6.09271171318261E-05
3.16244886526878E-06
7.07623921049519E-06
3.74282894385236E-06
1.28649800690451E-06
-1.59952939271003E-05
1.06499373937831E-05
3.3431470850443E-05
1.43399205893573E-05
-6.63137415575154E-05
-5.30539340177186E-05
-3.28171972164016E-05
-3.86746322012469E-05
-2.53726360091629E-05
-0.000103428769956695
-0.000111631880561011
-3.44339964914385E-05
-1.73575294578708E-05
-3.76016156349058E-05
-2.96716530341166E-05
-9.87447058570634E-06
5.30858932608977E-05
7.16580113214434E-05
0.000113434701158894
9.80188248174776E-05
7.02420415671402E-05
0.000100617841738714
0.000114080858937402
9.27788579343751E-05
4.22371970182587E-05
-3.45801155344238E-05
-4.62706625190431E-05
1.0989309648709E-05
7.43990403371642E-06
-2.18676478829142E-05
4.73381798114807E-05
2.83985610634239E-05
6.77026653221461E-05
7.94490900183166E-05
6.64018807715854E-05
6.82874409734097E-05
5.54874764041823E-05
-3.10991424474565E-05
1.03065587555963E-05
-6.16056661567747E-06
-5.83424578449121E-05
-5.10041614258187E-05
-9.56765997493891E-05
-3.28121889721895E-05
-1.42775008943547E-05
-3.60607596800614E-05
-4.65747432112467E-05
3.74931927962891E-05
2.23113969894881E-05
3.12974245964696E-05
3.97589319424509E-05
1.34445612394375E-05
1.54663478450836E-05
2.06233749651338E-05
-3.05319402028423E-06
1.47354722486131E-05
1.85347193622813E-05
-2.8305079302803E-05
2.35250818289894E-05
6.18375584814399E-05
9.48728290359015E-05
7.59371024285352E-05
4.03363295920348E-05
3.68202505949834E-05
9.74921212123968E-06
1.77294682039436E-05
-4.72549414001565E-06
-4.79502323120295E-05
-6.72644380846397E-06
5.72719985874335E-06
3.7446609482177E-05
8.75778496760694E-05
4.70558338939254E-05
3.76108031910806E-05
6.28850670125721E-05
8.43353100741003E-05
1.52223383144818E-05
4.79905172271892E-06
-3.75271218338602E-05
-4.43692639521107E-05
-2.24654061878283E-05
-3.14841895798917E-05
-8.32641071443542E-05
-2.40305544630204E-06
-3.43914887659484E-05
-4.17747922766855E-05
1.03265238021395E-05
1.12708834584039E-05
-2.14077418693665E-05
2.66711349065226E-06
1.98639783652591E-05
5.58024134902422E-05
9.88285687409014E-05
6.78849478510783E-05
8.29357731521942E-05
0.000121032761699986
9.54019643424553E-05
7.3717821221808E-05
2.3053501195731E-05
-1.06698512625062E-05
-9.14341526114631E-06
-3.5086727754807E-06
9.48001661833774E-06
3.20681025220054E-06
-5.01808379215209E-06
1.69791029096004E-05
3.31104537392903E-05
2.45575179539891E-06
-4.2301463877015E-05
-4.6858396435118E-05
-2.98842191870989E-05
2.56024727715797E-06
1.86913396095233E-05
-1.7757175545443E-05
3.93083386303484E-05
6.81906329247837E-05
7.96753135383241E-05
7.4262325659908E-05
3.99901889892028E-05
2.63951385032515E-05
4.93962003434247E-05
1.28352737003334E-05
-3.03810654518134E-06
-1.25509852489882E-05
-3.26432639236354E-05
-4.8373582958739E-05
-2.54824224906276E-05
-9.66102081066828E-06
-7.7875480784961E-06
-1.43122280793871E-05
-2.13214659701996E-05
-1.55834250395932E-05
1.83897110075122E-05
4.51817406542726E-07
-2.47131005839497E-05
-5.45365513908887E-05
-7.25283923438183E-06
4.19585472091775E-06
4.41000993417813E-06
-7.95493931057321E-05
-6.16600190088219E-05
-5.83668779635247E-05
-2.49751513578794E-06
-3.28555464851106E-05
-2.11301146749846E-05
-4.24277751981647E-05
5.75506528946861E-05
3.71064662606184E-05
6.29319233252099E-05
5.88300682227237E-07
-1.30904767280719E-05
-3.99936946532613E-05
-4.91060527154943E-06
-8.14883969681885E-06
2.48062792984156E-05
-6.86476546930196E-06
5.7496051773034E-05
9.45306907612161E-05
0.000101147593182017
6.95858010372399E-05
4.51569563864056E-05
-8.58269739065136E-06
2.96457428922821E-05
-1.11688421171347E-05
-5.02751025767647E-05
-2.94179077637843E-05
-2.43685857388055E-05
-1.47561592821273E-05
9.33334334506838E-06
-4.31564687038853E-05
-3.95622786260029E-05
-4.78482354784929E-05
-7.68423175740177E-05
-1.87252335831898E-05
-3.71205773165206E-05
-5.34232478680331E-05
1.35843237626548E-05
-2.46147064291403E-05
7.46722416323892E-06
5.71877870406732E-06
-4.38390762870893E-05
-5.19725613637488E-05
-4.85422467074236E-06
-4.10150205864388E-05
-1.05398308624287E-05
-4.46185169386278E-06
-1.48557386559777E-05
3.79016502722107E-06
2.68544360417253E-05
7.78413871306763E-06
1.43394009238937E-05
4.34088218868467E-05
3.02927482295442E-05
2.70163377248857E-05
6.30809841469897E-05
6.2114939771762E-05
2.45785760751981E-05
4.58767236760452E-05
7.5724512936823E-06
-6.02184609924278E-07
9.68161114091071E-05
5.90520668088361E-05
3.5669345144252E-05
1.68106749392548E-05
-3.41708662983225E-06
2.38137994569904E-05
2.2055957682189E-05
-6.41051686523955E-05
-9.26455245419478E-05
-5.89102032378022E-05
-3.77373399286883E-05
-6.34666857200983E-05
-5.80789842055956E-05
-3.4420779829168E-05
-4.38351188217585E-05
-7.00749057627288E-05
-3.12550099448573E-05
-5.66672542967692E-06
2.45249317637803E-05
2.11079002512993E-05
1.24561029070419E-05
2.00787801528765E-05
5.1203935230361E-05
-4.55388995734551E-05
-3.59309890051884E-05
-3.83300882816556E-05
-3.31223258768436E-05
-2.61882349683184E-05
-2.82249080942868E-05
-3.8580207147046E-05
7.09592200187224E-06
8.91331426309107E-06
-3.99829844884441E-05
-2.6193687373572E-05
-0.000115562754432496
-9.32430374668186E-05
-6.95016177336205E-05
-2.59261705601387E-05
-2.40832995457817E-05
7.36833116916178E-07
-2.27122129654149E-05
7.15944033276982E-05
5.7570231969013E-05
7.21038349523508E-05
4.4938875363736E-06
9.96261429218748E-06
2.78071098533932E-05
2.41675272771618E-05
1.27167488257681E-05
2.0492034470764E-05
-4.57556183273755E-07
4.18125120597233E-05
3.90650444715903E-05
6.20585575862747E-05
4.16500981813661E-05
1.13225127542884E-05
-1.30351770744225E-05
2.29424249606943E-05
1.07126326715879E-05
1.03351991006412E-06
1.79723338879233E-05
6.17806649897764E-05
4.5535736452688E-05
3.82305061163798E-05
3.95387023676737E-05
1.23101039192907E-05
-7.55453303780937E-06
-3.20240329173038E-05
-7.98682723566587E-06
-1.29832675834362E-05
1.08869613788681E-05
-2.41497931897949E-05
-1.44944325033462E-05
8.00211886961684E-05
4.68362436622055E-05
-3.07705939432645E-05
4.11542282917614E-05
3.06666520454143E-06
5.30805945849924E-06
2.71141030437409E-05
-8.23169891467928E-05
-8.85701176919062E-05
-4.10642613537108E-05
-5.03065864760892E-05
2.11424293986969E-05
9.69974873623872E-06
-3.14436243100921E-07
1.82650257915143E-05
5.79648867497012E-05
2.54845226618117E-05
1.83651277224863E-05
3.83672764235383E-05
3.71989002785571E-05
-9.24558232623031E-06
2.87641171645153E-05
9.1436475180292E-06
-1.37641369483999E-05
-3.76649979982129E-05
-7.87732486912894E-05
-6.02246364565507E-05
-1.49506946896184E-05
-4.03704661596092E-05
1.55613547799946E-05
7.90607637974765E-05
3.85450684004085E-05
4.27717184604373E-05
4.64831261806814E-05
7.40563978043793E-05
1.38226315444059E-05
-3.71394751480992E-05
-6.43496867668645E-05
2.28832852791087E-06
1.51386654815641E-05
2.87556141929525E-05
-6.25087463254885E-06
1.80432195582441E-05
2.83892969086121E-05
4.52319750611884E-05
1.99304947165554E-05
-2.98295133760988E-05
-6.48260626585924E-05
-7.29941441367903E-05
-1.11282766763046E-05
5.76834957312638E-05
4.99326267548749E-05
3.72326979354299E-05
4.71628874320225E-05
5.25062863160965E-05
4.51743698091977E-05
2.53009259146386E-05
-7.49516013767198E-05
-4.46229122349042E-05
-1.34382504838953E-05
8.14120395190742E-06
-5.93190552251801E-06
1.93236721019115E-05
3.51550945736915E-05
7.37927596969536E-05
3.41492672561924E-05
8.87362836830366E-06
-2.56587941241653E-05
-1.91344033931336E-05
-1.85783845281235E-05
-4.72700574736476E-05
-5.59829691998728E-05
2.95993112292299E-05
1.04933645442947E-05
1.39500006863682E-05
2.32393467024911E-09
-3.16735486768361E-05
-3.97632511939681E-05
-3.94867445567897E-05
-6.41502501736924E-05
-6.52698917607287E-05
-2.73880162968412E-05
-1.15363565871697E-06
-2.36147436790715E-05
5.91487138970693E-05
4.47984937216222E-05
-4.70043010883677E-05
-2.48482365406915E-05
-2.82795184280027E-05
-1.12635868142225E-05
1.04265295799967E-05
-8.52102962888046E-05
-4.61062447001802E-05
1.84436840797405E-05
1.2300809678437E-05
2.51406625014571E-05
3.15730316265826E-05
7.9753987776148E-05
0.000106726317518808
7.00039405940903E-05
5.12253514739864E-05
4.16039120540328E-05
5.86168156882375E-05
3.50622718104332E-05
4.42012743573677E-05
3.24658476205111E-05
3.03840429410251E-05
-3.5205887874027E-05
8.61388753181564E-06
-9.45925442666901E-05
-0.000119955466509338
-0.000174493619789005
-0.00014751555879292
-0.000137271507999766
-8.44279219748772E-05
-7.3743160800971E-05
-2.14033592680777E-05
-4.43221305896795E-05
-2.15335959652335E-05
1.08944940827284E-05
1.58546925512879E-06
-9.81157817684241E-07
-1.51706111403382E-05
1.23788854454356E-05
6.8531553013276E-05
8.75160713544808E-05
7.19001818153253E-06
-5.50800196652794E-06
2.46174948888949E-05
1.99858051368638E-05
1.35248928535942E-05
2.12655498082502E-05
-1.29700313875781E-05
3.77370321240071E-05
5.14792075549891E-05
7.54009512914942E-06
1.2311203910872E-05
1.330072520148E-05
-2.6994367629866E-05
2.59322715740132E-05
-6.06339000223867E-06
-1.0700846229894E-05
1.85331874833171E-05
4.5288676256289E-06
-1.98332470051566E-06
2.85290126241366E-05
-5.2462401653027E-05
-5.117537774623E-05
-1.87565025015374E-05
-1.60040276239274E-05
-3.9004213748862E-05
1.32210985000583E-06
-4.05750365847345E-06
2.58283058194806E-05
6.54590359294799E-05
5.48050493434563E-05
6.18858258414111E-05
9.71266302821871E-05
9.67109829469644E-05
6.61370914460614E-05
6.97791584075211E-05
-2.36853449546382E-05
-3.96497672265737E-05
-4.84783259662199E-05
-0.000102576735551524
-9.07224739178809E-05
-6.1367579404696E-05
-2.7563555791339E-05
3.26131059076397E-05
2.23951603350269E-06
1.62070366538726E-05
3.62049520515467E-05
-5.28844414567596E-05
-2.58238739444589E-05
-4.63029391034516E-05
-2.21475817038396E-05
8.42055832093905E-06
3.40261293056215E-06
2.299427552923E-05
4.95071676477801E-05
4.41647778720724E-05
3.68845481530038E-06
-4.32714816279816E-05
-2.53238228696108E-05
-4.18979482519974E-05
-6.13226926058948E-05
-5.80414211008297E-05
-4.74864258239457E-05
2.87493297477653E-05
6.63681706660965E-05
6.54387220243812E-05
3.87824757317679E-05
8.85282658828581E-05
3.83500644203988E-05
4.47135581808309E-05
2.98725367173685E-05
-4.30327228913921E-06
-2.12456166162732E-05
5.21307435786012E-05
9.47334260717742E-06
5.49802162711459E-05
4.39051561770865E-05
-5.39732299345187E-06
4.63427072492229E-05
6.51966732074474E-05
3.3508898108414E-05
5.5683058603817E-05
6.8184719137294E-05
3.84460766071826E-05
7.48314148548218E-05
4.93801989054182E-05
1.97989332605963E-05
1.55006070896615E-05
-3.9281914541328E-05
-4.79681306073051E-05
-3.96737492986662E-05
-2.41640671338888E-05
-7.37418232865985E-05
-6.4477945064626E-05
-3.24197637233422E-05
2.20633108679447E-05
1.76323580413023E-05
-2.54738361736055E-06
-3.2364439610851E-05
1.23850049657318E-05
4.32695995890032E-05
-2.66351175742399E-05
1.59175071650763E-06
1.22611993371385E-05
4.17389222503206E-05
3.30405215897481E-05
5.52207624684244E-05
3.63383073188848E-05
3.49142380078893E-05
2.02157004492243E-06
-3.50333553003457E-05
-5.86279595847259E-06
5.2284879485037E-06
2.62500018740937E-05
3.0247510102577E-05
7.4392830781539E-06
2.56156460528815E-05
6.61051891500167E-05
2.17922514073823E-05
3.15939191181629E-05
2.14590096119388E-05
-2.22366831585569E-05
5.59452066103587E-05
1.10355053096652E-05
-7.75053905092394E-06
-1.359266717104E-06
-1.29875914268098E-05
-4.96977516302399E-05
2.36060072751313E-05
-5.53903955663672E-05
-3.14616770740477E-05
-2.8755880282232E-05
-1.95651407759554E-05
7.18295405090085E-06
4.73160456370982E-05
-1.76669508670584E-05
1.65534687123435E-05
2.2547761795987E-05
1.1426583315151E-07
-2.96680253112594E-05
-6.92648568662509E-05
-9.52316829030738E-05
-6.29893307137144E-05
-3.91859918465583E-05
-2.26290762750286E-05
1.12251773071299E-05
2.9567556206667E-05
5.61617201838618E-05
5.41675081237206E-05
2.4958543859475E-05
4.52692782012361E-05
-2.33895383874519E-05
-4.54274948833058E-05
-5.56656603934343E-05
-2.7700119152076E-05
-4.36464296358776E-05
-4.02389026717034E-05
-5.58618392670829E-05
-2.93188885289976E-05
1.30674229620546E-05
7.06740975901577E-05
3.37267114893396E-05
1.46559608621117E-05
7.79004218894496E-06
1.19715064645542E-05
3.08743415400113E-05
2.33229153536237E-05
-1.02059456734876E-05
1.18877482073939E-05
3.04226167190155E-05
6.19141453884181E-05
7.33327864318361E-05
5.23901857966347E-05
-2.11618283507541E-05
1.39786168986464E-05
-2.82194811954176E-05
1.52686139664736E-05
-2.20758197794627E-05
-5.41235754666005E-05
-5.29908775274213E-05
2.70118880044432E-05
-2.66443362047501E-05
1.38555148695094E-06
-6.11988798327028E-05
9.33472448689204E-06
3.0774292971059E-05
4.05451057373883E-05
4.81299200067121E-05
8.77940975697731E-06
3.54693905522362E-05
7.22816819896764E-05
2.47959068391623E-05
6.15641497904249E-05
-2.77966833726289E-06
-5.2260100953576E-05
-3.96834861766976E-05
-3.84735931676689E-05
-5.50788431114971E-05
-3.28973870663038E-05
-0.000120207096845326
-4.3793310626267E-05
-3.32393594782383E-06
4.11592573469307E-05
-3.17348156485334E-05
-1.07504871302805E-05
-6.08381149004839E-06
5.2334497786045E-05
3.471887357344E-05
2.79832009990348E-05
-1.16842299968662E-05
1.15643052890208E-05
-2.47337427109818E-05
-7.06013189593116E-05
-8.46292653313738E-05
-7.76241656331681E-05
-7.9928102736868E-05
-3.36560828016522E-05
-2.6298112791983E-05
1.44607194201829E-05
4.05916053043633E-05
1.36388695423489E-05
1.290761707051E-05
1.18409829890181E-05
1.53125292270971E-07
8.79633295626562E-07
-1.41163613255129E-05
-9.37580857620351E-06
-6.98903571464128E-06
-1.50114097384659E-05
-1.04243661009627E-05
-1.8671927867098E-05
-1.99509717625428E-05
3.22510571459965E-05
4.50654630185668E-05
3.04691828123334E-05
3.6834825902015E-05
-9.08316913543574E-06
-2.91098588328247E-05
-2.18269740429397E-05
-6.77098742964882E-05
-7.85519919516311E-05
-2.68688947655336E-05
-2.89843172484419E-05
1.18233228907441E-05
-2.63749307506549E-06
4.35631464229371E-06
-3.21342061273345E-05
-4.25827704520888E-05
-6.91855879361885E-05
-2.61190521400766E-06
5.76519969409542E-06
3.27402878385642E-05
4.00054901531481E-06
3.78154590619176E-06
3.17065860502598E-07
3.86821053962486E-05
-5.86856231616194E-06
-5.94598172387433E-05
-8.2556531415727E-05
-4.29726983823021E-05
1.06869566571815E-05
3.38505778792972E-06
-6.58639754480852E-05
-6.86693398921577E-05
4.10188486153686E-06
2.91163953914845E-05
3.70010680703648E-05
1.22822939249712E-06
-1.84682831616426E-05
5.38010243566499E-05
5.7754928357414E-05
0.000101369798949822
8.09144777072552E-05
3.87826844107732E-05
6.03658091426527E-05
8.1741343529848E-05
2.94141174861934E-05
2.2167000808515E-05
-5.43214058735117E-05
-6.24603558606727E-05
-4.65947151009163E-05
-3.41304180045675E-05
-3.25860055015969E-05
-1.45078268009775E-05
-6.21925730397263E-05
-4.09130406753995E-05
9.12661455642143E-06
1.98873272975143E-06
-1.96202791875412E-05
-2.16486710572863E-05
-1.00441769604498E-05
4.17582400052147E-05
6.80247659215809E-06
-2.99842345237105E-05
-3.65481465778921E-05
-7.08738075918921E-05
-0.000106915796052791
-0.00010755559711528
-8.48815569030974E-05
-8.83212803269528E-05
-0.000118439674389971
-8.98810430510562E-05
-4.38186470597762E-05
-2.80184530947524E-06
-3.4376171482704E-05
-8.90017846226195E-05
-8.21232255085762E-05
-4.10067086693326E-05
-2.28541669100462E-05
-9.54507151035706E-05
-5.98500857662067E-05
1.86485453921032E-05
5.39710448784475E-05
7.18193088099374E-05
7.41359190284441E-05
1.80460564103241E-05
8.11476195351029E-05
4.15599010894719E-05
-3.98164289802558E-05
-8.946854802133E-05
-9.15278936754017E-05
-7.89104531066693E-05
-6.3947505798476E-05
-0.000118633620253785
-0.000102373681142958
-9.49170570941945E-05
-5.84948020636166E-05
-5.4148369137306E-05
-7.23228223753932E-05
-5.80935367774517E-05
-1.49928680131473E-05
-4.36121184666715E-06
2.05433710526164E-05
-1.17629929051895E-05
-3.08633011513519E-07
1.03868818685457E-05
7.93650609840582E-06
-1.91539738453122E-05
2.1317309554224E-05
4.55168641026186E-06
2.36658072678307E-05
-2.58456589051907E-05
2.58679543892969E-05
5.54120856973111E-05
0.000105917000378734
7.83154969799445E-05
7.96841963675328E-05
0.000107621469473073
0.000144204663111719
0.000108924813181322
0.000100470592673962
0.000101120845209586
4.10991489454139E-05
3.0506611974811E-05
3.18257254602662E-05
4.76615703480317E-05
2.69194057436441E-05
-2.73664766104972E-05
-3.58212584633142E-05
-1.70912797712618E-05
-5.21848623767114E-06
1.38679282200326E-05
-2.27875865208878E-05
8.73685582166412E-08
3.44709957612808E-05
4.55521195926537E-05
2.91884037288705E-05
5.29746149286811E-07
-3.95931640683587E-05
-1.25049058029939E-05
-2.6655440126028E-05
-1.63016112148449E-06
-3.50257356914253E-05
-1.66626027031109E-05
4.97857958807134E-05
8.8478351586307E-05
6.03661758449843E-05
9.52934111130125E-05
9.04627876749617E-05
0.00011797354186295
9.92022565667632E-05
5.99392817226823E-05
-1.18220272894011E-05
1.79949220445475E-05
-3.10051791957078E-05
-4.74176433184798E-05
-6.18780085240604E-05
-7.50716153214346E-05
-6.9928808721818E-05
-4.17126258533322E-06
5.84857429148036E-05
2.2767476305476E-05
3.87579815155038E-06
-6.04098374200646E-06
4.90773896964905E-05
5.24932454063975E-05
4.19251616835694E-05
-8.59781909655931E-05
-6.36146674118611E-05
-3.28656398749539E-05
-1.46110579106347E-05
-3.23612218971214E-06
1.18581061087647E-05
-1.05164466332999E-05
2.51597069539263E-05
5.34964425247819E-05
7.76607603752533E-05
9.19909661456483E-05
9.51900857757641E-05
2.85997097094095E-05
6.40881291406899E-05
4.76271215933132E-05
4.77135580000328E-05
4.29116066437135E-05
2.39119933373766E-05
-3.46682329223575E-05
7.68609322842044E-06
-1.09837019122879E-05
-4.18854359645413E-06
1.19371693267038E-05
-2.10522627701559E-05
-2.3077818683205E-05
4.14595592317719E-05
4.41418980276327E-05
3.63085763765729E-05
5.81681537394768E-05
7.11014983095696E-06
6.25103867595247E-05
6.32164180720288E-05
2.60017676444897E-05
5.64284669625653E-05
1.71534822851842E-05
8.42127496094062E-06
3.83483849439813E-05
-3.43885313401143E-05
-3.5954781283366E-05
-6.1247472142557E-05
-5.43126116086631E-05
-2.80858804252598E-05
-8.49580593573299E-06
4.18093192953056E-06
-2.05802676426391E-05
1.20127221841512E-05
6.23642388236246E-05
-2.11109943836499E-06
1.05923160855112E-05
-1.21839986007701E-05
-4.4369649164804E-05
3.81005744908239E-05
7.08877222415139E-07
7.70641185465651E-06
4.64648652236958E-05
5.56380942402274E-05
5.99724394526869E-05
7.05892280723271E-05
2.74558565502596E-05
3.34017273455633E-05
2.28875716199703E-05
1.9192332313453E-05
8.50045840396931E-06
1.65602294265386E-05
1.43669798355949E-05
1.57597095204885E-05
-1.40410891150076E-05
-2.48026208194711E-05
-4.27119181168141E-05
-1.97654183379513E-05
-0.000105140123287074
-6.20517851345999E-05
-4.23281390177636E-05
3.78985149774387E-05
-2.35141474615467E-05
3.79578177274655E-05
1.10559943185696E-05
9.90816825505416E-05
7.11150382384086E-05
8.00507704118164E-05
5.86797201119921E-05
9.81255749391291E-05
6.54968665807163E-07
-6.1992345235091E-06
2.51275361654764E-05
2.65476790028691E-05
1.54138718440132E-05
-3.31923250541317E-05
9.49156983090916E-06
3.0714751315734E-05
6.29063381926801E-05
2.40160990010684E-05
-4.32075463166746E-05
-3.32686884453375E-05
1.14302542699039E-05
-2.38503305318858E-05
2.44333934362038E-06
-6.28252968054311E-06
-3.82071348929186E-05
3.70159560200446E-05
1.12907877385321E-05
-1.17969616315135E-05
-1.14747947311714E-05
3.50406426283842E-05
2.53309667328661E-05
5.83922589843358E-05
5.88817527678427E-05
4.58597101964143E-05
5.00583390054477E-05
0.000106911554163011
1.70922033644786E-05
1.92210810544341E-05
3.08750081138565E-05
2.55069590790894E-05
-1.82000284231676E-05
-2.15799982131429E-05
-5.51503462384344E-05
-2.26151658047152E-06
3.96099897319335E-05
3.92528156229435E-05
1.1145735665745E-05
7.32513465273936E-05
6.62202937173507E-05
9.70424994341713E-05
4.5710554642061E-05
1.48462340496292E-06
-2.18553848719013E-05
-4.8107347509583E-05
-3.29104826828469E-05
-1.82634791620546E-05
-7.90517157466008E-05
-5.58290681492562E-05
-5.61913915558987E-05
-6.53721319487181E-05
4.00089468245389E-06
1.17383476703228E-05
-1.11794797158895E-05
-3.10390596236555E-05
1.21175760074059E-05
5.84756558965534E-06
1.16069868028443E-05
-1.11525020309112E-05
-4.38846763190158E-05
-2.84453626736612E-05
2.08695583992597E-05
-9.35894088225259E-06
2.24065890405046E-06
1.62075674935943E-05
2.9887524462656E-05
-2.84535783907966E-06
1.98838124407505E-05
-1.55379990389558E-06
3.34534595943134E-05
-5.13501179459215E-05
-3.96814174148191E-05
-7.87094388038194E-05
-1.69017830243422E-05
-3.6559000735737E-05
-5.29433996662867E-05
-0.000108964535483117
-2.05102701830882E-05
-2.55623691279628E-05
9.45603966977098E-06
-1.61282139361151E-05
-2.82597909523601E-05
-9.71794940994661E-06
2.51369910710972E-05
4.12507339035095E-05
3.64437313294865E-05
2.82363825883109E-05
-1.53514364797037E-06
6.94010047992217E-06
7.61465780688363E-05
8.55697148705161E-05
2.52239434264526E-06
2.54324894475264E-05
-3.11615222901275E-05
-4.4365724763943E-06
-2.69644238426062E-05
-6.20766065121861E-05
-4.95855786952374E-05
1.04341673358769E-05
-1.11044916804802E-06
7.21116539757028E-05
8.0624566505572E-05
9.98408130995503E-05
7.34176784447222E-05
-1.31464929774731E-05
-3.37983327973459E-05
8.59927249728592E-06
-2.91798419232356E-05
1.98101257964677E-05
-1.16873260978543E-05
-9.92708239656103E-06
4.60430317826426E-05
2.65658423294189E-05
-3.10186634650004E-05
3.69259052304907E-05
-2.21681611443859E-05
9.25177389389551E-06
1.14282350837082E-05
2.44418841700643E-05
5.09620461236283E-06
-6.13093897827839E-06
-7.41451978056087E-05
-1.52899456477322E-05
-3.21960612463476E-05
-7.57115593581989E-06
-9.82391662595054E-06
3.88738208733085E-05
6.11419203199658E-05
0.00010574985341512
6.1768986303348E-05
6.22273117608751E-05
1.6076489805526E-05
-1.03100886606401E-05
-2.28472617731042E-05
-3.79893946515882E-05
-0.000102260602533982
-0.000105573617425345
-2.1728426001731E-05
7.49249713448285E-06
4.68347265553465E-05
2.13698032668492E-05
8.33317213090647E-06
8.58947679835819E-05
7.6759785681578E-05
1.23122015074683E-06
1.99707416327765E-05
-4.41972255320596E-05
5.12118231974898E-05
9.74920075773708E-05
4.32375265735498E-05
5.94846578937837E-05
9.16139956772594E-05
7.64058015550309E-05
5.81359068536862E-05
2.29558180880206E-05
-4.0748011427299E-05
-2.68616979633278E-05
-2.25820094375977E-05
-6.43968853745836E-05
-4.43489644593727E-05
1.43602132817678E-05
1.3651363474644E-05
5.15823920606497E-05
5.61416932317047E-05
3.92065628770358E-05
4.43112905562321E-05
2.19294911474085E-05
4.34130619447688E-05
1.2582328412374E-05
-1.6997741525514E-05
5.43168859279197E-06
6.04954176971103E-06
2.87126286785266E-05
-1.098608614739E-05
-3.18282671985914E-05
-8.831617240338E-05
-7.10565883431513E-05
-5.77773979660356E-05
-0.000108689547809814
-0.000103544073967078
-6.52962262308695E-05
-6.54807760351619E-05
-1.09807936941819E-05
6.78631924804265E-05
6.42022736668401E-06
2.71042856858365E-05
3.9176426149111E-05
2.26817240379106E-05
3.12438949345984E-05
4.38713124023971E-05
1.15203401668277E-05
5.83667112544649E-05
7.62748210312006E-05
7.22953947065303E-05
7.3692515703267E-05
7.9320179750165E-05
6.71401740806897E-05
6.73421858087929E-05
1.48481402094468E-05
2.8063824262147E-05
2.74455462593966E-05
1.67359993211839E-05
-3.70302076180482E-05
-4.40751510088241E-05
-7.28824473040261E-05
1.21092152877744E-06
-1.63950836718195E-05
-4.31222457770277E-05
-2.86715212728132E-05
1.03173495083833E-05
4.01196225941654E-05
3.45889235344649E-05
1.95613371331613E-05
-3.00389498562132E-05
3.60777635723131E-05
4.71751698129979E-05
6.69012640047423E-07
-4.32666235008759E-05
-2.46264212454483E-05
-7.53615669619761E-05
-6.23345629531968E-08
-4.84290999347045E-05
-7.51606299101213E-05
-2.73303133412099E-05
2.46106413493671E-05
3.58934407913015E-05
1.792934042201E-05
4.11777924898246E-05
3.94518629316299E-05
-2.69860446117988E-06
-1.20338304800933E-05
-4.41427931428404E-05
-5.09259862126558E-05
-5.39389751314166E-06
-3.83255869346664E-05
-6.78615648358203E-05
-4.95607742894601E-05
-3.07651194089391E-05
-3.23047538245082E-06
-3.60776991830195E-05
-5.94782376976971E-05
-4.07573989120107E-05
1.74803476433441E-05
6.29774805202546E-05
7.73909750120631E-05
6.80900978752736E-05
7.32667337722017E-05
0.000102602041344421
7.14154415876812E-05
2.23892876650509E-05
-5.55033977082075E-06
9.44485029170886E-06
-5.5551416965052E-06
-6.47003779380936E-05
-9.30316516346749E-05
-0.000107998227809953
-8.75496510368007E-05
-5.38677768283308E-05
-0.000101564349876934
-4.63594014587057E-05
1.33596559411642E-05
-6.19224431692399E-06
2.04869485518067E-05
1.20183519620424E-05
2.32505667844928E-05
5.52526288890504E-05
-3.90045146220678E-06
1.51456970547089E-05
3.33563458983239E-05
1.29069644447028E-05
-5.15532376258445E-06
-2.92368437366667E-05
-4.43816170458342E-05
-1.50157104967577E-05
-3.37537217278486E-05
9.72850118708024E-07
2.6596205746128E-05
-1.64630413212277E-05
8.28301246300598E-06
-2.12300013038308E-05
-3.57784846153144E-05
-5.27071241199934E-05
-0.000126430234501958
-8.24915641818587E-05
-5.45890428804219E-05
-4.43793413609693E-05
-3.56628190209828E-05
-5.52232420037744E-05
-2.11880561129393E-05
3.37384355903272E-05
-3.56851524650294E-05
1.0807893580352E-05
-1.41518952617214E-05
-6.89031267409528E-06
1.65779585507039E-05
1.55639570048401E-05
-1.28568201102625E-05
7.48293140828407E-06
-3.22939347775129E-05
-3.42780666552889E-05
-8.82767056812115E-06
2.61226066312729E-05
-2.67461885212465E-05
3.34434042746973E-05
3.97112427078122E-06
3.43425729169657E-05
5.42616854493681E-05
6.1337866774909E-05
1.46906448272816E-05
1.57960984031281E-05
-1.60224508872135E-05
2.11250980072313E-05
1.29440933701889E-05
1.66564926232074E-05
-3.34637466507625E-05
-3.41059789312888E-06
-1.76111985059232E-05
-1.28616096005066E-05
-4.38437675986734E-05
-4.2308209573035E-05
-5.73216540953122E-05
-5.34148190088392E-05
-6.43716912237759E-05
3.17194857266905E-05
-3.41428970382271E-05
1.24554393634718E-06
4.24479842892086E-05
1.22772264593645E-05
-2.92683750826137E-05
3.7332874473124E-05
2.67881164397909E-05
6.83031612982711E-05
3.7363632034341E-05
-3.45124634349286E-06
-4.70241879681854E-05
1.93033199030859E-05
-3.79924710759001E-05
-7.03546974146899E-05
-2.84553486435408E-05
-5.25339358067373E-05
-4.08790600175704E-05
4.12452986179337E-05
-2.44386937642508E-05
-5.32336070648006E-05
-3.43000824405814E-05
-0.000130864156494901
-1.26557477373958E-05
1.05624504909944E-05
-1.07033572857771E-05
3.22764647917744E-05
6.35907127263618E-05
2.48808220964265E-05
9.4311339175718E-05
-9.23840622896443E-06
-5.75527804118728E-05
3.76170922696906E-06
-5.15948621391331E-06
-1.65862466541167E-06
4.75048291169204E-05
5.33535642416621E-05
7.30624943882937E-05
7.28977699813197E-05
-2.79587022154391E-05
2.84415930648828E-05
3.3369707371991E-06
-4.87520180623151E-05
-8.35614023053906E-05
-8.17526269468773E-05
-8.87013319154503E-05
-3.20062276128979E-05
5.55455199192548E-06
5.71860851307381E-06
4.24298213601438E-05
6.88530543723888E-05
5.50329564317794E-05
9.18366645568019E-05
7.00638781253419E-05
1.18415967274453E-05
1.80782894591658E-06
1.52995191028212E-05
4.58207298261755E-06
3.28111657775647E-05
-1.51795068075225E-05
4.23503411413695E-06
-3.32754578227254E-06
-5.9090837820283E-05
-2.6537741047605E-05
-2.81208429167565E-05
-5.33854430909007E-05
3.61092649880333E-06
3.092382875097E-05
1.46728211902962E-05
7.86979766949571E-05
1.04587765936113E-06
5.06411968942965E-05
8.19254780588988E-05
4.40580294549286E-05
-3.581029325567E-05
-4.8257243888315E-05
-1.66840143290912E-05
3.85463631444793E-05
-7.67504708531552E-06
-1.41004089157754E-05
-4.28523992404317E-05
1.28876122977947E-05
7.25699569703122E-05
1.76034608546043E-05
-2.87546519645997E-05
-1.78218019930064E-05
-8.98969865010393E-06
5.82617655259371E-05
1.69412023147573E-05
-1.82388891871998E-05
1.66851793302076E-05
1.84381686210705E-05
2.90515477156903E-05
1.34172690041121E-05
-1.43861450597527E-05
8.99880671824825E-07
-2.61930380675663E-07
-1.71694606798581E-05
2.59269988675299E-06
-6.69823408439545E-07
-1.37116888357045E-05
-2.81372111611355E-05
-1.93889318693444E-05
-2.1580607686526E-05
-2.26187142272486E-05
-4.32142046184047E-05
-4.12170775775638E-05
-1.00809971616929E-05
-1.81306862715897E-05
-8.39970951100633E-06
-7.91087458982987E-06
8.50285582583839E-05
4.41395593568089E-05
7.5771941902601E-05
5.15362217631646E-05
8.85950149178843E-05
8.16703913102507E-05
2.063195333004E-05
-5.21614604197065E-05
-3.85193687020514E-05
-9.0416209420657E-05
-6.68668488813403E-05
-5.39904369747779E-05
-8.76327698499661E-05
1.26193912376561E-05
-1.3037697293759E-05
2.16690947659662E-05
4.50459874368245E-06
-4.66592627814454E-06
-4.0859039797919E-05
-1.57032614207577E-05
-5.758271315883E-05
-2.76147530408429E-05
-4.68905928343889E-06
4.23394332339059E-05
-8.07935605128967E-07
-9.06981180931245E-06
-3.66765295680954E-05
-3.12548752406822E-05
-8.10246588460769E-05
-8.23860159021168E-05
-8.29226224996392E-05
-4.09398478841274E-05
-1.90028003950655E-05
2.01531471665154E-05
-8.08551933779469E-06
-5.16164136463877E-07
-5.74603360959845E-05
-6.92866728002482E-05
-7.40923241691028E-05
-8.04578682283702E-05
-6.95944703435287E-05
-5.45298829610779E-05
-4.00019827685329E-05
2.34090410882908E-05
-1.82816569522648E-05
-7.05711444961186E-05
-6.92042032613711E-05
-0.000105392592971511
-8.17660841629975E-05
-7.97966680004244E-05
-0.000108692076294991
-7.43905589608634E-05
-4.30849887177241E-05
-2.73908704894734E-05
3.94392033143155E-07
-7.19381425325241E-09
-4.47831669935428E-05
-5.7881307986056E-05
-7.14957979271422E-05
-7.95829698581839E-05
-7.18321496824791E-05
-7.7117840860504E-05
-6.3490532083095E-05
-1.13248567164307E-05
3.36056524168606E-05
3.21549425409249E-05
4.11994525358943E-05
-1.7018702174307E-05
-2.38440119817671E-05
-1.93420537422617E-05
-1.85415094917867E-05
-1.0715526207424E-05
1.92813943408765E-05
3.99921836552517E-05
7.40330528820877E-05
4.9967654626673E-05
2.38508470411104E-05
2.75697209433619E-05
-2.59167295617907E-05
-7.7360070299629E-05
-7.76754020476174E-05
-9.57527232889454E-05
-6.50281337374026E-05
-4.4391117738482E-05
-4.01715666261247E-06
-5.21167088630056E-05
-1.13314177307661E-05
3.25062935919882E-05
1.78310706007587E-05
-1.40074782226978E-05
2.05708451055216E-07
-4.89727706193316E-05
4.16015408312369E-05
3.32364024462247E-05
9.71895789210826E-06
1.84830213621025E-05
6.15915700298585E-05
-1.25982469725285E-05
1.12699472050962E-05
-4.67866070043293E-05
-0.000119182299162402
-0.000147109311790151
-0.000131464288794309
-0.000121934562455504
-9.51392265330153E-05
-9.66726857910408E-05
-4.33751633422607E-05
2.80045457171278E-05
4.75807836303268E-05
2.95134577693234E-05
6.11002867068631E-05
4.21356472014935E-05
-3.70149809540917E-05
-5.19783827694588E-05
-7.56997828807493E-05
-6.73689170495645E-05
6.98854235916444E-06
-5.98618067346328E-05
-6.28119813460227E-05
-1.87930953693746E-05
-1.09413032319456E-05
1.17153761549584E-05
6.0401453567619E-06
-2.43242544958291E-05
-1.63059460395307E-05
3.37318865019417E-05
8.31817620822396E-05
2.946805511765E-05
7.13111102392668E-05
6.57862271652783E-05
4.11693176665027E-05
5.84737404194063E-05
3.99583476688783E-05
-1.3488596605403E-05
6.01444799027641E-05
-3.52715114965915E-06
-1.30377530026597E-05
3.43906007812602E-05
1.64541498448253E-05
-2.81463248145965E-05
6.64039245403723E-06
-2.12435013299176E-05
-8.24262074851374E-05
-7.54102852990085E-05
-0.000116859301300312
-9.86895416883143E-05
-8.52714113527474E-05
-9.48646358066769E-05
-9.89668960734884E-05
-1.36702314639277E-05
7.23508491096369E-07
-1.65899741355435E-05
-6.88822921520576E-05
-6.96771199278498E-05
-2.49169775464703E-05
-3.32786485293934E-05
-2.98287321875198E-05
-3.43407362025797E-05
2.34777794304055E-05
4.61614746922687E-05
4.73938936848282E-05
-3.80818562811131E-05
-1.75595379804476E-05
-5.10391758387898E-05
-5.43718867942831E-05
-8.02339891355594E-05
-6.35551200639833E-05
-4.38165873243484E-05
-2.64991742441593E-05
-6.41963106663387E-05
-1.7246324944671E-05
-4.74461713912416E-05
-4.62049332112557E-05
-4.61978727722194E-05
-2.26470075409503E-05
-2.10197679002201E-06
1.18826358236829E-05
-1.21023734750964E-05
6.64900808920642E-06
-3.66377206318351E-05
-1.00186582328217E-05
-1.14530525064183E-06
1.97805716713649E-06
-2.18499908593844E-05
-2.09397463238124E-05
-3.75373706222187E-05
-1.86993524113899E-05
-4.18176501423112E-05
-8.28636792771929E-05
-8.28295639360925E-05
-5.19107648189138E-05
-5.88980085443079E-05
-4.8047644851761E-05
-3.33117827433928E-05
-7.22304227239315E-05
1.65523062696817E-05
-1.32020894736275E-05
2.36705367890273E-05
4.2155135352116E-05
5.29838964577499E-05
5.91707512671502E-05
5.69290886625106E-05
-4.46036077139813E-05
-3.08133856497306E-05
-4.15918014037467E-05
-0.00010521724511826
-9.60636564210481E-05
-0.000108010480471386
-6.6174392552066E-05
-2.29150893224934E-05
-1.01575965162893E-05
-2.86707985868636E-05
1.51101857091188E-06
-3.39699289459256E-05
-5.01844590196295E-06
-4.97031772987732E-05
-5.47403099390289E-05
-4.87507289529061E-05
-1.86774181868014E-05
-1.18999179853632E-05
-1.68979148877768E-05
-7.06952036827879E-05
-3.4285241030425E-05
-2.86708247985797E-05
-3.23618664525331E-05
-6.6440468210532E-05
-7.14706232802326E-05
-4.92300323692464E-05
3.4341194862585E-05
8.23820271591249E-05
3.81302909566674E-05
-5.04045447710856E-07
1.94902624461593E-05
6.61545343433116E-05
7.60106493437504E-05
1.76989744052741E-05
-2.27803730751438E-05
4.19653164799526E-05
7.61174862867562E-05
6.87376796603239E-05
6.83928361669095E-05
3.99334781665461E-05
2.08115471185674E-05
-2.75057649708858E-06
-0.000116418240583867
-0.000113393231804484
-0.000127308182772766
-0.00013344250894997
-6.76749897929797E-05
-7.76385394383124E-05
-7.03061570098788E-05
6.99508075550664E-06
2.26285453654527E-05
1.54793575280482E-05
1.68420123467286E-05
-2.61176128149169E-05
1.66493556136457E-05
1.86851982500369E-05
3.34882740552569E-05
5.88155428878528E-06
-2.72608877630854E-06
1.16800076541402E-05
-7.2404138422132E-06
-4.88707620999044E-05
-1.55906233922099E-05
-6.13793571287566E-05
-6.10203524977136E-05
-2.85176643623971E-05
-7.21526214254751E-05
2.21758543859425E-05
0.000102623691477942
2.06067884273546E-05
5.53086428368087E-05
6.54515079258711E-05
3.3779355100184E-05
4.63453654073087E-05
-4.78089679864012E-05
-0.000125515071284348
-5.17085803906913E-05
-3.86761039517439E-05
-1.26567391828405E-05
4.28956849441927E-05
3.98593894794793E-05
6.65516117052286E-06
4.47626806661869E-05
4.3311512769145E-05
2.03149897678228E-06
-3.54479829251202E-05
-7.18686662219434E-05
-5.95635295298308E-05
-2.98393629334693E-06
1.89496790435847E-05
2.70682374448634E-05
5.03728564872636E-05
7.79891354635196E-05
8.00858573135025E-05
1.97545865239372E-05
2.02135043769933E-05
2.08630130445813E-05
6.92454171717362E-06
1.7308041787264E-05
6.97732566199101E-05
2.3874670205998E-05
9.38071135540739E-05
4.12340228655864E-05
3.94879686956575E-05
-2.82215488443141E-06
1.03170335382909E-06
-8.30639176916334E-06
-7.37361808145905E-06
1.02998120955404E-06
5.75054872821231E-05
7.44181125199103E-05
0.000110454018463239
8.58313672433079E-05
4.17416380279838E-05
9.69347346940559E-05
0.000100081522296943
4.0542264240843E-05
-1.46668310663522E-05
-4.04928890507567E-05
-4.87612730207504E-05
-4.35434881004658E-05
-1.43532601698511E-05
-1.5265831515463E-05
4.42149266650156E-05
-6.17710866196435E-08
3.03971429778017E-05
5.28707339348163E-05
4.52631567807455E-05
2.8520298161785E-05
-3.46922793308322E-05
-6.08135839427816E-05
7.25665504033609E-06
2.67004273920577E-05
-1.31619953223582E-05
-1.83161555896217E-05
-3.64158210978029E-05
-3.29340119732966E-06
-5.93471545450908E-06
3.08747069855594E-05
-3.14657699014281E-05
-3.29226755612714E-05
-7.35309114328937E-05
-7.33479050093558E-05
-3.86667521587678E-05
-7.55248193752132E-06
-3.44841185572242E-05
1.29600984538518E-05
4.02684680127735E-05
8.53564944773911E-05
8.09464093708672E-05
3.77411682858859E-05
3.54309997611323E-05
-4.4153525558891E-06
5.10027524257277E-05
1.58018632592924E-05
3.18069782593119E-05
4.0159754771022E-05
0.000108632534346906
7.49827836421398E-05
8.11430291708642E-05
2.75614784934999E-05
7.87337256838807E-05
6.33469936042845E-05
2.21595470194023E-05
-4.56279056711996E-05
-5.77623114997649E-06
-2.94032263021685E-05
-4.34466380802504E-05
-5.63205469006499E-05
-3.63582254147577E-05
-3.885969810941E-05
-4.99525257601852E-05
-5.04313471891268E-05
1.19008729579949E-05
-3.07090246066227E-06
7.92273195103957E-05
1.59274073876585E-05
5.31611331272776E-05
7.1045989082124E-05
7.47142619477505E-05
4.4191121807863E-05
7.71596338706866E-05
7.46352488014177E-06
-1.62089047142759E-06
-3.4806514505352E-06
-8.42220500843135E-06
-2.37746570931094E-05
-1.78201657068549E-05
-7.40879961942933E-05
-6.28744348487717E-05
9.90006973656077E-06
3.42104970843686E-05
1.29426190567384E-06
2.10949856328293E-05
2.90659743862741E-05
6.56807356004112E-05
9.05236640460757E-05
-2.58873486304188E-06
-6.32300846711785E-06
0.000104011331694383
7.26476711745922E-05
5.37481817717196E-05
2.40745716266516E-05
-5.15888092447875E-06
8.68412736253646E-05
2.58950201259682E-05
-5.12423385729645E-05
-2.32122560093322E-05
-8.24265036384373E-05
3.03382796642666E-05
1.05757786247592E-05
-3.89503683385359E-05
3.81898640813252E-05
2.61756811773163E-05
1.83137398311231E-05
0.000109974832052379
2.29917747753643E-05
3.4365873428469E-05
8.50490323907408E-05
1.33759158871892E-05
9.23873627623247E-05
9.98286110490304E-05
4.34123042938881E-05
7.56735637319512E-05
8.42484693840507E-05
4.238465715525E-05
7.9178119460012E-05
-7.96829315390654E-06
1.78520777732952E-06
5.78162657380791E-05
4.94094938839971E-05
2.447152993473E-05
4.29690297506746E-05
5.89538632889606E-05
6.05740238854322E-05
3.00834823120012E-06
-3.30686399531087E-05
-6.83811174512912E-05
-3.34846710600648E-05
9.05427636671173E-06
-5.48014294375791E-06
2.88597926822121E-05
5.25301523122945E-05
5.21977817414136E-05
0.000120553004849257
0.000105708019314718
6.12241475510314E-05
7.39776027724746E-05
4.69470778619324E-05
6.63341185753925E-05
5.737049549704E-05
4.76937330515576E-05
2.64309717350825E-05
-3.39513514589328E-05
-4.34899100854568E-06
-2.38746842911668E-05
-4.30890220087871E-05
-1.57073014723803E-05
-2.93962986931436E-05
4.95303012527848E-05
0.000102459548966443
2.26556037789389E-05
6.23038462981592E-05
7.98089614389033E-05
9.80512797180044E-05
0.000119523967042223
5.45064299927594E-05
3.53193917114061E-05
9.21315442448174E-05
7.47985391164449E-05
0.000101245192177583
2.82388153255836E-05
-6.62663503106435E-06
8.51021345344126E-06
5.25005170580073E-05
2.56776722476524E-05
6.82642573184224E-05
-1.52791513137413E-05
6.5568024688462E-05
5.78220167792274E-05
7.51934606777207E-05
4.71814392173522E-05
7.27719359510257E-05
5.27354796853938E-05
8.22798695636934E-05
8.76840475889225E-05
3.50105878659898E-05
-6.74673870216362E-06
-1.15114662523137E-05
-2.58453553554147E-05
-1.35099658872071E-05
6.93820234756245E-07
-3.88713475579966E-05
6.42806739847105E-06
-6.01894550243948E-06
6.87832672168333E-05
6.21114079240838E-05
4.97016332188566E-05
6.76030487510173E-05
6.06844213742415E-05
8.79870509617379E-05
0.000101620741911631
6.57135117044723E-05
7.21905512883308E-05
9.01217400487429E-05
8.92194266523331E-05
5.74396346640511E-05
1.99325182949535E-05
3.7898931560474E-05
3.41455789672055E-05
2.74487286310674E-05
1.00863385445109E-05
-2.70348050579863E-05
3.14503571748221E-05
5.92806070955056E-05
4.49131037585278E-05
5.07547735322993E-05
1.93015917666948E-05
4.17905853160091E-05
7.2196117730738E-05
7.29001307764069E-05
8.03942140131261E-05
7.49823524446993E-05
4.88264628117369E-05
9.96756162803162E-05
3.19584627136137E-05
1.1257570321024E-06
1.20502707662801E-06
-9.37056733788468E-05
-8.9106454231588E-05
-6.96697315063502E-05
-7.45132150942301E-05
1.58820597695454E-05
5.03751915101393E-05
-5.9530950498812E-06
7.72993741523169E-05
6.78204375014381E-05
3.60809975437014E-05
4.41985335292996E-06
-8.65116697631009E-05
-0.000129096093159084
-7.71336087414767E-05
-2.66695467267953E-05
-1.57107942540302E-05
1.15627147225716E-05
1.62102376555289E-05
2.74714109177139E-05
5.6077797486685E-05
9.6034855047147E-05
2.13532088850751E-05
-1.93140866958532E-05
4.1492912269088E-05
3.06990917991381E-06
8.57203050991488E-05
7.33072948031278E-05
2.71190191860811E-05
2.22770654813152E-05
5.97701716886667E-05
-2.70148807405695E-05
1.20644324682224E-05
-3.87709581725554E-05
-6.62002810771814E-05
-8.58183740014394E-05
-6.43929789710611E-05
-4.12140850384335E-05
-3.2444269103841E-05
-4.6173269675222E-05
-3.31993424035637E-05
1.97665380163374E-05
6.35851741277381E-07
2.20093050216376E-05
1.88117739123898E-06
-2.08654309557198E-05
1.62479979829996E-05
2.79774473167685E-05
-9.24411777762599E-06
3.5356978160183E-05
-1.85793934141314E-05
2.41378190093737E-05
2.31635302449499E-05
1.93313022551388E-05
3.73365856373501E-06
7.29667577179153E-05
2.85447512473027E-05
6.51541592895834E-05
6.47016274409665E-05
0.000108862366696079
0.000108578136884925
0.000133333128268332
5.6024595329359E-05
8.42114410380188E-05
7.96946936978323E-05
1.77539157292592E-05
4.44929698119096E-05
3.34474650493163E-06
-5.35944803290212E-06
-4.33019571691332E-06
3.11554040217932E-05
2.37820344856377E-05
6.26611294318874E-05
-1.43630131767241E-05
1.59718517542726E-05
-2.8856982109559E-05
-4.25396806456217E-05
-8.42169488374461E-05
-5.68207481453464E-05
-8.87058807409292E-05
-4.4033402639184E-05
-1.95978345080026E-05
4.34905213347919E-05
7.36498855084942E-05
8.1840518317368E-05
3.50643682941717E-05
9.44958202730414E-05
5.87484264056532E-05
1.34511516942528E-05
-2.9237247725738E-06
1.24277314569392E-05
-3.22536321201616E-05
-2.58737692365785E-05
-5.40562840780818E-05
-1.95784823971186E-05
1.25895433951099E-05
-4.13250624229512E-05
-2.8727816029551E-05
5.61568467161769E-05
5.89587442792318E-05
3.53294570237041E-05
4.08648393858577E-06
2.21989289572633E-05
0.00010326000589054
0.000108799122559026
5.05612165121039E-05
8.28202672278013E-05
5.50963823368983E-05
3.52640705713064E-05
5.08287667671817E-05
2.0095238552416E-06
-4.79105949383266E-05
-2.67334720129347E-05
-9.59531673655068E-05
-3.89963079799809E-05
1.68059395299848E-05
-3.18790850314093E-06
-3.68094677848351E-06
2.83853383265287E-05
3.3319511063669E-05
9.80389524808238E-05
6.15751709224262E-05
5.21580676868918E-05
4.42806348585294E-06
3.14566263217177E-06
3.42634731807178E-05
3.99644167206278E-05
8.61920768684786E-07
5.79822037909673E-05
5.19145070976562E-05
5.10042867291651E-05
4.11672170125684E-05
7.8177116358775E-06
-2.49964719823451E-05
-4.69514194649774E-06
-8.67516100659152E-05
-6.56960097701196E-05
-7.644831994155E-06
-1.74579383626116E-05
-3.23601102768359E-05
-2.11764696592262E-05
-4.55916211255997E-05
-4.07271445912646E-07
-8.52064118226253E-06
-2.95628285494722E-05
4.81364402490873E-05
0.00012204859216783
0.000102634056773423
0.000136550904565769
0.000104832538921557
7.6936790508961E-05
5.6070744716004E-05
2.15557421626651E-07
-4.42404670051651E-05
9.61335123699011E-06
-2.42308333161686E-05
-4.45667789672413E-07
2.93981131535716E-05
3.21506367646264E-05
5.76388709865794E-05
3.25444520530336E-05
-2.08191372354279E-05
-9.30721657434325E-07
1.33683354681077E-05
-5.10484847938702E-05
-5.50387986342939E-05
-7.47948463974451E-05
-3.66781183036239E-05
3.75099101517117E-06
2.09290486053637E-05
3.88761519884464E-05
7.16996536455489E-05
0.000112750721962824
0.000102055472299326
5.50208807256415E-05
-3.9487249928332E-05
-7.8013997119484E-06
-3.74839003559361E-06
-6.67798218315435E-06
-5.34472027633315E-05
-9.51240731795175E-06
-4.0502493573496E-06
6.91082893988122E-05
9.06988444006349E-05
6.90649022884568E-05
0.000102230077936265
0.000139042109495405
0.000110380730469151
6.77207823102754E-05
3.42776224471265E-05
-5.67884296956829E-06
-2.34125866574554E-05
-5.33247262581516E-05
-5.86136818493942E-05
-6.76821195670486E-05
-3.84418028981179E-05
2.31616761470842E-05
-1.1453442090407E-05
-1.16846201152325E-05
-1.99647124865629E-05
-2.58742091638462E-05
2.00578632252871E-06
4.217539096634E-05
4.37567412826593E-05
8.70507769201692E-05
6.75726526013493E-05
0.000120789546826735
9.61139961542518E-05
6.32181310416061E-05
4.25321945602545E-05
1.78311855099839E-05
-3.2124479718455E-05
1.82986542114016E-05
-2.05859189232684E-05
-2.0926972823546E-06
3.43896249855561E-06
-2.67038032917045E-05
-1.75618748296347E-05
5.17456294957577E-05
2.08403475552099E-05
1.00319093292169E-05
8.02091332929976E-06
4.07690584540408E-05
4.44699505069494E-05
6.77471342051797E-05
2.26257071041802E-05
2.97619195424152E-05
3.9818641020721E-05
4.12453988425389E-05
1.89079644925376E-05
1.8024898342924E-05
2.77731273027107E-05
5.21498281077172E-05
5.28815075402776E-05
0.000101099258315023
8.74781704757835E-05
7.38560984957972E-05
6.28927347265381E-05
5.64507375235213E-05
5.98921839049732E-05
6.45420467053572E-05
4.04382988181201E-05
3.00788621360998E-05
3.72229297084948E-05
6.15131016588784E-05
8.30443469501906E-06
-2.49323793399973E-05
-4.6903615740065E-05
-3.02608049626661E-05
-1.81239213065403E-05
-9.36207622877404E-06
-6.18254040471481E-05
-3.57560352655307E-05
-1.38906644221987E-05
-8.40353422412639E-06
-4.30620844061047E-05
-3.76074875449374E-05
-1.6845805828582E-05
2.69844159008043E-05
7.86224669826562E-05
3.7550943591529E-05
3.84635402848767E-05
5.04748764410498E-05
1.6187309284446E-05
-5.41116432604703E-05
1.03412026360598E-05
-2.58421984711945E-05
-3.74576918048142E-05
-6.00876498298695E-05
-2.50260483704734E-05
-8.70098803525476E-06
6.37842105053839E-05
8.10268794865088E-06
-6.56971587734806E-06
-9.96657949456115E-06
7.77743033477198E-05
-6.3790769102794E-05
-9.45563398226671E-05
-0.000106601694980185
-7.45468514044796E-05
-7.27743200876994E-05
-2.10941538052329E-05
-4.11954157238006E-05
6.94374788833438E-05
0.000116157007222768
7.41248846635159E-05
8.31933180522381E-05
7.74106561182122E-05
2.9319909816732E-05
-1.59766300758913E-07
-2.25184175147468E-05
3.52308731881464E-05
0.000112936109566788
0.000114488722080368
7.76602114788188E-05
9.76902693268209E-05
0.000110260134577701
0.000188812335307858
0.000109245896302829
4.79712421622626E-05
-5.60422184928147E-05
-2.18937093060315E-05
-1.65968687511781E-06
3.38796198117494E-05
-2.09304015919303E-05
3.12988289451221E-05
1.01853026700568E-05
9.09190260260923E-05
8.96506543032404E-05
2.58699381065204E-05
4.29870174631427E-06
8.73480081950811E-06
-2.51858384413348E-06
8.1321674970572E-06
3.00764285534784E-05
3.34452278617142E-05
2.50338520972603E-05
-1.93843858255796E-06
1.7432444072818E-05
8.04241251919172E-05
9.46893492979199E-05
5.34958943077229E-05
3.37230230329837E-05
9.43871003220542E-05
5.19601605859024E-05
-6.23852222366598E-05
-4.51621520629874E-05
3.54769336021989E-05
0.000104237060355648
0.000121167413558291
0.00010409303210846
0.000176106022762584
0.000290557960503056
0.000232703484033285
0.00021949694106403
0.00033501790998681
0.000446119060015884
0.00046314415386824
0.000430391928874267
0.000389972635994079
0.000354384301376238
0.000284491516435373
0.000117008841997384
0
0
0
0
0
0
0
0
0
0
0
0
0
0
0
0
0
0
0
0
0
0
0
0
0
0
0
0
0
0
0
0
0
0
0
0
0
0
0
0
0
0
0
0
0
0
0
0
0
0
0
0
0
0
0
0
0
0
0
0
0
0
0
0
0
0
0
0
0
0
0
0
0
0
0
0
0
0
0
0
0
0
0
0
0
0
0
0
0
0
0
0
0
0
0
0
0
0
0
0
0
0
0
0
0
0
0
0
0
0
0
0
0
