0
0
0
0
0
0
0
1.52606328752253E-05
5.48653508821585E-05
3.76438450869714E-05
4.27626506072395E-05
-1.17662099863847E-05
2.74217513691354E-05
1.23860662958542E-05
1.21906127191345E-05
-1.55629318355303E-05
-3.15241117384156E-06
-4.86479738618206E-05
-5.87221009458749E-05
-7.3584013054156E-05
-6.93491702554375E-05
-0.000100853705028668
-8.61801603877668E-05
-6.32956526313087E-05
1.63989497062067E-05
5.99942369210238E-05
2.80021288728214E-05
-1.61229573411843E-05
8.33309593953639E-05
4.1658051285513E-05
3.18369628311889E-05
-3.24630708515043E-05
-7.35049473410534E-05
-1.64148677543725E-05
2.06234191416407E-05
-8.30260088944341E-05
-3.52425930112858E-05
-5.76678375219193E-05
-4.64659815115409E-05
-4.26223008665525E-05
-7.57248167580079E-05
-8.49042914750581E-05
-3.51365766823041E-05
-6.40801772356875E-06
2.90589798524607E-05
5.56731699809405E-05
6.0925491262945E-05
8.67509624102658E-05
9.14945326836018E-05
8.07016099251189E-05
3.56642164228913E-05
1.01804764248904E-05
1.99286722071993E-05
7.69415059722376E-05
2.84975485802462E-05
1.79519658747798E-05
1.5295720693467E-05
1.81702782764822E-05
2.51378611306205E-05
3.78948320411559E-05
-3.00119256750572E-06
-5.67290572119372E-06
-5.20966637990651E-06
-5.05466501830038E-05
-4.90614227601211E-05
-3.04354697596307E-05
-9.60493528654506E-05
-7.6868595547653E-05
-4.59738074225944E-05
-3.37020091393272E-05
1.57754045100153E-05
6.37688987680791E-05
3.34781121749684E-05
-1.72129267244813E-05
-4.48910598441199E-05
-1.89207727330872E-05
4.58356326627309E-06
-2.62969676661947E-05
-5.73732225991903E-05
-4.61926496881697E-05
5.44095871327026E-05
5.42916016304864E-05
5.09194474540711E-05
1.20792755503692E-05
-1.68166180439668E-05
-2.26082546800488E-05
-3.44562858005301E-05
-5.06381559932768E-05
-2.96340654393793E-05
-3.64965982679658E-05
-7.61503326246915E-05
-7.16488083801602E-05
-7.59493455284105E-05
-6.84612031584767E-05
-7.46688566503325E-05
-8.72113946847986E-05
-9.82062554599486E-05
-6.69826296104105E-05
-3.79164844661101E-05
-2.38610661102721E-05
-5.04895435431294E-05
-3.62178180068588E-05
-3.79066739318296E-05
-4.38582271509338E-05
-1.94211146167487E-05
-6.490149049181E-05
-2.44066869019846E-05
-1.51929928212869E-05
-5.90748173279145E-05
-9.32985629196458E-05
-5.01687533108732E-05
-7.70209330879603E-05
-1.82360796052721E-06
-5.9122985316714E-05
-6.49885491327209E-05
-3.09549194426835E-06
1.39314605983803E-05
-2.2946533674088E-05
6.94248010689717E-06
-2.24978368922507E-05
-2.27032622902698E-05
2.68654231161923E-05
-2.65495727449556E-05
-9.94437013178359E-06
-9.73481931443486E-06
-6.18154594408124E-05
-7.1319690037082E-05
-1.47160185721615E-05
-3.24165712925593E-05
-6.20926573528245E-05
-2.43471576361112E-05
2.19045818280318E-05
4.96148175774207E-05
5.64734667561244E-05
2.03342117290403E-05
-4.31428095638338E-05
-7.6670453726308E-05
-9.87591327484253E-05
-0.000147321596113265
-0.00015155667165742
-0.000122285420378783
-0.000160211581662445
-7.43577764320538E-05
2.79764961061367E-05
-4.43760158762406E-05
-0.000108365526116388
-8.14922925088346E-05
-0.000118602334737384
-8.22115364750386E-05
-0.000123632516812583
-0.000176300441555572
-0.00010888756512586
-6.84305168828181E-05
-3.02051134405318E-05
-1.77996762681091E-05
-1.93478447401722E-05
-4.83322261565214E-05
1.29000550373469E-06
7.83637116438646E-06
5.67533168824418E-05
-2.47810077797717E-05
-2.76791755442439E-05
-3.99388974653123E-05
-2.0579799818725E-05
-6.93700948537755E-05
-9.11841354395132E-05
-0.000104344330603675
-6.82359521715392E-05
-4.28073507007263E-05
-0.000154837510487787
-0.000132394001085788
-9.56737753319512E-05
-8.86468653736658E-05
-9.24341910614863E-05
-0.000125337707678195
-0.00010861864702091
4.62741094651754E-05
2.54150338439002E-05
5.43941274972051E-05
2.74475373362183E-05
1.81098696635686E-05
1.49741051996305E-05
-7.43245123113165E-06
-5.29490372363018E-05
-2.84764636245586E-05
-5.84498663974495E-05
-3.10894116722233E-06
1.81172611861069E-05
5.58244517392045E-05
4.90877573287485E-05
6.01747936497371E-05
7.31712218411618E-05
6.43221042358771E-05
4.04493555634752E-05
1.42523989791079E-05
-1.56111016868943E-05
-3.92180419382861E-05
-8.79961763036428E-06
-3.31006746218471E-05
1.14140217927962E-05
3.26254939410793E-07
-2.84681458593783E-05
-6.32840818665845E-05
-9.65742037742436E-05
-0.000157137001126727
-0.000154559429784217
-0.000210140868765753
-0.000208938805488785
-0.000165971994976115
-0.000118846789960779
-5.90007192803096E-05
-3.10264097712084E-05
-1.53456587871527E-05
-9.55820809643009E-06
3.9272460701525E-05
3.93697226740388E-05
5.53575506757202E-05
3.5568656151188E-05
-3.31125038738395E-06
7.34863289090838E-08
5.37538713598603E-05
1.16164596623211E-05
-1.19711945122257E-05
-2.18283918007708E-05
7.86546217212687E-06
3.21157648868207E-05
-2.10159846902631E-06
-2.21398398490575E-05
-7.19916923773467E-06
-3.92045524080341E-06
-2.14025622478642E-05
-7.58692191318051E-05
-5.69268985398221E-05
-3.63051473337026E-05
-8.51644449480816E-05
-8.90085552681098E-05
-7.20353106135488E-05
-4.22452925779064E-05
-0.000114927750870318
-0.00011155909822572
-0.000131007150944018
-0.000136947934979136
-0.000132314455689385
-0.000108649196528217
-0.000146748469472179
4.78274082449532E-06
1.02888242713395E-05
2.82779752907099E-05
5.25699853276464E-05
3.60960691061039E-05
-9.01155907238281E-05
-9.18695441790096E-05
-0.000113793562131479
-0.000122359923194432
-0.000123873330341811
-0.000181620076534645
-0.00017725037356136
-5.60641802650693E-05
-1.64669361627427E-05
-2.92178308499045E-05
-3.72352078114709E-05
-3.46773340998182E-05
1.61912184890645E-05
7.41450996922872E-08
-1.59333762228174E-05
-4.20836162113954E-05
-5.12429022458432E-05
-4.51888021701816E-05
-4.26018137357331E-05
-2.209956464163E-05
5.14483308973109E-06
-1.65550088449349E-06
-9.37901176218245E-05
-0.000109176705785261
-8.44943583875598E-05
-7.17614284513755E-05
-6.73911743325966E-05
-9.10282698455257E-05
-6.0038830117185E-05
5.68418583901139E-05
7.75438937787794E-05
4.49417179293928E-05
1.05930078277632E-05
-1.62405231921467E-05
-3.28612100436796E-05
-7.04621098066194E-05
-7.58740679747981E-05
-8.54756974355428E-05
-9.38878209072263E-05
-3.9081647839501E-05
-4.66519196445647E-05
-5.04741711569632E-05
-3.81280742308296E-05
-4.245271856428E-05
-1.49475714473129E-05
-1.238398226836E-05
-6.13886625767909E-05
-4.95079446974729E-05
-1.68905225877941E-05
-1.99707165991244E-06
4.52597759133597E-05
-2.06587901545194E-06
-2.74278060863476E-05
-4.37896030666634E-05
-4.3008424429883E-05
-4.71125521122449E-05
-0.000125860805799289
-0.000149317483437499
-0.000106908188492969
-9.21452988079486E-05
-3.0758133754338E-05
-1.46932926524919E-05
-1.43242528337784E-05
7.67103601980251E-05
4.97104326056557E-05
3.66412568084958E-05
7.29476728501996E-05
3.06848693175359E-05
2.88934339281371E-05
1.5154171709129E-05
-3.41532527926518E-05
-1.87184517487861E-05
-5.14348419521455E-05
-7.36739754856793E-05
-3.7692180005357E-05
-4.82577395980894E-05
-5.89985903866287E-05
-5.57390935551377E-05
-7.36255060776635E-05
-4.84503461804311E-05
-9.50758913355451E-06
-7.33027981918478E-05
-5.55117992795586E-05
7.5630687729922E-06
-1.02105995744269E-05
1.23162080461852E-05
9.23391304562948E-06
-6.70647034297828E-05
-1.4613356245376E-05
-1.24830989685104E-05
-0.000115507688495648
-0.000125472177891604
-0.000121903296686008
-0.000124679964918071
-6.12606605950196E-05
-6.69028957569974E-05
-7.65874490741506E-06
4.18008947261189E-05
8.51028698530652E-05
4.53433850497167E-05
5.65868862038602E-05
5.06276375579706E-05
1.6764276229435E-05
-2.78006638445341E-05
1.10150918940802E-05
2.91486123883648E-05
4.29261144738104E-05
9.59941489400946E-05
6.13069891468219E-05
7.00547918764418E-05
5.88024329101838E-05
3.39078512053368E-05
5.72816443611346E-06
2.44269078639876E-05
-5.86119436821103E-05
-4.01282807894275E-05
-1.99777413212575E-05
-1.04063704346689E-05
-3.64636802518701E-05
-5.67703632903208E-05
-4.10078316078114E-05
9.13535353763557E-09
-2.57384596104194E-05
-7.15182781196858E-05
-5.68097687756541E-05
-0.000127663632992776
-8.59225314965684E-05
-0.000122677483170469
-0.000128670016232762
-0.000197734722599889
-0.00011128291420119
-0.000142488424007383
-2.65552579360228E-05
-1.2321452781428E-05
1.28729422872822E-05
2.6535626868135E-05
0.000151102007020851
7.07922917088929E-05
4.85996475731019E-05
2.57032481182614E-05
2.80084587750425E-05
1.32032924114381E-05
-1.11662023788459E-05
5.84986992441913E-06
2.69379707148283E-05
2.35723579977074E-05
4.06406976549761E-05
5.70699473805221E-05
9.11410798436818E-05
8.82593676466898E-05
3.06073542395153E-05
2.85842117951712E-05
5.67098392016365E-05
5.19907119272604E-05
-2.19504830454245E-05
-5.6253900502878E-05
-6.86302694661286E-05
-6.38940203489261E-05
-5.25060383120862E-05
-0.000140818373151947
-0.000132737054205772
-8.49787564134786E-05
-7.08670490592078E-05
-4.78812636603059E-05
-4.66436064072863E-05
-2.73735466765051E-05
6.53918226584414E-05
8.17891190850231E-05
4.04629853917672E-05
5.35234455866755E-05
0.000125434697042351
0.000134659878876943
0.000126459450729485
0.000106111106446779
6.97094925980646E-05
8.83944362277527E-05
5.33581158080876E-05
-3.65533049711786E-05
-6.65040987122545E-05
-5.14809854754241E-05
-4.30513614281073E-05
-2.40296478410007E-05
7.96571965417682E-06
2.496687932015E-05
5.12494560206088E-05
7.43538214641351E-05
5.64764387476714E-05
5.71799947019478E-05
3.34792449562762E-05
1.36360479914981E-05
1.28666369372395E-05
-1.32812962760048E-05
-1.27206681520924E-05
-6.27267059082309E-05
-5.08903638722486E-05
-5.3912923905801E-05
-6.48135260726721E-05
-4.59572702521415E-05
-1.07539066720752E-05
7.66484534894586E-06
4.84911492940971E-05
4.51640708265255E-05
5.9656872497669E-05
9.25477350086871E-05
8.54271825364788E-05
8.45118166979566E-05
5.78280194915555E-05
7.91912782808872E-05
8.99768322457192E-05
8.3269191870644E-05
3.90866184277162E-05
4.12404317510341E-05
2.04752207911452E-05
8.53339750342707E-05
5.40981617952617E-05
3.41798432340235E-05
6.5561207072718E-05
9.48870103070174E-05
0.000107644111705181
0.000117264132701578
8.09315243611844E-05
9.35821047278332E-05
8.83823079744253E-05
0.000118945600974603
0.000117298358029961
5.59181151765707E-05
5.9644597902768E-05
3.80181191673732E-05
-7.49018280125442E-05
-2.94908718697523E-05
-7.31936591099683E-05
-4.96959964639906E-05
-2.16921344324419E-05
-4.10849693136496E-05
-6.08323539177458E-05
8.6443281898143E-05
8.31767751663135E-05
9.69022618371023E-05
0.000101636677039387
0.00013888974213798
0.00015946638796831
0.000207913312099551
0.000169479705240044
0.000138691911792843
8.62540819605349E-05
7.38572365812256E-05
4.24204519571362E-05
2.29980330716523E-05
-1.42018861633258E-05
4.0053566683676E-06
-1.50530291366328E-05
6.40649451909035E-05
5.98957981575972E-05
1.73223175276183E-05
1.51467637571716E-05
5.48758005799847E-05
4.0327843524484E-05
0.000114665596669162
7.07083642580304E-05
3.83412806719536E-05
3.83007197855654E-05
8.47743094119938E-05
1.433781559753E-05
-5.01154391714514E-07
-1.45074606311292E-05
-3.22742648210234E-05
5.86849276434523E-05
7.76042513524564E-05
5.21749750936197E-05
8.21943146996695E-05
7.14610433596176E-05
2.24928941698093E-05
6.27547260344506E-05
-4.84693953022738E-05
-2.50092558642139E-05
-4.96394573212586E-05
-3.20534529386239E-05
3.52105715125985E-05
2.1220204244688E-05
-2.36661937738921E-05
-3.82476874622289E-05
-1.17834009904772E-05
4.33417224471001E-05
3.02913995829451E-05
-2.63225242677369E-05
-4.31189892002919E-05
7.39388527480364E-06
6.39287066284762E-05
2.92768325952943E-05
-7.97133945491673E-06
6.06710892932192E-06
4.11814408371296E-06
8.38276174509257E-06
-6.68116451336646E-05
-4.82048634659039E-05
-7.02210571844506E-05
-0.000124503703287971
-0.000130847918199622
-0.000138212896754199
-0.00010412755154525
-6.18563160370661E-05
-9.64090435914521E-05
-8.31466612754417E-05
-2.26106666981167E-05
-1.49296590600368E-05
-1.2137531383428E-05
-2.97656552217328E-05
-2.82922547078029E-05
6.35093315749643E-06
3.34913078150515E-05
2.67994702293651E-05
3.35181670121453E-05
6.53048297951776E-05
6.41632532336614E-05
6.25024454130457E-05
2.2369126035152E-05
3.6933462444011E-05
9.46080149166373E-06
1.12257870472435E-05
2.94473126227363E-06
-1.65184681914125E-06
1.25230579405992E-05
4.98862819326082E-05
1.74939554836257E-05
3.81733106921679E-05
3.77406619029731E-05
3.87027261940272E-05
5.68346445756026E-05
3.0614546371918E-05
-8.48698348659959E-07
-3.39585716815754E-05
-6.44906465038011E-05
-7.09293308216785E-05
-0.000114865770490567
-9.781765440314E-05
-5.97507007583205E-05
-7.46168134544845E-05
-8.18764105317757E-05
-5.40878305669166E-05
-8.4400365116451E-05
-6.72924187466954E-05
-6.59837595444437E-05
-0.000113789751512593
-0.000116986622920358
-9.34978789531499E-06
-3.43292849112127E-06
2.73890185724885E-05
6.36979935380848E-05
3.01037807318635E-05
3.96523485824152E-05
9.91915485195447E-05
2.13714245672291E-05
3.68974369118943E-05
4.97237767392163E-05
4.02885457638265E-05
5.86011565200587E-05
5.14740774088669E-05
1.70417985280463E-05
1.17410270228985E-05
-1.41068459673027E-05
-8.89514445697984E-05
-5.1163512395012E-05
-7.35053195227884E-05
-8.5972055976099E-05
-9.48994830571125E-05
-0.000135312528984772
-0.000129858814927478
-7.50327509376809E-05
-0.000125142578468643
-0.000126308600308138
-9.01204218010048E-05
-5.28882082171806E-05
-1.43396515554734E-05
-4.01945387964499E-05
-6.19721985980782E-05
-3.79684981737635E-05
-2.03619517544099E-05
-4.06273456323924E-05
-7.59053891317739E-05
-8.08994303129449E-05
-4.5428406295046E-05
-7.27774592498116E-06
-1.57960015300897E-05
1.64015094123812E-05
3.89400646282586E-05
3.36963978367972E-05
4.63877755126069E-05
4.47210499410523E-05
4.76625790672394E-05
3.67590357079596E-05
-2.50985781782092E-05
-8.44630038309854E-05
-5.02021707255062E-05
-1.70637194544232E-05
-1.97517408362487E-05
-4.61610151675402E-05
-2.61296850369084E-05
-4.69803516405982E-06
4.92944840429182E-05
-9.9070377672537E-05
-0.000103317376557933
-0.000109144815543306
-0.000123574122276778
-0.000144247024414829
-0.000149078847696866
-0.000143001057545785
7.89858271845844E-06
-3.22230009552907E-05
-3.80892874024832E-05
-1.18152661856091E-05
1.04271817663009E-07
-3.80723965296203E-06
-2.69097897208667E-05
-1.83132702424644E-05
1.39464284351609E-05
-1.08045302214915E-05
2.11644565181441E-05
-4.41622510113369E-06
3.22853641055479E-05
1.07300579893516E-05
-4.13200226238172E-05
-5.40632222713566E-05
1.27700851609495E-05
-4.35287801625002E-05
-2.98943455991204E-05
-1.07802583473389E-05
2.45365473563633E-05
7.66354906832327E-05
6.87654687909009E-05
2.04208145589032E-05
8.93339050387455E-05
0.000104577860008427
5.45227420073133E-05
-5.3475933772846E-06
-5.90062650477129E-05
-2.91368305529997E-05
-2.28246663526471E-05
-5.61835718778349E-05
-7.89984533910206E-05
-8.0973293860313E-05
-3.56138541066153E-05
-3.95277816475623E-06
-3.64287730164355E-05
-1.79880912097839E-05
-4.90690214804043E-05
-3.38174063446368E-05
-1.23960305848607E-05
-2.64787927270721E-05
-2.73712381599803E-05
-1.37673404845185E-05
-1.13636439902886E-05
-1.16108753614419E-05
-2.076967558545E-05
-4.12683789154511E-05
-1.27471610484913E-05
3.75371690892607E-05
4.68608045301431E-05
3.65207391628661E-05
5.73236418061007E-05
4.84274646756539E-05
8.52444970984783E-05
5.66780253189994E-05
-1.0367442976932E-05
-3.55207506496303E-05
-3.21443699016881E-05
-4.89164165455648E-05
-2.0599787741616E-06
-2.16621876753199E-05
-1.65618385739589E-05
3.72921647230056E-06
2.91657363156623E-05
4.74070329445422E-05
5.80476882844939E-05
4.25548651935346E-05
1.17909761870732E-06
6.74041332546206E-05
5.21174305629923E-05
7.53869786718534E-05
4.08935630051152E-05
1.59831454924535E-05
2.38822617218387E-06
5.46732890130282E-05
-4.6214532889628E-05
-4.33057971457971E-05
-5.41092000917635E-05
-2.95753322121907E-05
2.30356635714165E-05
2.10275920694571E-05
-9.16051979905244E-06
3.40509420848463E-05
3.42267179473428E-05
-1.6179948421332E-05
-2.96852690926863E-05
-5.90169666494857E-05
-4.07512580319676E-05
-2.00602024874039E-05
-6.63146233370532E-06
9.05288589458431E-06
3.38435277305746E-05
3.24624003324217E-05
3.09223948782195E-05
8.60346817932052E-06
-4.25223977795338E-05
-2.38337651851771E-05
-7.94475220053424E-05
-8.13176866696644E-05
-5.27113758027882E-05
-8.12450813685211E-05
-7.74570357091566E-05
-1.40144753721768E-05
-3.12766954177037E-05
-4.23959553903955E-06
2.50960111679553E-05
-9.6486584863758E-06
6.44831540662143E-05
3.56384666646097E-05
2.35911533493355E-05
2.21952436389145E-06
7.23464698563549E-05
4.81883121941122E-05
8.22848172294363E-05
6.69211707564908E-05
7.34742616969155E-05
9.09822757666581E-05
0.000119660609797587
4.22888407730511E-05
8.40320885965876E-05
7.00571324577038E-05
8.23656640431625E-05
7.50604121924374E-05
2.49631043613722E-05
-3.25644839718933E-06
2.88485848878265E-06
-2.59285964084913E-05
-3.42415362780408E-05
-5.16965082989063E-05
-0.000105745550677273
-8.14778619452037E-05
-3.68603280903096E-05
-2.29098479453107E-05
1.4916719762317E-05
4.13820365531711E-06
-4.56222200132422E-05
2.64951921644151E-05
1.12591107714215E-05
-4.34260250180624E-06
-2.76198381566485E-05
-0.000104098484116134
-6.61325936883245E-05
-8.96437370446647E-05
-5.74594941947397E-05
-6.42643963543838E-05
-5.47914446094163E-05
-7.32560838851023E-05
-4.29859479447927E-05
-2.95577404181359E-05
7.4123107801534E-06
-3.64903669855101E-05
4.94737341361898E-06
-1.95794467029634E-05
-3.14221554307915E-06
-5.52640808614281E-06
4.98196308711941E-05
5.70469608882187E-05
7.36523087801589E-05
2.74097998169882E-05
4.04640713786154E-05
7.11936070768247E-05
4.73999735671391E-05
-6.39493004151506E-05
-0.000120776605957379
-0.000123734313923765
-8.90478053492406E-05
-4.99702834891812E-05
-6.63580933787343E-05
-6.78429291713181E-05
-5.14948184617179E-05
1.21145384718782E-05
2.78757943826724E-05
1.39910980473771E-05
-5.49454246437367E-05
-5.20316806309894E-05
-1.07183928010909E-05
-1.98501064655192E-05
1.15689671977668E-06
-1.46830849181569E-05
1.94419665202163E-05
2.9389070456296E-05
5.48062270046499E-05
-1.1227064397976E-05
1.5858591161652E-05
-5.35911784225335E-07
-6.60050168709377E-06
-5.6395949347017E-05
-4.00106279325261E-05
-6.1387652483894E-05
2.55005635898138E-05
-2.87327385606623E-05
1.91883140235082E-05
3.93323342041842E-05
5.83819986913757E-05
4.77350422631035E-05
1.74344643530816E-05
-2.79039992034433E-05
1.37933207805318E-05
-0.00010188069151944
-7.36040929911258E-05
-7.61838319322152E-05
-5.48301809658019E-05
-2.81062748049458E-06
5.75717228512769E-05
6.85835454032339E-05
0.000124486937712927
7.71428743979293E-05
6.26187802113639E-05
4.57281711262489E-05
2.12697633953522E-05
-4.15484764146222E-05
-8.02127343720686E-05
-5.75085188422976E-05
-3.50300639430149E-06
4.72329754512346E-05
-4.04710658058376E-06
-9.75812148357938E-06
-1.80336638529638E-07
-7.77621825356992E-05
-6.45971096328127E-05
-6.52694719589272E-05
-8.13863343359674E-05
-3.86513530579788E-05
-2.28600882973227E-05
-3.0060774667955E-05
5.28377951936336E-05
1.01353386939238E-05
-5.94908755722148E-05
-8.7751660469556E-05
-6.85293575571599E-05
-0.000100850204045973
-8.59841964129746E-05
-0.00016944827445706
-0.000136598778024374
-0.000123395948178585
-7.76537187745501E-05
-0.000109540943990982
-0.000104199621752974
-9.28090597033901E-05
9.26211157162782E-06
1.72123074556925E-05
6.42815552444427E-05
6.29877566523874E-05
2.61297763730565E-05
5.91618765816359E-05
5.50581765158866E-05
7.66754772010188E-06
-4.85997680294024E-06
3.63755365799157E-06
-3.45211576564349E-05
3.94889187911325E-05
1.8925269702584E-05
3.05806477281593E-07
2.95684621071324E-05
9.34163591418392E-06
-4.36108359184087E-05
-2.84525337705017E-05
-4.47058459825617E-05
-6.9975596289246E-05
-6.04984224031759E-05
-8.42494778196214E-05
-7.3059695265339E-05
-2.51587425986416E-05
-4.40636492676554E-06
1.68927504906648E-05
3.95460474411371E-05
-5.53584808540591E-05
-5.80693896922549E-06
7.43690563287099E-07
-1.36451919233242E-06
6.73797279323095E-06
-5.70017383706309E-05
-3.24857966577944E-05
5.34342910851313E-05
3.11017854318421E-05
2.7183668458953E-05
-3.18344464461685E-05
-5.83454879584359E-05
-3.49617357950733E-05
-5.61359719905283E-05
-2.69890134783649E-05
1.79296683595779E-05
1.03263683963813E-05
5.19690766149983E-05
2.73505046077609E-05
4.18439229322564E-05
8.51953190971347E-05
7.26162055269236E-05
4.50509803779301E-05
6.6040315725426E-05
3.10587225513506E-05
6.11120921201851E-05
1.61982978842745E-05
-4.78973568565577E-06
-2.37012430294435E-05
-2.40132125027023E-05
-1.81884510154383E-05
3.18665191130734E-05
1.8208366575859E-05
0.000102234479389016
-6.35654135211569E-06
-7.93659676364368E-05
-4.34555718338446E-05
-5.9779783528529E-05
-8.62123928709246E-05
-6.71993153060312E-05
-0.000116642082735591
-3.05985850394069E-05
5.9887967760576E-05
4.2986102106055E-05
4.43130663003088E-05
3.31411879839922E-05
2.14721390599501E-05
1.98401063746593E-05
-6.54848933512958E-05
-1.51396008991128E-05
-5.5758684894351E-05
-5.53126617198239E-05
-6.02923710860942E-05
-1.0766803274752E-05
1.5081130860151E-05
0.000100970372249846
3.66008760967049E-05
5.37442876187281E-05
3.94364039462753E-05
4.96493929703935E-05
1.49968554063314E-05
-1.41743078507529E-05
-4.66823380112879E-05
2.23281537732098E-05
1.36677480139577E-05
3.37567367134976E-05
4.83794425289636E-05
3.06129740126679E-05
3.04933352945553E-05
3.77115781048787E-05
-7.62154766442256E-06
7.68006362479555E-07
-9.14030243787852E-06
-4.50404725171388E-05
-6.7940995950687E-05
-3.43514911026612E-05
2.36205735527754E-05
1.79943662501504E-05
3.22938432279699E-05
4.18340000977941E-05
7.09583057081644E-05
0.000100413168877511
7.10485499347449E-05
4.76742661871556E-05
3.09707022520639E-05
1.225824857681E-05
3.01752859390768E-05
4.79899955661028E-05
4.11382091991718E-05
5.12291798009368E-05
5.01590016501049E-05
3.9968777068227E-05
1.1884770154101E-05
1.8000531232262E-05
8.46281848655312E-06
1.48152455797372E-05
2.63270947798813E-05
1.20903952731248E-05
6.17055938504647E-05
0.000103133644194444
4.92113607455874E-05
2.07113426436465E-05
2.0884824513704E-05
-4.22837913580894E-05
-3.51683520593994E-05
-5.25503213846786E-05
-8.72630383424703E-05
-1.29233697559031E-05
-1.79188513992995E-05
-5.53560756010911E-05
-2.41443861032929E-05
-1.99682163991586E-05
-1.16052807508608E-05
1.91583682205926E-05
-4.76878911617445E-05
-3.03887184960007E-05
4.76083800260452E-05
7.46144227882293E-05
6.13660207245131E-05
5.09857157822887E-05
3.09310164100976E-05
3.53293784414871E-05
6.47419997845609E-05
4.85980864885432E-05
6.10608233313584E-05
8.64756901173843E-05
5.76633901411337E-05
5.19612509414004E-05
4.79843929235065E-05
2.77842095381335E-05
-9.70112907032298E-06
-3.49690616625517E-05
-3.1671822775245E-05
-1.65602568812964E-05
2.87548011396624E-06
8.60727926966016E-06
-1.06458609370471E-05
-9.47682406993196E-05
-8.50831143738785E-05
-8.67688592055766E-05
-7.37108507690701E-05
-0.000105464066918053
-9.93732216914491E-05
-8.37510102926421E-05
3.09358439952678E-05
7.50548378194687E-05
4.30691394580207E-05
2.99615916981892E-05
4.49571071816069E-05
2.97739275747214E-05
7.28894243054639E-05
4.52875496354877E-05
-1.05159550199614E-06
1.2143146775514E-05
-3.00527391315472E-06
3.19937090753904E-05
2.81371680519834E-05
-1.68379599192293E-05
-2.41523175152512E-05
-8.38492911360933E-06
2.42457108300631E-05
4.3037250344755E-05
2.85062957182107E-05
3.995275071131E-05
2.35582089929021E-05
2.01934442761692E-05
1.21852509071328E-05
-1.78313024452125E-06
-3.41928356607301E-05
-1.74938567067877E-05
-3.60940444987413E-05
-6.37910906573325E-05
-9.29007888245249E-05
-9.55790643874229E-05
-0.000111974062083263
-7.15959928028043E-05
-7.01422256348428E-05
-1.75240821519145E-05
2.01401797565889E-05
5.90035790061282E-05
2.35278094586482E-05
3.96965161954881E-05
4.40946366182945E-05
1.27655637086791E-05
3.57878294371717E-05
1.02817314984573E-05
5.27086776130039E-06
1.65822652534064E-05
-1.66441366337054E-05
-3.13006475087562E-05
-1.29240101812712E-05
-5.77721924858063E-05
-2.35225081172089E-05
-2.89411731458392E-05
1.35117406416797E-05
5.46327779144129E-05
3.39466161878296E-05
-1.52270995408736E-05
-2.41186865798069E-05
-1.39005916970392E-05
3.09747826858907E-06
-2.32533010306686E-05
-5.26836032855544E-05
-3.38924852908461E-05
-9.79234229384585E-06
-1.52282733069929E-05
-9.18773375457099E-05
-7.844726312005E-05
-5.86095774434132E-05
-4.92635709736693E-05
-7.3626230780636E-05
-4.96913951248434E-05
-7.84251189022439E-05
-1.52317973628375E-05
-4.07344920479267E-05
-4.91906427836029E-05
-3.04748583845838E-05
7.80176984361485E-06
-1.37180430739477E-05
8.36600193819082E-06
1.3678683443507E-05
5.66991327698818E-05
4.77627888073844E-05
7.58724623246843E-06
-7.23834160359885E-06
1.26861702708159E-05
-4.95810534720399E-06
-9.00478786770091E-06
-5.00151407888381E-05
-4.43298759424255E-05
-1.49681674610054E-05
-1.45939063460638E-05
-5.1131697213648E-05
-2.18272728109251E-05
1.4697696140848E-05
-1.09600063118018E-06
-1.2931842707615E-06
-2.11229404851386E-06
-1.38924336424705E-05
2.5964137676826E-05
-2.67602081648699E-05
-4.97389687018473E-05
-2.21040838182812E-05
-2.19284126275567E-06
-1.17550237266132E-05
-5.76361686362977E-06
-3.34668976289737E-05
2.67506888770626E-05
3.95033099332655E-05
3.70951875378669E-05
3.40117437167508E-05
-2.28341936192098E-06
1.93815176969839E-06
1.60576335509251E-05
3.02454547525221E-05
1.46607526734315E-05
1.56821646957591E-05
1.56468834340146E-05
6.20014602652414E-05
6.36522833209373E-05
7.48419458163016E-05
4.15346950254148E-05
4.39422351939211E-05
5.61302308278653E-05
2.34268558431411E-05
2.80453669214698E-05
6.52788641245003E-05
3.35461672340118E-05
3.43248087412118E-05
-1.68128377829759E-05
-3.05805517562284E-05
-1.34015870409589E-05
-3.60688054453497E-05
-6.88294801381692E-05
-0.000116091539364347
-0.000121193915138887
-0.000103823878337781
-9.00203191493187E-05
-8.08556068900684E-05
-4.90637198950785E-05
-5.15106104882493E-05
9.40748091883934E-05
9.31574820994542E-05
0.000142068559746176
0.000114902681306488
0.000123791496607536
8.92275424664784E-05
9.85781658172152E-05
1.61659050334065E-05
1.83290823879819E-05
9.096895617705E-06
-2.5318069449485E-05
-8.32739730778066E-05
-6.25275085131297E-05
-7.45754983226767E-05
-3.07397751999048E-05
-1.79280475760623E-05
-2.90453942442196E-05
2.80381726500365E-05
7.24344765731595E-05
6.71337680512768E-05
7.59702469415145E-05
6.84621398879723E-05
6.43532691442067E-05
2.58821099512596E-05
-3.02101961801312E-05
-5.53031073292844E-05
-4.31348296065749E-05
-7.03452422464138E-05
-0.00014192906376258
-0.0001379161451013
-8.04097315050896E-05
-3.32951562969454E-05
1.74980229893572E-05
1.4556826952057E-05
2.71993532127295E-05
6.96849457041425E-05
5.21800837358342E-05
3.14041295100414E-05
3.56587447255984E-05
2.87540850486182E-05
3.07902574820315E-05
4.48582826875689E-05
4.22141760331942E-05
4.81833881278786E-05
8.03233781872196E-05
9.23387860119298E-05
6.47782473091124E-05
5.74557694033589E-05
2.67386175020663E-05
6.24387049792409E-05
0.000106297437575083
8.86248193644144E-05
9.0314578736563E-05
8.94296507779597E-05
6.10683672735812E-05
4.55082619809522E-05
2.9846558283922E-05
2.64399905186966E-05
3.53450110677001E-06
-1.69099782822438E-05
-1.49388612583523E-05
-7.36506383733535E-06
-4.06927791346497E-05
-7.42710699053636E-05
-7.80936696300892E-05
-6.42683158190832E-05
-5.95814863321616E-05
-5.11240817626906E-05
-4.23625566543458E-06
6.11820772692319E-05
9.9137356452574E-05
9.61616210932446E-05
9.44981231830841E-05
6.98522685813997E-05
8.93405913798676E-05
3.94853059211017E-05
5.74795159110697E-05
2.98157816413216E-05
1.54132968265765E-05
6.97661511575278E-06
2.37254720981674E-05
1.54237270988988E-06
1.31633989123434E-05
-3.47108579436715E-05
-2.74613636305948E-05
-3.44594316027439E-05
-1.62494708342789E-06
1.4491767697519E-05
4.85974936841278E-06
4.50626471203721E-08
1.54360799573771E-05
-1.76054508415906E-06
1.85440286412949E-05
3.78681202179674E-06
-7.11062504593105E-06
-3.10047767736905E-05
-7.87199856146975E-05
-8.22518187524778E-05
-8.24623474896725E-05
-9.81420204418037E-05
-0.000112574143917901
-0.000129975595332149
-6.595244609103E-05
1.71192630732275E-05
3.62990249272787E-05
3.31602819822206E-05
8.02527241539271E-05
0.000106489198774305
0.000141546711155728
7.15988641788842E-05
6.00888584528843E-05
9.14053428903568E-05
9.57391283252684E-05
5.41993721244469E-05
3.87247481471563E-05
2.11178790173261E-06
6.40662330347519E-06
7.35354127742402E-06
-4.81383711931864E-05
-9.14957959935819E-06
-1.78487415469305E-05
-4.06112459935216E-05
3.77065453852143E-06
-8.09891840950543E-06
-2.55435398662394E-05
2.28975538586396E-05
-2.5895386865883E-06
-3.94495609897632E-06
2.85067817351155E-05
2.00320000280271E-06
6.56441281748311E-05
9.33007937057161E-05
4.41283455314452E-05
3.88908386496827E-05
1.74730659892136E-05
2.18239508039503E-05
4.61086125836423E-06
1.13092249538832E-05
2.10172611529264E-05
9.37315698852599E-06
3.4663059487507E-05
6.11753625549405E-05
6.77267632601739E-05
8.00394138597331E-05
4.38270639834698E-05
2.99804026392704E-05
5.39295822321272E-05
6.86165286550801E-05
6.72439541249471E-05
4.17098646950569E-05
3.17088216585407E-05
6.4536979554745E-05
2.859576969077E-05
1.11951560883631E-05
-1.88979846240634E-05
-4.81001485594266E-06
-8.8830316399422E-06
-1.56267652780105E-05
-2.81895292672594E-05
-1.4797536340152E-05
1.55592304220517E-06
2.45089442812784E-05
1.18575565837515E-05
3.21647676861547E-05
4.68718885936173E-05
-4.83721233445572E-05
-3.98302525086122E-05
-1.96025058892312E-05
-1.63773418319089E-05
-7.55981003380883E-06
-1.43664339573115E-05
-4.29040103435944E-06
8.27570018788794E-05
9.12086739859446E-05
0.000117988922448266
7.28563875723852E-05
5.43437109708731E-05
2.51837399159955E-05
-7.51601298350214E-06
4.03905017569102E-05
1.34822729905152E-05
-6.86712033504975E-05
-3.10896347105226E-05
7.92174477476696E-06
2.50614973853542E-05
4.76184550345988E-05
1.15179888458273E-05
4.47864264903337E-05
9.17655289513484E-05
5.87101565925092E-05
6.53505880696083E-05
4.88318419706784E-05
2.71631480810472E-05
2.51585388200615E-05
2.36566443022124E-05
4.55816503453623E-05
4.78616839291126E-05
9.1192098910974E-06
5.26998974148942E-05
-3.3198686074265E-05
-4.77702862081682E-05
-7.68264987242484E-05
-7.7611137568872E-05
-7.01830674504773E-05
-7.56721845452959E-05
-9.98596332989246E-05
-2.10139583076163E-05
1.32038991748564E-05
2.42278369420068E-05
3.60250866725032E-05
4.12027585578218E-05
2.7289185069961E-05
1.11972120033342E-05
4.16807025078252E-05
3.5650761775068E-05
4.43482817335262E-05
5.47493877957946E-07
-7.58015243382346E-07
8.40841912838104E-05
7.31625688322209E-05
7.48108570516863E-05
7.02955974551061E-05
6.14558897795701E-05
5.82052508766727E-05
6.76949574151322E-05
-7.56715649700389E-06
2.72559878937723E-05
1.8151477983348E-05
1.51036389237196E-05
2.71966991703585E-05
5.72889624480121E-05
2.42138152950379E-05
3.05769566790179E-05
-5.75588045725189E-05
-4.07465947686331E-05
-3.13443145042164E-05
-6.9413333956136E-05
-4.29378061395189E-05
-8.37115687695766E-06
1.07689888460986E-05
0.000111529366709381
9.92804923312986E-05
7.69372316196188E-05
0.000110772755516832
5.64964394520773E-05
6.42783622308437E-05
2.32709989314175E-05
-3.54176231716183E-06
-6.44211069368423E-06
-1.82069194301361E-05
-3.54122633191587E-05
1.02081431900224E-05
6.89955675419452E-06
5.71606689425493E-05
4.81200806905941E-05
6.27456307541305E-05
6.95057958321118E-05
9.07198657189776E-05
4.6658330024947E-05
4.9919761205407E-06
4.14172765657696E-06
5.07741130360032E-05
4.42147125370167E-05
-9.48251898007196E-07
-8.95924773031646E-06
-1.98165503012431E-05
1.3789048685331E-06
-4.05707235363344E-05
-0.000129851709412402
-0.000144624268163207
-6.06828712600143E-05
-7.28019576446548E-05
-2.1947139595754E-05
-3.97297984514322E-05
-7.69633633427721E-05
-1.06067141310217E-05
-3.38843218330947E-06
-3.05870130476039E-05
-3.26397748352883E-05
-5.63388943270407E-05
-2.17159273092939E-05
7.86646518429783E-05
8.31966646076253E-05
7.76070198428544E-05
6.7683861775079E-05
0.000117544958166323
0.000165160823933122
0.000123563381264133
6.24852247983733E-05
7.4322389185603E-05
8.17935129445026E-05
4.24080807819192E-05
7.88768537243528E-06
-3.10215656084491E-05
-3.05161522415846E-05
2.3883884204518E-05
1.98275726705213E-05
3.54312519846112E-05
6.27257971610647E-05
5.75237696104872E-05
6.51318740572316E-05
0.000103556825404685
-1.76777852680429E-05
-5.87659049171496E-05
-6.49788476248689E-05
-3.47574344886696E-06
8.50762945479095E-06
1.45687901408014E-05
3.07406258855347E-05
0.00012981795071072
0.000133771753954034
0.000144755427449135
5.14808930509967E-05
5.96874955968214E-05
4.89662901929769E-05
3.91354849614185E-05
2.99627627111594E-05
2.9326227210475E-05
1.90855259999364E-05
9.14933736678179E-05
5.15801768498842E-05
6.17801918537098E-05
2.66085594486199E-05
3.76188214264242E-05
4.20873245117686E-05
7.56083051830111E-05
7.53417426729331E-05
9.83934391031967E-05
7.77263732821777E-05
5.12865521337906E-05
3.57604891601421E-05
4.78749556377406E-05
4.54645372053839E-05
1.15856208486658E-05
6.95841351048536E-06
4.7625451746102E-06
-4.12663001746086E-05
1.64424504176015E-05
-1.69487826604576E-06
-8.27567860045002E-06
1.78486270602802E-05
6.58287005787371E-05
6.66564648728156E-05
0.000129409895233138
7.95023372133232E-05
0.000118738929341501
0.000114011303047682
0.000100419560770385
7.21983857889459E-05
9.63270349545966E-05
0.000114438737304253
0.000125764480684368
0.000104013521097812
0.000108520222493946
9.48271717115796E-05
7.50766820109093E-05
6.23397311789701E-05
6.65903129867929E-05
4.96086660112712E-05
1.22582148452848E-05
2.60705547642941E-05
7.39695039670065E-05
6.69583808823461E-05
6.90898504513851E-05
8.81813379405616E-05
8.13505026591698E-05
0.000127338477793543
9.09234096190488E-05
8.03072271512986E-05
0.00011557994186691
4.80125616399105E-05
4.60885146458627E-06
2.64167128210112E-05
7.73290036262215E-05
0.000102819640796054
7.19355713037638E-05
5.2773466349288E-05
0.000120658270371278
0.000161211546518749
0.000158766077879891
9.70562216622884E-05
9.23581360091979E-05
0.000104860598803312
0.000134467394902928
0.000150799712748732
0.000148639625456451
0.000142407804893772
0.000155913088364957
0.000129389506791901
0.000148144275161324
0.000155292457019903
0.000114583978638625
0.000149954875357427
0.000166195217628294
0.000169214773298454
0.000165841607056517
0.000120645888213239
0.000122044894574021
0.000145609161167033
0.00011345524690176
6.51196244001366E-05
5.34430340724072E-05
7.36883740359712E-05
0.000117266393384519
1.54069582652295E-05
-2.7710972719314E-05
-1.72816669943113E-05
-3.58514527739427E-05
-2.27482181465055E-05
-4.18185092102307E-05
-6.70706059475515E-05
1.55947805379379E-05
8.860045309029E-05
8.54754641232063E-05
0.000145335730522799
0.000131790741497956
0.000110384085648777
0.000102743227321482
1.60221416334214E-05
-3.21461509348853E-05
-5.46429077018311E-05
-7.63406359946989E-05
-8.8275841661127E-05
-4.42365836747937E-05
-2.97665363102586E-05
8.61537529669351E-05
8.96657936355846E-05
0.000114815175641228
0.000155059409283374
0.000145226599912072
0.000137353026621629
0.000122644705841542
5.71670158863165E-05
7.39848689949106E-05
6.03058177857236E-05
2.52230297833647E-05
8.04792428736741E-05
5.72963210323631E-05
6.53504166697447E-05
-1.7011983865381E-05
-1.15663293478502E-05
-8.11361649553984E-06
-2.06701582060522E-05
-5.32431267046488E-05
-8.59614475752958E-05
-7.28929241907697E-05
8.92211641076954E-06
-1.0176249492506E-05
-2.24461180102503E-05
-1.17712890610728E-05
-2.19032474890715E-05
2.64276561240812E-05
7.28500966590405E-06
1.73455783400673E-05
4.36020142110457E-05
5.23252728134826E-05
1.8217334360076E-05
2.08450517761728E-05
-2.60249976910505E-06
-1.27330737867769E-05
-1.38495106318642E-05
-2.50615797603597E-05
-3.36314069873867E-05
8.88809962613199E-06
3.273547864799E-05
6.23908842301323E-05
6.85979858931546E-05
7.23341396511064E-05
3.63141209005215E-05
4.87614760386766E-05
1.12184420465754E-05
9.27617202286533E-06
4.03252308972325E-06
-5.76068031917628E-05
-9.94806410600773E-05
-7.11941568482868E-05
-5.75893877826948E-05
-2.33921311066652E-05
-3.83913109309007E-05
1.04576823011756E-05
8.16728123612491E-05
0.000141773596569974
0.000123612184880822
0.000111781991362678
0.000134506421035343
0.000118572505197838
4.78382266373176E-05
4.49281283853521E-05
2.9864090075693E-05
4.5476770064855E-05
2.79754896454465E-05
5.50216185006958E-06
3.15179461262843E-05
5.63278941992629E-05
7.22256422994077E-05
7.82309931370704E-05
9.64828444048267E-05
4.16904628452444E-05
6.90832984456809E-05
4.01582889658171E-05
4.02225213845903E-05
2.40864206779059E-05
4.48395276835752E-06
-1.72241126935207E-06
5.03832747218354E-05
-2.09863140525455E-05
8.13278071281163E-07
-4.93887378396468E-05
-0.000100982804119953
-8.38250406209227E-05
-6.99293304622834E-05
-6.01884285812681E-05
-2.99487801350055E-05
-2.44910998405789E-05
2.67984723950505E-06
8.59740717594421E-05
5.28134370335495E-05
1.60689257289138E-05
-4.56871867001043E-06
1.68006919921191E-05
3.9083632748015E-06
2.62831399943584E-05
-2.29551775370866E-05
5.33445450941172E-05
6.22630445765075E-05
5.64766932653109E-05
4.59898208790364E-05
5.86643367826733E-05
2.23901258386387E-05
4.37632561951615E-05
2.82068611458474E-06
-9.59985042190995E-06
-6.32015696161205E-06
1.25592081718984E-06
-1.44954851900733E-05
2.56667361071505E-05
1.76263265180858E-05
-5.03116797731826E-06
1.45132974967984E-05
4.94426990290945E-05
2.09841110653783E-05
1.00103904899963E-05
-4.63748584369119E-05
-2.05119202597059E-05
-2.08093078566072E-07
1.81152051476923E-06
-2.64710273229313E-05
-1.42045578445567E-05
-1.12739957450672E-05
4.80207613052486E-05
2.49388961516218E-05
-8.93027721173847E-06
8.60259334386354E-06
3.20869728250655E-05
4.37791035368351E-05
6.17180314645683E-05
6.21873359133823E-05
4.38403224423196E-05
9.47052794176654E-05
5.00153705014998E-05
6.56894294430842E-05
1.86922607837564E-05
-1.71702894503312E-05
-2.05247046935135E-05
1.67090451587334E-05
-1.66841775406905E-05
5.33735926378707E-05
2.60996763053417E-05
8.59353935220022E-05
0.000113843103154437
0.000107446147606718
8.30332889750907E-05
8.4703898715E-05
2.12740239387672E-05
3.52333962670348E-05
1.56993288347246E-05
-6.56005467350814E-05
-5.64766991838309E-05
-3.13086163366813E-05
1.86907665701961E-05
1.1007596596395E-05
-2.96005319524976E-06
1.08815917310732E-05
8.83037073250676E-05
4.70155947462211E-05
8.82592416658768E-05
4.01466061170751E-05
3.13429519486696E-05
1.39388695698826E-05
2.03002152810562E-05
3.76252525378551E-05
4.14847343859207E-05
-2.1677752218381E-05
-6.2616215915597E-06
5.12177799455457E-06
5.86217448036689E-06
-2.76307977281041E-05
-3.61886351979641E-05
-1.26994860497232E-05
5.38010259559616E-06
1.30556066897827E-05
3.37145556456828E-05
7.84163375837818E-05
7.81692255466041E-05
0.000102407749694215
9.4547040950065E-05
6.40624359932587E-05
3.80805974357762E-05
4.94445429161979E-05
4.74436420186206E-05
-2.91938247724465E-05
-9.0534844598867E-05
-5.82253351170585E-05
2.38584535056073E-06
4.2656060936815E-05
1.90711236095774E-05
-1.92290086900715E-05
9.77924821795177E-05
0.000119360506934592
0.000115194335978934
8.94128142191891E-05
1.722937704032E-05
1.94055215368631E-05
2.31900884413509E-05
4.25661954365776E-05
3.40287986805952E-05
-6.70083173480123E-06
-4.42091577277352E-05
-1.89610324080609E-05
-6.49644271662488E-06
3.10617886294396E-06
-3.11312334090315E-05
-2.02299741377451E-06
1.86191701094971E-05
4.77464313071298E-05
5.88003577526561E-05
4.05282647440987E-05
1.29644875239515E-05
-1.66663800160595E-05
-2.62328875813566E-05
-4.16411457775995E-05
-5.99525060812975E-05
-5.67114634292715E-05
-2.96038294711129E-05
-0.00011074401838646
-0.000148967788787335
-0.000178819245535889
-0.000155027865430882
-0.000148018117003064
-0.000106636329993577
-0.000102642693092906
1.67352743312236E-07
6.47371986482597E-05
0.000125908611521366
0.000147731128613511
0.000119759571492479
8.00062848397318E-05
3.58535296344542E-05
4.63086931342221E-05
4.69654708059686E-05
2.22318809525848E-05
-2.2807148503124E-05
-5.13270025396112E-06
-1.30105436792855E-05
5.4977404229625E-05
3.7004174002095E-05
3.52654220219681E-05
7.78252482528753E-06
4.2436675787349E-05
3.85340500852552E-05
3.75034869295629E-05
-2.89383506853692E-06
3.59047915754299E-05
2.56819120032997E-05
1.0251920003521E-05
-1.37754895685461E-05
-2.25239207566991E-06
-1.55474767890713E-05
-1.45381572915936E-05
-8.16898206244974E-05
-0.000117456793680707
-0.000110702093254373
-5.86619996391245E-05
-6.2557791949874E-05
-2.89929019199012E-05
-1.63671285190564E-05
2.83545569583642E-05
5.92658770372448E-05
0.00010672855016712
3.68387020900318E-05
4.64728371901314E-05
2.3386966443336E-05
-6.82774310122478E-06
6.74151505242155E-06
-2.07895843197295E-05
-3.47266412215472E-05
1.28513910102016E-05
6.06796183848918E-05
5.89612808371926E-05
8.47054220750704E-05
4.47700443729233E-05
9.33330112115931E-05
6.59251597674341E-05
5.93596945990133E-05
1.46841158679462E-05
2.53270185543437E-05
2.78068634607361E-05
4.48406385931036E-05
3.09668877869655E-05
7.02278385364818E-05
3.42870152213819E-05
5.95940016372585E-05
6.62549935857135E-05
-5.40842740045301E-05
-4.04628835862483E-05
-4.28413657785102E-05
-9.60090008276099E-05
-7.56407894743222E-05
-0.000104823465964796
-7.98926044794997E-05
-6.81723981453891E-06
-2.93586124777877E-05
-1.61283317393235E-05
1.13960766275273E-05
1.65947030532946E-05
4.62927983201274E-05
2.11980824439534E-05
2.34187594966278E-05
7.74334760632389E-05
9.79787906920802E-05
9.31701221895099E-05
0.000106810700030159
9.98484667180181E-05
7.96072869067955E-05
8.73866917350319E-05
2.91697189486883E-05
-6.26198177107362E-06
3.56635273510191E-05
1.99484705708178E-05
-2.28017053137988E-05
-1.78681304186687E-05
3.79787231683139E-05
2.63154447275118E-05
4.82733272676757E-05
-8.21405476809324E-06
-2.74161993807007E-05
-3.62195266873388E-05
-7.28933741729747E-05
-0.00014378122498381
-8.86862755598642E-05
-0.000109828430122545
-7.04480995749176E-05
-7.65038335818032E-05
-3.44999268122132E-05
2.85516236981567E-05
6.71564691731151E-05
4.15699929374304E-05
3.36187550434963E-05
2.13211435602617E-05
9.1598197652293E-05
7.81975900484246E-05
-1.17764094285135E-05
1.14402378340399E-05
6.85984809640135E-06
3.68754965495578E-05
3.37994874355124E-05
-1.60228879638184E-05
-1.87885305836895E-05
9.74401552592547E-05
3.29660419154891E-05
3.05593515837862E-05
2.56209993199255E-05
3.99968521944039E-05
5.20748447463163E-05
7.46418302342703E-05
1.68891427520335E-05
3.26581479014473E-05
3.56942228556903E-05
-1.0161457130423E-05
-2.98125156480248E-05
-3.71184563265773E-05
-6.21332946143233E-05
-0.000102806211731445
-8.03373247671499E-05
-1.87545692282164E-05
3.67469741280135E-05
8.10974177578641E-05
8.22360488598175E-05
7.33667223130571E-05
0.000117176949364786
0.000155238690410595
9.61765578201182E-05
5.2292013329306E-05
5.03684497416402E-05
4.14996893719585E-05
3.05043232818922E-05
4.06041779960828E-05
9.28929446351626E-06
6.05928536644712E-06
-4.76132358812763E-06
-2.55560640667952E-05
-2.2217208524474E-06
-2.56126822866255E-06
3.26927437225622E-05
5.63415633637171E-05
5.89343233746163E-05
0.000101904181493888
0.000100695171424726
8.9943066785232E-05
0.000101002888098834
7.95290358355869E-05
-3.19529185220979E-06
-7.55447593910647E-06
-4.58830299610306E-06
-4.62272720589183E-05
-3.75728766302869E-05
-0.000108701090167417
-0.000100193249852901
-4.9735272537365E-05
-3.7027451641129E-05
-5.53637435962201E-05
-2.3395086825389E-05
-5.56516038191851E-05
7.85456873878452E-05
5.27397338621232E-05
4.77476832713742E-05
4.74544075186813E-05
5.84193175649105E-05
0.000126845885233121
0.000135612271526364
6.02187587473941E-05
3.21831657200108E-05
5.35567026034856E-05
6.40435240342474E-05
6.72710078075789E-05
-3.35458005253185E-06
2.41018288035254E-06
1.43084211701984E-05
7.2491656417598E-05
8.03744178113942E-05
7.57521938588107E-05
7.12477156264053E-05
0.000111535742173165
9.66127438365906E-05
0.000125498484203628
0.00012932545618004
0.000113846934028895
7.10681834444036E-05
8.70634584905338E-05
6.05257392534159E-05
-1.32339677003321E-05
-3.3291029445347E-05
-3.56261526795773E-05
-4.61626574325396E-05
-2.38450869034929E-05
-5.09688792482823E-06
-8.1422967938228E-06
6.26106540530221E-05
8.44842544973253E-05
5.39088439644592E-05
0.000101207519729529
0.000130591464742673
7.70542696842326E-05
7.25882906605487E-05
7.60840922536331E-05
4.80579142967504E-05
8.26029780516318E-05
5.24634863499075E-05
4.53384164303533E-05
9.63955751697574E-05
9.14889464542912E-05
0.000142441396006396
0.000156602654251788
0.000117625740703242
2.45842322442492E-05
4.73530450973113E-05
-6.48846535366749E-06
-2.92156178664062E-05
-6.40323854228738E-05
-5.49298950168255E-05
-5.39042554238756E-05
1.81289765729971E-05
-1.20066363384211E-05
8.95121634514529E-06
-2.20128877138721E-05
-9.78976055742528E-05
-0.000122599590902192
-0.000101143850662671
-7.74468877054744E-05
-0.000110831657015447
-0.000146506075424017
-0.000109734856343231
-4.4465606288883E-05
-3.79203761476722E-05
-9.64111170845108E-05
-0.000122099478251515
-7.09505150088199E-05
-3.91572073344015E-05
-4.41207196940269E-05
-3.79767892282455E-05
-5.79936953338629E-05
-3.59899651891696E-05
-3.59677086744422E-05
-5.95392227984324E-05
-8.44325685554478E-05
-5.72387763500522E-05
-3.71348892794444E-05
6.11705431509804E-06
2.18924701885463E-05
3.27365970297907E-05
5.61918933151345E-05
0.000113077749477434
0.000131520098965508
4.95076109132468E-05
2.20613104982386E-05
7.15071927988033E-05
5.12229223011783E-05
4.88640250099333E-05
-7.0516164321838E-06
-9.76260382042498E-05
-2.25403925039298E-05
2.92955138103979E-06
-7.25942148954865E-05
-5.9479544964254E-05
-5.9903469202906E-05
-4.17848651184147E-05
3.09448986688407E-05
-9.35691636960579E-07
5.89468034837995E-06
2.35919423725991E-05
5.61204969134898E-05
2.09353372214453E-05
3.56462608232766E-05
1.72744953468587E-05
7.3629596672641E-05
4.22349949519975E-05
4.73348750739254E-05
1.5286874743793E-05
2.25851560396079E-05
2.21364795134586E-05
5.69839183315745E-05
3.11857239069745E-05
3.19586983633577E-05
1.06031331946766E-05
3.74245509647556E-05
5.92273348555499E-05
3.41648564932911E-05
1.28383068177155E-05
1.42899394930101E-05
7.66873206368549E-06
3.16379371068522E-05
-4.19204455355683E-05
-6.65887539049937E-05
-0.000121569131878187
-8.31428378420013E-05
-9.71350700966148E-05
-5.5592084591119E-05
-1.51880305635178E-05
2.85232650891363E-05
7.85703704510614E-05
0.000151989338565327
9.87463054788497E-05
9.15199277927559E-05
6.62030269669102E-05
6.65184890474679E-05
7.5868386698566E-05
2.26555145587885E-05
5.72562529522643E-05
5.64216647771511E-05
5.47940848100456E-05
5.04960467631825E-05
1.05826448988653E-05
3.43490406316573E-05
4.04934842661034E-05
1.83670540451497E-05
1.40201849420011E-05
3.15786109397938E-05
3.43941106534377E-05
6.86945585475779E-05
4.15232110082859E-05
6.7300952235744E-05
3.88128772989072E-05
8.22337105993303E-05
7.7263688246916E-05
8.68676323663394E-05
5.43714707466422E-05
5.1385620140139E-05
1.02303195138173E-05
6.10820136532438E-05
7.1996449932307E-05
7.16847806379858E-05
3.36709574578018E-05
5.51632690011222E-05
7.15402138724876E-05
8.43305981024845E-05
5.94028188308152E-05
3.20112844135939E-05
-1.71972166160055E-05
-6.62790693762835E-06
-2.19282440601272E-05
-2.74483036637786E-05
1.28836333603988E-05
2.98750050088433E-05
1.65471771324414E-05
4.16705536847928E-05
8.50003942454764E-05
0.000110399121547799
0.000134998816929324
0.000105690573638259
3.99765097307482E-05
3.86815456430451E-05
8.38108019468024E-05
4.33662743893053E-05
1.84506615689704E-06
-2.38158171827834E-05
-1.93358591311943E-05
2.66758859118887E-05
6.3175641657876E-05
2.46671840963324E-05
6.23945412869452E-05
4.71735945951677E-05
1.25071436074538E-05
-1.74608493156711E-05
-4.35430419535577E-05
-7.35094300327375E-05
-3.38775801876271E-05
-4.53454117653797E-05
-3.44456166749317E-05
-5.50351946667655E-06
1.83818639273424E-05
4.0980556238637E-05
2.92153973797777E-05
2.08897904445772E-05
-1.83704754976927E-06
2.06731190226862E-05
2.82201742132796E-05
2.25366838737918E-05
4.60123616433792E-05
7.30386914546679E-05
4.4768250958224E-05
6.48363862540786E-05
2.96990485560577E-05
5.90129806455261E-05
5.92190792433299E-05
3.01748025921227E-05
5.89240343987581E-06
5.45268450913969E-05
2.23242833891942E-05
4.86851215884349E-05
2.47949315766627E-05
2.28285653658821E-06
1.65414730356126E-05
3.91312383517777E-05
3.59420572462898E-05
8.1224707717272E-05
0.000105625476659151
3.06331305040304E-06
3.52723527278607E-05
2.02377627265324E-05
-9.91716874681546E-06
2.20529430295458E-05
2.30346599929995E-05
-2.92743959841484E-05
4.87538272930447E-05
6.04047446387374E-05
6.3331655914124E-05
7.3669250661655E-05
5.63838824779846E-05
1.05822014092496E-05
2.35939735776695E-05
6.45257805266675E-05
0.000105445550484891
0.000120395664785047
0.000159029265743089
0.000137176254634513
0.000180465508896708
0.000202242113842563
0.000199146501605492
0.000150775161766065
0.000159361525552479
0.000112925983121223
0.00010546049150948
8.22794297651506E-05
9.54908917252979E-05
9.06124336814012E-05
0.000107771640278306
9.28703843930731E-05
0.000102292484952081
9.37743869578618E-05
0.000165976690186676
3.43397156577619E-05
3.48270999718089E-05
3.83076578191586E-05
1.96922459336933E-05
1.81117013852375E-05
1.76466390620859E-05
-4.9962496903778E-05
9.08255871304728E-05
9.33453037276264E-05
3.67937682150706E-05
8.72943140038503E-05
0.000125857230211672
9.57175910059437E-05
6.76921042033955E-05
4.47025303588433E-05
5.65040326279137E-05
0.000119496541897413
7.80237523863141E-05
7.68442158366553E-05
0.000132012836016947
0.000138415655726119
0.000133961867630458
0.000110308983645668
6.19677828259123E-05
7.27176868847266E-05
3.70551628944292E-05
6.20938721831903E-06
5.90015868080973E-05
7.19072819175827E-05
5.99068442386599E-05
6.26295152824043E-05
6.02519123187465E-05
8.5905108178822E-05
9.52265556817749E-05
6.41054537930544E-06
-2.99813216189883E-05
-2.24777892438585E-05
-1.03466132719498E-05
-1.53078452152671E-05
8.6629327661942E-06
1.58705545423332E-06
5.1786146367545E-05
7.5371539492964E-05
0.000108342210428766
0.000137198229318454
0.000126147670464577
8.54255051772528E-05
4.46483927876382E-05
3.11647301101259E-05
3.11160287841613E-05
1.98113711281231E-05
-5.13865810551339E-06
-5.95320566914426E-07
-3.201742890306E-05
4.14111653119648E-09
2.3863492880538E-05
5.87868839678158E-05
6.84101589713587E-05
7.82305351126078E-05
8.33726605359087E-05
0.000105859715971
0.000108309998815562
0.000129151082746476
8.47745592117244E-05
6.79036323382864E-05
6.46577903434334E-05
7.30033370559194E-05
7.29571307052862E-05
0.000116487455805509
1.5459153472922E-05
6.50247965087788E-05
5.09022719419753E-05
4.97197820866008E-05
7.29881421678062E-05
9.99365556752329E-05
5.08950863838285E-05
0.000149548576254138
0.000124796076332525
0.000120335394143666
0.000121433331741217
8.91280531805861E-05
9.65529311049565E-05
0.00011762034282241
0.00012543964003372
9.62465882440868E-05
8.21780893761886E-05
0.000131333084174653
0.000133469991574946
9.11949856758134E-05
8.83052265236794E-05
4.70573946043924E-05
8.80264640018525E-05
0.000120261772749457
5.06886601758032E-05
3.63194115129799E-05
5.64094131395846E-05
0.000109751136008481
0.000114791216832578
8.80100093583379E-05
3.19296223533659E-05
7.64791606467659E-05
6.96906179312523E-05
7.0377093113324E-05
-7.4763873139062E-05
-5.58491950313304E-06
3.00127532027709E-05
4.81656094654854E-05
1.41707045881719E-05
4.91169439931985E-05
5.46080692110061E-05
0.000142268187044939
8.83186549567136E-05
4.54027436087771E-05
6.58864887889606E-05
7.84149057461281E-05
8.60040996264419E-05
4.20725897628111E-05
9.28933758872006E-06
6.23644291683587E-06
2.16468851958148E-06
3.78706737043142E-05
4.09266016595407E-05
2.41991800663233E-05
5.80451168621609E-05
7.57265612872139E-05
7.87755483264515E-05
7.94941188405857E-05
4.97462789036397E-05
5.79170329868668E-05
4.46181553592329E-05
6.10473670275595E-05
0.000102795662739164
0.000108900771756923
0.000111786043507115
0.000152165031239
0.000123602861319004
0.000140073081512901
7.11426819502896E-06
-2.61103357525214E-05
-1.18031039076742E-05
-6.64887342760532E-06
-2.1785410184762E-05
1.21790558480518E-05
-1.2231548458123E-05
0.000143082879970655
0.000128290756205078
0.000100048352751783
0.000100767718911108
9.20960737672551E-05
5.10095085249583E-05
5.65750669524952E-05
1.37648037882058E-06
7.59168319125439E-06
2.10343911741462E-05
1.66027867765833E-05
-4.29213930775912E-06
-5.84788618340377E-06
1.61395957354669E-05
4.28675759907767E-05
2.65225878068989E-05
2.25525632440414E-05
4.98690120144277E-05
6.23191092793289E-05
8.29696880892198E-05
9.61867345622724E-05
6.01548943362385E-05
8.97748459529488E-05
7.94376046915701E-05
6.45714833756304E-05
2.25263563555848E-05
4.65592565539372E-05
-7.58556989331434E-06
-2.20007778566325E-05
-2.59424044471755E-06
-2.88178376361532E-06
-1.40976065768364E-05
1.15066520472614E-05
-8.4721677912165E-07
1.57877310658266E-05
1.58260754868946E-05
6.25261486450485E-05
7.5304795816206E-05
7.58995273438728E-05
2.7278130230649E-05
1.50966958552526E-05
3.49072484089956E-05
7.82733483025632E-05
-8.15632777536477E-06
-5.9646687793783E-06
-3.70180151689477E-05
-3.04555084077922E-06
-1.14197264281184E-05
-1.21234742480187E-05
-4.38218121343161E-05
-2.19792791149748E-05
-1.82388206106972E-05
3.93438555745456E-05
2.22329585843963E-05
2.31404383649511E-05
2.61529242100736E-06
3.70055179125436E-05
3.19485003858545E-05
2.60961340004742E-05
-1.92996016487432E-05
2.15280468273714E-05
-2.59377896063084E-05
-0.000105051998076421
-9.97621525260359E-05
-7.75593919764204E-05
-0.000110994934792684
-4.4760942471116E-05
-5.56263341495858E-05
3.21076028391377E-05
0.000106776492567207
0.000108821394237515
3.95222838011209E-05
7.08074080605348E-05
7.09053735044021E-05
5.10130963506132E-05
4.6456588296075E-05
6.26617235914515E-05
4.85526514952385E-05
0.000102504700983673
7.07592720153206E-05
4.82955760396933E-05
6.11355749248655E-05
2.24812291871313E-05
5.66430705585554E-05
2.42062717228864E-05
9.33535890593216E-06
2.43905580154782E-05
2.98654685642527E-05
6.76035043708461E-05
7.84418912722164E-05
6.7847704667069E-05
5.00886930450356E-05
5.60301195529107E-05
9.17528133475933E-05
2.7968262582451E-05
3.91884546500387E-06
-7.22261924793064E-05
-8.78254018592147E-05
-3.37660158062253E-05
-3.50696310941963E-05
-8.36945479315845E-05
-4.1044839362305E-05
-4.4339680076085E-05
2.91133629520086E-05
2.60293020797208E-05
5.98761582317706E-06
2.2429152383011E-05
3.33042714327765E-05
1.22154172073651E-05
-1.38159045034401E-05
9.04151624181132E-06
-7.66363981904707E-06
3.38133788943196E-06
1.16775882254663E-05
4.10513782898655E-05
2.98394016719477E-05
5.62116290488796E-05
0.000102197846628406
5.89659234207524E-05
9.73574395317716E-05
4.54017059493273E-05
5.43259351603744E-05
8.44811425633743E-05
8.14955332530265E-05
-6.7115188515531E-05
-7.5629224067078E-06
-3.89236609099519E-05
-6.91492592044353E-06
3.10560723437679E-06
-2.01827644653509E-06
-2.09736112734726E-05
8.25642547575345E-05
0.000113432018996626
8.71841373356938E-05
7.88346789247219E-05
3.10429023565744E-05
9.50354053848931E-06
5.13011144638651E-05
3.10559510664161E-05
2.51336643850163E-05
5.85796856796515E-05
-4.84428783076038E-06
2.09274819131031E-05
0.000105232359353479
7.15928237228053E-05
4.63060809178971E-05
3.69287937981255E-06
1.24505882176048E-05
9.69920526920567E-05
3.82602816688795E-05
1.06424756023998E-05
4.11407733054197E-05
7.90356826626074E-05
9.68760583053299E-05
8.09513360404227E-05
3.74818901744565E-05
7.38196348101607E-05
8.09999747969322E-06
1.9413744776357E-05
-2.53090952050774E-05
5.4414038740914E-05
4.21443147358186E-05
6.65284328049931E-05
4.63475590093047E-05
7.01620746621196E-05
-4.62240998680451E-05
-1.54219813010896E-05
-6.45016199142602E-05
-5.38602772010567E-05
-6.78955255832546E-05
-6.95503510732126E-06
2.27822987048367E-05
0.000101755863233613
9.95659488791008E-05
7.16544823909263E-05
6.99296378110909E-05
5.91368440464413E-05
3.66293493869413E-05
8.62609060078891E-06
-2.92808672149685E-06
4.63714272965799E-06
2.49247548603918E-06
7.23617106525123E-06
7.60473096861031E-05
5.3125292590975E-05
5.86370042305986E-05
4.82539258165451E-05
4.3773634543621E-05
5.50482952148107E-05
5.60702456064208E-05
-1.06935990956222E-05
-9.07003819653938E-06
1.6178314708592E-05
6.76014927825937E-05
8.18629575886115E-05
5.38554752717072E-05
4.58131789262979E-05
7.74288133170196E-05
0.000106591380366401
-1.30274401964227E-05
-4.33859139549794E-05
-8.2435898003418E-05
-6.31223875751145E-05
-3.68134786471693E-05
-4.42216105004393E-05
-4.21762890557097E-05
5.71299593985932E-05
5.25757222021171E-05
7.83380221992863E-05
0.000117039140893651
7.62852301094589E-05
9.87612745203999E-05
9.48074089732909E-05
3.99330187937602E-05
6.51280423372842E-05
6.42992155366179E-05
2.40563040307863E-05
6.06624774309625E-05
4.94767666670705E-05
4.00029332444789E-05
4.49197049502963E-05
1.47576293495017E-05
3.36118214883055E-05
4.41688885110462E-05
4.73694398792724E-06
-8.04144594067043E-06
8.0525676049351E-07
3.81113159818404E-05
4.73209361246437E-05
-3.9659818813727E-06
-3.51035182853645E-05
-2.94450944356477E-05
-3.36976571030918E-05
-0.000132912374217491
-0.000123805981904498
-0.000103663420611716
-0.000123873144238186
-0.000110574286704617
-0.000109006874365889
-8.89943509519448E-05
2.48728001304063E-05
3.54889354265296E-05
5.3425150974693E-05
0.000126425440680477
9.81972648344741E-05
0.000108455837361207
9.94285897247459E-05
0.000104861175882177
0.000100354028250151
1.55295406692589E-05
-5.1535913046658E-06
4.19151360728721E-05
2.22690991367136E-05
3.46933416565471E-05
-1.22924828831225E-06
-2.95749651663284E-05
-5.02844330766883E-07
-4.40506894419125E-05
-6.34968366121167E-05
-3.50620904980486E-05
-5.97179716932119E-05
-6.89907861687155E-05
-7.54411383094455E-05
-2.13298791773242E-05
1.53702506220948E-06
-5.41601863391739E-06
-8.04170092464691E-06
-3.64126788928527E-05
-6.3746463290038E-05
-2.92249232970113E-05
-8.52482505433259E-05
-4.80549168057183E-05
-5.52091276975711E-05
-7.31821050140383E-05
-1.00314791786943E-05
2.84154988157043E-05
2.02747214023303E-05
7.46668959671505E-05
5.50341704561601E-05
4.17004776050046E-05
5.14191479321326E-05
2.70265134859662E-05
5.82163337599049E-05
7.44586140752541E-05
2.14214934662091E-05
2.92400028392088E-05
7.06904428166312E-05
9.1996005898912E-05
5.310975829363E-05
2.359605157541E-05
1.20842542844268E-05
4.12145069728018E-05
2.11407780504934E-05
1.26586817784315E-05
-4.10051761058186E-05
-1.4042762560966E-05
-2.47882320811067E-05
5.54662627122517E-06
-2.10278457900612E-05
2.5523300836326E-05
3.81680944526008E-05
2.7349910459431E-05
-8.88239141831875E-05
-0.000101285375047797
-9.70173532489179E-05
-7.35393639361972E-05
-8.00338998674867E-05
-8.68028586555205E-05
-2.88634344104711E-05
0.000109957889391529
0.000125864944380556
0.000152768847354875
0.000173914653649087
0.000129303470730324
6.89985231715144E-05
3.2164636043976E-05
5.39874716253981E-05
4.84571953335602E-05
-2.80447340543309E-05
-6.90241849213241E-07
2.47997494673031E-05
8.89573364387875E-05
9.77191670399604E-05
3.85555897910104E-05
2.19649792230289E-05
6.70994247004658E-05
5.05742419281301E-05
-3.67013938448739E-06
-6.29712611188176E-05
-1.43107420513273E-05
1.65153373029132E-05
1.18555347685142E-05
-2.3303724636698E-05
-3.96065813253291E-05
4.00854311114758E-05
0.00012042547592578
-2.98700134916029E-05
-3.64084593697979E-05
-2.11745180700765E-05
-5.37435791931395E-06
-1.39500158430817E-05
-4.46552967999387E-05
-6.78638439832134E-05
6.11276013808179E-05
3.22121851662255E-05
3.4188096602723E-05
5.00435004067005E-05
6.6407134419647E-05
5.21669652752933E-05
3.71360828044706E-05
2.01439348669559E-05
-3.18739178330612E-05
-0.00015186523239023
-0.000135809651461947
-0.000181012325914845
-0.000154073014337486
-0.000196395397614698
-0.000191214088239702
-0.00011341729298527
4.22719075671974E-05
-1.53919922842574E-05
-1.98667400666617E-05
-5.46208237731147E-05
-1.91725603495359E-05
1.13160750476713E-05
2.80170847467333E-05
-3.41254862427964E-05
-7.29354272709947E-06
2.26772397479687E-05
1.55555844294005E-05
-7.04263877522458E-05
-7.50738920488748E-05
-0.000109678828631721
-8.24026902996686E-05
-9.17641753164075E-05
-0.000111957883667745
-6.44390064799884E-05
-5.10010716880949E-05
-2.54783087200701E-05
-5.90791195959349E-05
-2.27283067909085E-05
-3.97802944997402E-05
-1.89464571870774E-05
-3.95970699811045E-05
5.31980967061997E-05
-4.39805785469009E-05
2.13696073887309E-05
-2.16967996748474E-05
2.48088121139268E-05
4.97519049163492E-05
5.88529364816353E-07
-9.47370607433569E-05
-5.97753327007433E-05
-2.40595084351443E-05
-4.7762676360323E-05
-6.73613352933598E-05
-0.000117572696412031
-5.09489617406131E-05
3.06699976165802E-05
2.1636640056324E-05
-4.79241818469525E-05
8.06750712039196E-06
2.88270057086402E-05
2.51579124529147E-05
-6.96729963585169E-05
-0.000102648218487508
-8.23443441835902E-05
-7.52446062921928E-05
-9.86915984656723E-05
-0.000108820221458871
-0.000120686034537247
-2.97902729908948E-05
-2.12882703988726E-05
-1.71642392054657E-05
9.97206545454068E-06
4.08019786538574E-05
5.08424641869797E-06
6.56121654021877E-05
5.61102576807935E-05
7.20127209727578E-05
3.88225079011568E-05
5.93065175379649E-05
6.06742691416417E-05
6.12233766514015E-05
4.09084866092336E-05
4.40000043931159E-05
4.2638561734824E-05
3.94936884994885E-05
2.11859595005705E-05
1.77221916379923E-05
3.3766375359295E-05
4.82736011107416E-05
-4.39474194608587E-06
2.09166567805641E-05
8.11802133234075E-05
8.15195008129795E-05
4.54553696332926E-05
5.85979518459774E-05
5.1937434721963E-05
-4.68966877309963E-05
-5.05736794507014E-05
-7.99043492635726E-05
-8.81246930708992E-05
-7.0686106943631E-05
-8.92563276114398E-05
-9.51595076920266E-05
5.75817925597358E-05
5.09790149780777E-05
4.97368722394515E-05
6.45724233735234E-05
6.83420772920124E-05
5.06641432730566E-05
6.05004726713588E-05
6.28384519128766E-05
5.36841937790728E-05
3.21269674373811E-05
2.30264189778717E-05
3.45422808791284E-07
3.92676209688009E-05
2.43274192588077E-05
1.83744626563929E-05
-4.94159426250467E-06
1.0991512107347E-05
2.40657776727655E-05
3.22710430741305E-05
5.98598385685058E-05
3.98807323485406E-05
1.08674670884086E-05
5.14038635463993E-05
6.31043361301636E-05
6.18342570817849E-05
5.74758436662755E-05
1.33589343238122E-05
-6.86427775782712E-05
-3.25918746998598E-05
-4.17180141578221E-05
-3.86450332104943E-05
-2.95725244255859E-05
-3.56994988499724E-05
-5.32959181006691E-06
8.16349844184313E-05
5.95863678910259E-05
0.000114425624723441
0.000109458036696618
5.36864329685185E-05
9.52440142947631E-05
7.54386184213572E-05
9.90221480033204E-05
8.17380103322889E-05
2.09818069468069E-05
4.65971907857935E-06
5.30402959006451E-05
3.86588210799784E-05
1.18843566989101E-05
3.61884002970175E-05
6.98299861869948E-05
8.65893249374011E-05
9.5812612863899E-05
0.000100921754659275
7.5076852659832E-05
7.54770947520431E-05
3.06485114631405E-05
6.71262729507691E-06
-1.13031287222357E-05
5.91261009777953E-06
-5.83555368576211E-05
-4.81809437681779E-05
-0.000109531738413183
-0.000102457225231072
-0.000106855485233255
-9.2157097570603E-05
-9.14867116709021E-05
-4.64158835231878E-05
-4.98504204733105E-05
2.23247634936184E-05
1.32863210868994E-05
4.61572386548074E-06
-1.02642324226045E-06
-3.38723010784388E-05
-4.48808725130329E-05
-1.82770699355854E-05
-1.43878992294927E-05
5.07342220815693E-06
1.64904023873342E-05
2.10619156522772E-05
-2.25927397520188E-06
5.66641919128782E-06
3.735924276087E-05
2.75912226610731E-05
2.1005559309897E-05
4.24140904108559E-05
7.15399242404717E-05
7.53598735339591E-05
6.39971129320184E-05
2.57434274037047E-05
3.79293501905347E-05
3.39379381777422E-05
2.89660740405182E-05
1.04860561210278E-05
6.43457665562128E-05
4.44181042416328E-05
1.99888640686025E-05
-7.01947635246083E-05
-6.17887118142969E-05
-9.8270802139303E-06
-4.7137164398642E-05
-4.25706778961235E-05
-3.92173382700543E-05
-8.12739850250009E-06
8.13954950143289E-05
7.29824093284756E-05
5.70886176542055E-06
5.0952739867073E-05
-2.1871709033825E-06
4.48242691933269E-05
2.30620843121991E-05
9.10318894523738E-06
2.2400437860237E-05
2.93644950866885E-05
-1.66227663905676E-06
5.85417699863405E-05
2.30143145753151E-05
0.00011697415779953
9.26782827445827E-05
8.84547337134503E-05
8.73304229423616E-05
8.40358157744068E-05
4.09044893754723E-05
9.55802070384488E-06
-7.40161108389057E-05
-4.68292348340837E-05
-2.12869498969859E-05
-6.63571498487725E-06
-2.75816733104816E-05
1.7969656209082E-05
3.60539038000883E-05
-4.9086242926452E-05
-5.74208242466838E-05
-6.25245960485229E-05
-6.56906313274172E-05
-8.39870474512342E-05
-9.3675236547746E-05
-5.27294397024099E-05
1.24476241201116E-05
2.09798543760047E-05
-8.14261196024223E-05
-2.09215911076606E-05
5.1731886810831E-05
9.89680436064663E-06
-5.52120878715296E-06
2.10068436428059E-05
1.18773369028741E-05
8.06181169760577E-05
-2.11541064139267E-05
-7.86578205882967E-05
-7.01442822843468E-06
1.47670784592996E-05
3.0884264604345E-05
2.84411661191019E-06
-6.06799062668353E-06
4.60633957973135E-05
4.54542692894106E-05
3.055525135792E-05
-2.73577790256358E-05
-6.63963902787166E-05
-3.03558640980131E-05
-3.00814999201577E-05
-5.22846993599446E-05
-2.04641892320514E-05
-6.88101429634826E-05
-7.42588500211793E-05
-3.60401583709349E-05
-3.49733773672524E-05
-8.63088077627648E-06
-8.04302736671167E-06
-1.97342914599225E-05
-1.22042309777954E-05
5.07975267753473E-05
3.23927310888105E-05
5.97846868301481E-05
4.42121100962557E-05
3.29246085053515E-05
7.42130188580226E-05
6.31003134680299E-05
3.96360951943201E-05
2.74893290031391E-05
1.36663986204872E-05
2.28558415416135E-05
2.65123548547937E-05
-7.92635576599451E-06
-2.9539889327316E-06
-1.73320802771647E-05
4.67135237992367E-05
6.06044990793924E-05
8.30619739843697E-05
7.99892918230422E-05
9.92482577139136E-05
9.92311312976937E-05
0.000126217983821288
9.8372246528452E-05
5.91679430470909E-05
-2.98694740209444E-06
3.90298465430873E-06
-2.52214018129113E-05
-4.5789067960345E-05
-7.83872079493291E-05
-6.88920037003712E-05
-9.89666174780087E-05
-4.35766724576929E-05
-6.28628869112453E-05
-3.33247368525863E-05
-1.98653764811963E-05
-2.21204279816533E-05
-5.65695044977104E-05
-7.63721149701521E-06
-2.53674170557115E-05
-7.31344680611892E-07
-9.02805685107096E-06
4.62147364010015E-05
9.95139856106077E-05
9.66418874648076E-05
8.6965664771497E-05
9.55246088548849E-05
9.1205166365646E-05
8.58079751665739E-05
-7.63630458882495E-06
-0.000121761821519354
-0.000132949945869532
-0.000122592088185938
-0.000123517942765385
-7.36431348979097E-05
-9.3267779351888E-05
-8.35788283019328E-06
8.30580816075974E-05
7.12244716246932E-05
5.63527220241765E-05
4.10138650466141E-05
-3.33668296595682E-05
2.47430605167428E-05
-0.000110443763421689
-8.94844582534932E-05
-6.49323350496685E-05
-6.9923109423622E-06
4.12997642612527E-05
5.34818149923715E-05
3.09531586187886E-05
0.000162816888205952
0.000120493599918007
0.000113230935545014
5.32519842103726E-05
2.24269278627606E-05
9.73638965396104E-06
-8.17048433191663E-06
-2.40105714125346E-05
-2.29876825188179E-05
-1.55447299212964E-05
9.67254551043488E-06
1.70248863309021E-05
8.12186457731135E-05
0.000102148510173763
6.07194005637039E-05
5.63782446985173E-05
7.15525845465323E-05
4.39440088944917E-05
2.89504127772689E-05
2.5653420667566E-05
-1.50778890159112E-05
6.5483776337689E-05
6.19994464607119E-05
2.65799959262539E-05
3.73653240828642E-05
4.86162565938774E-05
1.25554113827996E-05
-7.99507826440129E-05
-0.000174927799122041
-0.000140036784559581
-9.7431275534911E-05
-0.000106017942799289
-8.65529758300401E-05
-8.56333319025996E-05
4.76378363719301E-05
7.01911245550802E-05
4.83371930133329E-05
-2.11376532412735E-05
4.86911589063071E-05
2.30188487167827E-05
-1.45226039041215E-05
-3.86668296632988E-05
-3.07101806747406E-05
-1.65491364265902E-05
2.49250759472298E-05
-2.3280226587489E-05
-3.42857965764539E-05
3.91876034087549E-06
4.26031633606743E-06
4.1524251193089E-05
7.76758865683344E-06
-5.16349123597222E-06
1.3458695668938E-05
-0.000113524765934647
-0.000152950312740687
-0.000135384505071695
-0.000103681036650973
-6.93193094303734E-05
-7.1624256513433E-05
-0.000139087481828736
-3.48966003385843E-05
-7.9073909599862E-05
-8.76960892394889E-05
-0.000117353628841949
-0.000148872887087134
-8.08044776176541E-05
-5.02495099164566E-05
-2.80036321597321E-05
4.09930055133063E-05
1.81343758319781E-05
2.23903772901202E-05
4.48406083914553E-06
-6.20775992472519E-05
-7.18367545628655E-05
-4.83939199474784E-05
1.2544464673989E-05
1.96481433616875E-05
-2.67993969813759E-05
8.29235186635351E-07
2.88327384353384E-05
9.27395218108554E-06
-3.57531539815878E-05
-0.000130520707886417
-4.15522435606047E-05
7.58995543146826E-06
-1.27010528908039E-05
-2.3891757168417E-05
-4.04266275966385E-05
1.73924007376894E-05
0.000115272193829551
1.97614363414417E-05
1.02352833307469E-05
5.51184526510159E-05
-2.47001129024188E-06
6.85847477258653E-05
3.54505637418756E-05
-9.11030650190061E-05
-7.31182766898563E-05
-0.000132140384298337
-0.000121785697669471
-4.73386866286199E-05
-6.61271530744414E-05
-2.00350931926291E-05
1.14138353295656E-05
-2.19872393569275E-05
2.00814061594983E-06
-4.25746321250416E-05
-6.36987880953877E-05
-6.17347859610493E-05
-9.74509608869362E-05
-5.74884131153786E-05
-2.16776877741076E-05
-1.64786942455978E-05
-3.47609184597942E-05
-5.18483171342551E-05
1.69696144460732E-05
3.45504210009908E-05
4.10658332185816E-05
2.52777056118313E-05
6.08323666096894E-05
6.57715733078869E-05
8.60930213425369E-05
-1.94712925815671E-05
-6.47016165112071E-06
3.18309635881259E-05
6.32944476836693E-05
4.65456702863965E-05
6.47998837140125E-05
9.28837927855885E-05
0.000119074063941071
3.04508764868364E-05
-1.85016958873775E-05
6.99928770808733E-06
-5.60262079259087E-05
-6.60830191215204E-06
-2.11243145285954E-05
-1.42147383180869E-05
2.81010541131403E-05
-4.0463220408344E-05
-4.69473804561904E-05
-1.96795307347594E-05
-1.95820339232107E-05
-6.42459903750224E-05
-0.000103998679830339
-0.000123185414121413
-6.42993194390591E-05
-9.4784892108812E-05
-6.34991376031707E-05
-8.90358327950527E-05
-6.64401191161349E-05
-2.42952008478565E-05
-1.54629502433355E-05
3.44894631999402E-05
4.16237073696953E-05
3.09470826942729E-05
3.55137878919491E-05
3.30935724600725E-05
4.6270785568988E-05
7.66195503063501E-05
9.85099641210041E-05
8.18032524259636E-05
6.42429379931085E-05
3.36735021515185E-05
6.97621268140275E-05
-3.25768174908017E-05
-4.75274819453099E-05
-9.93948510206185E-05
-9.40048203782367E-05
-6.58804296296077E-05
-3.61755443367026E-05
-6.38326318731833E-05
5.13461612217415E-05
6.70591541731531E-05
7.11024001408698E-06
3.12873860964531E-06
1.64889479189332E-05
2.40646659770068E-05
4.31780348451795E-05
-6.1562830201458E-06
-3.19018125999786E-05
3.2169011188866E-05
1.94389773993941E-05
-2.1430821323674E-05
-3.9962751509809E-05
-9.38363063158401E-05
-0.000155056116449725
-0.000139946291686119
-0.000135429322082361
-0.000175227008944277
-0.000162585840489551
-0.000216112699569446
-0.000397316066860926
-0.000300672994690737
-0.000310764582597746
-0.000367892466944364
-0.000311172545504998
-0.000333656451982048
-0.000294785617113431
-0.000161276607373313
-0.000184331777134476
-0.000189785216589144
-0.000165683056298675
-0.000224368551002223
-0.000147846465679977
-0.000102947577814333
-9.55175992601989E-06
-4.08581311693761E-05
-4.48263720703259E-05
-8.75130673724646E-05
-0.000121252690389446
-0.00027381188347874
-0.000331816630552143
-0.000375338096483658
-0.000252846261586099
-0.00027164990552559
-0.000156166997317327
-9.75505990089145E-05
-1.08496812461428E-05
-3.80620185005322E-05
5.31976819412476E-06
-8.98640117595284E-05
-3.79846658437818E-05
-0.000130650539502407
-8.11629339033989E-05
-0.000123202124893799
-5.09165695032549E-05
-7.78238869948238E-05
-9.13224350799026E-05
-0.000132522511439719
-0.000102100784262863
-5.64460706288118E-05
-1.91660664258374E-05
-7.81713492366097E-05
-0.000156780042525473
-0.00010349748807386
-4.32608641501897E-05
-2.19877914530551E-05
-0.000103607082242559
-7.4194526133272E-05
1.0634630023052E-05
8.08278511514189E-05
-1.74015420839545E-06
1.24415465962385E-05
7.51202526175494E-07
7.04719234587565E-05
-2.24634824913816E-06
-5.47567200375431E-05
7.70401872373883E-05
0.00011509499097333
4.51553167590096E-05
7.22859799284695E-05
5.29227269046283E-06
5.951180190773E-05
4.68583635273951E-05
-6.60546198779097E-05
-4.78995561169409E-05
2.33516016041487E-05
-4.80725807004722E-05
-6.54240372280333E-05
9.42167766762755E-06
-4.46864097197823E-06
-1.58391350640893E-05
-2.26227361293892E-05
-8.79944190087858E-05
-8.52136210854118E-05
-3.82706607230529E-05
-4.91514359775891E-05
-0.00018671263633683
-0.000163723273635011
-0.000130817674489774
-6.09236928217507E-05
3.82868759593667E-06
-2.07380940906017E-05
-5.57935026269907E-05
7.6677013188129E-05
0.000124345309881389
5.36352306300491E-05
-2.55593142036928E-05
-9.20200328098811E-05
-0.000101307917420459
-0.000152435704702594
-0.000114496794968473
-0.000150549345030238
-0.000179120737909376
-0.000240918969138525
-0.000167419148488801
-0.000182316707212083
-0.000145109043498256
-0.000135201099350477
-0.00016917050862334
-9.7844503876195E-05
2.71697090930092E-06
-4.95387753162843E-05
-0.000108856749347092
-9.89335783715508E-05
-0.000124166690544913
-0.000194047599356436
-0.000225421612414284
-0.000246684425862368
-0.000163073378631061
-7.45732696476279E-05
-0.000180604100660796
-0.000152959160654615
-8.8333440556775E-05
3.50485955932136E-06
-1.80144966795178E-05
-2.90867299393192E-05
-2.60966568145537E-05
7.72510428530571E-05
2.11923320938265E-05
5.97604523619239E-05
2.73257029060358E-05
2.46388199531572E-05
-2.15036197553077E-05
-4.59686208035644E-05
-8.55902771889491E-06
1.82285553768159E-05
3.7801457872009E-05
2.95636507865725E-05
7.91541426539995E-05
4.37104810121458E-05
0.000104774525650306
2.19978350407609E-05
4.30412402101783E-05
-4.05337075115838E-06
-6.13036846056205E-05
-8.16286600802817E-05
5.43786191622985E-06
-1.18571398574978E-05
-3.3617032863483E-05
-5.84212208089582E-05
-6.85092930446173E-05
-3.46643394645802E-05
-4.90229658396386E-05
-3.95754279427894E-05
-0.000147960533986593
-0.000109499678918675
-0.000109377735547384
-0.00012812377835854
-0.000110718088345563
-9.93292433896376E-05
-0.000164111044632348
-3.10044877939202E-05
1.73615848920675E-05
1.2072589325528E-05
2.26738866518227E-05
3.10793820856193E-05
-3.82430037598446E-07
-4.63489754665511E-06
-7.35509694592496E-05
-7.09735946601575E-05
-6.68919854861005E-05
-3.80577084728659E-05
-6.31557223555662E-05
-2.73662806562834E-05
2.25783607163348E-05
-3.25686305564964E-05
-5.95589302896942E-05
-6.38551890392052E-05
-2.38181992223194E-05
1.47361028638696E-05
-8.50392836830989E-06
-5.04068594974478E-05
6.14871235374832E-05
8.37241580525339E-05
0.000158939283479882
0.000173268091611246
9.50813117170323E-05
0.000131092492474476
0.0001532604586922
1.57473331182583E-05
-3.69999699790478E-05
-8.15833952475372E-05
-0.000127931803750269
-0.000116605831611063
-0.000124910177405411
-0.00014533303556722
-2.2771264573386E-05
6.242986001852E-05
2.18290394358594E-05
5.21720265936361E-06
6.0233586303518E-05
1.12242851529204E-05
-8.98890258223182E-06
-4.31421235562644E-05
-6.47241846891309E-05
2.86779114649496E-05
4.19539524463396E-05
1.9422065949708E-05
6.20588923733956E-05
0.000155127291847327
0.000202226791016941
0.000178246377165472
8.772353856678E-05
0.000101210040945327
0.000160374545971764
0.000169778020765898
8.22586155933637E-05
6.72675718215945E-05
1.78486494086682E-05
5.27210490943568E-05
1.74795519013635E-05
-2.34912079233481E-05
-4.10264171310744E-05
-0.00011313026125114
-0.000105395862214793
-7.4142603498984E-05
-9.62013134595581E-05
6.99367282705775E-06
2.60484758905817E-06
1.371486475763E-05
0.000126521351744691
0.000143144932354593
0.000144704457230844
0.000195272840113939
9.43416201423238E-05
9.25519580772718E-05
8.41959535303637E-05
3.9905807748165E-05
1.72045521162329E-05
6.26504367938117E-06
-2.49109139286433E-07
2.86848798449009E-05
3.01266499766535E-05
3.29607176142343E-05
1.82732712134862E-05
7.46562648986187E-05
8.31039218326614E-05
7.91266663905058E-05
5.04065515808168E-05
4.74214814865673E-05
9.7584085975627E-05
0.000137509073235405
4.75092027311493E-05
6.31792685202127E-05
7.45673905962596E-05
5.06488945114749E-05
5.6272347418261E-06
-0.000104116493888271
-0.000169580808180805
-0.000149698511535604
-0.00011005890337679
-0.000143972977373996
-0.000104074743677798
-7.89167019956973E-05
-2.20219179022329E-05
3.60691100570537E-05
1.58081018673594E-05
-2.04376793346838E-05
-2.09301943655643E-05
8.33487208513052E-06
-5.37102905042726E-05
-5.37600876001271E-05
-7.55927028321806E-05
-6.52911708699106E-05
-8.6927821037466E-05
-7.76016763935702E-05
-3.65964319556938E-05
3.7709121719143E-05
5.21842699740072E-05
4.56350470210738E-05
9.63697437174154E-05
0.00013735435330613
9.91332776070281E-05
4.31624912650062E-05
3.38507302085911E-05
3.48670623800065E-06
7.9570555313336E-05
4.27421437920954E-05
3.13031394369924E-05
8.08054583004598E-05
2.54141269349548E-05
4.62960404952914E-05
4.41565181992414E-05
-6.66990670968533E-06
1.59959711528429E-05
6.26188187692048E-05
3.50231832145712E-05
6.5770629980309E-05
5.46940629958542E-05
6.99288839408822E-05
7.49313966146157E-05
0.000100712374104191
5.17830126220517E-05
4.34622346175725E-05
5.1090061835709E-05
4.30850351097031E-05
5.88457834443156E-05
8.78907373115717E-05
4.20367378592722E-05
9.56774643168238E-05
0.000137397605915616
0.000172978892036725
0.000134801813388115
0.000159461607085815
0.00023097503242925
0.000292562202291902
0.00033485550348361
0.000439350780898619
0.000404393265082258
0.000452746674732035
0.000418433790081068
0.000316513340677842
0.000245204493125883
0.000130036524523852
0
0
0
0
0
0
0
0
0
0
0
0
0
0
0
0
0
0
0
0
0
0
0
0
0
0
0
0
0
0
0
0
0
0
0
0
0
0
0
0
0
0
0
0
0
0
0
0
0
0
0
0
0
0
0
0
0
0
0
0
0
0
0
0
0
0
0
0
0
0
0
0
0
0
0
0
0
0
0
0
0
0
0
0
0
0
0
0
0
0
0
0
0
0
0
0
0
0
0
0
0
0
0
0
0
0
0
0
0
0
0
0
0
