0
0
0.00528786862085096
0.00516241939409128
0.00431129961901368
0.00468093128063036
0.00444064248498595
0.00267603582580021
0.00243569098975465
0.00217956999145087
0.00227478627973723
0.00187987658608492
0.00197404816182193
0.00160753733195162
0.00227669752593319
0.00171428550031879
0.00205939385038002
0.0019790790845211
0.00182198227890394
0.00189314293566017
0.00215112931465243
0.00169098193922712
0.00175982783446869
0.00161852463370093
0.00164772608462177
0.00184709910934025
0.00182585198978389
0.00211688890638464
0.0020088337040911
0.00183238460085264
0.00190568068278265
0.0015723603614775
0.00178516036793534
0.00158021433545589
0.00191937286527544
0.00187450925719433
0.00135827247045345
0.00144134362930387
0.00158454143589347
0.00163729629565657
0.00174107048431218
0.00173146180151063
0.00166345981853253
0.00139295909283867
0.00146242428235453
0.00172144095871912
0.00213589985993235
0.00131234785094888
0.0016163020843477
0.00146931903691178
0.00127846616901476
0.00162189789711638
0.00113282540144267
0.00118861405956478
0.00135187913924781
0.00152295049848431
0.00159131753152991
0.00127293043668132
0.00133440168368793
0.00167848594686839
0.00171750673245521
0.00165169399118337
0.00152999848325253
0.00138217107507832
0.00172845214898394
0.00134265593104063
0.00119854252351571
0.00132426820682173
0.00126165150969225
0.00179578122441179
0.0013532725255147
0.00129151867495908
0.00146601110967239
0.00141217816205818
0.00143380839133897
0.00153300367320521
0.00122840189902048
0.00160673344624507
0.00130880578524226
0.00147666565335971
0.00144866814938278
0.00124556498614459
0.00152975527780327
0.00132761147654437
0.00144327874830396
0.00144385713004467
0.00128561193401321
0.00133896963038696
0.00123211360350725
0.00157728069323891
0.00168466800094222
0.00135116610511278
0.00139069091530891
0.0013325818954234
0.00110951622111576
0.00136113085329799
0.00160800035369252
0.00149799012463209
0.00124214194157387
0.00122218316481041
0.00141703059378143
0.00149210050907529
0.00149955414903787
0.00125350031468052
0.00124409546089895
0.00136594652835573
0.00178574634239895
0.00114460771131555
0.00136157683539618
0.00134671381843671
0.00119928948348144
0.00123715333330484
0.00130307119492215
0.00121585203061635
0.00116174288687484
0.00121164415034289
0.00159762375349015
0.0012223341617192
0.00123876489120878
0.00129324802627288
0.00145397452728412
0.00119459701494722
0.00105640981498603
0.00207336762988392
0.00134429880753733
0.00218710558264888
0.00130824432938566
0.00126403216520521
0.0013060125796768
0.00130448928493075
0.00127700215359113
0.00151558105672191
0.00113212066197992
0.00122081239097389
0.00120354792241451
0.00123336381079377
0.0011963263115899
0.0012712325854255
0.00135306789549455
0.00152508318604839
0.00128748704490735
0.00138978662542233
0.00130753982279459
0.00138502755337923
0.00155694428345511
0.00117280887488612
0.00131091863380566
0.00111670895270339
0.00132782698570395
0.00134249112314632
0.00117861963075882
0.00144509106815658
0.00135453156246841
0.00124381225366199
0.00114670024162925
0.00124081595770485
0.00123615602009866
0.00133552364854867
0.00112238198378868
0.00123526864143357
0.00115161045865749
0.00121157791359743
0.00121557653348141
0.0012277933883403
0.00121618759845148
0.000996279106158541
0.00142979657936579
0.00108751290714568
0.00129558730304938
0.00137830619655651
0.00143195597009387
0.00168929713454381
0.00122380885190248
0.00129192956334345
0.00107440748483378
0.00130739621445094
0.00184461804864387
0.00105327321165373
0.00150722728075619
0.00129897126426258
0.00140845048233958
0.00133029121747397
0.00124141812484141
0.00125152744295898
0.0010683750905749
0.00152353138390175
0.00110469008585315
0.00109706931369279
0.00121403342489096
0.0014619372896831
0.0011017938374217
0.00107474960407851
0.00124108848337746
0.00107903818450567
0.00120662237178025
0.00161673971656996
0.00126548246576557
0.00118027994539477
0.00108281628305217
0.00103346252897486
0.00116739821030615
0.00114818242283892
0.000996862423972591
0.00115092961229116
0.00116555517503552
0.00115701091314253
0.00093446135653158
0.000988411882669393
0.00118162249758647
0.00110511311724998
0.0014502648062948
0.00109778528360413
0.00103302442538985
0.00106684778728034
0.00123240807000996
0.00145667724239339
0.00110596120694056
0.00124790600374207
0.000987772009836961
0.00113516425818822
0.00118839010162334
0.000946675157434901
0.00155361687207293
0.00104801166299772
0.00109022210757376
0.00120091684811964
0.0010528047557319
0.00107028192956513
0.000988245035773989
0.000932443500909096
0.00101124378179229
0.00101735544109693
0.00106167057068973
0.0010180871288492
0.000884823926735714
0.00113424045303679
0.00104717003747543
0.00102634861138456
0.00110506969230389
0.000964761826866335
0.00097888096792218
0.00100140759668197
0.00108538983844304
0.00107314510649056
0.000982975506556031
0.00116262251769002
0.00114386842593865
0.00106571102204425
0.00117316850001834
0.000958517655193507
0.000968160430521098
0.00109790378448016
0.00107387891396236
0.00116022216004274
0.000987525179990124
0.00118297106429777
0.00116129816094823
0.00129824873726415
0.00102433813436567
0.000901489982439242
0.00106808946443039
0.000976061870743306
0.00115273189112148
0.0012139881600779
0.000968373877839151
0.00106363882103426
0.000899758713664118
0.000927957240195386
0.00110149857860346
0.000915733632760929
0.000869596037852587
0.000905420594446339
0.000962402238977152
0.00105392074767393
0.00131172468297718
0.00116269881976253
0.00107284348186411
0.00129483509625314
0.00101860719086033
0.00107635277638927
0.0010947888741084
0.0010692234475531
0.0011678076404795
0.00105342727386866
0.00119690765089346
0.0011198182789069
0.00100462752972793
0.00107099702147162
0.00117454281940947
0.000982951734915115
0.000985624777932703
0.000907949944439867
0.00107221244523862
0.000967194288913104
0.00111976316764842
0.00096042598429064
0.0011617641302749
0.000944188522830779
0.000920644998482952
0.00103467865080876
0.00110130359537467
0.000882291047803199
0.000897207573873014
0.00101647025675756
0.00110196258900996
0.000907206671697174
0.000995874242859252
0.00105227398159301
0.000982233073798263
0.00114768323153088
0.000979472258125708
0.000811678069113968
0.0010338935357534
0.00101696265978078
0.00114843566976693
0.000903507405072157
0.00118430458984157
0.000995632800734114
0.000950665807924071
0.00109641803602451
0.00101701454556666
0.00101649671621607
0.00102202924499062
0.00105966988754381
0.00120722989154379
0.00107943019250898
0.000890442871633098
0.000984057418780144
0.000876715677584751
0.000977132825971021
0.00103131490800362
0.0010553968617977
0.000869786126136016
0.000853763811305615
0.0008873074919611
0.000816864293852726
0.000823323040810421
0.000773593736724352
0.000806826127862541
0.000921368432901247
0.00105764834860565
0.00121518207396581
0.000960312237511341
0.00102869117812704
0.000864119251088093
0.000933037128044525
0.000863526777090352
0.00129728514556374
0.000970680096804896
0.00106013863060449
0.000958467285475541
0.00100493035620447
0.000930513647110281
0.00186906699003293
0.001615599997271
0.00103040932412535
0.00115216941605183
0.00100810345370403
0.00098391024989841
0.00108424830259349
0.00100618640200331
0.00104759078237999
0.00113229445091611
0.00283532576502432
0.00129582552626717
0.00123679366222251
0.000858396930348413
0.000953236056279721
0.000983750273746458
0.00105991009951079
0.000875227723416316
0.00111687545149517
0.000868635321348111
0.00100458053494608
0.000912942374097762
0.000884800620478145
0.000920092428715033
0.00105356530033478
0.0010711380713916
0.00103920433106676
0.00129121428867846
0.00111792374625452
0.000955672648929011
0.00100541142936577
0.00084426253081159
0.000860723037330198
0.000910532584804937
0.000953074585861629
0.00101046662178028
0.0012031971970414
0.000954608838382634
0.000985318784354642
0.000979609062685357
0.00104412710788393
0.000942279394545225
0.000986264380554783
0.00095600437773934
0.000854990601762964
0.000891773245801517
0.000822755602972244
0.001026589931141
0.00125708642769285
0.00102070911330276
0.000756107470140975
0.000889363733466953
0.000767108905234312
0.000823789108584369
0.000837269432676671
0.000947689730918151
0.00082996411785419
0.000943320264430256
0.0010181048903627
0.000960590842510376
0.00094127899085686
0.000947226086454643
0.000874747449427285
0.00102157018023162
0.000841472496998075
0.00122536775639641
0.000952516173274316
0.000946660319009436
0.0011945386876447
0.00117979919263851
0.00110388853620496
0.00095704649874395
0.000911169266896595
0.00112257047521382
0.000999611189314352
0.00108989530338196
0.00105840718304992
0.000845677116360869
0.00108327713247666
0.00116602347803197
0.000868512449624738
0.00103122996949334
0.000881986563847673
0.000880108706595027
0.000892716243519317
0.000888528903831127
0.00105589721610318
0.00100592906884747
0.00091297431696883
0.00121556513217927
0.0011524650762893
0.000977734558493528
0.00107724560650471
0.00103010690815381
0.0013533752950579
0.00132857439759262
0.00101780386521197
0.000924361429039775
0.000933814427966078
0.000826768278258722
0.00103750897417204
0.00094335185257631
0.00103131355562933
0.000874811476142844
0.000959322261891555
0.000888246271975243
0.00103488717981991
0.00106674893602082
0.00083176699605673
0.00105729545340467
0.000899110036099436
0.000824968011538917
0.000846090756492966
0.000987303465516136
0.000966714162215815
0.000978514608682004
0.000809780532970654
0.000798429884383216
0.000894746548861447
0.00114387701906373
0.000893569853176721
0.000866443371773547
0.000912897044272531
0.000968786245048763
0.00111389159812335
0.00075969196985565
0.00108914802051929
0.000760185101241723
0.00104874411017746
0.000763088994627861
0.000881446443768042
0.000914098693957029
0.00105564289299327
0.000806357037510849
0.00103037082993671
0.00113014205785327
0.000863484969098215
0.000846369950117303
0.00107212848690333
0.00102180135265067
0.00101846674006667
0.00111888348329662
0.00102453410097287
0.00100717497591964
0.000872192764711321
0.000870628032643753
0.000970038756044148
0.000947751439868439
0.00107883076183712
0.00099453353359913
0.000931374127416774
0.00131581020104648
0.000946040935474378
0.00116110840449623
0.001154765475555
0.000796464771590116
0.000965856509984369
0.000947895535218553
0.000997776370383209
0.000884899307206516
0.000978790576310327
0.000813223259015293
0.00101237565283047
0.000753302178697978
0.000795088437418814
0.000812434426772151
0.000867718017936146
0.000967032646845704
0.0010074821810878
0.000733744677690597
0.00081576963281629
0.00081579397249944
0.00093704344649176
0.000811367454855905
0.00107945223216641
0.000955189585653088
0.000786093381533877
0.000882756618505132
0.000918125447277003
0.000928450650583902
0.000850747705480739
0.001442745583889
0.000871589558234321
0.00105633196647219
0.00101189051050191
0.000923771505822559
0.000906197316875258
0.000780805393504322
0.00105265755989535
0.000906704926078141
0.000804591774466528
0.000885217139630623
0.000907959985530235
0.000880415653586174
0.000774636254109062
0.000931439764270485
0.000980562545528628
0.0008882479447086
0.000862411483743661
0.000762661406501213
0.000927695596551274
0.000880902068689547
0.000967345079439138
0.00106771531076452
0.00090994233367537
0.000920783164358015
0.000825259827030723
0.000916239375461338
0.000838271343419743
0.00120112676049952
0.00111950854059252
0.000971109512689992
0.000926231193068663
0.000964932314644108
0.000823139675207155
0.000893350094657094
0.000805032931519991
0.000713789315174677
0.000948831030645955
0.000999479154386518
0.000711465795100935
0.000783305752892583
0.000851379323643614
0.000962845613963859
0.0010183487996358
0.000834414079003481
0.00085554870582363
0.000947247753635425
0.00072382133936902
0.000955862921328873
0.000702181261970548
0.000826096639169684
0.00101646031157865
0.000891461206438595
0.0010269911188818
0.000704630439769802
0.000884703665490856
0.000793111864663861
0.000945804180590305
0.000841799190228454
0.000894009839147766
0.000981623657415635
0.00116404452590252
0.000966974918925111
0.000999159615022317
0.000956653384022849
0.000775740650340081
0.000855572299762399
0.000894368789849184
0.000864023721445393
0.00091978475531098
0.000876403493598793
0.0011244961187445
0.00075442721234418
0.000887051773470286
0.00104608778162021
0.000936261495502117
0.0010514280791549
0.000984031872845451
0.000943239665730361
0.000832477818056645
0.00101724590614198
0.000921125968391217
0.000967840193169698
0.00100192155781586
0.000843545890689513
0.00127481529488234
0.00114131965627547
0.000930936034607021
0.000972154021387691
0.000978533590414631
0.000900118042712136
0.000829175830204971
0.00104063515333635
0.000885367041382978
0.00103258655272424
0.00113289981421776
0.000908232496542298
0.000868862740265383
0.000845789827963947
0.00123665920115267
0.000973143885636183
0.000882507783420756
0.00103956535362675
0.00109081536228352
0.00114797548166515
0.000860340250228214
0.000773631640724204
0.00101292234581871
0.000976115285910248
0.000871399671307377
0.000952755287028073
0.000835924580287696
0.00121604350300197
0.000951751747821921
0.00090578783483141
0.000995315439387732
0.000836206581631388
0.000950674755137569
0.000922957798193866
0.000971864184019752
0.0010306903972186
0.000827612895115055
0.000859145731537011
0.000746329312053643
0.000893899737774203
0.000995557445331422
0.00124625575374927
0.000980967112776614
0.000834262428311246
0.000892059296108016
0.000949586432181894
0.000873295932089992
0.000806878784280452
0.000764028307804125
0.000948386462961427
0.000830324983113239
0.000939297373478134
0.000885156794082871
0.0011536085096498
0.000886215779378344
0.000846697499532173
0.00118580910011088
0.00119268171938685
0.000930324219993456
0.000801018174411674
0.000950301462988023
0.000979633418645026
0.000993412972436574
0.000796910022628428
0.000852688600688193
0.000848809969283477
0.000953236734916796
0.000869606553310485
0.000815809105545044
0.000884245465657434
0.000972055770449619
0.00107801344968482
0.000782574422585002
0.000856025041208722
0.000880557300549379
0.0009385886576775
0.000938519207330184
0.000917199728880248
0.00101269192330485
0.000861799066763793
0.000950106622808574
0.000897777147045461
0.000859753996987168
0.00113138946851542
0.000921300877427261
0.000865604841356912
0.000784028880740036
0.00103022556165178
0.00076095955567604
0.000794713289025592
0.000945480244390988
0.000820389350956954
0.000970729065227478
0.000881812754995345
0.00100812555556078
0.000761968173378006
0.00127435479355704
0.00093478496339099
0.000856295170157355
0.000886286320999677
0.000908611264822336
0.0008222872522352
0.000826245046467235
0.0010391911469655
0.000806745864950523
0.000936200171506112
0.000983654554225614
0.000852452119330487
0.000861125970423391
0.000770276702209871
0.000725827264579781
0.000857792646248791
0.000882163544531623
0.000911893623897902
0.000912358698503985
0.000786789240858628
0.00102222670701341
0.000852297752176585
0.000867505619188798
0.000985627609243064
0.000749730845002882
0.000890093823568775
0.00100676648878691
0.000785152767854782
0.000772612185709517
0.00072391886584605
0.000687364212649615
0.00106590002768292
0.000913378750435183
0.000911494001801427
0.00079345078907397
0.000796459758179575
0.000704751971266936
0.000766958879747103
0.00065606523342475
0.000801495162184234
0.000873428779003199
0.000925740290924443
0.000746060846268233
0.00075889445409046
0.000866710496869054
0.0008652722274377
0.000773338081140776
0.000838109453356596
0.000811199497488154
0.000831692082855628
0.00110703438267423
0.00107520691756609
0.000980441455379389
0.000843121067272086
0.000834208415299646
0.00084009759981301
0.000716227475264798
0.000784158266257177
0.000850131324763136
0.000754201671770894
0.000902335837824335
0.00107812153573938
0.000823855417871641
0.000901413734505099
0.000835669376724708
0.000836734371776823
0.000793677530989044
0.000811253191623198
0.00081092155479353
0.000847515421101777
0.000787255972572708
0.00119660546243793
0.000813014526623894
0.000824064163979021
0.00101358078975455
0.000877686162627069
0.000814737775735651
0.000827972241525524
0.000996843969091777
0.00092063983465958
0.00091843595568681
0.000928787186302642
0.000827596944613283
0.000766917480990895
0.000888507877576439
0.000675889933474549
0.000963776805002826
0.00087194827569335
0.000776296904114532
0.000964803089522398
0.00089435128830564
0.000821817642108907
0.000841909652663329
0.000895804795881314
0.000787390641750728
0.000768742662461107
0.00129344146850163
0.00112190551942492
0.000826227845881119
0.000781372333829243
0.000752899620914336
0.00102293039522737
0.000778299623434726
0.000822077451974429
0.000860698771616262
0.00128119433011737
0.000882495946444228
0.00077533817179514
0.000738574224530501
0.000721819856055095
0.000765270060111681
0.00080575112288695
0.000813471359943233
0.000926244821832201
0.000908478279278105
0.000739872751358373
0.000946656295387858
0.00072536536549106
0.000958420764955563
0.000927890335829439
0.000716085021545645
0.000710429401202792
0.00086744220735351
0.000905520728212874
0.000884422590222175
0.000955265850549249
0.000989156905310116
0.00073040293143504
0.000935633152584475
0.000908101988730954
0.000749880834871275
0.00104469577596867
0.00074914666311781
0.000798697061283482
0.000760322878284001
0.000940326426165852
0.000809615374782369
0.000913095345400842
0.000941643384810996
0.000692877078208074
0.000720770144325315
0.00100379749903867
0.000721046726693509
0.000765051963293574
0.000778909791483703
0.000995747098328432
0.000855473938691694
0.000902943245311614
0.000936944516235792
0.000705044927014936
0.000981592347103557
0.000941218714243171
0.000721574779297467
0.000747510401135353
0.000796900044197132
0.000971592311298036
0.000832995992124442
0.000922790578637475
0.000810983248175206
0.000822788983997427
0.000849049502177807
0.000947762334204201
0.000857233765615012
0.000783934681634873
0.000768561077052161
0.00107914515224454
0.00079702377910551
0.000838393623612541
0.000589293048378937
0.00121908926222922
0.000869053765722491
0.00096932565717472
0.000992120508507039
0.00088117650500796
0.0007827404071161
0.000899690444171949
0.000742909830641543
0.000749976444199728
0.000846176025833501
0.000848341991570128
0.00101880595827327
0.000872539848107966
0.000809051301463705
0.000675112315196723
0.000834385302583313
0.000728984335481213
0.000894293652932466
0.000779506258469258
0.000887875599528341
0.000841914264310142
0.000960578571007154
0.000849092081972414
0.00100093450602036
0.000908787823221946
0.000851755031040195
0.000822801736101372
0.000825076699598185
0.000976747292167514
0.000846457892861397
0.000879162688264024
0.000833734198476194
0.000797976508446868
0.000938486137345297
0.000743353936624408
0.00088723434978841
0.000749303474797615
0.000856979426465007
0.000865860268288126
0.000743632617251931
0.00102637031010578
0.000895135815663563
0.000840203529405255
0.000830597343884315
0.000839673779428546
0.000731820304618394
0.000924265901204306
0.000911844426831475
0.000724372016966843
0.000755470330521774
0.000746584080761378
0.000689895516221234
0.000751694459267451
0.000882510183878607
0.000828548817743953
0.000754043707970066
0.000819447980421139
0.000807071304637582
0.000839473773713407
0.00081765799336544
0.000888092399602008
0.000901654229294399
0.000858504159716457
0.000842919879364834
0.000980366260933271
0.000858811331484561
0.000683103567928165
0.000877152868102338
0.00084859693028114
0.000837354908768467
0.000780781121513797
0.000770318232945544
0.000960281771991923
0.000804141030077522
0.000881085488520508
0.000782472618020382
0.000902629371114132
0.000811692324275688
0.000943563043723909
0.000973421610556064
0.000788362181302536
0.000817634009511888
0.000882435189355348
0.000842456846864523
0.000760131293468303
0.00100212586849993
0.00072348225028936
0.000751614471017317
0.000738644531996864
0.000874553848483264
0.000766997530572622
0.00067473574334867
0.000787511176058917
0.000830796852062167
0.00101342459719619
0.000985158989898303
0.000827668382651245
0.000646576596843324
0.000819369746786305
0.000720789223258089
0.000916007470644276
0.000846674341176023
0.000761160978562539
0.000874863952424337
0.000986115142454636
0.000788257559956261
0.000828005905766823
0.000728369801825354
0.000814283911885078
0.000776245604640149
0.000864958834142802
0.000750461713280353
0.00072617925736638
0.000811012729723236
0.000807341943563134
0.000785523209925502
0.000844500866911169
0.000739635516304615
0.000924669080164982
0.000776240596146918
0.000727082959945793
0.000760768521950707
0.000787768135108991
0.00066754586365141
0.000831534542529761
0.000794740735134334
0.000674736067160432
0.00074630180375316
0.000787527514275321
0.000904560024491569
0.000758159519284977
0.000830596387888895
0.000730887611323749
0.00082544781423537
0.000913210407304477
0.00116877228514234
0.000658138827243781
0.000608363092372339
0.000754949933216549
0.000792181481699383
0.000886192393950002
0.000975819200863061
0.000662807655076771
0.000890469159614545
0.000817528619399957
0.000757313048038383
0.000745293024374862
0.000804782786973575
0.000743599138134768
0.000944908587727845
0.000847031781006908
0.00092640171737214
0.000870682608770613
0.00095166515529372
0.000784201693821988
0.000690358834472026
0.00069257821254772
0.000683749221829747
0.000832623520442809
0.000860111580641006
0.000794917012367201
0.000806249894733576
0.000828790729151515
0.000814801000686152
0.000856707660266141
0.000867438016514477
0.000804332698255193
0.000727455621363588
0.00066303553052305
0.000900166428637477
0.000720061321626342
0.000737400070717271
0.000758329667701124
0.000596169414790223
0.000872406574615114
0.000719682593732923
0.000842195888540137
0.000756299784544076
0.00058501614978638
0.00100458685741268
0.000818722838826187
0.00082415917514483
0.000788385995190495
0.00124882313120952
0.000669615927006471
0.000794276801287327
0.00083658862168842
0.000774726170817079
0.000756463001725908
0.000809860769204948
0.000918196561202681
0.000635615946552605
0.000686429651175492
0.000669641340769103
0.000772736473456555
0.000809554192743262
0.000602242122384642
0.000721217944471984
0.000652793838868403
0.000726005165884351
0.000758129434987076
0.000701500049364075
0.000805158832121286
0.00071469129321162
0.000762861688313637
0.000692884134473851
0.000770292528933476
0.000694215049230857
0.000683493524749616
0.00083882509413408
0.000813693755715854
0.000737743300060954
0.000752353072687865
0.000795256037586647
0.000778948089298765
0.000701572891869199
0.000654757226723457
0.000758563266785862
0.000837627515501116
0.000764875340573093
0.00100739614823325
0.000702612313822458
0.000879882863268512
0.000773942516986772
0.000657404559118263
0.000647309306760119
0.0006510961264885
0.000658053856214379
0.000738199463063265
0.000852833381800602
0.000844913817353415
0.000801761008288191
0.000806292273038569
0.000817408888701221
0.000748132622704768
0.000880092779355541
0.000842002621554947
0.000719437921270608
0.000643769302577323
0.000677076597452163
0.000658801294808942
0.000839889305784653
0.00104631278889188
0.000728922023394208
0.000735596515834718
0.00072340557980769
0.000799686525044241
0.000743444828686166
0.000753622652144484
0.000676495750979039
0.000861140587389151
0.000815852146187473
0.000763890720953912
0.000786499609779404
0.000782183430950375
0.000679054237730661
0.000730505017518097
0.000868979327838369
0.000757719104263365
0.000869147655329766
0.000891635064235798
0.000681003618066791
0.000707570694711804
0.000819553703105211
0.000692537853797
0.000917766460760386
0.000799070005992979
0.000760684123420375
0.000790168194965936
0.000800317633851781
0.000895477847361851
0.000940733454618491
0.000607916211850283
0.000689377216704396
0.000816556543230222
0.000744243798172519
0.000718208458071228
0.000844434213982411
0.000713712425124862
0.000783359786155736
0.000691113943507111
0.000686950778737998
0.000660359094685956
0.000744821560019947
0.000988942215756736
0.00081115224193315
0.000723665397939472
0.000732951341540293
0.000805206672522164
0.000773271062935169
0.000731553967902645
0.000800485623845978
0.00068670702018096
0.000764091520796219
0.000829344350996714
0.000813778324649837
0.000698313727988673
0.000733100173903281
0.000752200189102236
0.000697273060826568
0.000854922684825979
0.000868727837819657
0.000662717856019168
0.000660825358127629
0.000642780102397876
0.000772740078987829
0.000864701773811619
0.000680798189259888
0.000856951770527006
0.000842477150581297
0.000638039546672575
0.000733734523169745
0.000755535689588662
0.000905307285375649
0.000688527770730365
0.000685988671216712
0.000831189267253547
0.000866695271670111
0.000938588588411671
0.00081492790288875
0.001205414844319
0.000675963390333413
0.000699504251450765
0.000700751257393197
0.000805272897541409
0.000965744785448195
0.00083911969281961
0.000649930801937413
0.000736060670422322
0.000701793968067643
0.000761002617865412
0.000846790544238164
0.000870581412108971
0.000771292468850462
0.000743337152073676
0.000817749299372063
0.000925568698226986
0.000691153950770419
0.000766136210790412
0.000772423396759109
0.000682713083337759
0.00076363635565294
0.000881648024389057
0.000842842368516089
0.000804333511447125
0.000869461625448266
0.000668205198196603
0.000893869821603024
0.000766297724549712
0.000773638710299876
0.000739432533277631
0.000825005431145653
0.00147301992511755
0.000776624447135617
0.00077079449730621
0.000699802527643997
0.000703639235565374
0.000805386115787979
0.000712313911120421
0.000695926676849197
0.000859316421112478
0.000781029948080087
0.000686024270225349
0.000732549290655004
0.000805003132310758
0.000765480259752969
0.000744615090936552
0.000816997920224303
0.000924290307244067
0.000957782555941392
0.000898195616557047
0.000974376527872272
0.000930453625331126
0.000838153379040082
0.000945041640463292
0.000891310016298524
0.000680148840187999
0.000699249594140383
0.000746420493342256
0.000743492144123334
0.000815622250130183
0.000771070822600139
0.00084095628720117
0.000849978109501117
0.000863014056802598
0.000817480171423335
0.000845464595623639
0.00087807416530394
0.000773154792244159
0.00088686444831549
0.000669361008102548
0.000769558264665119
0.000882598440979469
0.000613535951782727
0.000743986636782878
0.000819793252567887
0.000750102613006881
0.000740195211511838
0.000700460431460448
0.000847422012822601
0.0008107798502466
0.000956261324191513
0.000847741385675925
0.000811781250474383
0.000760294415316342
0.000933721801928664
0.000738534006648173
0.000798813248274833
0.000755801207334383
0.000842727074856482
0.000725736037409194
0.000768537073574221
0.000824963754047253
0.000951036507007478
0.000788924271043378
0.00104194983292042
0.000717894349248054
0.0009791677766403
0.000735911625234221
0.000760326098328815
0.00105451451868971
0.000755002642584325
0.000682830194099557
0.000730620714361455
0.000758875540466
0.000818929599276634
0.000861626656078999
0.000687908526341457
0.000696498129345872
0.000875201095011376
0.000694782145209659
0.000888925511884998
0.000786466387828256
0.000976520717289552
0.000881790324262592
0.00104147027083318
0.000909914631483107
0.000838670665191969
0.00078905690372911
0.000894926221834761
0.000773508834586981
0.000744236269830995
0.000755184753250171
0.000719800020897186
0.000808670706370805
0.000817278218218225
0.000866873419377328
0.000808757411302564
0.00109753632700171
0.00104950751540034
0.000827143398292027
0.000939078054076553
0.000837019048697328
0.00077323327648316
0.000839714532471063
0.000707327436955308
0.000688433610097473
0.000762393228030022
0.000782144092696227
0.000856901996535964
0.000698456881905465
0.000846179292601576
0.000860075190524109
0.000778627298564564
0.000860261176121992
0.000832621105795113
0.000951096665843341
0.000802987223548361
0.000894756659212681
0.000766718934413615
0.000832065920681366
0.000858098618391191
0.000847607614168542
0.000803539763306189
0.000713361203447319
0.000816976617018892
0.00075802017893878
0.000792350197678192
0.000756207789950165
0.00076871761773641
0.000921140439081512
0.00099955772688941
0.000739244697632651
0.00082452562268896
0.000768803612773944
0.000768072606504211
0.000880159228263655
0.000848998758988173
0.000737311300884069
0.000802969265584188
0.000652408660344871
0.000736069688261913
0.000757828373827289
0.000887843592643993
0.000887577674492986
0.000958954298029493
0.000853560324254044
0.000843855685854226
0.000974834249343252
0.000937516284817448
0.000793288547087792
0.000856006409878183
0.000876465657267712
0.000992563515445572
0.00071909101754836
0.000889179584918931
0.000773000139443274
0.000954625959192534
0.000802910693395295
0.000712795200251489
0.000852391113374494
0.000850758690310452
0.000892847251194939
0.000766000266259881
0.000809439346345167
0.000722861040339198
0.000882568548343561
0.000815323011096759
0.000985530040201213
0.00080752959016966
0.000777460463630589
0.000715259051235788
0.000989638962740045
0.000792986206304332
0.000927942633285502
0.00063415581127755
0.000727234290018821
0.000899974362850164
0.000865486711498
0.00080257575501272
0.000834754295498783
0.000733750807784563
0.000884147385545008
0.000823461565797697
0.000906050430087605
0.000705548679723116
0.000896827263844238
0.000806723049760641
0.000769865073553691
0.00102636307680665
0.000780489834076065
0.000872156042712524
0.000912338887150721
0.000734583817045036
0.000817080107506807
0.000804641135543193
0.000757527143632945
0.000818211292950753
0.000828964108936094
0.000931441094301065
0.000721747162556678
0.000831601824721652
0.000786860207839766
0.000919015895868046
0.000895663456328128
0.000956235000411729
0.000867841684186041
0.00122038149842654
0.00110421324160722
0.00102203371255376
0.00104203996862527
0.000749892408291582
0.000885298396084846
0.000790143756431728
0.000861620905378562
0.000861066113407459
0.000794286698137121
0.000737469841333238
0.000849036578305675
0.00085271406360124
0.000706482688746901
0.000749833447463731
0.000839643639885985
0.000868497630536655
0.000908109740375839
0.000695610991754838
0.00078989191797033
0.000832859296139129
0.000775704071200409
0.000856000925508123
0.000738505212017972
0.000750644489179077
0.000882885183011177
0.000708579086282478
0.000825448580063902
0.00101072975037437
0.00089997657778596
0.000778221668747022
0.000640298751257539
0.000746381065079535
0.000803518386591361
0.000775230168896773
0.000903800765291407
0.000710394949664654
0.000872324119721138
0.000745334700701822
0.000938753292970733
0.000867843694574659
0.000865730890452899
0.000728623253613819
0.000755114240866366
0.000832735063407636
0.000863001260722029
0.000821881356531535
0.000845131842679313
0.000676352821235107
0.000716693314984565
0.000710112259491568
0.000722503101783079
0.00116592164840847
0.000983773396739546
0.000723066637913559
0.000936552813713145
0.000898760006773828
0.000828456115988384
0.000809937423281382
0.000801508432923004
0.000688116883661108
0.00083161565888212
0.000728682323945037
0.000741935103450651
0.000804590626731005
0.000989431029842226
0.00109138820691602
0.000797985574409562
0.000884702475439573
0.000639473028703021
0.000705411143097464
0.00106385333824712
0.000813484072372933
0.000879573118007571
0.000850420458834164
0.000827810015339159
0.000914394486305456
0.000838321258403665
0.00091338870564853
0.000795151457148021
0.000837411446498852
0.000970630818582494
0.000865935996909544
0.00081467416102396
0.000995281462816132
0.000909364396043486
0.000864651903292615
0.000780714766988263
0.0007755225506142
0.000865137329966926
0.000797821557593351
0.000747647072867305
0.000867634472361321
0.000861040943726393
0.000769609440176287
0.000761119718113715
0.000817628765494362
0.000719275320084084
0.000721019479214563
0.000684384874656485
0.000777888503155619
0.000664782929889288
0.000841074542100715
0.000800856543559605
0.0006805874463762
0.000803041307881717
0.000696130606045564
0.000818536778167188
0.000833591661153493
0.000800024469274286
0.000846314242415602
0.000906088404235465
0.000705371849903442
0.000796705012741391
0.000800374953037514
0.000790244363489533
0.000826275494920665
0.000893388647186086
0.00101589602148454
0.000749631583911818
0.000761373511397042
0.000793436463612884
0.000970871086365635
0.000805717784661322
0.00113088379667042
0.000870954782451335
0.00068660656074606
0.000829954670563797
0.00100152447282182
0.000695607009458388
0.0007654158126557
0.000767422207266562
0.000857864879686248
0.000782295279857627
0.00076682028361609
0.000596024776537646
0.000768638378469726
0.000863074383058222
0.000942061654840989
0.000646838334275592
0.00083075581040326
0.000698228384149604
0.000741672793818025
0.000842324188375166
0.000744381001739018
0.000731116494119313
0.000773860477850767
0.000681408702050543
0.000793201152226017
0.00093913642352863
0.0007400573606794
0.000813227962409243
0.000711649073875506
0.000809862301897097
0.000832955144396441
0.000965658128490225
0.000827260463895878
0.000758498084257497
0.000803425285279994
0.000820269329033586
0.000921042006560596
0.000797138446802222
0.000626503070806564
0.000700779096916571
0.00079467894714956
0.000729693492587759
0.000796177862691028
0.000816493704425722
0.00082948711668845
0.000731069647271129
0.000781014445513193
0.000784109101573536
0.000628688609064942
0.000744123206978893
0.000648058447939392
0.000677106652733989
0.000791638024990078
0.000846548546436489
0.000808051778919302
0.000880641578336432
0.00071833557965367
0.000860595938009536
0.00077868435651105
0.000706956305373874
0.000681214922523209
0.000751173812583023
0.000683085417637185
0.000700237063438899
0.00074951468958971
0.000690808322100492
0.00064351036477958
0.000667826975901591
0.000665704803091884
0.000750348208163922
0.000754230547383928
0.000842404162793308
0.000960752043837688
0.000770259948501544
0.000815436472127581
0.000715719739611188
0.000674971558913342
0.000651216556317934
0.000788188578392911
0.00055926140355151
0.000725163819863969
0.000727076076905176
0.000711336688493412
0.000839654215205664
0.000816471747666779
0.000774992988979555
0.000837115499746656
0.000807834063235145
0.000788056179381531
0.000708092500039764
0.000692486350442281
0.000809814569053108
0.000791954847653017
0.00075858923426026
0.00084982786556927
0.000767280405533213
0.00071605295223195
0.000781216115691503
0.000785771391269507
0.000744407687341931
0.000935493212388847
0.000761036436364345
0.000664731899928421
0.000761888335261252
0.000718746487427643
0.000618754203955989
0.000912352536131475
0.000792129161783945
0.0007999068520803
0.000735610001746495
0.000669575215577545
0.000827421799387436
0.000836773922180729
0.000812906886585111
0.000723611476195079
0.000693461647939376
0.00079754731014155
0.000711761621513908
0.00087628654066548
0.000780784898024479
0.000623605990550759
0.000743486567296033
0.000656095845752029
0.000703969465088778
0.000629517826755911
0.000726002736972296
0.000698949396640751
0.000777876309383934
0.000682128383724362
0.000764260568628909
0.000736361565887936
0.000679081241788372
0.000747227387984172
0.000686776270575492
0.00059860046143486
0.000867593509734717
0.000879733319875831
0.000688953995106882
0.000804488866592465
0.000694072201490491
0.000743270622997393
0.000664035585900244
0.000717627779773031
0.000762256974376016
0.000534353295841618
0.00074473565457629
0.00079180124742079
0.000772544606204365
0.000879011136404194
0.000757384534634908
0.00101330181235781
0.000720146196172458
0.000582877114007483
0.00072240854233155
0.000681296881843888
0.000830420451084336
0.000769676152805284
0.000694328558477849
0.000698285321370908
0.000708690074181438
0.000761673485928214
0.000636691861344489
0.000729077222816838
0.000675294326967644
0.00061845169213242
0.000633936736477131
0.000736070154488659
0.000634190427560473
0.000694453405637903
0.000687620641960421
0.000717658786714714
0.000681827433942335
0.000645022652771929
0.000651360668409648
0.000642563677710854
0.000760055372173047
0.000775781568131346
0.000596080047985307
0.000900962182990953
0.000858806368474552
0.00077697711003955
0.000689774927955172
0.000743797547149596
0.000700538272228379
0.000780188954178076
0.000690076166230764
0.000617294098546009
0.000748390444127651
0.000707504225651379
0.000654961380734205
0.000698194996129998
0.000627445403682295
0.000751064329158622
0.000734719226289338
0.000692289730609555
0.00074654367854693
0.000719337681670146
0.000733507111927656
0.000839536786304036
0.000647984350756467
0.000719295300045982
0.000659314326481929
0.000848710706257677
0.000789847917885616
0.000703774437815935
0.000658077175931655
0.000668972197382909
0.000728354821874755
0.000791083649520133
0.000759224006585801
0.000842303905127189
0.000761875421163688
0.00072718600227861
0.000700121069633782
0.000695877024762957
0.000668259951048973
0.000785437345233856
0.000667537626401245
0.000792497433071727
0.000745236536092397
0.000733167039586998
0.000720918465768522
0.000754658897147611
0.000668227389186351
0.000869183801084117
0.000733365963715455
0.000873576001841744
0.000735591308826225
0.000671201577605777
0.000998280976665304
0.00067346625618642
0.00069062564326406
0.000953153112361276
0.000825491955647
0.000732055804549443
0.000762762307913997
0.000901220261569369
0.000784509836957812
0.000742335708759553
0.000704672754791592
0.000785057735258477
0.000699015325420372
0.000750934601277445
0.00079869416037784
0.000767476334546472
0.000707300917925796
0.00080303439916299
0.000710979197382905
0.000714219059485157
0.000729841835112326
0.000802582045238226
0.000850705001005203
0.000929048304927177
0.000670203525852298
0.000642957399036823
0.000754811776805972
0.000854863885380591
0.000779814358818793
0.000703538107802271
0.000752748550820548
0.00076850877174025
0.000837918036226197
0.00072412660904424
0.00078004699434201
0.000738347951404734
0.000784599866875309
0.000653387483111065
0.000793868295442481
0.000778204695277469
0.000858298885215653
0.000573575175229492
0.000622267037066493
0.000774832464463193
0.000730679651782626
0.000736573868729096
0.000612121421531441
0.000652015410041807
0.000647578781342326
0.000654126465550386
0.000727523893848949
0.000835140320502922
0.000702797466963118
0.000870294776157935
0.000750918179606816
0.000843953165764789
0.000819600465469412
0.000718077190636507
0.000633170715461716
0.000788683781298933
0.000749045092235708
0.000813653183893305
0.00071680342742937
0.000764234841514385
0.000745305822497735
0.000735460692217603
0.000931587741045625
0.000814795776193921
0.000780496358223387
0.000945577116768674
0.000623205928908906
0.000795619067526481
0.00066051645578468
0.000737695511336572
0.000679698261149671
0.000670272709418776
0.000677714312423088
0.000559840548210385
0.00075815448059725
0.000776912985934006
0.000825806175453008
0.00075835422531753
0.000734716234449808
0.000654946775223093
0.000751926974041635
0.000724539887990309
0.000726552892377987
0.000598631855801716
0.000653696950047328
0.00068033411177958
0.00065686746011953
0.000666534218887867
0.000691953288420377
0.000680070766904057
0.00064066951095258
0.000782082589215761
0.000633315549759103
0.000718732730872248
0.000854729907684149
0.000719006375096177
0.000717173212552638
0.000736336198223317
0.000761836055864846
0.000521495050460443
0.000679370105634039
0.000637524917529471
0.000661124552648565
0.000761681209540926
0.000731471541821404
0.000769765850917251
0.000639574426397317
0.000757051523350785
0.000710879986661589
0.000821078906914172
0.000684070219289355
0.000739833722561789
0.000871853171518016
0.00068595630874807
0.000660780806715156
0.000684055629722415
0.000766805504317418
0.000647083213530626
0.000716930561386078
0.000746709728238459
0.000731766250637194
0.000832375127601721
0.000989648997676202
0.000736708390335953
0.000737037774913946
0.000766737204556182
0.000799932911218703
0.000673283041388942
0.00071787313907323
0.000776522792600808
0.000795785600720152
0.000778291216397981
0.000662054161697812
0.00070873798824635
0.000734419666754679
0.000655820153501067
0.000645266544305788
0.000633218545139253
0.000749426989368004
0.000660862616820916
0.000741554228696854
0.000720412822443303
0.000600313209775758
0.000715095918387824
0.000651832581902413
0.000835144240063912
0.000633860299910358
0.000666928433569639
0.00080467309706576
0.000745382668503887
0.000805954759662943
0.000851632743074976
0.000789512143684604
0.00064741124497011
0.000780362603152041
0.000816288971728128
0.000823398534118906
0.000687487383099053
0.00054969737661534
0.000694668884634067
0.000767890245111982
0.000790071121317907
0.000788983635162871
0.000515720352757627
0.000656198340856187
0.000596045904994909
0.000755520882049197
0.000714358737770844
0.000845164037819311
0.000751853110299828
0.000646788499926434
0.000753171601661118
0.000649640856815467
0.00074208926916399
0.000712718505950715
0.0009013036250329
0.000730811270106445
0.000827650456858349
0.000762091894728824
0.000771194004834777
0.000678074216620529
0.000701144569492665
0.000746436561643962
0.000786341000814975
0.000739913280806744
0.000710087811570348
0.000870384945844195
0.000975914338572531
0.000657778576169136
0.000724783435877309
0.000711676364548601
0.000756611388065574
0.000716491934483003
0.000773428579186777
0.000673931788634936
0.000664444640133767
0.000800326078178938
0.000828686286884637
0.000672757467169952
0.00109870620848272
0.000769400014656311
0.00073421483676345
0.000841439291533829
0.000770038557831969
0.000760177923060061
0.000644437374867998
0.000799261963242774
0.000730805150563211
0.000666308962314999
0.000637460295041999
0.000592698647170511
0.00066579801342599
0.000738104192815764
0.000807523907667036
0.00066050497350227
0.000680940678231367
0.000714369598382916
0.00065942938908007
0.000693392464864524
0.000759471917223347
0.000910814540537957
0.000822137333542465
0.000997609567909211
0.000661884902137112
0.000717778644819074
0.000645814388569242
0.000681156790879036
0.000571458987749983
0.000661077065906704
0.000645622239782998
0.000661091156779626
0.000599640796288432
0.000739506720671022
0.000704624237332982
0.000610860456881182
0.000753822850224977
0.000705582090258705
0.000537979529699402
0.000666059321310406
0.000778595641274079
0.000594054492694485
0.000635752980882655
0.000694703525467757
0.000690786008382337
0.000734600481084753
0.000791510955746938
0.000753103598541343
0.000634532601262615
0.000722369974234322
0.000758386206799334
0.000698739043302675
0.000844513906776197
0.000789072187061827
0.000615462804123024
0.000812271240668317
0.000868226909297523
0.000683195949340574
0.000743411998843616
0.000807400960481722
0.000701057224166758
0.000603871134672096
0.000630888640717235
0.000679196047038617
0.000558286720185502
0.000617475151002201
0.000656064862397206
0.000714365660595632
0.000648586144041815
0.00071555020809148
0.000670070290821338
0.000681154272939289
0.000659554822430464
0.000708453726722101
0.00217478910377787
0.000823992966520607
0.000818927592713136
0.000740370461381485
0.00079491053451245
0.000865724120448733
0.000882015318324389
0.00073013807978726
0.00070377592554701
0.000573939760440586
0.000685484532297304
0.000784741326807736
0.000782021610407074
0.000758150944739328
0.000798694593696987
0.000765859347007796
0.000642777747238336
0.000648696058589979
0.000750116112886201
0.000874492995190799
0.000725698836970258
0.000678404793872706
0.000682110411945641
0.000608808438649141
0.00072778733305286
0.000800064681943644
0.000787656987674645
0.000721384024678549
0.000687837350915393
0.000684087290776059
0.00071316509531373
0.000952665687259697
0.000615501071708772
0.000679466286491157
0.000568720459042295
0.000599654201524583
0.000773388941923141
0.000667593842995591
0.000704826471993423
0.000728572318412525
0.000738543580604745
0.000576731132314712
0.00065738945151163
0.000636045355407761
0.00067763950626309
0.000598208821651959
0.000792229656695107
0.000614959481430231
0.000754363349819652
0.000609570331809576
0.000732779396134585
0.000553317443381101
0.000710326606737954
0.000593940633297944
0.000864165992261862
0.000970466881885792
0.000740608025342486
0.000603026019497922
0.000805445258593562
0.000610971321630606
0.000641644540535958
0.00076322662863215
0.000856720131391705
0.00072031762213972
0.000793725781704899
0.000763287030998639
0.000671578911430417
0.000750918536937631
0.000682866247874818
0.000655847366277527
0.000676304746921901
0.000626727997552541
0.00067016438368987
0.000671054905159296
0.000714007949716882
0.000613961569269529
0.000760050643796301
0.000847591426587385
0.000869982757462076
0.000709671121933144
0.00120545943687321
0.000578069232846801
0.000700188321958199
0.000640182666843362
0.000732428415904489
0.000728671195408152
0.000750757355102589
0.000718341684075988
0.00130575535088439
0.000709372134290128
0.000988837787155978
0.000786746051765431
0.000654448007314145
0.000689332098013253
0.000659538265628977
0.000605784276717351
0.000705457823611121
0.000766110848867532
0.000652642329909293
0.000640521623450894
0.000722749782697024
0.000783784861624917
0.000728775282499711
0.000725073651407841
0.000720194910739558
0.00176562734988218
0.00107741117541709
0.00110168295517267
0.000665017570753359
0.000882070901724298
0.000705627762089295
0.000818957629042321
0.000702803617999038
0.000620462315248882
0.000828851696311542
0.000833285247513333
0.000681052093396998
0.000564691102499889
0.000618038121472707
0.00051798448102623
0.000632910908261164
0.000729482194108192
0.000667474484935529
0.000582859022768783
0.000615286907197054
0.000641310317790878
0.000679910860175623
0.00068037168454979
0.000679500075262389
0.000721691225193285
0.000633776678945811
0.000503285450638844
0.000615577171100378
0.000735601263652463
0.000822111083072321
0.000793576757052586
0.00071816404826793
0.000559667702608213
0.000662821827073718
0.000690972871872098
0.000790924151003583
0.000620097254293597
0.000577519118083739
0.000596322519784964
0.000630434058893029
0.000735815372515574
0.000636911345097015
0.000731120412929979
0.000561546077395114
0.000810888943997897
0.000702251507564239
0.000719260418544098
0.00072570776863379
0.000559502449245816
0.000577945151188611
0.000653984717841157
0.00062416703136508
0.000687491002468464
0.000739674296971461
0.000640130603317228
0.00081067452429627
0.000738877496971379
0.000724160375356002
0.000783146340960429
0.000440346703804853
0.000751257995793297
0.000607809077885024
0.000675245083009161
0.000684484704557302
0.000609950992156855
0.000806366844523752
0.000771524564921195
0.000701525532098112
0.00059152949966578
0.000756628057491924
0.00065785146177867
0.00062979088203539
0.000634191485852389
0.000596825681618515
0.000742845061736138
0.000725992211538629
0.00067744396550769
0.000682533920088466
0.00071921727078163
0.000692726166241192
0.000619796064331215
0.000790870236020186
0.000610661555448305
0.000636685831405644
0.000682225506996736
0.000676989598481561
0.000653949503062828
0.000734030461813293
0.000734939333234214
0.000653346953263493
0.000868918153615822
0.000724487001728303
0.000785688221547978
0.000929780061672559
0.000708224192680615
0.000672152722402481
0.0006622091674008
0.00087239322572371
0.000685075500944511
0.000666765803668408
0.000687029566693912
0.000690910094382952
0.000805697516301643
0.000624237117210969
0.000671541577208798
0.000733901818828185
0.000643699896094692
0.000759524355716002
0.000601109512981112
0.000661931903632785
0.000547303064839501
0.000754455618300297
0.000968268991385655
0.000697628227604769
0.000704748982720863
0.000686106688262898
0.000649539870842037
0.000738605095432874
0.000626452066989803
0.000701845762866283
0.000518701842239
0.000636780653192346
0.000839805294837462
0.000617057465630153
0.000740554684479644
0.000751291283655808
0.000654809499915826
0.000713188026102735
0.000864718900937822
0.000805926129604013
0.000840277944827201
0.00060142451948589
0.000723105355571804
0.00078792887483957
0.000609576656175877
0.000771014401167845
0.000795177445883117
0.000687623845989633
0.000621589900307703
0.000731843618308433
0.000515597375904076
0.00070535991536948
0.000739200993783072
0.000742492045688827
0.000712687312829141
0.000783121481931149
0.000633292865218437
0.000594641812380888
0.000553291228628987
0.000786244871293874
0.000750918475464863
0.000621478862067597
0.000686452550180159
0.00073449421622687
0.000561675314874372
0.000699808721350004
0.00080617282988358
0.000599804741705552
0.000613006230792465
0.000538543940960595
0.000635331802348479
0.000655670217901097
0.000826433545139996
0.000611276023050149
0.000605321350891204
0.000547100476403607
0.000681389984312621
0.000639216185372559
0.000725570502076692
0.000601525097439307
0.000756296566409531
0.000650447223622085
0.00071927420449238
0.000710961805871706
0.000660410570194627
0.000675353034902314
0.000681868379761125
0.000618918232992479
0.000615642267010417
0.000577240794515722
0.00068319792854659
0.000609269306134275
0.0007490944463571
0.000677293485325651
0.000798418534557957
0.000857076618619486
0.000707943715021472
0.00060868472131566
0.000784924367843646
0.00066733252120498
0.00060842087052567
0.000618628518965147
0.00078992972999531
0.00067243744761129
0.000791472264062848
0.000725158963647603
0.000649484028969677
0.000570640824558901
0.000595225729197049
0.000595090787359365
0.000539717838010464
0.000704014553587519
0.000696924432037815
0.000738152874819983
0.000595765303137088
0.000685286587565277
0.000822378231726172
0.000550094963489859
0.000667471553269305
0.000607376033393636
0.000704023347417928
0.000692921361028845
0.000684501600809582
0.000684978867096905
0.00069278509310291
0.000524807835529926
0.000633227720270347
0.000617455525639357
0.000649131519312399
0.000725501406821819
0.000831404687410259
0.000663119472623388
0.000626801203857769
0.000675627213456393
0.00057841520213223
0.000651834251308381
0.00114876857617146
0.000676382447090825
0.000658431644479446
0.000670303524420797
0.000637864125165162
0.000649525212549091
0.000704168650066314
0.000473023033948077
0.000603054792336459
0.000871479132615028
0.00066249653051741
0.000814614425273417
0.000700715350590895
0.000673008749577472
0.000822093332928441
0.00059414754759441
0.000638303683007125
0.000715022220479943
0.00069940547929504
0.000615648626478523
0.000688396865152912
0.000721231205880891
0.000627704641880337
0.000786649102668897
0.000717026230368752
0.000595547888415508
0.000716757434633018
0.000692209812896893
0.000751432347899039
0.000630520077727395
0.000760410278852065
0.000824533940028773
0.000654907941615627
0.000758730342424716
0.000613104544860335
0.000708041299074975
0.000644229177973725
0.000634994201126345
0.00067864020553524
0.000566053269086426
0.000783172742617951
0.00058883776924234
0.000790286844812793
0.000721626717522584
0.000662816365854981
0.000702617085688734
0.000759728059022711
0.000786990541560959
0.000597503773784628
0.000722772864760644
0.000633655649763752
0.000621917746251434
0.000601430086402437
0.000669800087245977
0.000649853220283503
0.000625903996540603
0.000570871665656919
0.000561730336953057
0.000654258074696706
0.000703694441683031
0.000656344913234132
0.000714334055475808
0.000612870181821329
0.000678143073635513
0.000665006184691536
0.000635419000263088
0.000705310473537877
0.000640613486259394
0.000849917206636811
0.000613665971469403
0.000643130941423816
0.00071832354863722
0.000746614499435501
0.000729114133050116
0.000661783207666363
0.000689150794768993
0.000763576211451999
0.000632557705283096
0.000695845077377042
0.000707216130302504
0.000755913403674895
0.000760424176459741
0.000698142860498119
0.000592252114245043
0.000635201095969127
0.000731069415185743
0.000603184358477
0.000699845087787603
0.00066241409508354
0.00062669624163418
0.00074992709332147
0.000646860161400646
0.000742031761153756
0.000619015599417491
0.000560229550983437
0.000706154805708222
0.000638120387292477
0.000621642779857007
0.000631192178615445
0.0006491820320134
0.000681580931225474
0.000799106144306106
0.000763389066220245
0.00072326633868241
0.000819013792765455
0.000676739969108069
0.000625961623827447
0.000639780161876695
0.000663525313697587
0.000654017556540422
0.000775760423231394
0.000668999326457154
0.000534021863226676
0.000745832718696253
0.000762477008624085
0.00062593085602499
0.000615251002429797
0.000764925928068627
0.000718636950373985
0.000693137253219059
0.000735566448316315
0.000794147612790209
0.000687230059733188
0.000681050877128128
0.000532682425899044
0.000731360795365837
0.000743256920771967
0.000795503357624442
0.000844849804788929
0.0007810656711628
0.000717149698295678
0.000677260226128285
0.000787106523856883
0.00072245784264866
0.000644133617814461
0.000790916393893876
0.000555275486950102
0.000645379264899694
0.000722889454527494
0.000737573017583119
0.000678348183281761
0.000694831516107092
0.000641819319571744
0.000642117921091719
0.000586527615232673
0.00072575414215696
0.000620251373097211
0.000648591749223416
0.000770698678253241
0.000697174775914832
0.000649477939595514
0.000675719499825476
0.000790786872207941
0.00082068909778057
0.00057588497795701
0.000634226125108309
0.000744506013527416
0.000826923856490927
0.000727288702656528
0.000717628471335708
0.000611973128477369
0.000738832478807285
0.00065968761077065
0.000688442895094239
0.000664829375269343
0.000688638533545989
0.000707809924137919
0.000802696037053268
0.000743206378939407
0.000610957633620991
0.000518875878385186
0.000738067117068118
0.000749942900271335
0.000836766202158997
0.000781789020090613
0.000704443959402391
0.000656923251129421
0.000636385709390375
0.000630445008359933
0.000694036706067196
0.000578574609324979
0.000766099524618113
0.000639194774428412
0.000652187815083747
0.000606174561719184
0.000629287837421504
0.000707850199504376
0.000645140964981532
0.000755451797064569
0.000697435248573461
0.00066581765772645
0.000822917899253381
0.000723715899116438
0.000873700683492095
0.000782294598911397
0.000638140092568512
0.000660587534918332
0.000731596926179081
0.000747315439011773
0.000728461185881701
0.000725101788657338
0.000494827424686487
0.000683589657826771
0.000681395417121441
0.000661033644192462
0.000841958124203754
0.000870490929280531
0.000744707288138682
0.000685560706216417
0.000536342372258117
0.000875999102568618
0.000781134270044132
0.00089156091786113
0.000732707263267994
0.000661124900963841
0.000660432867618538
0.00101791674791997
0.000588619383870232
0.000533777021295797
0.000776076331592718
0.000683388458037505
0.000796512772827005
0.000734396130950235
0.000720114916229299
0.000906553370722263
0.000685097407865355
0.000653857001670986
0.000694278995980113
0.000771595887856556
0.000711653572567316
0.000734155898993032
0.000644666294929184
0.000669861902383453
0.00063158075909739
0.000879206317405722
0.000769235302090628
0.000786774184984995
0.000887498055457576
0.000864861971483758
0.0010209689061334
0.000715248236004845
0.000750449236113118
0.00066280452882789
0.000557374685662101
0.000784559494934813
0.000696065984426212
0.00059691231602675
0.000761886363289985
0.000694547060642288
0.000578134100612248
0.00080822801002552
0.000616950234847403
0.000636084889348985
0.000942327132348664
0.000669429424624576
0.000578648553807952
0.000659356312239855
0.000594532456029472
0.000698735398476956
0.000729087753977744
0.000733120200001363
0.000736932442929126
0.000632198276347758
0.000735858599341673
0.000739466799382091
0.000668211869327536
0.000564407214424451
0.000636374397169552
0.000593504176799444
0.000723096424765941
0.000832844605248362
0.000669208962754126
0.000845242471006193
0.000848047632006281
0.000703455065158795
0.000686800534503192
0.000704245599091627
0.000769040341973144
0.000842234512344551
0.000690025268614398
0.000787160915565727
0.000604026352050099
0.000625321672335596
0.000736299487647515
0.000722875764196348
0.000717551690319932
0.000656738425419984
0.000776114415633384
0.000615462034929394
0.000780465549956466
0.000699738607401212
0.000882255958405966
0.000746926207012612
0.0006977095526275
0.000726726825851529
0.000802505771744005
0.000875722623695179
0.000841331976246249
0.000580884587123091
0.000683947905865839
0.000775457660589782
0.000712120261615824
0.000735176008468355
0.000694899219671291
0.000838490288391639
0.000914078334320216
0.000679070204192925
0.000676989151727079
0.000775998988610229
0.000614310085693711
0.000641914886188334
0.000721307226186389
0.000744420646542895
0.000635668847162462
0.000615308459303768
0.000910699932236636
0.000851181816228824
0.000644609476361032
0.000836299387656957
0.000834102265674259
0.000687987582312754
0.000729383722769309
0.000678053048433164
0.000920609814455641
0.00073376530265182
0.000632036014261636
0.000627608313861284
0.000773996940714033
0.000695461535687636
0.000766532006165882
0.000641562649125357
0.000826074988178072
0.000718745182909247
0.000710933293445168
0.000672029498489967
0.000770415625809664
0.00068542710048264
0.000637604855059189
0.000693433641437146
0.000677257440803849
0.000641436222495583
0.00081216670787075
0.000732368316748236
0.000798209824796281
0.000679185605516573
0.00078955540377619
0.000685522081950195
0.000781728886571196
0.000601087808158612
0.00068702495041212
0.000540757775838884
0.000687863604578696
0.000701226247618963
0.000715002162823628
0.000866662882256859
0.000915359351390626
0.000817923159828908
0.000725912236347417
0.000730883947616086
0.000610161230988892
0.000791142536153842
0.000695502169516432
0.000887630340563446
0.000824311551706
0.000712727697366584
0.000718509217049034
0.000872248982547961
0.000712349549799236
0.000840106580121585
0.000741480441252391
0.000695843777003047
0.000712803265743421
0.000630414362767577
0.000733555801648344
0.000624749106303996
0.000681535390354854
0.000591350973585803
0.000614743643246246
0.000678287350030838
0.000727135067286049
0.000788976629888396
0.000678607326211158
0.000697054042672656
0.000633440076422495
0.000762783739740128
0.000785980361615757
0.000804863082643923
0.000697819354015116
0.000753113557070429
0.000594981182747623
0.000647238416453578
0.000790502176549366
0.000644719512228318
0.000571953785032925
0.000847128462646334
0.000718366761521993
0.000783321592193232
0.000692213878843047
0.000614772692140692
0.000710090109028469
0.000696020987083064
0.000626155285351962
0.000680628606706262
0.000640490182325975
0.000679288870788342
0.000689315888912925
0.00065805540014059
0.000734720116795814
0.000700589440862564
0.00059154771244192
0.000707992283436754
0.000641153308663806
0.000693632764074538
0.000760881432464487
0.000680270139082439
0.000635263015596352
0.000660780103794077
0.00067596111279585
0.000665601662551361
0.000658488716678618
0.000661778917255733
0.000676982551424553
0.000676337766059578
0.000687588397840247
0.000682586547131841
0.000626736591362709
0.000735747284746725
0.000724372930730628
0.0006636734813026
0.000640823913828008
0.000576919605806811
0.000749807733314027
0.000719488098257849
0.000711745834560806
0.000721146663778031
0.00070536613975416
0.000667098843200661
0.000706869408861949
0.000742544456155437
0.000656019373692463
0.000602563718186153
0.000740220426672368
0.000585250450571094
0.000689782593103182
0.000637657109084172
0.000753482724463716
0.000728618028812722
0.000644335663529633
0.000631255677771395
0.000651822488047017
0.000835444022154361
0.000623455317229261
0.000571970673553189
0.000760842253701765
0.000729206288750626
0.000769736966090819
0.000627462512974487
0.000592668114838321
0.000747855603079139
0.000694697250332849
0.000605141204342853
0.000616345870546846
0.000844742247808128
0.000663777113181182
0.000571911558287504
0.000625061815544282
0.000699514424879365
0.000830908610609687
0.000793724478587868
0.000810766295436837
0.000712913926394165
0.000619421475346945
0.000702760687757298
0.000792975073956434
0.000595113339090857
0.000691152366531185
0.000745875493440313
0.000749681229707701
0.000813139834322195
0.000669085478953965
0.000783469293004783
0.000716623349921202
0.00096279113189144
0.000789290479170902
0.000626990850681004
0.00103049675713615
0.000602508495027819
0.000683875136872276
0.000688888793460181
0.000586875572500484
0.00062064271046071
0.000736381183812513
0.000746499864219191
0.000801306439120452
0.000728969273702378
0.000801428284872225
0.000960957585737254
0.000777016896911595
0.000703964733786524
0.000652182853549326
0.000782769152817853
0.00076818728561012
0.000728688620860399
0.000739677476435738
0.000737634701533074
0.000757874770305796
0.0008986465782725
0.000761539017197163
0.000576191295248933
0.00068152393817522
0.000811433957872543
0.000854013461851448
0.000616161765671428
0.000640553153017792
0.000606976328886926
0.000605230180186196
0.000710823993573126
0.00074193430905685
0.000884955991888361
0.000693406087862814
0.000572091144517831
0.00074292084116931
0.000636990669704003
0.00082771822341613
0.000763901077301188
0.000744227598655327
0.000641909402321882
0.00073874415228226
0.000798678794897292
0.000793499908391358
0.000832789627491667
0.000573191078598741
0.0007866314653885
0.000812915900487153
0.000731913517889172
0.000855146606678767
0.000996594011183106
0.000935206664270659
0.000708517839343517
0.000817687617839787
0.000595586738046481
0.000792336541238408
0.00063801752209844
0.000647689667545784
0.000654988824086869
0.000723270205816661
0.000789631769832144
0.000656777291269301
0.000682481990594341
0.00058200673280109
0.000846522192040378
0.00065929506214116
0.000657414798098779
0.00078301486387257
0.000652943999736125
0.000661374317313959
0.000588685678152426
0.000668521634951398
0.000645193354183702
0.000698122203510734
0.000652313554138629
0.000619905060299181
0.00073763485183073
0.000805806126036531
0.000731096989386388
0.000753258955003517
0.000770304614480705
0.000750711880983138
0.000876285683802221
0.00064231745521639
0.000843208306595573
0.000754928217182918
0.00067505270635371
0.000713012574644574
0.000650336596608614
0.00098364490436221
0.0006792889999333
0.000845533894252737
0.000823152503771259
0.000699942471321442
0.000652251590425109
0.000619520021747975
0.0006409756166212
0.000691328005488664
0.000869854276124856
0.000880232930280295
0.000717136406504746
0.00072689119985592
0.000813363417551162
0.000649189819495109
0.000692862127391642
0.000837471670932118
0.000805178554157866
0.000702001174613695
0.000683376884943171
0.00065502037538537
0.000929272925339361
0.000709677235919675
0.000731165990153109
0.000874278274675983
0.000692441023960076
0.000679553760535796
0.000685509051039677
0.000645485875206922
0.000694694227204452
0.000842575475210403
0.000626450573257997
0.000686459962973765
0.000631061201357019
0.000575706243948378
0.000619104183232063
0.000736458497230337
0.000679427036835778
0.000653250510206055
0.000654959092148852
0.000865688858847197
0.00075841402337097
0.000615644734082669
0.000880381566611906
0.000759387274137389
0.000781864378341513
0.000674235743581653
0.000623658167032317
0.000691571426922674
0.00075375414909386
0.000693355208167265
0.000826374236549037
0.000656675984062807
0.000576750853344767
0.000708515636754046
0.00113343847257324
0.000715212643577738
0.00104626471352818
0.000679216224248167
0.000806126582888492
0.000656725917795494
0.000858956206353233
0.000744886099933046
0.000749037781193765
0.000741598918615163
0.000793800018281546
0.000675325495109308
0.000665658419702156
0.000637338106021227
0.000680258809040046
0.000822480529802816
0.000628046681188578
0.00068363492792011
0.000824271718319417
0.000584842786455287
0.00083371671569044
0.000659477123000451
0.000600258293614682
0.000629010417799177
0.000720219702931243
0.000852800512870868
0.000583807276794469
0.000667994240829734
0.000649583795604462
0.000757128323740786
0.000652719783774608
0.00056750117390648
0.000665281420945892
0.000767518509409875
0.000726193837357016
0.000690134750205904
0.000610718429525035
0.000929163166089937
0.000610339411302515
0.000632800039806293
0.000624898475453239
0.000959172123779507
0.000667058356314353
0.000847748163599496
0.000898057723169543
0.000635482173387749
0.000632595590631787
0.00074697451929323
0.000592174922376866
0.000730365705953607
0.000747179270049809
0.000564529092178936
0.000563491909285399
0.000708145426847417
0.000780748715101765
0.000714174119542728
0.000656400169004754
0.000627630581992608
0.000560625887893728
0.000626829541928291
0.000765306656738018
0.000691585738055695
0.000733495113690372
0.000802772830641583
0.000682562754164268
0.00068870710959802
0.000700941359637967
0.000594408943918884
0.00065616295098243
0.000702257117887196
0.000673744410113182
0.000675541030546364
0.000564140966376375
0.000714791966821889
0.000672352331812395
0.000684258449554031
0.00068032631921393
0.000707962830962088
0.000747870507569685
0.000659039986340106
0.000671743356531386
0.000913884282613797
0.000650761852292075
0.000708605357685186
0.000846614394220983
0.000725241393517515
0.000884438742819186
0.000723547358672556
0.000972924530954126
0.000698160913869356
0.000579160392895295
0.000676408823094799
0.000821496628289186
0.000600887588915254
0.000643265160011477
0.000723400354552707
0.000594844301117823
0.000683616633249509
0.000787444846116837
0.000690522511431147
0.000811451827731337
0.000946247341870318
0.000871429743079686
0.000741802441604588
0.000757524798604513
0.000692523254129674
0.000676498801951043
0.000784440589513344
0.000763413922512838
0.000710521865790861
0.000713042612865512
0.000618793128167754
0.000631770764732754
0.000688782524340128
0.000633386490583753
0.000775948694662194
0.00074940730532814
0.000673330451367382
0.000778063153248697
0.000769025728311005
0.000720230093753631
0.000692020862705894
0.000820570655086555
0.000662892761737032
0.000721659747257885
0.000770992864314391
0.000607357632054002
0.000693818394212494
0.000681127677494484
0.000699300113829823
0.000594781765110707
0.00069734754172348
0.000729112409532097
0.000644477264897336
0.000821653034176631
0.000701776747895081
0.000766582213115401
0.000815762138737864
0.000666096628803687
0.000779531441003173
0.000675882526039073
0.000772965604639847
0.000803411256228823
0.000693195399965416
0.000741662260210612
0.000695830488215723
0.000602818350014525
0.00071555944516765
0.000581705212064859
0.000548745031474458
0.000650584403053756
0.000588249091710551
0.000736088050227156
0.000677300380218261
0.000641619437984331
0.000785372614006791
0.000627360625984778
0.000728388679683692
0.000779996541874692
0.000764165659982841
0.000700982780915063
0.000679353776177533
0.00078493917963414
0.000751156145994523
0.000797920321782661
0.000778588138659558
0.000702306778801212
0.000585570580635631
0.000542691583537286
0.000648834568649758
0.000716226704786686
0.000553748193644995
0.00096846275029611
0.000594807663385904
0.000618825369625233
0.000667662553001168
0.000739839038958938
0.000737094797117221
0.000611125718689008
0.000677688077452221
0.000722762563792481
0.00079581003932893
0.000638309507179329
0.000733885942680952
0.000686032309681609
0.000726974067165742
0.000551766639913623
0.000667123229031132
0.000711332319806812
0.000711205671029207
0.000740658599784581
0.000693246478918216
0.000687077811288741
0.000787644705135822
0.000693350177157105
0.00072862061199277
0.000675958646914687
0.000762296216966485
0.000757416627976982
0.00091396211334929
0.000699201529159195
0.000677587632708515
0.00063561122932719
0.000834123560758659
0.000634223105542716
0.000872842789212904
0.000975383446225847
0.000758151765516642
0.000650979219694603
0.000887899644956682
0.000736739674801915
0.000693749803992306
0.000662392260190666
0.000637252942640692
0.000625416382210071
0.00075319760525508
0.000777107787953215
0.000711358555073832
0.000700755896602524
0.000735816004760331
0.000712105459494592
0.00070847065168739
0.000682587514585572
0.000728748213832645
0.000806205294153548
0.000706661484601768
0.000679725791991361
0.000783612189301903
0.000729105057509683
0.000617223575754057
0.000674190893807193
0.00064279136623166
0.000748503070186959
0.000668623263145873
0.000707876929171285
0.000614772355822964
0.000604695968416429
0.000803518488922445
0.000786656445694701
0.000798988024668563
0.000967718304646232
0.000664041372388561
0.000631066730879649
0.000678502163254758
0.000618944511704564
0.000794772941452903
0.000637052473799392
0.000777942905569384
0.000553616904712671
0.000551539038570979
0.000599742057468966
0.000660687170715858
0.000796493103822078
0.000885137205419391
0.000700480239676689
0.000655394845789411
0.000716175643303003
0.000776336102614242
0.000685804283714582
0.000626973456606754
0.000734937073183469
0.000700429868879252
0.000679158046552413
0.000860240703114789
0.000765305524869279
0.000710955359087258
0.000576483961602029
0.000613900204403723
0.000700623628545663
0.000647151976373662
0.000579641095051773
0.000719824323271064
0.000779169839093521
0.000766206777018548
0.000666600704163826
0.000712827806823947
0.000696537756387601
0.000680579859131218
0.000632156945007367
0.000686915624637982
0.00060516698176418
0.000747275015967947
0.00060070790935861
0.00069967588809558
0.000706021452564357
0.000749007194697265
0.000706181753502914
0.000750574870460932
0.00065740327227936
0.00073120484560869
0.000888763942135625
0.000752118550779654
0.000716673187479653
0.000693849543691232
0.000739502282574283
0.000881036168013712
0.000795811248466304
0.000750873505748304
0.00080269965842448
0.000676130818116993
0.000715287672649107
0.000856838748373787
0.00061557250300071
0.000672959337221752
0.000783524852739639
0.000701107214030537
0.000651784864268082
0.000720115223595399
0.000580967611192282
0.000699254383109782
0.000644595265178861
0.000606924987006557
0.000748148225505199
0.000672707993363429
0.000736095912484001
0.000769322045797122
0.00074281014917106
0.000721517885075652
0.000773373446782925
0.00059139692679509
0.000761838855209308
0.000598593273233486
0.00060551872356999
0.00078301011270211
0.000626333603351446
0.000777803101999591
0.000659990497321907
0.000714800750938529
0.000772067430609193
0.000690485880659976
0.000601460432227295
0.00072788174240266
0.000782176872398699
0.00064272536587775
0.000778948949880128
0.000706499087100888
0.00060219485345916
0.00062554803119813
0.000594822723611666
0.000733909286184599
0.000767058376819235
0.000639162711582046
0.000700028636567811
0.000756055173769693
0.000595701588961999
0.000593353644688785
0.00063449614658509
0.0005969754135527
0.000627983720569784
0.000718552879992151
0.000604812599915386
0.000559003243883027
0.000726977241135937
0.000667191239508526
0.000738487733665682
0.000787429459873975
0.000625890121934082
0.000827711874704072
0.000675728780146239
0.0009168011324435
0.000776728845254859
0.000625466141788303
0.000712081077015311
0.00067295130238222
0.000706135790821036
0.000667206199383636
0.00082909631215283
0.000811504464170976
0.000720402389627388
0.000690503821015284
0.000705922450236268
0.000598986625194098
0.000757962198200734
0.000717268963109957
0.000636634546026999
0.000626285748866919
0.000754380217935744
0.000728600206164675
0.000820719396879017
0.000728363053020031
0.000841433051434241
0.000832261695727619
0.000778455426804562
0.000850830998523325
0.000763365959986498
0.000751386604353096
0.000800226540970767
0.000771225069001919
0.000688101814428382
0.00062439504283661
0.000724930282511263
0.000589832405938199
0.000811173785989289
0.000732572452458134
0.000651093187876424
0.00068620731493786
0.000702878069204866
0.000692807592916398
0.000705162248385628
0.000714919417051355
0.000711963620751966
0.000759118816124536
0.000793605858294824
0.000694667876930953
0.00068316419024179
0.000653352715340302
0.000719959141650086
0.000714914381707701
0.000892596186255891
0.000746635954415646
0.000721197926404932
0.00070633048676255
0.000691334382666822
0.00076058834949646
0.000689220791323579
0.000655031528096269
0.000701785539375394
0.000554946582581623
0.00073479238231471
0.000826395096908447
0.000601204180684936
0.000761906096414288
0.00079101357097907
0.000625606937032718
0.000618039609440868
0.000805301121645545
0.000724054635508132
0.000724333297623434
0.000673022024661024
0.000691011900765774
0.000769370127522689
0.000808531344892725
0.000863424809985227
0.000647193317218575
0.00074692872783003
0.000920904490504874
0.000796244020779284
0.000799057357340886
0.000746285638553515
0.000781366140674648
0.00076777072951899
0.000786337816058421
0.000702006749708533
0.000877461079099694
0.000704941775960075
0.000810126377451273
0.000834704266500751
0.000693432761114918
0.00069135448067608
0.000732764011738346
0.000684045830244626
0.00069961260011236
0.000700056655881603
0.000834334995219116
0.000858442189205973
0.000782972000018508
0.000703124294902969
0.000658233312246136
0.000727138683725244
0.000817111344660084
0.000702548009341773
0.000657117443323524
0.000690367763915993
0.000633758326074297
0.000656659496440488
0.00066904725467834
0.000708384170842573
0.000909824153421628
0.000701290871744158
0.000675295822318752
0.000766671608161802
0.000662917714841296
0.000640896751814176
0.000719889451915245
0.000691323870689356
0.000821071918476909
0.000691788723522183
0.000756214409541887
0.000742785499693686
0.000761356729809126
0.000687882894735248
0.000674096174393688
0.000770425868107055
0.000682715140980105
0.000748803419125294
0.000817311231683221
0.000720665105265329
0.000703916187306539
0.000724088712240954
0.000894858300178696
0.000663114431842925
0.000805637777023112
0.000686888868069022
0.00077381589462649
0.00063521842917653
0.000943328574597012
0.000615525195403852
0.00064429119282103
0.000850390689027164
0.000628301523398204
0.00070455959303095
0.00068893149775041
0.000773738107416978
0.000702695842812919
0.000665041290588598
0.000657983067074884
0.000560284094120486
0.00079498385279209
0.000739006061986737
0.000706149568564501
0.000745041168397715
0.000644519404998041
0.000785267659483858
0.000697808641523386
0.000865057780102696
0.000639200799139324
0.000717902273887175
0.000582433194792003
0.000663431998305073
0.000666111128863526
0.000768614510295115
0.000649572947323755
0.00149577434865312
0.000839679500234608
0.000895679062809144
0.000814498202374915
0.00100004803541174
0.000727147202870477
0.000801896614239416
0.000854038629701567
0.000768715023600954
0.000721844314278644
0.000648895152888891
0.000758846908764422
0.000883849575031329
0.000943114219122888
0.000724717271556181
0.000897983586034213
0.000789551520474615
0.000693162772667748
0.000651774755104199
0.000669887978786087
0.000690966653388834
0.000707569969067024
0.00074172386262537
0.000849119064868035
0.000805125246405713
0.000740350205691974
0.000679706763968128
0.000870489994915923
0.000558141687590393
0.000690449104554873
0.000717863217409958
0.000721283335019268
0.000703956496373358
0.000793001415897041
0.000701615699917778
0.000692281630002554
0.000689062339174202
0.000642169182649126
0.000717919063098907
0.00066979289410256
0.000810120904111935
0.000658295648505098
0.00070207102565433
0.000758253070395289
0.000787652064759268
0.000643793636614447
0.00072239028907445
0.000792455643332795
0.000708955493548565
0.000766089595060673
0.000667761769883231
0.000630537202400823
0.000779451861776521
0.00072644592982448
0.000788764771735848
0.000695746618436996
0.00100889729574561
0.000624640394430338
0.000856573939905215
0.000760776732664962
0.000648526685084423
0.000727344977947807
0.000651474640057164
0.000684770782319711
0.000677133021909226
0.000741658856827442
0.000765955712634274
0.000820708236611916
0.000843988164310698
0.000849060521086011
0.000791964888624969
0.000707933835307356
0.000665590382971657
0.000702156399165578
0.000604479974751818
0.000668116717346199
0.000755730480325464
0.000685276696977714
0.000696320086139317
0.000752467891069284
0.000713374792683355
0.000704730352179348
0.000634775908388664
0.000744846179809939
0.000660474454574032
0.000680983453803877
0.000842069153813851
0.000718137794147854
0.000750679463237252
0.000708398761655213
0.000637282512598562
0.000690989362428389
0.000745025478871969
0.000716023661069299
0.000692638477460938
0.000874043104896126
0.000745153292219547
0.000691197625420192
0.000810855775113035
0.00080654102698608
0.000878260805416608
0.000621403991537398
0.000891313488550693
0.000796044396666378
0.000780958386145937
0.000655574405578015
0.000834841229925352
0.000649527760269318
0.000739234428201269
0.000772214257893746
0.000798785720021031
0.000702946876106119
0.000788770421176487
0.000822595892818187
0.000707318220268248
0.000694743346335042
0.000722122676041448
0.000792120519275141
0.000749355899028759
0.000759716105580601
0.000714785141651559
0.000847901406212152
0.000877655862770005
0.00103617701025731
0.000625172643363086
0.000802427787000542
0.000725937483736293
0.00070424582874704
0.000828115147206843
0.000763707367623055
0.000657455897139945
0.000759352931002662
0.00085621843214574
0.000815695892262041
0.000717545392519175
0.000713982326933524
0.000856585302509846
0.000809270552630006
0.00077578920820783
0.000681937967594131
0.000759197209329879
0.000788648529454083
0.000789693359587662
0.000657306071719163
0.000677847677621072
0.000816416992146681
0.000680985818463391
0.000860158676769015
0.000847035091145521
0.000784352946447121
0.000769840009931517
0.000696629091995383
0.000715873911100007
0.000794978199909995
0.000694268658824399
0.000726014062828187
0.000853571594355983
0.000653100532565659
0.000811945471631173
0.00072441049580457
0.000710370948833207
0.000695245550870617
0.000696638695100437
0.000654385717564815
0.000800615407785756
0.000762496223609502
0.000884502612497556
0.000690239464128841
0.000766773824481952
0.000694888731865505
0.000664206917687336
0.000657455896810709
0.000834633829594919
0.000803007209848029
0.000795628012057228
0.000802454920708475
0.000716245778243092
0.000727206488634069
0.000819933384244685
0.000788926271188965
0.000849155697599607
0.000669783045670141
0.000707970053586537
0.00074671567420757
0.000796485869310292
0.000736174325761221
0.000917576887656636
0.000717317340704455
0.000795708040265807
0.000701214900191496
0.000724119804931963
0.000768471278699214
0.00070994064484486
0.000690812840633323
0.000894975379787545
0.000689144435167207
0.000922824923197121
0.000719276671783415
0.000764188573798837
0.000682535779509433
0.00087678660140265
0.000868507586893543
0.000891229490107092
0.000822695708858974
0.00105140170875046
0.000823233251110838
0.000824884291555082
0.000789679566340125
0.00084248472450647
0.000880938163312016
0.000739902824449442
0.000679981850880129
0.000637729227978168
0.000783731880594305
0.000707599084296687
0.000858445218823274
0.000690945348450147
0.000742630669334884
0.000791496374134059
0.000772914969342741
0.000776037739903077
0.000716577542565196
0.000719188961000576
0.000832976615876372
0.00074945056367207
0.000806691252874263
0.000732861538570647
0.000827184365860883
0.000699146450982003
0.000824634436218107
0.000799817476637992
0.000735864656801424
0.000754886360150723
0.00173696131344485
0.000747065155598894
0.000927039298513332
0.000620700816513101
0.000751333989908653
0.000728201840085045
0.000697226968236946
0.000729332566999818
0.000657732569160315
0.000741093469926806
0.00077187090700451
0.000682271174329339
0.000906139743188119
0.000675449185506574
0.000792078752660097
0.000729263767490032
0.000764807340786028
0.000648199942853115
0.000714070964723588
0.000668510859615011
0.000806786521832742
0.000646432078820482
0.000671326580343621
0.000690888581602752
0.000829575560604719
0.000802912702558306
0.000787110472007102
0.000722813961397163
0.000730251283651333
0.000749767571574324
0.000774990896194545
0.000935158984454117
0.000642143702063813
0.00078267408525633
0.000746023735376176
0.000719654031223404
0.000845520071934524
0.000618488246267901
0.00065529329808679
0.000827924407552559
0.00083994077588567
0.000769524055299447
0.000847538142547839
0.000867378696902465
0.000975266322358062
0.000832228645885586
0.000805412387557376
0.000735338741982683
0.000673106240891893
0.00169185678204832
0.000817232954665445
0.000779687924275482
0.00112623482753853
0.000778180935701301
0.000669420499998834
0.000976080963762585
0.000679274215331614
0.000715364948025681
0.000688194533259679
0.000713293952444197
0.000763452886489169
0.000715505445314107
0.000678372046088223
0.000855624451928822
0.000709612708807949
0.000829997294414991
0.000696817778390682
0.000847850478769332
0.000790430264980027
0.00080332261761304
0.000826373327783284
0.000776237668261113
0.000867884617367434
0.000727639689514771
0.000655769408892369
0.000842598558111348
0.00079444900758154
0.0007498580892673
0.00068755113946941
0.00073046243458765
0.000760735096868051
0.000668058457708259
0.000727660585825695
0.000712832025519276
0.000951253912896101
0.00089787934711624
0.000930187412059648
0.000965051424515518
0.000780333162278047
0.000635915401534467
0.000764064153615077
0.000784098940215748
0.000830163355337136
0.000812031431223719
0.000716592814269709
0.000903599859026517
0.000942477689340509
0.000784667744340515
0.000701630177929303
0.000932697563350203
0.000846154291076386
0.000846751961332626
0.000762376003088235
0.000723401110724164
0.000834423613428155
0.000719619437512296
0.000818697033847705
0.000761741783880526
0.000810497633442631
0.00086939726626672
0.000694405920627075
0.000809293514795395
0.00071799273622169
0.000764025542967229
0.00078318759304168
0.000781096195446661
0.0007957117975308
0.000718426064496639
0.000757797364776483
0.000860240486311493
0.00092177787555869
0.000852003959080991
0.000797701889899895
0.000743033110416359
0.000882859155246277
0.000750407706205644
0.000745850719606467
0.000766040713490929
0.000921818817852002
0.000828636172225096
0.000933879845480719
0.000800160576671687
0.000797203870025274
0.000745363327378751
0.000735668519667241
0.000773983560063187
0.000898933688158506
0.000816102655391472
0.000815793532798392
0.00079126810645436
0.000698818093358247
0.000932004832512389
0.000766685068798823
0.00075475607567729
0.000865124276836025
0.000849928258335616
0.000720255561107569
0.000883582146250139
0.000776522919554952
0.000785557007480839
0.000887112312673787
0.000770059605372605
0.00079539731378079
0.000764712861358386
0.00087057564201327
0.000911993150333571
0.000797047652071268
0.000773343145155943
0.000770179347143383
0.000819058278121032
0.000962004724267325
0.000805349244816669
0.000828282991224525
0.000729181791449357
0.000792156653878851
0.000775680914184094
0.000812167651718087
0.000701589045862341
0.000819569291049413
0.000713130862503225
0.000750662649600344
0.000848416605892076
0.000714325397977442
0.000797885688631599
0.000853068787716417
0.000899278543949257
0.000759684259101059
0.000802199155646421
0.000858368250411977
0.000743673580761364
0.000821234258055517
0.000803692128840631
0.000818459547533938
0.000677770419286912
0.000873846649341559
0.000734522591454788
0.000700207575061599
0.000801841888626953
0.000750292258371146
0.000738252431637414
0.000788440668172667
0.000673592071889243
0.000785715198226219
0.00064401865557224
0.000701704728160186
0.0007124333631496
0.00072247791304518
0.000830719907161017
0.000797023181374367
0.000852065759099066
0.000967720236688198
0.000742564594233025
0.000657206161434765
0.000784235836452812
0.000783701048733287
0.000842311940483849
0.000719996108129216
0.00067042867753552
0.000792848671300903
0.000843512957171226
0.000698478252633653
0.000740225128724135
0.000788966191737304
0.000818318307372192
0.000799165615275643
0.000688830453964478
0.000765598179140576
0.00101477688985382
0.000699950763635133
0.000803016958371186
0.000916046825323011
0.000968638829741258
0.000713994549238149
0.000758798691775066
0.000746844558546091
0.00131349895608996
0.000678574764904037
0.000713169619958839
0.000773675117865676
0.000767317288872596
0.000763901115729403
0.000808615667504176
0.000800938372256522
0.000631065710518008
0.000743996346690514
0.000713521031318504
0.000836367191345365
0.000963773289621658
0.00078373990847952
0.00103549174707635
0.000682383665402859
0.000797017815237076
0.000935076055797415
0.000812183587702399
0.000867036929706275
0.000877911790787167
0.000989075167395547
0.000856840474529448
0.000787329473539502
0.000857977860015417
0.000813626551363053
0.000856353760834318
0.00101962948868143
0.000867931402495327
0.000640134865025423
0.000737831787813922
0.000791475465684939
0.000750540288741213
0.000722208435562092
0.000898129067237127
0.00081536060548577
0.000783041027860122
0.000820940287287292
0.000917116688371494
0.000753260920875762
0.000787169076307261
0.000779182668523917
0.000688218793657231
0.000728090640358456
0.0007327339613285
0.000711947930960441
0.00074577513933723
0.000769079002454335
0.000792138355130697
0.000773450619047555
0.000771736188503679
0.000823638671683427
0.000789504061524377
0.000861613566675655
0.000746956137398216
0.000783276001719281
0.000658725104968644
0.000759334370094484
0.000731867678126579
0.000709516321836223
0.000756771344518812
0.000771914932615178
0.000794052365752482
0.00086956597588912
0.000708358939730341
0.000869682025491115
0.000803335214540505
0.00107035823431973
0.00126103767036061
0.000826393301198377
0.000810368541967573
0.000627448424296676
0.000868897515366209
0.000733552642082124
0.000654615793495687
0.000718524596909627
0.000731203588077337
0.000789104781509629
0.000753625224734475
0.000800026382164031
0.000739110941060423
0.00077209342079684
0.000707694526908073
0.000696681954420846
0.000597015946143681
0.000697262185896485
0.000766314480910835
0.000783635808700902
0.000825220101204345
0.000732046395429146
0.000846669964312086
0.000734574706669979
0.000730160137356975
0.000843576247998456
0.000651334776894039
0.000842108183633997
0.000708546474546651
0.000785237377326639
0.000711513415346555
0.000796584034782789
0.000822713634108602
0.000846449603376071
0.000718303881232437
0.000800550574130911
0.000729729781145293
0.000783659634345578
0.000783685914057304
0.000908501077277182
0.00102499509052224
0.000795335457749524
0.000774125103564329
0.00118154447591361
0.000715801843206459
0.000985390745820978
0.000820887139994822
0.000935018994800505
0.000844707894929483
0.000800876919315397
0.0007596443953296
0.000787140525462622
0.000790924179660133
0.000875624123821514
0.000634379807802225
0.000771665664365913
0.000796577027331266
0.000735154039577263
0.000784463070366978
0.000839513196463641
0.000736215136272576
0.000855380855999189
0.000766866157364429
0.000824496392075023
0.000815978261576476
0.000927230291998879
0.000896628441759351
0.000744202753828191
0.000783123420531906
0.000863991998130654
0.00105397104863271
0.000699143732746445
0.00071940911792856
0.00075173903926162
0.000785618465451709
0.000924229064101913
0.000863688879903114
0.000919643804660987
0.00080896679240773
0.000893436032796855
0.000787964190066417
0.000771399563476211
0.000860674728904357
0.000678995120530692
0.000836825220874182
0.000760008301852157
0.000813967821057602
0.000760700943205776
0.000777619033626143
0.000762399015714981
0.000788472262097755
0.000815780031282414
0.000866493939898252
0.000900819894024765
0.000898269932836835
0.00074084845778774
0.000819426945142685
0.000934569005994035
0.00109136508363528
0.000860030344587648
0.00102119484817693
0.00115411716539974
0.0010064519240305
0.000811480093033146
0.000971257192739014
0.000911808697258115
0.000744372726624075
0.000920259346381906
0.000870232671280348
0.00080634738559014
0.000903738238098944
0.000906528886670132
0.000814449737403974
0.000782971735951212
0.000736858999442806
0.000808806612800775
0.000886972395963764
0.00087392319907324
0.000870767853495678
0.00087583652774585
0.000934458108834885
0.0008360704069016
0.000866932837322428
0.000939752578209586
0.000872872639745303
0.000923919964434779
0.000881354027513558
0.000866751731473396
0.000797995885090963
0.000799300134076297
0.000756469190192954
0.000837076065995433
0.000807828892239428
0.000875061543889235
0.00080587436425034
0.000778450616409002
0.000857977041762034
0.00089168356720516
0.000804608892811259
0.000902037300537313
0.000822331051791484
0.00076703131578607
0.000741402046172646
0.000787422196471797
0.000817571951020529
0.000809680398291283
0.000901948234945677
0.000851837146857234
0.000799485245812171
0.000950109029107875
0.000902039457708625
0.000904672262317893
0.000911857756078024
0.000914086401649207
0.000762802618966325
0.000918054717232026
0.000885742456125759
0.000881292330301222
0.000837080431243144
0.000858557872751884
0.000807089524203914
0.000880087851265916
0.000893531886467429
0.000839143007206457
0.000910899931728783
0.000776116566500654
0.000831314100650543
0.000779014893797373
0.000772593400031064
0.000918124191168035
0.000859933999395534
0.000755863833442864
0.000946421636053573
0.000747996826604712
0.000870339472028631
0.000949466839355096
0.000957647213365473
0.000816062395405068
0.000934176933402333
0.000873647783122336
0.000915030833869223
0.00107776328413364
0.00104297451892131
0.000862380479309802
0.000899876338912582
0.000957135575103249
0.000739039757101082
0.000950010653817841
0.000872225589732636
0.000954273603657689
0.000863161806779011
0.000856242026011636
0.000881644348998108
0.000817616315929571
0.00079591774185383
0.000840308099428066
0.000911256059802629
0.001015665384854
0.000830934639764917
0.000920909595787427
0.000873177975899304
0.000954069810711862
0.000843699205481491
0.000798971476103435
0.000768535317663069
0.00067673754314278
0.000819444282880768
0.00082133050802144
0.000834452129670115
0.0008866079970259
0.000776060987422467
0.000849497561942134
0.000963949529677887
0.000782501884304722
0.000779629353979388
0.000946709142971429
0.00105612886452097
0.00092510162537831
0.000776794281304339
0.000834192644649457
0.000770027300776932
0.000814963674142716
0.000997921688125502
0.000852449064993076
0.00079677450402328
0.000957670560199796
0.000936259595058121
0.000871812885030612
0.000845696973158571
0.000883916338487424
0.000971250224780791
0.00096131904281574
0.000998583333801779
0.0010232914599345
0.00116095129655692
0.00102318955836843
0.000869200458315032
0.00128451702261453
0.00106397649450631
0.00106810827947983
0.000868554161428937
0.000929064045894906
0.000937895905620649
0.00091808354114033
0.00089764699722767
0.000898961973598756
0.000912521094567689
0.000920871082993592
0.000872033104782852
0.000905315531423363
0.00091663623656666
0.00083801438814938
0.00086305099761277
0.000800218036953408
0.000840718227782456
0.00072467871194591
0.000804098930871059
0.000798079600659732
0.000807027237925787
0.000879228821149862
0.000827925203547305
0.00117397409143475
0.00106689202575315
0.000957403538092128
0.000909855096985935
0.000862856709214049
0.000899321794054278
0.000918881910069967
0.000982006284765326
0.000853459197016441
0.00111232554070529
0.00105155682820815
0.000898163134470413
0.000856750873547288
0.00145540429454303
0.00094312300055789
0.000831732577686445
0.000771235405038591
0.00101708370162489
0.000744254101417839
0.000867547190516654
0.000780650882860817
0.0006895146387007
0.000787962584447549
0.000733355622093902
0.000994650240732985
0.000971305892356477
0.00082875249701785
0.000927193444503905
0.000779414587862197
0.000904228126612249
0.000868563895877696
0.000902069668363388
0.000832928633610778
0.00103778112880346
0.000992527841358979
0.000965096280356089
0.000978330740224333
0.00101578846986567
0.00101470397263157
0.000947762224666186
0.000867927166201047
0.000992784610558425
0.000810200575884447
0.000967762077978503
0.000926250066673809
0.000925770424331648
0.000931958490388912
0.00117663746795803
0.000804439189119173
0.000981534242144252
0.000846652813963351
0.00103961047840247
0.0009199718815067
0.000914783271851185
0.000914526068504722
0.00111502042202402
0.00105983534916037
0.00117645252821264
0.00110168252021335
0.000773658340079459
0.000848694091075592
0.000981452476101244
0.00109013428148073
0.000878386693214861
0.0010336234803147
0.000881609755666528
0.000816425394208721
0.000820066959314136
0.000800859842074361
0.000969209959585038
0.000896928352873011
0.000917451522240932
0.000894861540789168
0.00100084293728575
0.000924357194352186
0.000909495120219376
0.00101693943275253
0.000989932675908791
0.000812209953597536
0.000857844932106221
0.000952889165869951
0.000949379309270838
0.00106866626170514
0.000900990451387219
0.000847300065484803
0.000752684472206081
0.000912072768739015
0.000929614438143053
0.00103698860015544
0.000919710286223205
0.000847958499818638
0.000875206649784922
0.000976656275462509
0.000880380429309935
0.000941736943513382
0.000974257674531868
0.000849634298768466
0.000963567594705476
0.000992056586795551
0.000841408089183404
0.000990934209532644
0.000895403727907791
0.00101013550684599
0.000995119239561069
0.000907184209752584
0.000849526558660378
0.000944815478043123
0.0010667332996841
0.000957633303957523
0.0009817396473009
0.000919105115228664
0.00096814853627162
0.00104202231456507
0.000894335205842028
0.00121067664050137
0.000983218063015474
0.000927279219991902
0.000911711628430162
0.000848506292421439
0.000895812413971163
0.000876209618245373
0.00100373582219733
0.00102404468347467
0.000982818444266171
0.00100586508617292
0.000968901424076018
0.00107144446832775
0.00102302278114099
0.00108260836730299
0.00119456441471119
0.00105657339104594
0.000970517243525804
0.000961671858400573
0.000986109031641057
0.00111108233512411
0.00111076743063463
0.00113162140636455
0.00098776171211687
0.00103428245715102
0.000941158614718051
0.00109121487772418
0.000890750957629715
0.00101481192810434
0.00093830390246035
0.00104319048039217
0.000938113184294606
0.000987816470037831
0.0010210664995465
0.00111053304065794
0.000863270073189111
0.000887636477843656
0.00108381189519465
0.00105208535136154
0.00117293837892612
0.00108831217735277
0.0011046604353098
0.00115972025304146
0.000975429286820851
0.00127060993544576
0.00111375571252387
0.00104857404354555
0.00130741781862118
0.0013088625734736
0.00103098603051355
0.000975170629401447
0.00113730942932671
0.000991441078598945
0.000977485638988985
0.00101042799296669
0.00100489961354311
0.000966959813536508
0.00122450303457928
0.00128217640182614
0.00106239390667455
0.00098973000793817
0.00102942037991572
0.00103914880117499
0.00108477389287247
0.00114636136887929
0.00119054375612051
0.0012026380433458
0.00102046631118737
0.00108816968256882
0.00130285689135746
0.00115423888189927
0.00101145407833841
0.00108299145493846
0.00124361117761416
0.00128182012767441
0.00111089792649226
0.0010935905620803
0.00113142613737235
0.00115055424300386
0.00101486376747154
0.00110058525397187
0.00108590353979201
0.00121764183863881
0.0010301603684995
0.00106565463250059
0.00119235013374639
0.00130559032005783
0.00119419753978698
0.00146744979836068
0.00165333212599309
0.00158308230834793
0.00154058979461789
0.00169166632958262
0.00154314038091918
0.00151277254402899
0.00169533515109399
0.00204405359027768
0.0018836521432377
0.000881465597268685
0
0
0
0
0
0
0
0
0
0
0
0
0
0
0
0
0
0
0
0
0
0
0
0
0
0
0
0
0
0
0
0
0
0
0
0
0
0
0
0
0
0
0
0
0
0
0
0
0
0
0
0
0
0
0
0
0
0
0
0
0
0
0
0
0
0
0
0
0
0
0
0
0
0
0
0
0
0
0
0
0
0
0
0
0
0
0
0
0
0
0
0
0
0
0
0
0
0
0
0
0
0
0
0
0
0
0
0
0
0
0
0
0
0
0
0
0
0
0.000261047084811389
