0
0
0
0
0
0
0
0.00162919647555837
0.00160799241292948
0.00120177239507167
0.000988036550062048
0.000681591104709218
0.000313135370587398
3.98207768366406E-05
9.52625505685928E-05
0.000117759621631864
0.000180034877709571
0.00015459584232513
0.000195647446867561
0.000266658939634052
0.000237190332716217
0.000147100940879881
0.000136538355677727
6.83584111565924E-05
1.60154030375247E-05
7.37648390527022E-06
1.46096417319266E-05
1.16026571013491E-06
0.000138321535708407
0.000165466113731237
0.000145010987549491
0.000148064105077439
8.42249445365319E-05
6.51663492574641E-05
0.000149322587570371
3.61802748788435E-05
1.02548919218582E-05
-3.20484647741946E-06
-4.76706885198656E-05
-6.35247392341814E-05
-2.66278781659168E-05
-9.70722547477817E-05
-6.35869076102749E-05
-8.87851077795081E-05
-8.71302853140539E-05
-8.87950681057428E-05
-9.44305364469352E-05
-0.000105338617631201
-0.000144714286882368
-0.000205846772010893
-0.000202812245215438
-0.000126246155867242
-0.000106657570688748
-9.4703172971858E-05
-0.000172018294844273
-0.000102401999929433
-8.02113052532787E-05
-8.70142024506579E-05
-0.000223706517855211
-0.000157366551528028
-0.000171795571513285
-0.000123907774466339
-0.000133438281141325
-0.000139164547422812
-8.1642094090784E-05
-2.58694398583733E-05
-7.30160305899156E-05
-4.56811648238341E-05
-8.14778651895881E-05
-0.000157795256070094
-0.000161815928848179
-0.000192696797512513
-0.000169429094485293
-0.000175851223338487
-0.000205373766693096
-0.000192927014002722
-0.000133537894082135
-7.20721389885218E-05
-7.44263656854848E-05
-6.08208338763443E-05
-1.43400869023224E-05
5.99506130441834E-05
7.09733472096257E-05
8.29453298939707E-05
4.32834114194836E-05
5.26821336167223E-05
9.41734547027457E-05
7.33391029941323E-05
6.45369623340362E-05
0.000133956192254924
0.000135173249963633
0.000128700458452535
0.00015860597499009
9.35440032143941E-05
8.11441920241181E-05
-1.74423722693931E-05
-8.44079841128892E-05
-0.000135388545980326
-0.000112545303624296
-0.000142810527918136
-0.000112909932817494
-8.34232359423751E-05
3.15547159995751E-05
6.21203105540077E-05
0.000116252998624342
5.59873066793303E-05
8.07172890243521E-05
8.90801399937893E-05
3.2971581247842E-05
-8.48500068098606E-05
-0.000114879552065472
-0.000137054503730255
-5.61575283847928E-05
-0.000127462254447612
-0.000108804835792264
-7.0035498061989E-05
-4.39262450383557E-05
-6.10750454968113E-05
-6.27235393183499E-05
-5.63583883690982E-05
-4.47960366591957E-06
-1.48096375218903E-06
5.50573543467822E-06
5.15875505567845E-05
4.97980253168422E-05
6.47214148960624E-05
1.60307941549553E-05
4.53831868917049E-05
-4.97641217366826E-06
-5.94876548143946E-06
2.05749507707098E-06
1.11292958570185E-05
-7.89780275239788E-06
-1.05179346489717E-05
-0.000133572355013364
-0.000132856503605111
-0.000169825090625584
-0.000187338420801004
-0.000158475313442112
-0.000134080399221413
-0.000131388553187512
-1.7227301077042E-05
4.1075540663155E-05
9.7487088913818E-05
9.09408903694163E-05
0.000108288233968409
7.58497129421056E-05
2.14638636227669E-05
-1.21864762243799E-06
1.57624052418552E-05
-3.87506865074626E-05
2.24868025425228E-06
-1.62872430523796E-06
5.86368788134883E-06
9.03178569757105E-05
0.000100932281291425
3.42026490062749E-05
8.10570365891833E-05
3.51405284765069E-05
2.18216607539289E-05
4.25931073198818E-05
1.672697378102E-05
7.08544684692286E-06
4.67911831997041E-05
4.3804692054639E-05
8.43644477621916E-05
5.96106076384637E-05
5.4732796751536E-05
-9.65152171413566E-06
-7.00507202695166E-07
-4.6534602923599E-05
-6.07168643766361E-05
-6.54118585678985E-05
-1.03014889334274E-05
-4.54934243270948E-05
2.14054116057766E-05
-1.63720936858013E-05
-3.05077956267267E-06
2.93760211872139E-05
2.29753030424764E-05
-2.77784170357397E-05
2.72555553815755E-05
1.3147761961016E-05
2.96655183905856E-05
9.19351258271357E-05
7.6791941009613E-05
7.94949060996092E-05
7.68840706773667E-05
8.24445882919594E-05
9.9739331765706E-05
0.000136644329895198
6.71943022182817E-05
9.3436549307287E-05
5.54126768271016E-05
9.11980294402215E-05
6.86062061333419E-05
9.20977360934083E-05
6.44763925898351E-05
8.65507763265283E-05
4.30513982212821E-05
4.82196102371982E-05
-2.91348256720867E-06
-2.24404390727505E-05
-4.17048583406326E-05
-6.14999404484545E-05
-4.31310598460443E-05
-8.38951014873997E-05
-4.13681725867432E-06
-2.64043406192892E-05
1.66882647348742E-05
-6.75497086582715E-06
4.35328166754565E-05
1.81138432694248E-05
4.67078990464235E-05
-9.38738833014884E-06
3.58096683469944E-05
-2.72764285522534E-05
2.51510999934743E-06
-5.24511692236141E-05
-3.85946673665234E-05
-3.89710822121476E-05
-4.93682502825446E-05
-4.59144887459134E-05
-1.43974218174874E-05
-5.58874225891112E-05
-1.41455962084938E-05
-2.31188372208006E-05
1.00412372989265E-05
1.60323334405509E-06
4.96142488422482E-05
5.70629564277665E-05
6.59454215192177E-05
4.23437391256579E-05
5.22865001900137E-05
4.67521397062084E-05
5.00931371239827E-05
3.89346916883723E-05
6.3959805486265E-05
7.12127335400838E-05
8.89898638129453E-05
0.000127352489825261
9.60899114400441E-05
0.000126431602078006
9.01791217869036E-05
4.73798711546843E-05
7.40134879909776E-05
3.24310495887242E-05
-1.99376795115393E-05
1.23687509907265E-05
1.24302065720379E-06
-1.48930026999762E-05
2.37992066614215E-05
1.13866807335653E-06
7.60665459734012E-06
2.66606209451116E-05
1.02599541901223E-05
-3.747515017819E-06
4.79875159427021E-05
3.63084907345341E-05
5.91422778044204E-05
7.23309736098196E-05
4.12782864573877E-05
1.83783394691284E-05
-1.69522401804317E-05
-3.04209809522656E-05
-7.16445927114282E-05
-0.000100649542189686
-6.31593557970474E-05
-9.40712478324628E-05
-4.84862386473531E-05
-4.09354193291495E-05
-5.87526115957403E-05
-2.74636629893804E-05
-1.5038250884531E-05
-6.91184649919703E-05
-2.29338557060845E-05
-4.3702102030371E-05
-1.75990701641459E-05
-1.35782340850139E-05
-2.95844199431546E-05
-2.93127656662109E-05
-3.26295032792522E-05
-9.26452006548344E-06
2.52295656239374E-05
4.24975495457043E-05
2.7120068919227E-05
3.97262759990151E-05
2.71316789641906E-05
6.31321030989084E-05
3.75640569620999E-05
-6.50485443846062E-05
-5.76064814706608E-05
-6.41082796296865E-05
-5.47503592102342E-05
-4.96169753058901E-05
-4.41742623676835E-05
-4.68443174266892E-05
7.13314143257067E-05
5.88668790962732E-05
6.40591427523096E-05
7.18942182352529E-05
1.71802144575055E-05
1.05348866492138E-05
-3.98094988337585E-05
-7.33269218563701E-05
-8.62985739755725E-05
-8.96005959622766E-05
-0.000115350637932061
-3.88667018241304E-05
-5.66469306865659E-05
-3.59799578765582E-07
-3.11352391327705E-06
-6.09185736019449E-05
-4.70544188673352E-05
-3.11277075095835E-05
-6.72264054981583E-05
-8.6595320475122E-05
-9.24681195618935E-05
-0.000146104915333288
-9.92030799390848E-05
-0.000105468500330045
-0.000137261232680597
-6.45697637118401E-05
-6.69645328861289E-05
-0.000124864997292336
-9.05041852670979E-05
-5.69253807376601E-05
-8.38594008955028E-05
-7.51645731056237E-05
-9.83647695881493E-05
-8.37002751984129E-05
-3.98453616330041E-06
-4.43440418462726E-05
-2.98457398058211E-05
9.11610413332081E-06
3.54241361148227E-05
1.90199144934312E-05
4.41838365974334E-05
3.13612832208029E-05
8.43105537377785E-05
3.90792392739357E-05
4.81183771146715E-05
9.40252256402905E-05
8.99622896204222E-05
5.36028292746607E-05
4.92404033519068E-05
2.41970572819917E-05
2.78131968697536E-05
1.87339987915781E-05
-2.22599515077321E-05
1.25356212117349E-05
4.63704928726341E-05
7.7717619575511E-05
4.43147954209214E-05
5.55555851246224E-05
4.89856102474974E-05
4.81572775138081E-05
1.45662042241011E-05
1.84101437803219E-06
-1.87691827688609E-05
2.19569122492346E-05
2.42199877590754E-05
4.20267475141413E-05
6.22787707554043E-05
6.54193262987268E-05
6.28981513307464E-05
6.27714157218284E-05
7.7082988783019E-05
5.35626996890832E-05
4.86940310795606E-05
4.69921075042924E-05
1.33045026625121E-05
5.07363456395342E-05
4.40430137064726E-05
6.76817337956719E-05
9.01770483069322E-05
6.94456863099285E-05
3.77522409773764E-05
1.47008219116539E-05
-5.16153847171787E-05
-4.16592097260111E-05
-3.6887214791945E-05
-9.11155289421282E-05
-0.000112517191047145
-7.59172837421796E-05
-1.94853225679304E-05
4.38279741335186E-05
3.56362281373652E-05
-1.19640509706203E-05
3.63702838325857E-05
9.33610932422868E-05
3.81319724767773E-05
4.00831114027203E-05
3.55971308389069E-05
4.27852198750637E-05
8.41313470397574E-05
5.50224665610733E-05
3.83751680662114E-05
7.92091050229499E-05
8.4986940452036E-05
6.84676355151597E-05
4.96459915011431E-05
2.85386794781945E-05
8.79565687632994E-05
8.74894744374596E-05
8.4202382452955E-05
6.42676412877255E-05
5.78020932527365E-05
3.0559341889894E-05
3.55053592242497E-05
-2.43245847186058E-05
-3.98068239974967E-05
-6.40574933092063E-05
-8.54440918162466E-05
-8.99181489197189E-05
-5.4307229632167E-05
-5.57323352621134E-05
-1.63895836218353E-05
4.14274176282136E-05
3.52680629046087E-05
4.27993228645946E-05
2.1451088190555E-05
2.16190729861107E-05
5.40279341441935E-06
1.9789475365786E-05
-7.4943078897306E-06
-1.84231987448913E-05
1.58778699298445E-05
3.50719936048413E-05
2.09981177638251E-05
3.62877994540243E-05
2.15282931496506E-05
-1.03785448027931E-05
2.31340552551358E-05
1.81491833028219E-05
2.79305151350671E-05
4.1438754504519E-05
3.91380898257515E-05
4.69503169150867E-05
2.18672468035657E-05
1.24259990851822E-05
4.4650759034616E-05
5.45915841782785E-05
6.84257473898137E-05
6.62453465925583E-05
9.98414254371232E-05
0.000169653532361342
0.00015701621065534
0.000111306878178121
0.000102290969641054
2.19789373952419E-05
2.71281493604923E-05
-1.53225709685134E-05
-4.45259314822932E-05
-5.119420017122E-05
-4.79651273696033E-06
1.52991815194133E-05
7.04794282103555E-05
6.15210812239296E-05
7.5720376846522E-05
8.15762869596632E-05
6.17985012488599E-05
4.35217775747519E-05
2.56699155922723E-05
-6.19807136576447E-06
-2.30425537530373E-05
-1.40371887636672E-05
-3.41426133098449E-05
3.7726150846859E-05
-1.4014506862591E-06
4.0415240294052E-05
4.03520978829664E-05
7.79527395505903E-05
1.23822580066512E-05
4.95432178617883E-05
5.99461502143131E-05
5.43924837633982E-05
2.47866818692884E-05
9.97710291070234E-05
9.72493089769353E-05
8.84030756094039E-05
3.86841083836378E-05
1.26990554978893E-05
6.20066895720301E-06
5.83430821746474E-06
1.19276737041574E-05
2.76963381072422E-05
6.53547059567993E-05
8.57596710342341E-05
8.94943342538169E-05
8.53741538340985E-05
8.58687719552895E-05
4.03606711483673E-05
9.20368173856126E-06
-1.28841103438631E-05
3.86752197847642E-06
-8.39677277581889E-06
1.23629282287002E-05
-3.64089572741037E-05
-5.05506519907674E-05
-2.6497569739201E-05
2.92149675642423E-05
1.5224372435049E-05
7.5064165157151E-06
1.50796524205373E-05
6.13643759567555E-05
9.40650940451314E-05
9.24912888340402E-05
4.7612503757795E-05
-8.68691109042025E-07
4.45333513189328E-05
4.15228995086128E-05
2.79820983682422E-05
1.57583090530995E-05
2.60259488813024E-06
-1.0194628814782E-06
7.69887477885008E-05
2.75274634046442E-05
1.17417233464061E-05
4.86456891966356E-05
6.94403416611498E-05
4.61805945896581E-05
4.84836241437872E-05
3.94368533713908E-05
1.389731491375E-05
5.91523551614543E-05
2.35169014070732E-05
6.55935355195937E-06
4.09997519278261E-05
5.30993981946154E-05
3.02936930137988E-05
5.87042323830822E-05
2.02751102340591E-05
-1.9002878449451E-06
5.09036503502737E-06
1.39383648540466E-05
1.12745402044312E-05
-1.83851944390267E-06
-3.91822571113735E-05
-7.37276971561498E-05
-5.33038102785175E-05
-7.74016624486775E-05
-8.73897572290546E-05
-8.31823768505205E-05
-8.40491858589082E-05
-3.06098189944358E-05
6.10999269417353E-06
-7.16558590775381E-07
-1.36441859609065E-05
-1.77912549866602E-05
-1.19444046608171E-05
3.45920758807309E-05
1.04482800827195E-05
3.25705948873868E-05
1.42144446316097E-05
5.8024014293832E-05
1.68158509058509E-05
-3.18662309345771E-05
-7.39235615088496E-05
-8.55495920442518E-05
-3.19516119019015E-05
-4.50443065268637E-05
-6.41695528066678E-05
-2.28602276046147E-05
6.65019289747095E-05
3.01898169506955E-05
3.71418925527852E-05
-4.36772727496662E-05
-2.3578487594391E-05
-1.30862071409038E-05
-6.16792333140987E-05
-0.000123718215216329
-4.88547874951391E-05
-6.15906207397415E-05
-5.8149985068834E-05
-7.19770366495764E-05
-8.77964797178965E-05
-7.23285677134761E-05
-5.19528494859483E-05
-8.11200293484323E-05
-5.86935977620271E-05
-7.63685341509615E-05
-3.48548280689315E-05
-4.63507503664521E-05
-2.54269047156306E-05
-2.3377724163573E-05
-2.38775514723173E-05
-5.40522597874278E-05
-2.67932863186272E-05
-3.37533617926581E-05
-3.18081155720437E-05
-8.0156331157465E-05
-4.51384659936431E-05
-9.58327812971158E-05
-6.27949592205165E-05
-4.97090188307375E-05
-3.5994435724472E-05
-8.01023742390735E-05
-5.96612241463716E-05
-8.36776333910471E-05
-4.37481260783041E-05
-5.44430789034716E-05
-9.12952038484345E-05
-0.000122063569374844
-6.54880556572791E-05
-3.53198837386341E-05
-3.637988686176E-05
-5.67419641087833E-05
-5.35124844158946E-06
-1.75538859663305E-05
-3.08082043800432E-05
-1.03524987872288E-05
-1.60225759865603E-05
-4.19283488960362E-05
-3.22503670615821E-05
-0.000116532895378229
-8.07804268356937E-05
-7.00403072169613E-05
-0.000104638155977413
-0.000136138908134124
-7.28658270455117E-05
-3.09967150447112E-05
2.73243845678867E-05
1.00836083150081E-05
2.47837474959539E-05
4.38629429279378E-05
7.85921059693419E-05
1.7058065134401E-05
-1.47290915540812E-05
-1.46751855895394E-05
-3.52792526457553E-05
-3.73580775875846E-05
-4.43700914856246E-05
-5.97927362798703E-05
-6.76673997188818E-05
-3.14798282808882E-05
-2.24524371124388E-05
4.77361489443208E-05
1.93414340515405E-05
4.11788451235301E-05
5.09454689335339E-05
6.17272977124343E-05
3.76567252133704E-05
7.32332649583797E-06
-4.36824370061345E-05
1.28507504934516E-05
-3.5064555665654E-05
-4.88042817983702E-05
-3.20006036863117E-05
-3.96078603931951E-05
-8.16062885232512E-05
-6.5403354737803E-05
-7.80517488489041E-05
-2.58347454496862E-05
7.82801966881826E-06
-4.14163071285056E-05
-8.06429374609497E-05
-4.44414359291405E-05
-2.23297459985986E-05
2.90478622779054E-05
1.26475527963171E-05
7.92831554952476E-07
2.97882626452571E-05
7.18092480455209E-05
0.000102553836920005
5.32589198494932E-05
-2.40892022334255E-05
-2.02941308714474E-05
-1.31038482685459E-05
2.80972806238733E-05
3.72133151134129E-05
-1.19342392609893E-05
-1.41259400911684E-05
1.16776560579432E-05
3.2007062259131E-05
1.16897301661734E-05
-3.44580324512941E-05
-3.82985269705732E-05
-1.95096196639779E-05
-2.79654731453205E-06
-3.24217198795085E-06
-2.58857987159615E-05
1.77335625142207E-05
2.90947644523427E-05
2.34138251161357E-05
6.66367933486612E-05
1.02343261262915E-05
-2.56903557550426E-06
-1.98202601094447E-05
-7.53726065104387E-05
-6.19317154161109E-05
-3.78242100373731E-05
-2.6854208046728E-05
5.11773870498732E-05
4.43470788581268E-05
5.27930932612985E-05
9.16850028546327E-05
0.00010348651476706
9.03306283796852E-05
0.000105201751752386
7.22772092895397E-05
6.68851795505758E-05
7.67619384328804E-05
6.26387401062973E-05
8.30994446352038E-05
7.48616636148289E-05
3.75600189612898E-06
1.54561291738742E-05
2.64094180121113E-05
-1.99074858025355E-05
-4.26306619739761E-05
-8.00266920351444E-05
-4.41584124693546E-05
-6.10958590168922E-05
-4.12723073529991E-05
-2.84610043955761E-05
-1.33313033939939E-07
2.46213709833045E-05
6.05441916125478E-05
-2.95092686371641E-05
1.55507764847355E-05
-1.93835514119082E-06
8.98994472302478E-06
1.47463322109841E-06
7.52697569364354E-07
-2.30216224439261E-05
3.74732766490684E-05
2.59716145644469E-06
2.60428765203743E-05
3.37560037100223E-05
2.82495094472425E-05
3.71143868060624E-05
2.00534179411841E-05
-1.92647927327394E-05
2.21701547685636E-05
-3.57372727757804E-05
-8.37417710117598E-05
-6.22129388014422E-05
-0.000123255695596458
-0.000123354731916236
-9.01454788053875E-05
-5.81778620140452E-05
-2.71474866963428E-05
9.13175988779687E-06
-2.68842863672048E-05
2.43136386373438E-05
2.84394163236278E-05
1.21651988989538E-05
1.68964425158927E-05
1.38404561441346E-05
-2.6283324214728E-07
4.87347664919072E-05
3.61766287714828E-05
5.00487929115159E-05
4.56921459689842E-05
-9.48405926354172E-06
4.72904018515017E-05
4.91796423551884E-05
-8.21070420120284E-07
2.10325977732657E-05
2.3442690802785E-05
4.20952856814261E-05
4.72695424451795E-05
1.17222069515426E-05
1.52352602539076E-05
5.61202652075739E-05
2.12419507064893E-05
2.56353440459994E-05
1.68998933423259E-05
-2.31269456927935E-05
-3.04750960157137E-05
-1.62611529773274E-05
-1.85953548612226E-05
-9.11596097071912E-06
-1.86589956575576E-05
-1.12785898954801E-05
3.85451272967476E-05
4.46380529754698E-05
4.04568668777005E-05
2.08659710221819E-06
2.58789334813293E-05
1.64428082409529E-07
1.66692383461822E-05
2.86910318987904E-05
4.74801600538061E-05
3.8024064539568E-05
0.000116742692494814
0.000121499673197587
0.000111059661243916
5.49166077695749E-05
7.74834253122596E-06
1.61624613987135E-05
7.98738797206803E-06
-4.27348591435449E-05
-4.24648933719196E-05
-3.12456928335158E-05
3.67601688758935E-05
8.74404695340269E-05
6.18860154005382E-05
9.64396450010984E-05
9.84674037276112E-05
0.000120571158171808
0.000132771686157829
8.42114159964382E-05
6.79027340407861E-05
5.46245104144202E-05
4.3084415000002E-05
4.552381729974E-05
-1.50910378636148E-05
9.36667150966608E-06
2.98917917678552E-05
4.42764314404753E-06
1.68354772060874E-05
-1.27192009493037E-05
6.74282967479694E-06
2.20151748623964E-05
1.57859205173395E-05
7.02581460651253E-05
0.000118080067910029
0.000137620276833727
7.54141541231893E-05
5.37668183383926E-05
7.29165934206185E-05
3.85355199998704E-05
2.43507870039048E-05
-1.03534817550902E-05
1.11962780418139E-05
7.08889196917124E-05
4.26832384942335E-05
8.29849119950232E-06
4.13998372457444E-05
-4.62683874247441E-06
3.58597308329755E-05
-2.4148186602486E-05
-2.30340573220856E-05
-8.73154776307863E-06
6.34809089654285E-06
3.8107850355525E-05
6.29627838120605E-05
2.22171674558806E-06
-6.05383272627573E-06
-2.41706498816801E-06
3.80935981510917E-05
4.91246704345359E-05
-4.07159940768403E-05
-2.81445113993961E-05
9.86152526256859E-06
4.65712479685085E-05
3.54185960774517E-05
2.9630276764815E-05
4.42384810179517E-05
9.71302960282555E-05
3.99955603767636E-05
4.661388091991E-05
3.49911149831116E-05
5.07327725550098E-05
3.39718692153898E-05
-1.27345903284143E-05
-9.31659736363201E-06
-1.86086418138434E-05
-5.22893422787403E-05
-6.69080598594751E-05
-9.49365901941974E-05
-5.05892803628895E-05
-8.00878205868693E-07
4.98966336164933E-06
3.59148668367024E-05
4.63972269255545E-05
4.52588217573249E-05
7.70900429838659E-05
2.54908514149479E-05
6.78143377629338E-06
1.72867621982531E-05
3.44378895187696E-06
-4.63686887328132E-05
-2.06923541279545E-05
-1.4554929151589E-05
9.7236944393934E-06
-2.6040167051127E-05
-2.98209619929705E-05
-1.0930200095608E-05
5.53669342024136E-06
2.40499826198642E-05
-1.96132434789906E-05
-3.34006090820264E-05
2.2589696490725E-06
-9.02553208921891E-06
-2.34451024361448E-05
3.81082323344644E-06
-1.55339131905304E-05
7.4910490070966E-05
3.47166407799859E-05
-1.10053012455121E-05
-3.38592064822107E-05
-3.69302191581713E-05
-5.73366247786988E-05
-6.02781947120847E-05
-0.000104291238234645
-4.1378904057893E-05
-4.48652565369984E-05
-5.24759992095133E-06
4.19716099323113E-05
5.59631521005093E-05
5.9471219875459E-05
7.49960070973571E-05
6.04905697319291E-05
6.51660900087503E-05
7.98771204024546E-05
0.000105294098444374
0.000109341213504958
8.96096822685137E-05
7.40653797950661E-05
6.90135672161633E-05
0.00011701038094829
7.15067166429899E-05
-2.91717252011653E-06
4.01052761803585E-06
3.13466678623276E-05
2.89607199059657E-05
6.20157972443461E-05
4.55723259833656E-05
5.61712346601932E-05
4.00502870315015E-05
6.54506794888687E-05
5.31240440382739E-05
3.68484712510339E-05
2.54335627673851E-05
2.79709027695145E-05
4.73108475641805E-05
7.43903261682572E-05
1.98102417406606E-05
1.57194047167708E-05
6.833941082677E-05
7.22357539710666E-05
7.74824679304823E-05
3.20545541014333E-05
4.67056064539715E-05
8.49294604683155E-05
3.08389321739052E-05
1.10052267692497E-06
-2.574170383358E-05
-1.06146110735251E-05
1.87401439976938E-05
-3.55075848177641E-05
-7.68626807976388E-05
-8.98508405060905E-06
-1.48189535799163E-05
-1.70226886843798E-05
-6.55543189561775E-05
-3.33305123587931E-05
1.29198583786772E-05
3.75479214175377E-05
7.41119835239561E-05
3.19393073357835E-05
7.09945980874917E-05
0.00010258502342418
5.71929790101326E-05
7.3649779486979E-05
8.56906809310419E-05
3.83370295751182E-05
0.000118500383147922
4.85334722682881E-05
8.08223339748279E-05
0.000145371809012126
0.000125556453352586
9.52167833574892E-05
6.93992442538507E-05
4.39165411914624E-05
6.13582237462275E-05
3.44394690823708E-05
-2.42367349524382E-05
2.7354520233355E-06
4.70212489848829E-05
6.29404029411096E-05
3.83279564577864E-05
5.61417046615405E-05
5.96816191367799E-05
6.22089336296624E-05
4.36372077070256E-05
3.51021177081538E-05
1.34097525863462E-05
4.73505659622985E-05
3.90952927218623E-05
5.66805051475913E-05
5.43539440925546E-05
2.36465205845533E-05
2.01326369073505E-05
5.37838806999011E-05
-3.81363174154238E-06
1.0003465135398E-05
-9.79243660462591E-06
-1.43490758660687E-05
3.43658361866276E-05
-3.49643314922213E-05
-4.66039522650134E-05
-1.42835938161614E-07
3.54050602152274E-06
3.68856110158501E-05
3.28476270168967E-05
2.33400954580719E-05
8.73357183807341E-05
0.000109696998455657
0.000131945933601593
0.000102496627122622
6.49970825120521E-05
8.78701360852126E-05
8.66618485547566E-05
9.76173289391183E-05
6.95668989862128E-05
2.22915844768285E-05
3.54315078701804E-06
4.37825653759249E-05
3.3632372055524E-05
2.56002368984112E-05
1.72895332774768E-05
2.02010440681844E-05
1.11400733459366E-05
8.72060867002953E-05
8.81304788236999E-05
3.37291258944648E-05
4.77692953910539E-06
2.7969040851407E-05
3.51737087711242E-05
4.87615022691747E-05
-4.11723136663328E-05
-9.4997101650382E-05
-3.2308116184708E-05
-2.80352590754401E-06
-2.64949138710406E-05
-2.76594747961492E-05
-2.03700056716865E-05
9.67042374174787E-06
3.12895408303596E-05
1.06463072389559E-05
7.02964681474951E-05
3.83159258765896E-05
4.1374188659567E-05
5.18450141953458E-05
6.99466156764258E-05
2.84443380779949E-05
3.83725840154238E-05
2.64371958157269E-05
5.82120825105861E-05
8.91419076103429E-05
2.41554873647031E-05
1.80742311618749E-05
3.49344015786672E-05
-1.6727638615564E-05
-2.37650180223424E-05
-1.12230558600808E-06
-6.13365663023549E-05
5.83721125135844E-06
4.47205005915171E-05
5.81057578972055E-05
0.00010417666346907
4.88296005804121E-05
4.50847691776471E-05
7.39806572707971E-05
5.0300521938335E-05
6.38510674357583E-05
7.69562376182002E-05
8.10893477039009E-05
8.95696102077762E-05
8.45536214356937E-06
3.28247911828806E-05
8.19822827302231E-05
3.01329640935038E-05
3.31857103043066E-06
-3.67829555761704E-05
-5.87230256579222E-05
-4.46152914437286E-05
-5.67057858271828E-05
-5.44252230121067E-05
-6.68478055608278E-05
-3.3174039508765E-05
2.46885523806731E-05
7.59646575675623E-05
0.000127383466821948
7.90433752109311E-05
3.88129284206654E-05
5.10175678862479E-05
0.000101783440895487
6.38107792679614E-05
3.9701251629668E-05
6.290479345561E-05
7.6122290998657E-05
8.52860867754827E-05
5.25358166515124E-05
-5.32071354281206E-05
-4.59441070576663E-05
-8.5616896393716E-05
-0.000123140327108257
-0.000119654074225557
-0.000129082989480588
-0.000136832208658364
-7.30788240158013E-05
-5.49917164327174E-05
-3.54076146345721E-05
-5.56983539101382E-05
-5.68372942698713E-05
-6.87364842683829E-05
-2.46121201368801E-05
2.58951307575877E-06
-6.78589684691982E-06
1.40105509181889E-05
4.08170782360581E-05
6.03073617526587E-05
4.88101851540087E-06
2.23901192711466E-05
-2.45369842016009E-05
-1.25550946637498E-05
-2.36583284905237E-05
1.89128639428555E-05
-2.42842808624682E-05
8.93020021056232E-05
8.89386436994289E-05
4.82942058709441E-05
2.60611603512432E-05
5.09506279210361E-05
2.13418393629486E-05
4.31624822033182E-05
-3.81245339153522E-05
-5.80286285532295E-05
-2.92917755147292E-05
-5.87277818760527E-06
-6.08891078676568E-06
-2.44680933195539E-05
-1.79044447488657E-05
-2.1042287567378E-05
-1.99973120830377E-05
-1.60858019141431E-05
-1.28877900553018E-05
-6.91053704754655E-06
-4.1637941276995E-06
7.42017433860947E-06
5.55223225293008E-05
4.65367419814526E-05
6.42964929247576E-05
5.1142084576876E-05
2.58106507727251E-05
4.28244896735188E-05
8.69353052137568E-05
7.87837187005806E-05
9.35571133049028E-05
9.59026900660423E-05
9.97302058071609E-05
9.2718906305055E-05
8.17934993109157E-05
8.4314840905738E-06
1.008349911942E-05
4.17737442260036E-05
1.5441940742236E-05
1.6634621383912E-05
3.71111460330717E-05
1.05306265397153E-05
6.25162095326836E-05
3.60005075280567E-05
1.21122653883874E-05
2.07428737576747E-05
7.83116336808449E-05
3.71718943018409E-05
1.44113520762013E-05
3.54389617114984E-05
5.05921856631105E-05
5.24662403581446E-05
5.85385064801264E-05
-1.402489550684E-05
1.76314920342725E-05
3.99608563113573E-05
-1.19609005945475E-05
2.62640702658081E-05
7.53704643673023E-06
1.91269759296431E-05
2.96628219665717E-05
4.03338894565745E-05
0.00010572458782675
8.99677592108782E-05
8.22217932382816E-05
5.86759762246662E-05
2.59128531118364E-05
6.14687462625733E-05
4.37594839191701E-05
5.26043715363766E-05
7.85590666563963E-05
4.85502707766618E-05
8.65729076768659E-05
0.000113925009123687
2.6562472699E-05
2.91827511673204E-05
-2.19590225874979E-05
-4.00230620405198E-05
-6.41896876317231E-05
-6.67829800975024E-05
-7.07674518170587E-05
-1.04379009918736E-07
1.08639680799819E-05
1.17635596137689E-05
3.02269898499545E-05
4.33586457766062E-05
2.54191845245672E-05
-9.80092068065575E-06
-2.08962237876645E-05
-2.67403645890128E-06
-7.41015250217071E-06
-1.2466530998508E-05
-6.91326072191245E-06
1.01247636109477E-05
5.57613949466147E-05
7.66939281133329E-05
2.37471922715433E-05
4.25808759862059E-05
3.99606709861808E-05
6.89074323685966E-05
1.97081454821708E-05
6.96193558550411E-06
-3.69968910140941E-05
-2.94545981250914E-05
-3.53454184769221E-05
-1.56860814589836E-05
-2.61338867978038E-05
-4.32661282559366E-05
-6.0401572793027E-05
-4.84598548364395E-05
-1.07404994020338E-05
4.81469728195123E-06
-2.82475914768904E-06
-1.60345350131467E-05
7.16084425106628E-05
6.47739817232185E-05
7.58986557992325E-05
8.51974089874898E-05
5.36241729452019E-06
9.03110124891991E-06
1.3870338388753E-05
-2.21750864183644E-05
3.91256464898729E-05
3.22397602153311E-05
-1.817026282332E-05
2.45410421053478E-05
2.26646769501908E-05
4.26057839019426E-06
1.93072868639447E-05
-3.88030203821969E-05
-2.64480428388502E-05
-3.52502937752176E-05
2.91414475682476E-05
-1.88865979869867E-06
4.53217624883539E-05
2.98758212752499E-05
4.61254136418379E-05
2.27208892057009E-05
1.16826642003264E-05
6.66194424686568E-06
-2.78453892782142E-05
-4.85757669309554E-05
-3.00181070520915E-05
3.68711974134807E-07
-4.93773200381176E-06
5.31137221263429E-05
3.991062156611E-05
5.54158644947453E-05
5.58702469786594E-05
2.45509077515047E-05
1.22039369692647E-05
8.62813999172505E-05
6.10575245449789E-05
1.32005308741354E-06
4.55295857785329E-05
3.50338040799968E-05
5.4803738365904E-05
2.03268528536075E-05
-1.8918878430296E-05
-1.54782335200834E-05
-9.70473576242935E-06
1.09655696967484E-05
-6.44095315537583E-05
-6.5369454492743E-05
-4.52762369752175E-05
-6.36250775575947E-05
-7.01485824908383E-05
-8.26914706720861E-05
-0.000120391655664422
1.33487322299485E-06
-2.50732258565414E-05
-2.05639601134426E-05
-3.70612701039202E-05
-6.54290913187206E-05
-9.84471704724548E-06
-6.34859474502035E-06
-2.99425043317465E-05
2.93226133674233E-05
2.44263094476703E-05
5.82774936564129E-05
9.28421327250306E-05
0.000102649093112681
0.000139895440526537
9.50871139209123E-05
7.76491250110302E-05
5.44422074415646E-05
3.27114817090375E-05
5.88383039332805E-05
-3.89813315371402E-06
-1.98138714167404E-05
1.6425624072992E-06
1.27278710625613E-05
1.83079200981804E-05
5.14950523794679E-05
6.5712788438463E-05
0.000129788388242753
5.81982631624421E-05
2.92652370814965E-05
-2.8752026055746E-06
3.73092309862014E-05
8.37974455768217E-06
-4.29762876957273E-05
-7.30456109034079E-05
-4.69330060838542E-05
1.27405678729489E-05
4.49321667580318E-06
1.44869330940862E-05
2.26387274960167E-05
5.0362745930934E-05
9.28046920262392E-06
5.27394825593584E-05
4.08532956263697E-05
5.36805259673004E-05
6.75861755541961E-06
-2.10320371367212E-05
-4.33054192978452E-05
2.21915232831223E-05
1.28310991239739E-05
-2.0598135288454E-05
-1.55826468247021E-05
2.08891644461553E-05
1.22112898728993E-05
6.41779314620434E-05
5.83087886232331E-05
5.91178197933587E-05
7.70641571097284E-05
0.000106451313139211
5.61803484969544E-05
4.56726448230632E-05
4.00739905000545E-05
4.15907078148317E-05
3.88235857691449E-05
3.35656226557769E-05
1.29841202901992E-06
-1.4635119907322E-05
3.64388679657867E-05
3.03726839008417E-05
2.63684593530226E-08
1.72193330516317E-05
-2.4125097033644E-06
-1.30082624635622E-05
-1.61856064738526E-05
-2.5487568187705E-05
-5.69698567700815E-05
-4.04264800416417E-05
-1.58096448177057E-05
-1.19571076987887E-05
-3.98476473627066E-06
3.18664483037921E-05
1.88817013286414E-05
5.69970998309268E-05
1.81485998913045E-05
-4.93393764207097E-05
-4.09868594780163E-05
-5.19514181127147E-05
-3.42772761372356E-05
-6.06066192877692E-05
-0.000110591788667479
-4.49122825005841E-05
-1.50442197471099E-06
-1.48870045990643E-05
-1.1639051876828E-05
-8.82719950590182E-06
3.34467679043347E-05
3.14031278049643E-05
-1.23606043475563E-05
-2.33896295265035E-05
-6.39729349095812E-06
6.23541193248889E-06
-2.17562313755145E-06
-1.77060529525248E-05
-7.59396089305546E-08
1.43245483475591E-05
3.4296199607043E-05
1.52317967627606E-05
5.46977689618454E-05
8.51696304439609E-05
7.96299695937883E-05
9.04248403256627E-05
6.87247184245857E-05
3.89736245191229E-05
6.22404727372133E-05
-6.12731562550676E-05
-0.000118661552684861
-6.274558510497E-05
-8.79111451796752E-05
-4.79959468669863E-05
-4.66083506283793E-05
-6.94149894844609E-05
4.95642467376286E-06
8.77605646921686E-06
-3.64701450350692E-05
-4.96425123657689E-05
-6.88837344474934E-05
-2.92845066729517E-05
1.64309633319806E-05
1.85938260140306E-05
3.0404690416135E-05
2.86136192049062E-05
5.96286724376773E-05
-3.39101197352707E-08
-4.80292790355748E-05
-6.14894239842646E-05
-7.9962937371105E-05
-0.000109618824498875
-0.000102773105938337
-0.000132606180677876
-0.000115519431440744
-6.45278569678093E-05
-5.36011668058653E-05
-3.18692545379141E-05
-6.11666207974752E-06
2.26308184692361E-06
1.5674599211171E-05
7.08916745929859E-05
6.47540588341556E-05
4.41318475402542E-05
3.66841609227934E-05
4.5567061522229E-05
1.95024517244053E-05
4.2796478833993E-05
2.8067092196553E-05
8.25209537926994E-07
-1.51062957763413E-05
-2.17544789369279E-05
2.25825847863608E-05
3.53280887224796E-05
-1.68262280305034E-05
-5.93357530658378E-05
-3.79528056773501E-05
-2.42946818674745E-05
-4.67537717936889E-05
-0.000145655674703479
-0.000131230931398305
-5.58919494158016E-05
-3.19561097646067E-05
-3.66676190429947E-05
-5.81691896467481E-06
1.23582005068359E-05
8.96678293498418E-05
0.000107729509433944
5.99408622865815E-05
6.29696626415285E-05
2.05023327915042E-05
-3.96082355230278E-05
-1.25081908466722E-05
-5.80875179702769E-05
-7.5560254741274E-05
-7.2168185297398E-05
-2.35743914704673E-05
2.41157994426662E-06
3.97944409688806E-05
6.39559390211995E-05
7.79357011991245E-05
5.83158454722045E-05
7.83651816256599E-05
2.6764114151104E-05
3.30089743446771E-05
3.36580529667793E-05
1.09877525791371E-05
1.24206329543866E-05
5.49679674029274E-05
-2.55312926146248E-05
-2.35148193063866E-05
-6.91328077467775E-05
-6.00906648850351E-05
-4.64776327845816E-05
-4.45729312487492E-05
-9.05010327818515E-05
-2.55153372038563E-05
-4.0788479675839E-05
-9.77176279905515E-06
6.47586061590864E-06
4.29696060153814E-05
2.39868016446287E-05
5.06400649855751E-05
5.74943354557493E-05
8.2745494632706E-05
5.1729430466053E-05
9.60413706944154E-05
-1.31573577661123E-05
5.18138497915958E-05
4.30154978183126E-05
7.31677177522252E-05
0.000117091452355205
0.000126062032606452
5.10582809718564E-05
5.34421416419713E-05
3.06533500977156E-05
1.64140313907997E-05
-2.31832372315378E-05
-6.5027089195542E-05
-5.15342220308887E-05
-3.49223921475467E-05
-2.41518982957279E-05
-5.55385406466498E-05
-0.000107581193623958
-5.42494202993434E-05
-3.8908513829458E-05
-1.84670413213357E-05
-3.14563153409886E-05
-2.20878262765263E-05
4.20680309511471E-06
0.000115538941178227
7.37598099182177E-05
1.83534983207885E-05
3.81967163044856E-05
1.33543790339247E-05
3.02887950795285E-05
-2.24607409903388E-05
-5.62522429885004E-05
-5.11759884266973E-05
4.69021148286546E-06
2.98838389584267E-07
3.93443966223921E-05
6.22226520513045E-05
6.46038962611326E-05
3.38692540444006E-05
4.97595368138216E-05
2.74564119547704E-05
2.14531292003303E-05
-2.67338038761067E-05
-1.17567249375616E-05
1.4276664520125E-05
6.75106886196099E-05
3.59101791535874E-05
2.25913057596339E-05
1.5798092896945E-06
4.57170940611235E-05
3.67827763376892E-05
3.51403107308384E-05
-2.2178985366036E-05
-4.75121569545968E-05
-2.09027361939318E-05
4.70250897745366E-06
-6.11595173294413E-06
-1.83145001651519E-05
-1.28428545779977E-06
3.09281942538514E-05
4.56208459538497E-05
2.35618938594354E-05
-2.88781838133897E-06
2.45532298455828E-05
-3.12846293278183E-05
-6.2726395257617E-05
-6.56010717721792E-05
-9.17303557637232E-05
-6.36009458595039E-05
-6.19137954340456E-05
-0.000154180227837399
-4.21625953668935E-05
-3.33071713376861E-05
-9.95411496050755E-06
6.03290394422711E-05
3.25188725069954E-05
2.78178538683072E-05
0.000109955765076719
2.75956460401989E-05
6.8968848539621E-05
4.21664433055772E-05
9.42787420972623E-06
6.95601335332299E-05
0.000113280356567007
6.88301389321246E-05
9.00393585035184E-05
5.07109923482163E-05
3.68087579280895E-05
8.01588569770867E-05
4.41246579943847E-05
3.42637936980303E-05
0.000107321459140224
9.21356389509859E-05
6.8227975445091E-05
3.95136096088979E-05
-2.00973541676278E-05
-3.47686454030682E-05
-4.65765607082818E-05
-4.47021487870858E-05
-7.00997503628979E-05
-2.83688849675999E-05
1.53812975193064E-05
3.60335544406604E-05
9.17371833424194E-06
1.29762512142689E-05
-2.20164806935595E-05
2.87440933973524E-05
2.21951088010789E-05
-3.20476981391697E-05
2.44633288266553E-05
6.90901567804243E-05
1.9661329619206E-05
1.23353724835924E-06
1.1644024711046E-05
2.54767901107039E-06
3.87117772219895E-05
-8.65830213496432E-06
-2.14869279993216E-05
-4.05953086205788E-06
-1.68596076142406E-05
-4.62211361576942E-05
-3.25434175586026E-05
2.15561972903519E-05
-3.63044647185136E-05
-4.80471981353625E-05
-2.10445626613347E-05
-9.94697889061888E-06
-2.66940108152269E-06
5.09691964145373E-05
-3.54876459178985E-05
1.97953515078184E-05
3.09456462577176E-06
-4.26099731617355E-05
-2.5497141198957E-05
-2.98907477015503E-05
-7.93852565869503E-05
-3.40689756918246E-05
-2.54709376905254E-05
4.98546565172045E-05
7.00170090429701E-05
5.64515132101766E-05
3.95808285821762E-05
2.52096795420535E-05
2.6663006717763E-05
3.40919566517618E-05
5.83820644260605E-06
-5.21592223210835E-06
-1.63128559810269E-05
1.87529515668522E-05
1.33416260351585E-05
2.95920184755261E-05
6.58329109692313E-05
1.26585153174986E-05
-6.11821394964159E-06
1.01388278960277E-05
-1.42696401604714E-05
1.90921344675385E-05
8.13142019200037E-06
-4.21308055027997E-05
-3.26109367877702E-05
1.06759531448698E-05
-3.43013435876418E-06
4.53625426719369E-05
4.64733797820778E-05
5.96686503000523E-05
5.58705487793571E-05
6.78651343267923E-05
3.30082303502359E-05
2.42238924234522E-05
-2.66908942537378E-05
-8.09597446980298E-05
-0.000108101964774779
-5.82508655708817E-05
-6.96839250905223E-05
-4.84383505092372E-05
-2.95496468072735E-05
-2.58244627596638E-05
1.47063178920858E-05
3.81156045437062E-05
2.37760052172702E-05
4.29442875066988E-05
9.53258871384038E-05
9.61076152789177E-05
7.77333952430776E-05
6.235969123187E-05
1.54940856693554E-05
-2.85842922431794E-05
5.02394876050166E-06
-6.29080828485715E-05
-6.35209288906192E-05
-5.11754848920787E-05
-4.39041295171346E-05
-1.13945018378287E-05
2.84103156305061E-05
2.50465222959085E-05
6.75233541346144E-05
2.61386959967209E-05
5.17491225292956E-05
8.63204919759872E-05
0.000111154635706405
7.97191875451479E-05
6.16544207385488E-05
1.13097991195728E-05
4.7095844579344E-05
7.23500120715875E-05
2.45277105378582E-05
-3.46147755971458E-05
-9.34752146023976E-06
-1.49979726496582E-05
2.59003894723424E-05
2.76492847511333E-05
-7.92652982432362E-06
5.24410942954766E-05
0.000107509848655526
8.02093002250608E-05
0.000122285077649205
9.81126714144021E-05
0.000106808267393808
0.000102078724641128
4.03391904445751E-05
9.92772837240645E-06
-1.10320021583313E-05
-6.1455700131526E-05
-5.39913204603604E-05
-6.65681663592179E-05
-6.43779355838005E-05
-6.36798407078461E-05
-6.68817702714207E-05
-5.99320731064243E-05
-6.77900441767681E-05
-4.92732063421461E-05
-8.02339059978194E-05
-6.86863814253604E-05
-5.10193109524833E-05
-5.0457481746972E-05
-3.19507730572356E-05
-1.6448016173398E-05
-2.40201616361345E-05
2.71456902266862E-05
7.22825301647981E-05
2.63188985753037E-05
3.1846902810577E-05
1.22944093574144E-05
-1.61846267265566E-06
1.53210726888602E-05
-3.15737513672041E-05
-9.15672234400532E-05
-3.5706095331147E-05
-1.85012176261299E-05
-7.07912527402423E-06
-2.03581386025465E-05
-6.18395393208553E-05
-2.87340654651574E-05
-2.69551967515132E-05
-2.19501757168752E-05
-4.47649055304733E-05
-3.61803209369665E-05
1.12610173719903E-05
-7.69718174035333E-06
-2.70695010605436E-05
-2.71259322593546E-05
-5.60176820908428E-06
1.50519862915173E-05
-1.7773052902313E-05
-2.92304186755751E-05
-7.24867013346885E-06
-1.22848606098833E-05
-1.16141739664684E-05
-4.68422746692474E-05
-4.89018613632965E-05
-5.66424718936696E-05
-3.12908413094502E-06
-3.29858798247385E-05
-3.01971508696423E-06
3.06501799800788E-05
3.05866028094038E-05
4.03770211101047E-06
2.71165974823662E-05
-4.14117966377398E-05
1.31280129526121E-05
1.44155594382107E-05
-3.71044489371364E-05
-2.61230350295771E-05
2.00251236995549E-05
1.40854221053119E-05
2.33602163417317E-05
2.45452517342788E-05
2.11130190294093E-05
3.16748536875197E-05
7.30072534501718E-05
3.8796695591157E-05
3.82420156570751E-05
-3.16515740210459E-06
-6.29997566515984E-06
-2.20078783816709E-06
1.17348471427206E-05
-4.79374471349946E-05
-6.67411332543373E-05
8.12361583098605E-06
1.44532163405342E-05
-4.11024985099711E-05
-4.06721539711384E-06
-2.62375184376828E-05
-1.09690991353127E-07
2.27019191830976E-05
-5.7661380242665E-05
-1.90587131166881E-06
2.77014804181827E-05
4.564042506021E-06
1.79107539411604E-05
4.27645348833076E-05
1.96808582029713E-05
5.37502637935666E-05
4.08712694897366E-06
5.10401333792594E-05
4.53725838781931E-05
8.72722789930831E-05
3.57835565683743E-05
5.16206122302634E-05
3.11651031546209E-05
3.82048743424254E-05
4.33864507284581E-05
-1.62633768881941E-06
-6.0408058964394E-05
-7.91630985631064E-05
-4.68130111768854E-05
-3.96777676631905E-05
-4.12485013274367E-05
-9.31193548651197E-05
-5.85470233554674E-05
-1.99653158886187E-05
8.75691060075836E-06
-3.02434727738712E-05
-2.34711465650576E-05
-1.11782002710284E-05
3.30852056203598E-05
1.02669833829056E-05
-3.25453753164684E-05
-2.27446016968615E-05
-9.40839333459089E-06
-5.17577060570167E-05
-5.16432173900267E-05
-4.5671026888258E-05
-2.51840039301169E-05
-2.23105549212612E-06
-4.67198678569809E-06
5.52082488170233E-05
7.29697548706669E-05
7.77324556215718E-05
-1.19001079241488E-05
-4.80432103980096E-06
1.77145413911213E-05
4.7333187227022E-05
-2.92900636515749E-05
-1.00386126605331E-05
-3.50246493777134E-05
4.49104712069042E-05
4.07763316169432E-05
3.74932766295011E-05
-3.96786220111186E-05
-2.55103578384626E-05
-2.52226852819525E-05
3.41847306472636E-05
1.49400258772183E-05
5.85132420894395E-06
-3.03220949344966E-05
-1.80810229928637E-05
5.56472598064816E-06
1.29744709543896E-05
-1.72910710213391E-05
-1.07185717136344E-05
-1.9023268230209E-06
-4.35981546079406E-06
1.78928351117979E-05
-3.2908408463247E-05
-6.7042902716176E-05
-5.08119556261191E-05
-4.45280747048597E-05
-4.68009781645823E-05
-4.36097207623329E-05
-4.85319722319496E-05
-5.53033121229325E-05
-8.69022326206928E-07
-1.16546471183771E-05
8.3307439221455E-06
-1.10262599763866E-05
2.67907438207995E-05
5.42881008520032E-05
7.04717019710085E-05
2.93505222635482E-05
3.41783941087034E-05
9.4645273199766E-06
2.32009360830296E-05
-6.03582814169707E-06
-6.13358919826925E-05
1.89787004160654E-05
2.01754889377933E-05
1.0657417927338E-05
5.93986456835825E-06
-8.05453664739812E-07
1.6750007768714E-05
4.36179119243648E-05
-3.10401817246362E-05
-4.52698993543521E-05
1.30907178609873E-05
7.84039841300097E-06
3.40621818777001E-05
9.63664321254932E-06
-2.02391759516232E-05
-1.04988624204637E-05
1.27450272961841E-05
-8.99396096608099E-05
-5.80966888501145E-05
-6.59544517965311E-05
-3.79689578365147E-05
1.98670041913687E-05
7.74726022155122E-05
2.90179764479005E-05
5.75608937323722E-05
6.8312335260945E-05
3.74352878565451E-05
-4.37908918319042E-06
1.70353567595729E-05
-5.15462962819405E-05
4.5689408767573E-06
5.39517843240263E-06
-6.18771318690751E-05
-3.96824307061272E-05
8.44286515649116E-06
-4.49381834770578E-05
-2.06955313132221E-05
-2.99917510876644E-05
-1.07168367724521E-05
2.58254115678632E-07
2.39264305701328E-05
5.01402941735685E-05
2.63845635325765E-05
-7.70504122154213E-06
-1.29963431933481E-05
5.05507445771512E-05
2.7860123172098E-05
-2.01942221752214E-05
-6.87349681402306E-05
-4.64864300871519E-05
-2.4352343586223E-05
-1.14655505096334E-06
-7.00278093048923E-05
-2.18974654732062E-05
1.36275202533441E-05
3.88231659461865E-05
3.67177668083441E-05
1.74608936221571E-05
1.32396335296171E-05
2.90359061628211E-05
-1.13055286109844E-05
1.49380958806143E-05
2.78613960077178E-05
1.96030687638043E-05
5.29138881436647E-05
3.98813549130197E-05
-3.53698037991145E-05
-1.80272682665356E-05
-2.22736625936307E-05
-3.43505516144188E-05
-9.76828533219026E-06
-3.32768212211174E-05
-1.34163803462946E-05
4.87453340373882E-05
5.06789049905106E-05
5.09264331379411E-05
2.40722139800642E-05
1.26003543951231E-05
1.51248684009883E-05
-1.48467443103644E-05
3.72026575573806E-06
-3.45063283236219E-05
-5.46492450554171E-05
-7.9736049658492E-05
-6.87147448534907E-05
-5.02419163855456E-05
-1.43543441523494E-05
-8.1898475069439E-05
4.14298629831658E-06
-3.15209850735696E-05
1.66015644396192E-05
9.4227305020024E-07
-9.04215218220951E-08
-3.29855682734772E-05
7.62959515813306E-06
-2.838110913846E-05
-2.75325077373177E-05
-3.96956421353478E-05
3.26203994956578E-05
2.1807116852958E-05
3.64719062944439E-05
2.44465377290888E-06
-2.0062384564122E-05
-1.8712050207967E-05
-3.34968823143921E-05
-8.48755818603734E-05
-9.67021454132791E-05
-0.000116764051745093
-0.000104661074526172
-0.000121863268279462
-8.1623052242342E-05
-5.60594216771957E-05
-3.35436424851519E-05
-8.40249775693191E-06
1.45925770306516E-05
2.419514788003E-05
6.49484290331545E-05
5.24274709350883E-05
3.82333312168133E-05
1.8414552604548E-05
3.16605118323538E-05
7.00820426649943E-06
3.50163349119801E-05
5.158701146527E-05
3.21358771695334E-05
1.16055913124501E-05
-1.01821159740524E-06
-9.97332805555769E-06
1.24278433896579E-05
-3.76523311037878E-06
1.48511156025506E-06
1.0089390080285E-05
3.43162810048094E-05
5.04216098148254E-05
8.22775059750105E-05
6.50166328122752E-05
6.03221501495492E-05
3.74980439608177E-05
7.81778475614514E-05
0.000100386339307084
6.85787972808355E-05
3.66414446660783E-05
4.61427653228145E-05
7.25118670696903E-05
5.83199186404859E-05
6.85012794851325E-06
-1.63471994821918E-06
-7.55184779429958E-06
-6.31464414714004E-06
1.90030556955819E-05
1.04029561292549E-05
-3.40528779740078E-05
-2.04245781269051E-05
-3.69017829502735E-05
-3.7313854425613E-06
-6.90276509276467E-05
-9.05204422847323E-05
-0.000122421348159795
-6.17000701936161E-05
-5.84794926438863E-05
-5.09908149288184E-05
-8.09466836990189E-05
-2.49201842588285E-06
6.09209474240476E-06
5.47592861900426E-06
2.80406205055936E-05
2.76396340601673E-05
2.34919590516858E-05
5.35185377310888E-05
7.64893641220503E-06
-1.17958499954297E-05
2.53027295408289E-05
1.70721184541098E-05
-2.60569213858529E-05
-1.83424541139725E-05
-1.5025023018353E-05
-1.41747333565471E-05
1.81605901853491E-05
2.48860126682257E-05
-1.17124739553947E-06
2.90842861108486E-05
4.36177418941072E-06
-2.41687800831311E-05
-2.20728859134076E-06
-2.38811511050858E-06
-4.10090523710523E-05
-1.55290427490625E-06
1.54931765163952E-05
5.64877065574101E-05
6.77826085867621E-05
4.4591685068008E-05
6.89784572371306E-05
6.77919711387327E-05
9.26871905339602E-06
-1.45265079272393E-05
-1.31104462328783E-05
-1.52194480577344E-05
2.42099808731011E-05
-3.77060243963637E-05
8.37839408804518E-06
-2.37611912063966E-05
1.2724981276165E-05
1.81662436732679E-06
2.46608489669544E-05
2.15646810120067E-05
2.34050917704284E-05
-2.54597685566419E-05
4.3951117765256E-05
4.3556960069771E-05
3.20666813377824E-05
1.32275094906855E-05
4.48751780916512E-06
1.69232165189837E-05
9.00449054503878E-05
4.23133072740802E-05
-3.2494803867741E-05
-2.78311069053259E-05
-1.24611136441972E-05
-5.45452991648721E-05
-1.99531998755797E-05
-0.000100181830117991
-1.98278890810696E-05
4.30509501201251E-05
7.52327222960841E-05
2.06320436408306E-05
3.67572477952612E-05
-1.16691764869123E-06
3.43003047363155E-05
1.61718866974864E-05
7.96269521317454E-06
-3.1974185403985E-05
2.36824117771111E-05
2.29002217822765E-05
1.80454817357627E-05
1.15620746486945E-05
-8.37761066325716E-06
-1.24170825437584E-05
-5.67131822426662E-05
-2.71957055648855E-05
-5.9170556495767E-05
-4.50880233670184E-05
-4.85891358042236E-05
-3.14737602317879E-05
-1.21640619870671E-05
3.54480870521326E-06
-3.37995914534031E-05
3.89950049324699E-05
-4.03352241751616E-05
-4.33547128031548E-05
-5.04909274779662E-05
-4.29138998234519E-05
-4.11865443939512E-05
-3.30789121630103E-05
-4.43941732386459E-05
4.08451001063131E-05
3.51428507634257E-05
7.31939720733454E-05
3.54237850828334E-05
4.1635577643684E-05
4.33036576091189E-05
1.53735693096343E-06
1.21964916047174E-05
-1.75981607416777E-05
-2.78452262436313E-05
-1.86658196217844E-05
-6.80517891145379E-06
1.12318120970288E-05
2.2857258871363E-05
2.65930878801388E-05
5.72482062198615E-05
3.98003226010706E-05
8.31312356187945E-06
-1.11244853570808E-05
-3.54817337269021E-05
-3.2325628069282E-05
-2.44636704095984E-05
-2.49853465211854E-05
-2.51413131042671E-05
3.08792353713797E-06
3.29298361010113E-05
0.000108560981832924
5.60317489782193E-05
2.19269021711261E-05
4.71862193871565E-05
3.00511557295502E-05
2.54380013482364E-05
1.0408823449819E-05
-7.97803738862609E-05
-4.6466608456972E-05
-5.77449596211208E-05
-5.90004350022526E-05
-7.55813964336007E-05
-6.04136961588591E-05
-9.14262405611285E-05
-5.69437215517233E-05
-1.75213681665571E-06
5.91271775200026E-06
-2.63209450592666E-05
-2.84415051013802E-06
1.9923801301046E-05
3.99887213119477E-05
-3.35856302443046E-07
-4.08433587902092E-05
-3.82233190732329E-05
-3.144540439447E-05
4.95492616235131E-06
-1.22849120560081E-05
-1.92642988189522E-05
6.29110443730332E-07
3.53848985807859E-05
4.53369078192075E-05
7.43945769343867E-05
1.36067895754883E-05
2.34396817099575E-05
3.78718051095247E-05
5.7640536038094E-05
7.72393153734706E-05
2.0180364390713E-05
-9.39310358514846E-06
1.08227049080582E-05
-1.58744188907081E-05
1.87078938480725E-05
-3.92195617769983E-05
-9.42278234728528E-05
-4.07601696356276E-05
-1.48266475628261E-05
-1.10956228523931E-06
-9.56713346498855E-06
-2.73598869363489E-05
1.32412811395182E-05
-4.02041612410431E-06
1.49002357334349E-05
-4.44277531427022E-05
-6.35646454847236E-05
-2.9594992619611E-05
-3.47693528166251E-05
-3.04277007192429E-05
-6.99645364482456E-08
4.28864947026101E-06
4.27426988285217E-06
6.65722005019641E-05
4.23413010447843E-05
3.11869701333563E-05
6.07976216916726E-06
-1.47055973080683E-05
-3.82590723672865E-05
1.83449481687347E-05
-4.69174916413975E-05
-1.48995993647556E-05
1.48082232966115E-05
4.80690414202979E-05
4.77470845485512E-05
3.15100915262852E-05
3.66382706924517E-05
2.94902095368081E-05
-1.73349608638456E-05
-4.03765445763008E-05
-6.07845370750848E-05
-3.14116379742482E-06
-4.07635116977678E-05
-2.92639700208932E-05
-8.52370042095378E-06
1.10234060422792E-05
-6.67745855713875E-06
-2.81445807539969E-05
-5.40251796940093E-05
1.86091685027454E-05
1.63253048216209E-05
2.76717313320252E-05
3.62743102344739E-05
4.09888079165005E-05
4.01079193167442E-05
3.858347012342E-05
4.81417221904585E-05
2.88962339524322E-05
1.28384549246787E-05
-3.54302252723678E-05
-4.99624062234039E-07
2.89092247078506E-05
3.49378191450786E-05
-1.94192386997366E-05
-4.64145169835781E-05
-7.31116913027438E-05
-7.95254263852347E-06
-5.54443673115917E-05
-6.27509627179434E-05
-4.67273901835777E-05
-2.43241819927175E-05
-1.441558862848E-05
1.48415341274897E-05
-3.60702363152839E-05
-2.48738838986633E-05
-2.857692271921E-05
-7.1251820423138E-05
-6.54515997472513E-05
-2.30988266465397E-05
-4.78012747860584E-05
1.04394805692167E-05
1.85425653228456E-05
9.07116666338203E-06
1.97510826490509E-05
4.70549786807548E-05
5.34719099361175E-06
2.17568009961786E-05
3.03257119081851E-05
1.03715367616861E-05
3.85133219268086E-06
-3.5004193319343E-06
-4.71296277362465E-05
-3.38879620743895E-05
-2.72134179476829E-05
-6.60000439672904E-05
-9.04799924406032E-05
-5.81175730146182E-05
-5.04753385174118E-05
-4.75138739597386E-05
-3.56108949138276E-05
-6.43402923326036E-05
-4.60662697741093E-05
3.99507869036917E-05
2.00711398548027E-05
8.52532898988964E-06
7.17238292457016E-06
-1.28143899551053E-05
-2.27432021154626E-08
1.53130013593876E-05
-6.68738999843802E-06
-4.36675122377857E-05
-8.65247202459818E-06
-9.11992405108778E-06
-4.82840014600722E-05
-2.662102385077E-05
9.86954642698829E-06
-6.93876718125021E-05
-4.310086620873E-05
-4.08358993823101E-05
-1.02327856120852E-05
4.86326239230807E-05
1.61530933713414E-05
-7.09313886926935E-05
-3.23955554293081E-05
-4.56980476563866E-05
-7.10448628269892E-05
-9.25408514737406E-05
-8.00228746959157E-05
-7.28409263227314E-05
-1.54900931599252E-05
9.27295146253674E-06
2.86539520305934E-05
4.70682240533458E-05
8.93065829251364E-06
-2.76576674498654E-05
1.08466592066312E-05
-4.76895014161939E-05
-1.29352947477092E-05
2.00780410141654E-05
-5.13419892953186E-06
1.03286630259461E-05
2.62814426818782E-05
-5.59331337818641E-06
-5.73464232033E-07
-1.32626404837889E-05
-1.29216852316455E-05
-2.97581491570192E-05
-8.96637255953647E-06
-4.5905933612176E-05
-5.77247426218044E-05
2.11785984365034E-06
9.2428176284032E-06
-2.10780988021887E-05
2.75399717144605E-05
1.63659931873665E-05
3.7687476705153E-05
5.58495431445131E-05
1.45479400682572E-05
-1.1868430901307E-05
-1.7050299313268E-06
-2.41645271055212E-05
-4.07579608129124E-05
-2.07703143320934E-05
-2.56650493980309E-05
-1.71837394528099E-05
-5.9233429757295E-06
-7.98936500491701E-06
3.50568277162423E-06
1.50949006504E-05
1.23445756276894E-05
7.32571128373695E-07
-1.39069104889093E-05
-4.26321338615813E-05
-2.78996704753817E-05
2.46123834012236E-05
2.79540839794019E-05
-2.90409337993558E-06
-6.48530434075563E-06
-2.0150432726404E-06
2.83604938191865E-05
1.68801410587559E-05
3.3875470115729E-06
8.51868581448633E-06
3.93388313649686E-05
5.12929490542278E-05
5.86954705135167E-05
6.52270369251005E-05
4.87861536168377E-05
2.76593373529033E-06
-7.17931199491713E-06
-1.39805026820056E-05
-3.85580450927237E-05
-3.56696758903458E-05
-4.94320182970175E-05
1.20739392641089E-05
9.77649441357739E-06
3.75541463979612E-05
4.71471320531862E-05
0.000112758839468997
8.11349616387294E-05
7.81531368106511E-05
3.76365473418584E-05
4.7639596159028E-05
3.98891915350178E-05
4.5109653273628E-05
-6.88763109878985E-06
-1.59976483320898E-05
-7.21448658917651E-06
4.03879522271837E-08
-3.22404647901587E-06
-7.9617231309211E-06
1.97738275822005E-06
1.95907884811212E-05
5.83561075239892E-05
5.98401931509058E-05
3.95015499010005E-05
2.60796991585702E-05
4.76263548637109E-06
-5.53025915162346E-07
-2.02892220661819E-05
-3.57340263816332E-05
-0.000100334143551326
-8.44791506301294E-05
-5.18543323430146E-05
-1.44033361633671E-05
-4.81893088705932E-05
6.47595987353673E-06
3.1637766135362E-05
5.43235814782042E-05
4.26804044923611E-05
3.10998354155498E-05
4.76717543634313E-05
8.36352529416145E-05
5.52571971378734E-05
6.40554332284202E-05
6.5504289325702E-05
1.96414464107477E-05
1.59566276980649E-05
-6.75677833711665E-06
-4.5667730468584E-05
-4.40264147301794E-05
-5.92319309396504E-05
-7.5028429471013E-06
4.39189966558859E-05
2.54830311535315E-05
2.44868335734886E-05
7.21724505448272E-05
2.81257149343916E-05
4.90334506853542E-05
3.50723357870839E-05
9.66728323500368E-06
1.94668928867429E-05
4.22089396106008E-05
-5.25246343947037E-08
0.000103968631201565
7.01240851099984E-05
1.93314513071934E-05
4.82026902342994E-05
5.92152657542616E-05
-1.02520699295043E-05
-5.34312669379028E-06
-3.55140208246268E-05
-1.30788926232401E-05
4.68305892142697E-05
3.82846686369827E-05
-3.54037245025582E-05
6.25243604912609E-05
6.98598715860872E-05
1.97603121684539E-05
-4.80099821771155E-05
-4.14904684587522E-05
-8.74586632758585E-06
5.32053434547682E-05
-4.13447944664226E-05
-5.16689574889847E-05
-3.52319567146577E-05
3.81209863909368E-05
2.97252679304208E-05
9.38452033929476E-06
-1.18951441582951E-05
3.20023795678282E-05
3.81870316008679E-05
3.14617716625957E-05
-1.37534628040964E-05
-3.06682549889198E-05
-9.75269448557849E-06
-1.66206150697606E-05
-1.55451857030624E-05
-1.13352214198332E-05
-3.20244941791298E-05
-1.23689246249641E-05
2.78736496654792E-05
-2.08839340194827E-05
2.39721768619197E-06
-2.41782543302051E-05
-1.40111088518961E-05
-2.08625740260801E-05
1.00934668826435E-05
-4.17205206011318E-05
-2.07504486835956E-05
-2.13174555841527E-05
-7.04783959935633E-06
-1.80089686234282E-05
2.58145766303539E-05
-3.26136617233568E-06
2.71842142483338E-06
9.09163460693518E-06
2.05050213665104E-05
6.72776394290698E-06
-1.56738495237145E-05
-6.11494888215295E-05
-5.35952648486223E-05
-6.4168385482124E-05
-2.67420635129472E-05
-4.92899275081698E-05
1.25970210263877E-05
3.28472889824319E-05
7.30474305801702E-05
4.53047760857173E-05
5.11562353835325E-05
1.53322841883398E-06
3.06911978694914E-05
1.58586718440173E-05
-1.0161432829463E-05
-2.59219831968334E-05
-3.42825364103185E-06
6.03762732885052E-07
1.02189475028443E-05
-3.57464746760005E-05
-6.65749489967548E-05
1.96746546215727E-05
-1.11302492651986E-05
-5.71177142503724E-06
1.96812610556562E-05
1.85887022053289E-05
6.49256132371442E-05
3.92606211429829E-05
-1.34791406968006E-05
3.72777046589011E-05
1.77554987002757E-05
9.13391366300612E-07
2.68980652410619E-06
-3.65810869247398E-05
-1.14745571541851E-05
3.02140729941235E-05
2.70640828274045E-06
2.62024966032549E-05
9.8089884045348E-06
7.20853183777481E-06
3.45035448302954E-05
8.21894324386874E-05
2.41290907542535E-05
2.00467060603236E-05
8.8332257907969E-06
1.09365935825011E-05
-2.76719196914085E-05
-2.09352954607244E-05
-4.24510260788453E-05
-2.14658393498479E-05
-2.42197668792906E-05
-3.13967728185135E-06
3.96112005165887E-06
1.33154450760965E-05
3.43978211043913E-05
8.26860151697944E-06
-4.31319628217209E-05
-1.81255488671885E-05
-4.84976398316451E-05
-4.1072083887056E-05
-2.53848104499673E-05
-2.43398205452524E-05
-2.97050849646228E-05
1.3774681441504E-05
-6.26372993490265E-06
-1.46450811939395E-05
-7.06092954286754E-06
1.17744851772545E-05
-2.70947499905221E-05
9.58994940945291E-06
-9.5287418433236E-06
9.89526491049842E-06
1.76916233983154E-06
-1.66364278513671E-05
-5.73738074257582E-05
-2.48584975883888E-05
-3.5288526839311E-05
-3.03965786367056E-05
-3.86013728554864E-05
-2.91970575793332E-05
-2.98865596638758E-05
2.33882327300268E-05
8.97031706367733E-06
-9.02063221578501E-06
6.2737243869403E-05
3.61910479993261E-05
7.64578782454302E-05
9.81575451460609E-05
2.97203876093295E-05
3.97586055223525E-05
5.24690924260787E-05
1.32111396174796E-05
2.77614785421125E-05
-3.22978700333404E-05
-2.82628904122255E-05
4.20185983803197E-05
3.43807180320619E-05
1.05040374723432E-05
-1.19317584751347E-05
1.55319034274288E-05
5.34574441633645E-05
1.8696766169747E-05
-6.15304866180529E-07
9.83559123170099E-06
-9.23001901104903E-06
-3.26811229961298E-05
-5.0107739057218E-05
-3.82181768562018E-05
8.61094556840737E-06
1.1549117882605E-05
-1.90949097621327E-05
3.42415911196675E-05
5.68336120604549E-05
7.97889593105405E-05
5.18872581532314E-05
1.39825782101645E-05
3.63700201874944E-05
5.27590093192706E-05
5.11050895913609E-05
2.55563434382486E-05
-2.39588412998453E-05
1.08184922476189E-05
-8.05858347681234E-06
-1.80013109049039E-05
-5.94350701390505E-05
-9.22490534109734E-05
-4.62276078727794E-05
5.26597816912811E-05
-9.57550645900736E-06
3.04315594876756E-05
9.84085127552348E-06
6.65221375102661E-05
8.43327928071698E-05
6.5167470536381E-05
-8.54169395135684E-06
1.53808680408546E-05
1.99871048427772E-05
-1.17770421872629E-06
2.5869195154505E-06
2.25155990738887E-05
5.97218210987236E-06
6.1291316762354E-06
-3.95765349577186E-06
-4.47102587624044E-05
-4.83963325542727E-05
-8.41059890830157E-05
-0.000114623766511361
-0.000107752706206206
-0.000102546872769518
-7.2759155932718E-05
-1.72812118813135E-05
-2.31115659387668E-05
-2.21062486794562E-06
7.49276542927431E-06
1.83344949476237E-05
3.65053343790222E-05
1.44410184304179E-05
1.11361237586688E-05
7.0108940628667E-05
4.19032481108346E-05
5.42200348103556E-05
4.23930568292153E-05
4.24347200636531E-05
6.88991183558551E-05
3.08306405658109E-05
8.01482443751853E-06
2.17044868855867E-05
-1.61938964403765E-05
5.20639093386707E-06
-3.28822235175803E-05
-4.49900527673565E-05
-6.19308785463748E-06
-1.17359122531998E-05
-1.73552188513812E-05
-1.49358380730099E-05
-3.97744349791376E-05
-1.41768229123749E-07
-1.24099074863481E-05
-2.77595011538884E-05
-2.98974835139728E-05
-9.19152429546985E-06
-7.09017731235216E-06
-5.07144524753476E-07
-3.5747631288008E-05
5.30046737153907E-05
2.48961616803268E-05
1.10463877158485E-05
-1.37851810951869E-05
1.34836648392704E-05
1.05154873899805E-05
3.16005150530147E-05
1.11373658058984E-05
-1.60962262406661E-05
-1.70263925698512E-05
2.04178241565929E-05
-3.16675827069672E-06
-3.54591843160869E-06
-5.18153881657029E-06
-4.77788650607723E-05
-1.62853941197537E-05
2.4291305283736E-05
-9.13248794730011E-07
2.659639072531E-05
2.97980414605041E-05
3.74037662768192E-05
5.82428206486856E-06
1.31909227496062E-05
-4.26362426414219E-05
-6.0594759113166E-05
-6.07419484944516E-05
-3.30960866699344E-05
-1.41873072215681E-05
-1.11872935747446E-05
1.85470460012978E-06
1.14230820971758E-05
2.8336846674779E-05
1.81259366044726E-05
4.77178261539227E-05
3.75630575192499E-07
2.5355669425864E-05
8.48711195351442E-05
0.000109799357674837
8.23522126801145E-05
0.000116257474195936
3.68097900341332E-05
4.18855505552966E-05
6.96224247566283E-05
-2.45752981191811E-05
-1.73368746657538E-05
-9.71718909787423E-06
-4.50115356201801E-05
-2.12671375105805E-05
-2.0088684552846E-05
-2.95053625789842E-05
1.94457273171653E-06
-1.63120955701876E-05
6.90472067467986E-05
1.92235537270621E-05
8.67417899017421E-06
1.28697556247388E-05
-3.66984265782487E-05
-2.68100118604128E-05
-8.51556170719966E-06
-8.01084459100118E-05
-1.3283835608374E-05
3.98127354384205E-05
3.63819706199086E-05
8.02350948305937E-05
3.96218350645985E-05
4.35255955930694E-05
2.75386826938746E-05
5.35496294967871E-06
-1.7151652699593E-05
1.22989151036048E-05
6.90591171558641E-06
2.02402331351187E-05
2.29827223550958E-06
3.94891015040686E-05
2.9657065957834E-05
1.38224907252982E-05
5.94671487953066E-06
-1.46878545636046E-05
3.71757916678378E-06
-1.22180474492661E-05
-2.98412693995124E-05
-2.18862706429226E-06
-3.37883533580403E-05
-4.12231457941723E-05
-2.8874926925987E-05
-4.84824589427072E-05
-3.65138408094875E-05
-3.15622447109107E-05
-2.17740724805774E-05
3.95154050088545E-05
4.63707065978787E-05
1.17254276313777E-05
6.90817969353695E-05
2.45117026166747E-05
3.31091470500454E-05
-2.07381185349613E-05
-3.92444104357184E-05
-5.04215628179528E-05
-7.51910254612513E-05
-0.000172713086298327
-0.000136879331267083
-0.000126645068845459
-8.60616564251128E-05
-4.58723891977719E-05
-7.80568382252803E-05
-5.47125700780465E-05
-1.77988466405775E-05
-1.53273059723205E-05
-2.72912038409246E-05
-2.23913178884638E-05
-5.09668138530815E-05
-2.42305722639464E-05
4.20239736759698E-07
5.13850786605783E-05
7.18432083974019E-05
6.08988209451123E-05
7.22520267283022E-05
4.26585680839325E-05
5.36490878796531E-05
5.77194606350361E-05
1.29704591548185E-05
1.53494197863487E-05
4.3258322336736E-05
-2.0510021458784E-07
-9.44260546966705E-06
3.67279725725679E-05
-1.41730949001402E-05
3.92662085908453E-06
-3.06416736161669E-05
-6.40480169112756E-05
-5.91209388724264E-05
-5.19989639156789E-05
-0.000103354105340866
-1.69934264894852E-05
-1.94101181332842E-05
-6.22028189131366E-06
-3.53125006938654E-05
1.23960076532156E-06
2.25612374603647E-05
3.02366280375031E-05
-5.90167875246897E-06
-3.69649874178272E-05
-8.47056178348909E-07
2.33846369303018E-05
2.01860055690625E-05
-5.83936327713039E-06
-1.50455845988427E-05
-5.92913894795591E-06
1.02720366810095E-05
1.79766610271719E-05
8.66477268556729E-05
5.60163792809794E-05
5.4005713549982E-05
4.84378775144208E-05
8.83382846389675E-05
0.000115680624180124
7.80752667664822E-05
6.24520459167603E-06
-6.48363159032018E-06
6.82015942692293E-06
2.01108282892285E-05
3.88829772585374E-06
-1.21556610173915E-05
-1.13653156747387E-05
-2.82602516609565E-05
-1.08335355877083E-05
1.47433981707391E-05
1.5294917931205E-06
-3.17770059822108E-05
-1.35161183772675E-05
2.31504291168802E-05
4.88686853825083E-05
6.6757465276355E-05
4.74045091379943E-05
6.83496019620684E-05
3.74316295612125E-05
-1.67985917568148E-05
-4.61626638738808E-05
-1.57373278185739E-05
-4.27333898227094E-05
-5.97344278334506E-05
-5.83886068563901E-05
-3.75269801350006E-05
-6.17878711006394E-07
-2.73251171859905E-05
-3.42722639579806E-05
-1.24325827967053E-05
-2.43660572299805E-05
-3.09530522586305E-05
2.2652195496137E-05
2.58383069213063E-05
5.60317363008903E-05
5.23256468752935E-05
5.4824514626481E-05
6.60983562966002E-05
5.5277390999388E-05
2.58170117176862E-06
-1.07655461983523E-05
1.54115182535124E-05
-9.89340442809597E-06
-5.77943394261191E-05
-2.49819331410962E-05
-2.62071556228028E-05
-6.34930889737376E-07
1.94942532506683E-05
-2.21807899987335E-06
-2.04557843330164E-05
2.68789989828772E-05
1.81344174374306E-05
6.35467924258124E-05
1.9515430072196E-05
1.33064175742827E-06
-2.06809966583032E-05
-6.81679082520757E-06
-8.54230382063704E-06
1.11071354028139E-05
-1.95579325139715E-05
9.22698395801729E-06
-3.67014374816516E-05
-3.80656968131913E-05
6.78699318823514E-08
-1.21434051711584E-05
-8.22640296359326E-06
-1.63639713930369E-05
3.33149494270247E-06
8.34556563433595E-05
7.42568717268209E-05
4.33246190452566E-05
7.16464991363083E-05
3.35214127248317E-05
6.08508946392826E-05
3.53869249065892E-05
1.03064174578416E-06
3.13903697221797E-05
8.92180433624844E-05
2.95739219821938E-05
1.12519619161636E-05
-3.32465421364605E-05
-8.71589365193517E-06
8.50072975191139E-06
-7.88525789728756E-06
-5.55114212076432E-05
-4.43600561242351E-05
-5.51911287380496E-05
-2.76554278549938E-05
-3.3118056600944E-05
-3.54825980398626E-05
-2.79335274955677E-05
-1.08301624136384E-05
3.22095776795885E-06
3.92910682568204E-05
3.79183894561706E-05
3.20284327574146E-05
2.03035793964462E-05
8.02361243809168E-06
-3.43455019203323E-05
-2.52277384708547E-05
-2.66887363507483E-05
-5.59690494741941E-05
-6.35084344606126E-05
-7.55893391004906E-05
-2.9209475812333E-06
3.87143834730372E-05
2.25869391294985E-05
1.35135385747391E-05
3.47025067023832E-05
3.42137448552682E-05
6.25884305938379E-05
4.62502801286596E-05
5.91515465193729E-06
-7.54099515585425E-06
4.3847439190224E-05
3.14700922250736E-05
8.95610426369365E-05
3.54144743525093E-05
-2.12479251031668E-05
1.19721537085697E-05
2.95367642245759E-05
-1.62802647123436E-05
1.98801647374161E-06
-5.87753591731405E-05
9.17335981669881E-06
-1.81254919006822E-06
4.17474768044035E-07
1.08317700633095E-05
-8.4644886699582E-06
-2.67291665939469E-05
8.10640950006595E-06
-3.86917555119475E-05
-1.26474544943163E-05
-3.36682035557345E-05
-6.28869231996788E-05
7.1454188028314E-06
9.02916242604428E-06
-1.68604252809972E-05
2.44945084283819E-05
1.14338082111627E-05
2.46162969977728E-05
5.61552630768561E-05
-1.86122589127535E-05
-4.06461450765533E-05
-6.04012272670315E-05
-6.89521912303942E-05
-5.83059285456627E-05
-2.80427470713028E-05
-7.79065851706166E-05
-2.16354670444145E-05
6.47895438930959E-05
3.33752489785441E-05
2.84615411406524E-05
5.57704962451444E-05
5.49692197583492E-06
4.87305245691889E-05
3.72901413288222E-06
-3.92829817092347E-05
-4.49452513493149E-05
-1.74064193037167E-05
-5.45188846425146E-05
-1.95449944668762E-05
-4.96464367375799E-05
-1.94358458580984E-05
-3.84469074538258E-05
4.40147448860861E-05
1.70426555507677E-05
4.64865314556888E-05
9.80755372256706E-06
5.94442035313154E-05
4.03344578783822E-05
5.74296750212328E-05
-1.14673823358932E-05
-1.53301496159315E-05
-4.14258086297154E-05
-3.23261975521688E-05
-3.99105400993232E-05
-2.3908803321601E-05
-4.57815113020602E-05
3.61168254807929E-05
2.24918646299856E-05
3.74164923785528E-05
2.85475900721594E-05
2.20193196914207E-05
-1.38785337067466E-05
-6.25251986039023E-05
-8.182525829392E-05
-4.96611926373499E-05
-7.73172000308116E-05
-9.25001847951382E-05
-8.98302208349745E-05
-8.5568616770377E-06
3.46833929942425E-05
2.18086540079986E-05
-2.37539918626192E-05
-2.21456791428943E-05
-2.25500697238492E-05
1.40795833639982E-05
-1.72796455577031E-05
-2.31253208741819E-05
-8.87699310370965E-07
-1.37466928936369E-05
-1.69983394483476E-06
-2.98997201909965E-07
3.06076278992341E-05
1.25694405511052E-05
3.15271687682519E-05
8.44451191310371E-06
1.15491670507285E-05
-6.02878151303919E-06
2.12168365939475E-06
-3.0464878068561E-05
-5.50867303708575E-05
1.42147998147813E-06
-2.58325935625097E-05
1.10950370015732E-05
6.05930195717655E-05
6.0266184518495E-05
8.79490244552381E-06
-1.00490160467125E-05
-7.95234548726643E-05
-4.01878163043267E-05
-2.33144334830322E-05
-1.8108827563907E-05
-1.92503743633398E-05
-4.69827872997272E-05
-2.85849202626461E-05
-1.04922913138583E-05
4.05587822200138E-05
-2.29312250149136E-05
-8.16127214023214E-05
-2.74180391700784E-05
-2.22646464360345E-05
-1.09690376966047E-06
3.11232959474281E-06
-7.98311098961586E-05
-4.20455576343036E-05
6.8020553681882E-06
-4.40796326971148E-05
5.85647582321778E-06
3.30859906241356E-05
-3.87313693261437E-06
1.25950467923355E-05
5.80151539816724E-05
1.77481045437912E-05
2.90058168412185E-05
-2.76115168387289E-06
-5.29422215553252E-05
-9.36530811877453E-06
-2.95654172796793E-05
-0.000111866352410439
-1.05994240423308E-05
-2.68605449016344E-06
1.97498753318256E-05
-1.82315210580507E-05
-2.04190219642599E-06
-3.94369780678133E-06
-1.03906792219571E-05
-8.99012798040756E-05
-5.09271639661852E-05
-6.14160774975028E-05
-1.18618950321348E-05
-5.93467848074557E-05
-6.8422920529546E-05
-1.6299632097548E-05
-3.58394984660264E-05
-8.67170542625855E-05
-0.000125153514860257
-0.000105446091785605
-7.04972654678584E-05
3.77163367678426E-06
-5.8078029571513E-05
-4.23905879201706E-05
-3.61551245677319E-06
4.62754024296466E-05
5.5472058294831E-05
1.17998982057937E-05
-1.80499839366197E-05
4.64608731446789E-05
3.17830617751752E-05
2.24624138898313E-05
-7.68583124091478E-06
-4.90866510670338E-05
-1.71016165916835E-05
-9.32474622280913E-06
-4.26502001759511E-05
4.42067242342212E-08
3.64979029023685E-05
2.26325013366078E-05
1.03687090058757E-05
1.66598286500768E-05
-3.23544612702156E-05
-3.94191238587385E-05
-3.45491611743819E-05
-9.63961148293179E-05
-4.31180698661049E-05
2.54123032172764E-06
-4.95647783640476E-05
-3.19803631231648E-05
-2.17133909161464E-08
-1.95645623389178E-05
-3.43510604733494E-05
-4.51605036542393E-05
-3.27615925440942E-05
2.46779565107205E-05
1.27499297343525E-05
-3.25411392406301E-05
-5.41255491969769E-05
2.13739962393054E-06
-7.94730897619349E-06
4.11809064310795E-06
-2.94239499798926E-06
-4.01763023386818E-05
3.16088566660187E-05
3.44933017377964E-05
-2.23923936531842E-07
-2.27124561205273E-06
-3.03920398556144E-05
-3.49225137803014E-05
3.97781133441106E-05
5.03777525239866E-06
3.17690306104319E-05
3.43451714174552E-05
4.64087998555955E-05
4.74405051401045E-05
3.34425945495026E-05
-1.38432364010891E-05
-7.62728575822031E-06
-3.72271887664783E-05
-5.97477256013646E-05
-5.80333186409861E-05
-4.30042190100743E-05
2.45020521917689E-05
5.72660781163145E-05
2.61289927557501E-05
3.10613274023511E-05
7.74300179577198E-05
4.33825914257466E-05
3.1548338763707E-05
-1.64108625310483E-05
-1.02104024766731E-05
5.75553311381506E-06
7.70735604748482E-06
-2.83632221876721E-05
5.29967342467615E-06
3.65412457790473E-05
2.23641155765002E-05
3.12652005054178E-05
-3.00139177860476E-05
-4.11786945128444E-05
-1.87383745253769E-05
-2.06814244006986E-05
-3.47952750520747E-05
-1.53059420365765E-05
1.35758309602045E-05
0.000101753382102664
0.000120695337210602
0.000105051265123462
0.00010016211059963
0.000123714197950713
8.66638931526223E-05
5.21941569346421E-05
3.4668498391994E-05
-3.24384824090443E-05
-5.9542012503543E-06
-1.22114913036504E-06
-5.61354068315253E-05
-6.35037979468607E-05
-2.82748133049077E-05
1.67183772488809E-05
6.72598820394684E-05
2.1886686767035E-05
-1.53643921459829E-05
1.19924537790403E-05
1.47910807318965E-05
-2.90622197000611E-05
-1.57715548396442E-05
-2.50537097425138E-05
4.68194354381317E-06
1.04769300091183E-05
-2.55838121118493E-05
1.95711064545985E-05
-3.70434953074436E-06
-7.6000229847783E-05
-3.29244431008059E-05
-2.96658170595472E-05
8.33694710905417E-06
1.04136140927017E-05
-2.14300816450551E-06
4.39886799669626E-05
1.75971743361133E-05
1.84035736930729E-05
-9.12991245501689E-06
-9.24969764373988E-06
-2.06666857139229E-05
-4.35002530590398E-05
-5.84744187604756E-05
-1.59665002866476E-05
-3.29595698408243E-05
-2.56304742651484E-05
-6.24799557001261E-05
-1.12466546135428E-05
1.36567768023998E-05
-8.26163213453999E-07
4.60261962719302E-05
4.99786336946934E-05
4.14847691622949E-05
6.90341689387894E-05
2.22511862038509E-05
-3.44697042043979E-05
8.30273787546638E-06
-1.83654740113344E-05
-5.78257819415742E-05
-2.43359270554908E-05
1.55949995465009E-06
-5.6466068983913E-05
1.08438936052936E-05
-2.62983986007095E-05
-5.10318198948162E-05
9.37564671313714E-06
-7.35285511325326E-06
-2.77935167859359E-05
1.99833179937187E-05
3.50342037871258E-05
3.91580002605606E-05
1.63462652704816E-06
-2.96396431657213E-05
-1.59919870580888E-05
-1.05387289591764E-05
2.86582947494569E-05
-5.18534440653813E-05
-6.12050382984629E-05
-4.4424304714907E-05
-4.47495820760574E-05
-6.38210124560195E-05
-6.10769469790089E-05
-9.06551802782157E-05
-3.84538036644755E-05
-4.06302695478457E-05
-2.15970876465099E-05
1.05889484404676E-05
8.57548942875012E-05
6.4019213885727E-05
5.08266146305089E-05
4.9080608338008E-05
5.74251768577928E-05
4.30969239954947E-05
2.34656547821266E-05
-3.4010798841033E-05
1.82602389928964E-05
1.23136978550538E-05
1.88195685940178E-05
2.37824573958563E-05
3.24434585109723E-05
1.30433519239609E-05
6.3467126595447E-05
-1.85436354146495E-05
4.17826128776007E-05
8.33436857455004E-05
5.94839938748289E-05
4.60904440851186E-05
5.37251999572371E-05
4.35153739919425E-05
7.75909323268785E-05
3.04093360668939E-05
-1.38590678686225E-05
-6.32249929497607E-05
-2.63253702001085E-05
-2.26099687046228E-05
-5.67913976596122E-05
-6.38863710909949E-05
-6.77109975433063E-05
-0.00011750041666662
-3.83964370050986E-05
-1.80210680876508E-05
-1.42796791533471E-05
-5.10878976555028E-05
-1.40875367083066E-05
3.4900770729837E-05
7.32791542723963E-05
4.28085186841494E-05
1.24996900154048E-05
3.87784472491178E-05
7.33406800433289E-05
5.35792008152012E-05
9.27588839237165E-06
2.42740282743715E-05
3.07379571489269E-05
1.64440993414116E-05
-4.85931233721188E-05
-7.49379752477844E-05
-5.43343959765029E-05
-2.32791334806753E-05
-7.13862515404902E-05
-5.11320566403244E-06
1.32928179224385E-05
4.48266363218513E-06
1.84052454338908E-05
-3.02039129428762E-06
-1.41670011618636E-05
1.44813246920981E-05
2.80581887083126E-06
-1.22040522363471E-05
6.19492618389701E-05
3.8998807030872E-05
9.56891287894019E-06
1.76759492914377E-05
-1.38863935746174E-05
-7.49731809851146E-05
-6.70094650262034E-05
-9.99191690262794E-05
-6.39005701957754E-05
-7.44515708250125E-05
-0.000100967660848305
9.66010474715934E-06
-9.58940566165663E-06
-1.46590564455377E-05
-3.56326031319958E-06
-2.64893121840978E-05
3.55705842800715E-05
3.24588083900168E-05
-1.94307847127145E-05
2.30469427902242E-05
-2.38718692384305E-05
-2.78749987028192E-05
3.66274159660033E-05
-7.60299906363195E-06
4.02538729073849E-06
6.16254216275096E-06
4.92569209684192E-07
4.7481647369243E-05
5.61131878199003E-05
1.78719341181326E-05
6.48891961485763E-06
3.64846390682091E-05
2.42677225436075E-05
-1.945240741458E-05
9.87436875839305E-06
6.48971825337717E-07
-9.4100242046043E-06
3.08128749367206E-05
-1.64016411779188E-05
-1.29739988292273E-05
-8.40550652688073E-06
-6.43338027584628E-05
-3.50991840335416E-05
-3.6677078845414E-05
-1.88801694020634E-05
-4.1519837590852E-05
-3.77438305628778E-05
1.63357128398299E-05
8.02362745911173E-05
5.25915808147697E-05
1.9271003840638E-05
-7.16903391690655E-05
1.16221746759737E-05
-1.33249093179482E-05
-1.50788945275834E-05
-5.03788566949887E-05
-5.7290693874621E-05
-5.6577888433804E-05
-8.83111771205481E-06
-2.26539996396048E-05
-2.30734303974489E-05
-7.25933789025392E-05
-6.74810155768195E-05
-3.74078293349271E-05
-1.97730207509676E-05
-1.43028292335896E-05
-1.50919929029626E-05
-1.81214994633575E-05
4.31426743725497E-05
4.03839666318831E-05
-1.12373278939884E-05
-5.86713382790277E-07
-1.84260363542472E-06
-5.07131271887872E-05
-5.42799584090912E-09
2.15608577894271E-05
-3.60140397808045E-05
3.78641793759674E-05
-1.98184638149347E-05
8.17671362304279E-07
8.22798212839042E-06
-5.69566239508081E-05
-9.22493236999695E-05
3.59272375871977E-06
-1.83074605323158E-05
-2.05377989321528E-07
-1.43732443156072E-05
-1.44076090464375E-05
3.08802234844976E-05
4.55277123310359E-06
-2.39491102164385E-05
-5.38590850122658E-05
-8.06018544351559E-05
-8.71008309034624E-05
-1.37274623559865E-05
-2.63227139570509E-05
-2.43892735683778E-05
-3.15047622861202E-05
-3.08299941023166E-05
8.9524118031384E-06
-2.45064142257655E-05
-7.95545005983776E-05
-0.000109951261611628
-7.6204331056393E-05
-8.1470983671885E-05
-9.43735260142619E-05
-7.24672930016655E-05
-3.63815733346995E-05
1.71673481588173E-06
1.27684483564642E-05
1.45886906120671E-05
7.70676044026279E-06
3.69165817210639E-05
5.38209932711578E-05
6.84010236756448E-05
7.11443151837776E-05
7.32764985378514E-05
3.87302680318954E-05
3.36061276918455E-05
7.62450049892345E-06
3.90176614256098E-05
2.56009218716527E-05
-4.34426971858803E-05
-1.90426260829719E-05
-1.78844698648817E-05
2.76325137314599E-05
3.09361651557814E-05
9.63798797918801E-06
2.73846218949592E-05
6.184399681101E-05
7.25117196497472E-05
7.81963054436518E-05
6.09266462679483E-05
6.48146026313692E-05
3.45458101706379E-05
2.20695090469966E-05
5.5533395286825E-05
-4.25479285487901E-06
2.67675040610012E-05
6.12745971326436E-06
3.23502006782097E-05
4.9151857607483E-05
4.70853753154879E-05
9.44643636208088E-06
2.10548477653764E-05
1.27998834910681E-05
3.12391500374653E-05
-1.91164579940303E-05
-2.93264719025139E-05
-6.77100351748046E-06
1.80082271887015E-05
4.06960024197322E-05
6.9723527137836E-06
-3.92086089807422E-05
-1.51359331600444E-05
-3.01127373556768E-06
3.25678098209094E-06
-2.82749596090171E-05
-2.82749596090171E-05
4.64326207909948E-07
4.19248185509872E-05
4.8493149717881E-05
4.79872404552287E-05
3.43471049090881E-05
4.18183242763646E-05
3.71425938832232E-05
5.78719188260469E-05
4.89959206047274E-05
2.27162067568772E-05
2.64390236006282E-06
2.99979125000745E-05
2.68337985880858E-05
3.84645501837727E-05
1.70721130131263E-05
-1.41046859898254E-05
2.31877345971117E-05
3.22127342466485E-05
-5.96255447860569E-07
4.85164037655951E-05
4.0441646205301E-05
1.26864896623535E-05
2.22539384493135E-05
1.40322223668738E-05
2.68226169774354E-05
3.51025090053805E-05
-7.77325896075359E-06
-3.41001102210499E-06
3.81777831208147E-05
6.56806191234973E-05
9.34485068031398E-05
7.612642960016E-05
7.35332706381723E-05
8.09771802192021E-05
0.000116847174164133
0.000103764708084263
4.76563815734005E-05
3.65276448627388E-05
2.65750768251673E-05
1.44529712021404E-05
1.51188381291634E-05
-6.06164728620261E-05
-1.64794097153329E-05
2.36426724460726E-06
-2.04207224449378E-05
-2.77626068020606E-05
-4.13112309051438E-05
-4.72205103619715E-06
-2.78353878511067E-05
-8.91041487390701E-05
-2.41298360458944E-07
3.17111312168002E-05
2.79435749874506E-05
4.87916057270697E-05
-7.15507842667617E-06
5.27260214886135E-05
-2.26479143909963E-05
-9.3056406563201E-05
-6.77364061593948E-05
1.84482058863378E-06
1.68160872062885E-05
1.92728478897543E-05
5.53655232636661E-06
0.000133014635755339
0.000152043921656299
8.43969888114965E-05
2.54111871289325E-05
-8.87375783877968E-06
1.82001493476902E-05
8.57990353645207E-05
8.61116590397833E-05
7.92251523494698E-05
8.62398506781063E-05
0.000100896486229498
8.35175940358521E-05
5.83756834655084E-05
2.70024372303072E-05
-1.92959138898768E-05
8.73987754489831E-07
-1.97882905395549E-06
-3.30643883679535E-05
-1.77830480897659E-05
-3.76655731733152E-05
-2.58133836102972E-05
-4.26369002946625E-05
-2.97927708971397E-05
-2.63853670316245E-05
5.13691582780298E-06
-2.11683545649104E-05
3.72984663784504E-05
-3.15307458746051E-06
2.35721368967654E-05
-1.40373510928427E-05
2.09125892512931E-05
7.06809356706919E-05
4.0285760636464E-05
1.08805782333332E-05
5.31696075873178E-06
-2.68094168143079E-06
1.247356342948E-05
8.98834271878828E-06
-4.89286211189896E-05
-6.98968634149899E-06
-2.37599260044999E-05
1.00124443772931E-05
7.55340962415648E-06
4.04798144065675E-05
2.36939589361427E-05
4.98371621715454E-05
-9.67305391809515E-06
3.29252339128448E-05
3.80936110533555E-05
5.61364620905555E-05
-4.87228407176821E-05
-3.67712069988144E-05
-4.13503503509536E-05
-3.59042164164985E-06
-1.42261523648299E-05
-9.66660061607924E-06
-6.61691423285467E-05
2.4508928301121E-05
3.27711286570155E-06
-3.11785495067638E-06
2.54147086184952E-05
3.53614704452112E-05
1.86126608438581E-05
2.34271039661001E-05
3.13363570173387E-05
1.24410491880114E-05
-1.1461939677232E-05
-5.04813602045737E-06
-1.9514770915743E-05
-5.83620314736903E-05
2.52106284339286E-06
-3.9808921834576E-06
1.72100940128872E-05
3.01573687318539E-05
6.17111463527438E-05
7.04670796181635E-06
2.68368644674514E-05
-1.70406933098986E-05
-1.80061904780285E-05
-2.95542688588126E-05
4.36695021128181E-05
1.71902552665842E-05
-3.00365333065516E-06
6.30297678968474E-05
0.000115329818552787
1.64552063418584E-05
2.43468929991555E-05
-5.03743313183442E-05
-5.49834505472013E-05
7.22170855885315E-05
1.88570823244573E-05
-5.74746050360706E-05
-2.28354616666842E-05
-1.48878869879728E-05
-1.17393823321347E-05
2.35570815673864E-05
-4.41771851432637E-05
-5.41311060138362E-05
-5.66609854242381E-05
4.84582621420707E-05
2.19663313855251E-05
1.68561900784022E-05
-3.46286817898415E-05
-2.59129725622116E-06
-2.56380380029341E-05
3.04534516007837E-05
-3.36811833633802E-05
1.62802437408098E-05
1.20505502988595E-05
1.88678115171866E-05
-1.90228686557076E-05
8.32219096588729E-06
9.2935492304954E-06
1.60912371740913E-05
-5.76826143453643E-05
-2.40891190801355E-05
-2.64739363648715E-05
4.77613401347559E-05
-2.12651290223396E-07
-3.24208906901307E-05
8.16634032689822E-06
2.09968634769126E-05
-1.85078736950327E-05
2.84517785267283E-05
-1.98019315869507E-05
3.17187534927505E-06
2.18871833691583E-05
5.06059344245425E-06
3.51345345908093E-05
5.26821567732691E-05
6.12845894495126E-05
5.55070256609204E-05
5.20769984753537E-05
4.6335899708736E-05
3.30778194550011E-05
3.14603276217591E-05
2.10804272408293E-05
1.96912123752865E-05
1.35707072895286E-05
5.51510910514942E-05
7.74754542507183E-05
6.02214749183029E-05
2.17437397779858E-05
7.09301302417787E-05
1.06755861535215E-05
4.34542461191054E-05
-1.76228631773646E-05
-1.72417809631324E-05
-1.39698306220259E-06
4.47552208314355E-05
-2.90806856121317E-05
2.59828168509625E-05
-2.09828466086653E-05
5.82188100469933E-05
2.22835245450017E-05
7.33895315044376E-06
1.69923439970733E-05
5.27515770147406E-07
-1.15955767540923E-05
2.86691893670889E-05
3.82383629747726E-05
1.07130212976498E-05
6.79576012437171E-05
6.36113663680921E-05
0.000100559145375818
0.000115548780164849
6.24278027325543E-05
4.50661341983589E-05
9.10811099107616E-05
-4.54593620547437E-06
-1.32795471056897E-05
2.71270338326436E-06
-3.74052590186028E-06
2.61438448041321E-05
2.98401700628526E-05
5.57540429993026E-05
0.000127678497734646
0.000114827545649583
0.000133280972593304
9.44322664174294E-05
6.3907144850889E-05
3.42203099354189E-05
-7.50130804082501E-06
-7.78905274774675E-05
-4.70126680144929E-05
-5.30835815733271E-05
-1.91202685774678E-05
-3.89857556088482E-05
-7.9409488245883E-05
-9.15375558275632E-06
4.50233399355518E-05
8.79243658187264E-07
-3.01435599946108E-05
-3.11207553487941E-05
2.74500313260475E-05
3.47017303043437E-05
1.10023348170169E-05
-4.14308864702413E-05
-4.61279786378975E-05
-3.65797869750586E-05
-6.6726745335691E-05
-6.67694937478235E-05
3.20865262719799E-06
-4.40038705126119E-05
-2.26878906110083E-05
1.96725818050902E-05
1.39814745813911E-05
0.000100093115103118
6.50793625567315E-05
9.46219139209853E-06
8.90671612608559E-06
3.16285646656221E-05
5.31004400598326E-07
4.57543268688889E-05
-9.04490052943032E-06
-5.78907570718465E-07
-1.01000905585376E-05
-5.37562217054656E-06
-2.07458513930776E-05
2.20317015549482E-05
-2.9472971318656E-05
-1.61566800726228E-05
-2.62945217948243E-05
8.62604252783037E-06
9.75147726232886E-06
-2.30793627583165E-05
1.67159330316881E-05
4.90071444353723E-05
9.37130753736889E-06
2.57400665626068E-05
3.16234683621222E-05
2.50344770382215E-05
7.67722736001733E-05
-2.02555004418426E-05
-4.93487330286314E-05
-4.19815661579174E-05
-4.49168004994684E-05
1.05609762125875E-05
2.29540007516839E-05
7.50925387520098E-07
1.31357144399191E-05
3.53088556835331E-05
2.51401270404079E-05
5.7445187138039E-05
-3.20708751922231E-05
-1.50565996307878E-05
-1.84120259131724E-05
6.89201971976807E-08
-3.92380491548404E-07
2.29639515026281E-05
-1.52682339069241E-05
-2.30314747002948E-06
-2.11793194866798E-05
-6.4633082879403E-05
1.39666484396842E-05
9.1004151974607E-06
-2.39444164894359E-05
-1.79554036143648E-05
-1.55775689163054E-05
-1.06069564088406E-05
3.38305798485166E-05
-1.55393692357058E-05
4.45137999393444E-05
-2.45122011428434E-05
3.21207230429156E-05
4.37017866994274E-06
7.96045986086699E-05
7.26809406325594E-05
2.87970231745809E-05
-1.90987179801431E-05
7.61388139879921E-05
4.55582300524296E-05
0.000120309120430639
8.67951535758836E-05
8.79399430793021E-05
6.5332321088581E-05
4.29872257600333E-05
1.35765247955242E-05
1.015767597822E-05
-1.83255745921122E-05
-5.78323744297913E-05
-7.30800447106949E-05
-5.65190379971224E-05
-3.01048384642931E-05
1.08659840551828E-05
2.40147452869445E-05
-8.460088980365E-06
5.87906945643936E-06
1.23173015361761E-05
1.93417489924491E-05
1.39792171390465E-05
-4.37053469288543E-06
-4.60877923288438E-05
4.28471564184188E-06
2.05264802471087E-05
5.00466624566273E-05
6.45515507775367E-05
5.48665511587823E-05
5.72602868010813E-05
8.99992177332387E-05
-1.41072791261111E-05
-2.47668360166984E-05
1.34532916548251E-05
7.79299407898072E-06
-5.33281603144889E-05
2.11608801064013E-06
-4.57241673106671E-06
3.33138430898166E-05
-4.10004987179001E-05
-5.7623691970815E-05
-2.27919498635812E-05
9.18918567810656E-05
1.4580319656594E-05
8.72467908319976E-06
0.000103713307826854
7.91651419254641E-05
5.50869892607502E-05
3.3701973669645E-05
-1.52012610787305E-06
-2.75310372315994E-05
3.93545619275776E-06
-6.7993316813255E-05
-2.30397681439325E-05
-3.00195740128893E-05
-3.48190631816422E-05
-6.3234448310513E-05
-2.58288669227464E-05
-4.03598682537877E-05
-2.49255695699167E-05
1.22868181559437E-05
3.79714477107136E-06
-2.93967131236064E-05
-1.30980811054669E-06
1.38086416540706E-05
-2.73745242766123E-05
1.8926581516485E-05
-2.56911223994737E-05
-3.22354522370246E-05
-1.11178285012964E-05
1.03504086735828E-05
-2.07886992645585E-05
-2.55728779813888E-05
-5.74030142741541E-05
-3.03664206363783E-05
-1.57412606296578E-05
-2.56584364538971E-06
-3.04430301113834E-05
-1.30137099035909E-05
2.6535972877104E-05
4.09453765661735E-05
2.69525465087561E-05
1.3294894403011E-05
5.81129881634678E-06
-4.71389871837233E-05
-2.37935322161006E-05
-2.46792860926699E-05
-8.43102087891234E-05
-3.98609044671982E-05
-3.10839075671129E-05
-2.47924876199789E-05
1.91904470270246E-06
6.14770117500262E-07
-2.8450156696659E-05
-1.07466568907905E-05
-4.56739287010045E-05
-6.64213132280236E-05
-4.05625855663362E-05
-3.88267995444824E-05
-2.69230847562988E-05
1.38023513614244E-05
2.48350878721146E-05
5.59737717109059E-05
0.000101590147399112
7.18229702071383E-05
8.86326211758052E-05
3.41466454473419E-05
7.3661833901015E-05
6.27159881290869E-05
3.58774440834159E-05
2.79045422270038E-05
4.60586140057181E-05
5.18139308799907E-05
7.2254790241199E-05
5.135478857522E-05
6.18329841434967E-05
4.37843264037873E-05
4.82829573039543E-05
5.918401646658E-06
1.93945438230481E-05
5.12587212112438E-05
2.91806157432721E-05
3.06292958707404E-05
4.71217942789256E-05
-2.19692729628968E-06
2.3225500130176E-05
2.34506061771595E-06
-1.0419781540615E-05
-5.8396681671796E-05
-4.00273806874734E-05
4.38116024126801E-05
5.90305984971613E-05
8.3032993305836E-05
7.97655250255689E-05
7.62462634190116E-05
6.82475647353697E-05
8.77321528212122E-05
8.43333669723227E-06
2.02095214376601E-05
8.07635351910286E-07
-2.84560084824781E-05
-5.62075195936291E-05
-2.82677856577658E-05
-9.58297424666408E-05
-5.8722664665163E-05
-2.982955592509E-05
-3.30787945775684E-05
-2.70673111069638E-06
2.74193703552818E-05
3.74312404601176E-05
6.54030573323143E-05
2.27827249091202E-05
3.77541356885604E-06
1.72950688761456E-05
-2.28938017157795E-06
-1.81819654340823E-05
6.40353337331566E-06
1.14084457286205E-07
2.38245530770803E-05
2.62864493417262E-05
6.19430893946115E-05
-2.9895389027846E-05
3.47603546504778E-06
-4.67259391737432E-05
-5.9399561956172E-05
-8.8388723334306E-05
-8.95506570206047E-05
-0.000138926085592432
-1.56579708914879E-05
-3.73172966192044E-05
-2.87818363757439E-06
3.56030006623453E-06
1.29363025989652E-05
8.59084202724563E-05
1.51378234186352E-05
4.56155637989059E-05
7.10295752558229E-05
4.56852031563063E-05
5.83580802212043E-05
5.29318148235353E-05
2.37044348376676E-06
0.000113325467886194
3.36300316163522E-05
-1.66765549834959E-05
5.28249976201024E-06
3.81282697685564E-05
4.47211940984176E-05
-6.05219222662607E-06
-5.04808015330415E-05
-2.53633648912447E-05
-1.72232793246107E-05
3.36585397830046E-05
-5.27088549350186E-06
-8.08669689649998E-06
3.23901816982893E-05
7.21949978428651E-05
7.00729373126841E-05
7.36570523940172E-05
-1.08882079056224E-05
-6.48989392957792E-06
2.06710878775999E-07
2.02502474596493E-05
-5.33541836801738E-07
4.62212803207927E-06
6.93914994216621E-06
6.11225803356763E-05
7.34768861888312E-05
6.17950639553286E-05
-2.39926638072376E-05
-3.97672042907194E-05
-1.13001164360567E-06
4.25164133341799E-05
6.45298833913594E-05
-2.27155446324444E-06
4.6277378689184E-06
5.87317712154157E-05
5.92999724652394E-05
-3.44144108776336E-05
-3.78573818421658E-05
-0.000101446413246193
-4.40482762542497E-05
-3.84046949349439E-05
5.58404915504538E-06
-1.01568350871913E-05
9.14587184833332E-05
6.66917363350432E-05
8.74385522119326E-05
6.97753245414787E-05
8.99981492616164E-05
3.52073216778802E-05
6.75197531638952E-05
4.26249514537734E-05
3.28590119757688E-05
5.04885143029556E-05
6.0492392494437E-05
8.50249780361958E-05
7.34245827899289E-05
3.58227437456954E-05
2.67862742509165E-05
3.01487940993202E-05
2.26938215274206E-05
4.86468641387957E-05
-7.64627680564471E-05
8.19385291456268E-06
2.49601694507993E-05
3.80182116689498E-05
4.20414310890235E-05
2.76495229697547E-05
7.52941024780709E-05
0.000125380844283728
7.76467492295832E-05
7.98954229909881E-05
4.59326963228349E-05
9.47038903036726E-05
7.09988875047238E-05
3.2498155739192E-05
3.70351083626142E-05
-2.61394253547884E-06
-2.49488699555309E-05
3.22675607866106E-05
8.95471271912908E-06
1.33850449047732E-05
1.40312495216482E-05
3.00457826571165E-05
7.45325988398042E-05
0.000146491325458479
8.8615286823009E-05
6.61903000051782E-05
6.31364953636517E-05
4.83118584609229E-05
8.46456817944396E-05
6.19421319993197E-05
1.25719094624288E-06
2.59280613105455E-05
3.03757111794466E-06
4.48501455939872E-05
6.50245471543291E-05
1.01445797666523E-05
-2.12093509203824E-05
-2.77487833148458E-05
-4.66797999788531E-05
-6.14020692348205E-06
-3.12805047316297E-05
-0.000112917871527381
-2.64124732813361E-05
2.47024773384709E-05
4.81189970297889E-05
2.5959166878785E-05
6.346153094374E-05
6.16954683172911E-05
0.000130767789392245
1.72052798208911E-05
8.80781237215233E-06
-9.24945111586082E-06
1.29659037597975E-05
-7.89473977481478E-06
-5.42614138177886E-05
-8.84498339630965E-05
-1.42165432405293E-05
-6.41708098319399E-05
-2.68731267074456E-05
-3.84708565672099E-05
-7.68636919337134E-05
-3.75510257904284E-05
1.36583406763154E-05
-4.46798052105412E-05
3.85908217045139E-05
-6.42481572410433E-06
4.36652627554851E-05
1.04073219306358E-05
-5.16576354123166E-06
-2.508485722167E-05
1.62650211715593E-05
-1.01176708949923E-05
-2.48725810526629E-05
-3.25125066194419E-05
1.4172328597615E-05
1.44296510943501E-05
-4.19424747125306E-05
-3.01776656538048E-05
-9.7503377945725E-05
-4.87699860096585E-06
-3.31994127768847E-05
-7.51475908038153E-05
-4.97843363923529E-05
1.87444925188999E-05
-8.82102385618681E-06
6.07129201332276E-05
4.46719165734875E-06
7.01806652274958E-06
1.90552410848753E-05
5.0306807475646E-05
1.23436179914151E-05
1.73494170526777E-05
4.86598209533212E-05
2.66586941522761E-05
4.70430015385286E-05
5.77582319687387E-05
6.72883585629455E-05
7.95662074888101E-05
8.82235970058125E-05
4.19948865740903E-05
0.000101521773584727
9.10855685993172E-05
2.13911692457898E-05
-4.40017175547528E-05
-1.9265769730502E-05
-3.00386817942416E-05
-2.06190792243488E-05
-0.00011588407907526
-0.000105395428674907
-2.23712088396131E-05
3.33282525100202E-05
-8.06129288953975E-06
5.26242319594573E-05
5.99928266500204E-05
0.000131705225917265
0.000169981056290764
9.32462272910032E-05
4.23559312770736E-05
5.42340762100377E-05
1.47339240738217E-05
-1.24485917552976E-05
-2.45247534993358E-05
-4.79733286999199E-05
3.55610541903398E-05
3.892848980623E-05
4.29651910416778E-05
2.22589583330131E-05
5.44628384709173E-05
2.51648230926078E-05
1.03286226527878E-05
-1.98213180554128E-05
9.70768477628031E-06
1.20007089091401E-05
2.6929317468227E-05
-3.68787080426151E-05
-2.7120565149422E-05
-1.33907676681099E-05
-1.73979547552553E-05
-5.67410073516854E-05
-8.54928938129783E-05
-7.33289632263989E-05
-4.75201131308203E-05
-2.86485597667738E-05
-5.92760352263049E-05
-2.46979678702749E-05
-2.2459526903641E-05
-1.57008745346292E-05
-3.81875663221316E-05
-2.23921537330276E-05
-2.73849748570785E-05
-1.40521768661855E-05
-2.19398415635098E-05
1.81508432460793E-05
2.07346675635876E-05
3.16042900470522E-05
-5.74252639087811E-06
4.04367922472693E-05
1.91283978342899E-05
2.47465097053204E-05
-5.27253245804384E-05
3.30549237465407E-05
-5.53250517227199E-06
4.63037996974792E-05
-1.62320272717598E-05
1.85720886959236E-05
-4.38919877663522E-05
8.48318758758012E-05
-3.68551294263634E-05
-2.74955585066923E-05
-9.18077961736008E-05
-8.29738120199134E-05
-7.24464793106269E-05
1.26527453267975E-05
-4.82345689459281E-06
2.30733870031846E-05
7.53427984937166E-05
0.000106085841859518
9.21448751595795E-05
7.9539778809119E-05
4.96905003512074E-05
-8.26953949486194E-05
-6.09777794424861E-05
4.19095502242885E-06
-6.77542336358478E-06
4.4865062748209E-08
-4.45240788844554E-05
-9.28386765538295E-05
5.86185605215795E-05
0.000104240309017962
-6.68273018405312E-06
-1.80411890548881E-05
5.86545543345424E-05
6.3876345574167E-05
7.29995520938402E-05
1.22319061244559E-05
-5.08662671789891E-05
-2.49312483846785E-05
6.25587541836852E-05
-5.16430565917178E-05
-3.22317058426824E-05
4.6245596605038E-06
2.10642519139825E-05
7.95408231734533E-06
2.74528393433627E-05
-5.52790370408797E-07
7.57659832245534E-05
0.000102019732072596
4.13519515331217E-05
6.0210478353963E-05
0.000129729721322652
0.000110767099742081
7.44386798703834E-05
3.52554164866432E-05
3.52348379936225E-05
6.61721401359308E-05
-8.37453216451544E-06
-4.469242225103E-05
-4.08430180548286E-05
-2.00320640247857E-05
9.94235082047218E-06
-6.5570141925491E-05
-0.000134216419158365
-6.42872512810548E-05
-5.81017840184929E-05
-5.11336549666746E-05
-3.60271443627079E-05
-7.20121046941179E-05
-3.62769168336412E-05
5.16073737915407E-05
3.66548009304127E-05
7.13304162865422E-05
1.47079819551345E-05
-3.19309360253739E-05
3.30544421673125E-05
3.5806981979893E-05
9.02016221046979E-05
5.64296449299436E-05
4.49453025745101E-05
3.58109711910553E-05
7.82559885285675E-05
5.00282278913433E-05
4.0782797012464E-05
-6.04546769871379E-06
1.96779714903286E-05
2.26952946587021E-06
2.63810254301803E-05
3.60736797544784E-05
-7.4070149894935E-06
2.10725087528454E-05
2.93782246948413E-05
6.50592396612695E-05
5.91971973932075E-05
6.05560866931576E-05
4.19172748874593E-05
9.28227190683314E-05
9.06814583611155E-06
1.26928782140504E-05
-2.4774398291617E-05
-3.20163257340785E-05
3.37891659199131E-05
7.35345532278083E-06
-1.18945498922913E-05
2.97699320534003E-05
5.44005748350657E-06
2.11500774365954E-05
1.00309834734257E-05
-5.87798990979628E-05
2.51278295321454E-05
2.0833765640881E-07
2.17869688434869E-05
2.94244629226123E-05
5.13115264668414E-07
-8.47254477284488E-05
-3.84055856634392E-05
-6.35055934454982E-05
-6.41671836497078E-05
8.09505925917761E-06
-4.91108631301598E-05
1.11923466581281E-05
0.00010965887501626
0.000120554407617534
8.98959806496726E-05
4.36601169652404E-05
-2.27753606814173E-05
7.74293169832417E-05
4.80218387503235E-06
-1.57452505143309E-05
-3.65492230547742E-05
-2.41761781430757E-05
6.05992912720906E-05
5.6637610289813E-05
-5.06025419259186E-06
2.1183619998606E-05
4.35636198695722E-05
1.76659772352867E-05
3.03046905488617E-05
-1.38550357421166E-05
-2.58219590939907E-05
1.38869940353958E-06
-1.53869441832726E-05
-1.56841172967601E-05
3.6721611396801E-05
2.27596597745038E-05
-1.43422871492062E-05
3.57463660452355E-06
6.75693483942844E-06
2.21155107832888E-05
-2.26536750135614E-05
-6.37369951393642E-05
-8.84918098446513E-05
-1.36441015067804E-05
-2.05838942491342E-05
-2.81366641589121E-05
-2.47229454984677E-05
1.8748402143311E-05
-9.24650221173318E-06
-6.96165473042297E-06
3.52516536843397E-05
6.19093117237665E-05
5.43964398453575E-05
4.58415775425052E-05
5.32522339886878E-05
2.50754761944649E-05
5.28917436172906E-05
-7.25423596126639E-05
-4.12689251301512E-05
-7.22039757485385E-06
-2.95449457291109E-05
-5.78498579849252E-05
-2.5958478954905E-05
-4.37272045618523E-05
9.32762266832213E-05
5.41118720434112E-05
4.47546104829462E-05
2.96035892773312E-05
9.43220502872162E-05
7.36812163769291E-05
8.56939706599698E-05
2.67555530899496E-06
1.76477813473566E-05
-5.53704801060845E-05
-6.33742519683754E-05
-4.99516575873946E-05
4.79008018734122E-06
-2.34427771056405E-05
-1.95950440245805E-05
-7.97781580066829E-05
-6.63491529379369E-05
-1.03391870146966E-05
-0.000104612484749351
-0.000103718298135908
-9.30064790928904E-05
-6.69807604859012E-05
-4.14482476359114E-05
2.91158130754571E-05
2.9719313824469E-05
8.10763672511134E-05
7.32532510449582E-05
6.91981902687676E-05
3.62108915218357E-05
4.83502727826967E-05
6.26704208253633E-05
-2.8000550043186E-05
-4.80005607180622E-05
1.26515439714274E-05
-2.78453326519994E-06
3.66909850275143E-05
1.27784755335316E-05
1.66608449838815E-05
7.58207379868349E-05
7.78615504818365E-05
3.55820564921259E-05
6.31302964322817E-05
5.24521168847373E-05
0.000100627474713704
7.25661871051216E-05
-1.36352275257078E-05
4.82536658719609E-05
4.29596741293108E-05
0.000123695871053954
9.09036081134932E-05
6.16374116655455E-05
2.25185870924104E-05
0.000109625584568987
2.25287163618301E-05
2.33730672146736E-05
-7.25477286750564E-05
-9.10357703083647E-06
-8.05396507511449E-07
-8.50923968453662E-07
4.07791325787951E-05
6.88913186975274E-05
5.32432800828283E-05
-1.89387136057447E-05
2.01158709529961E-05
3.82612717699427E-06
2.29977076347823E-05
2.06748381426252E-05
4.54939851307055E-05
2.1205315938353E-05
0.000103466185142458
2.6003314574783E-05
1.89811162004446E-05
-9.38197037468068E-06
-1.80370938333312E-05
-4.51389132201176E-05
-1.48384924434891E-05
-1.12808494607909E-05
-2.31867165657325E-05
1.13255904275889E-05
1.52477188677096E-05
2.21120734071546E-05
1.190194468893E-05
-1.86914803004162E-05
4.28679132448382E-05
9.46702470294335E-05
3.00345668531747E-05
4.15127827056537E-05
-2.42240972668187E-06
3.94092518812038E-06
0.000102562946395683
2.23030278637184E-05
1.15648618289715E-05
5.12467750548183E-05
0.000151970233018306
0.00013446539469305
0.000190857246210953
0.000155745420782351
0.000140244900133962
6.82012615529361E-05
0.000113789779549821
1.21278315594595E-05
8.14694277050518E-05
2.39733704588072E-05
-2.6939612447967E-05
3.18969436452731E-05
3.86040514616251E-05
7.34671907785857E-05
8.71026703255028E-05
8.40625395244602E-05
5.16489248450693E-05
7.62074546531255E-05
3.80655884825984E-05
9.1473251398488E-05
5.40299570596767E-05
4.51243425345758E-05
-7.90656037254956E-06
3.42373762043259E-05
-2.57659601825058E-06
5.75375007098451E-05
4.44911200611882E-05
2.07614892181931E-05
2.22685116682594E-05
4.67523938994677E-05
3.42647160072871E-05
1.21986478041976E-05
1.73881515888545E-05
5.91392742858317E-05
6.01671092220655E-05
9.7988554097677E-05
0.00018062182565205
0.00023816705049154
0.000332711897218074
0.000356828094400191
0.000408666699535009
0.000394471728572546
0.00036324633825585
0.000278943079449282
0.00022805050917192
0.000181877829940729
0.00010031390769521
0
0
0
0
0
0
0
0
0
0
0
0
0
0
0
0
0
0
0
0
0
0
0
0
0
0
0
0
0
0
0
0
0
0
0
0
0
0
0
0
0
0
0
0
0
0
0
0
0
0
0
0
0
0
0
0
0
0
0
0
0
0
0
0
0
0
0
0
0
0
0
0
0
0
0
0
0
0
0
0
0
0
0
0
0
0
0
0
0
0
0
0
0
0
0
0
0
0
0
0
0
0
0
0
0
0
0
0
0
0
0
0
0
