0
0
0.00454291496906953
0.00404106155989497
0.00364627789226596
0.00339287577879953
0.00416375204355787
0.00185942477026238
0.0022663070564749
0.00235154070479797
0.00268260967957877
0.00199851504164188
0.00240726885752688
0.00179171038802015
0.0015417674128534
0.00173225773141673
0.00170788017903838
0.00163224488162559
0.00147743945732727
0.0016420635591722
0.00163209314414508
0.00172855697815257
0.0016162869986523
0.00136429448649507
0.00190412538011335
0.00180502047791689
0.00167005002800402
0.00187855223374084
0.00507235249693559
0.00126346820751227
0.00528871885537429
0.00293373545853192
0.00151617471320536
0.0017314967905641
0.0017043313714696
0.00155738359038261
0.00207946261129915
0.0015073089337462
0.00175574380552362
0.00144873501453229
0.00134487308622647
0.00129443478457474
0.00224794437823233
0.00161014369231066
0.00168873461806574
0.00131747267212478
0.00141249531991679
0.00139094709872767
0.00158914794401422
0
0.00207902169167178
0.00127606697868281
0.00142532569313705
0.00147442587789381
0.0015069217159884
0.00153288712088772
0.00132159669599013
0.00145645057972284
0.00144889816185929
0.00143424775774929
0.00151416451635962
0.00129891689796987
0.00109345474163437
0.00159539234861415
0.00126911790246419
0.00147885439034445
0.00167489708349804
0.00113633981539412
0.00155853112407718
0.00141390308276841
0.00148652296029803
0.00141402848176787
0.00130552901017408
0.00125618820250801
0.00124382708763741
0.00147544192824329
0.00110863649881434
0.00134124978271886
0.00113478942182162
0.00121813745824774
0.00119803480006647
0.00138677466848688
0.00104755661822295
0.00129402843251619
0.00129391555918532
0.00126694949681742
0.00135754027742824
0.0012140801939787
0.00108879839566446
0.00100694973625509
0.0011623008013043
0.00115806301306819
0.00118906509664966
0.00119383557313102
0.00108179268283992
0.00129667842817136
0.00132882865566111
0.00120910102359282
0.00103083458551328
0.00124328936479345
0.00162391399599261
0.00145651517546608
0.00112444767949492
0.00109970772281673
0.000973364558848553
0.00109229738969552
0.00129307306346067
0.00142694750606498
0.00124869959120123
0.00114396886487312
0.00105606151524432
0.000935115889437429
0.00144155013796871
0.00101372233628639
0.00107761143407194
0.00114845683605486
0.00118969377353427
0.00105868029028731
0.0010394120929505
0.0012732448024279
0.00121818307356148
0.00209481071354445
0.00105345975800334
0.00103602837438904
0.000985793785527179
0.00107390336535553
0.00135627497442907
0.00137962638107108
0.00128785268838511
0.00127065256369678
0.00143386410151184
0.00111680478163973
0.00109441088563018
0.00147233900720322
0.00133627786348152
0.00106373513582205
0.00119175396242255
0.00118418992716647
0.00131237887530346
0.00122619792909986
0.00100086269603646
0.00115017216301963
0.00128018319891648
0.0012239051676936
0.00113357541229037
0.00105201120170568
0.00104636197564078
0.000934076050803658
0.00119061765698833
0.00115080997308827
0.00107046165857877
0.00116777079152575
0.00105939712982609
0.00105181351897664
0.000918124337231888
0.00101473493015184
0.00118139608090211
0.00102080365110132
0.00110054107540972
0.00108692368458499
0.00101680267116366
0.000992442211260347
0.00106369737840483
0.000873490353445714
0.00105523025055465
0.00111060553888357
0.00132273817191721
0.00106082493982873
0.00107739292502101
0.00118522243824089
0.00149928040566172
0.000872998410192643
0.00112355778050588
0.000939140426890533
0.0010948429784499
0.00105594868535618
0.00108307438845688
0.00108130651734413
0.000969198507696514
0.00116875611824011
0.0012245792691966
0.00124197925473342
0.00090512687946891
0.00127379491254686
0.00129934888761122
0.00110753868491416
0.0012996085753786
0.00109636112126436
0.00117679073877651
0.00105043892413123
0.000988201206356082
0.00126503622445156
0.00109962453154047
0.00123234619921873
0.000919987314747
0.00111679496891054
0.000911117058117913
0.00116352589611986
0.000957018670391459
0.00106694377534073
0.00130931972571354
0.00102124077426685
0.00104520086485446
0.00109795920050326
0.00119636195527571
0.00104737766447023
0.00104956502561767
0.000944388934932775
0.00108369699224208
0.00104374875789544
0.00113729919208857
0.00113465928356899
0.00112688605627317
0.000954484506306816
0.0012686343329875
0.00102641057235151
0.000975672652081065
0.00112740479212362
0.00109370000847988
0.000870142244225159
0.00108653360091316
0.00107078361582571
0.00123043772398022
0.00110082757461137
0.000934982867190843
0.00102222079598685
0.000955439764986101
0.00108745189331945
0.00115821926607161
0.00105702368937144
0.00120857939494484
0.00110797484525807
0.000997337625756442
0.00110255585693083
0.00116913422390456
0.000936299384290412
0.000962122069496251
0.00117168231125251
0.00112456547432705
0.000918711405215352
0.000911306548823618
0.000972641094507316
0.000908360836304977
0.000957510665288045
0.00103360506955557
0.000908135036483291
0.00128279125639046
0.00107337177605938
0.00107730101745802
0.000971922689585309
0.00103482221405078
0.00105685628243389
0.00100533222199361
0.00108279607512226
0.00105782458285507
0.00105428168032954
0.00117491404646098
0.00110285824467919
0.000848161639104333
0.000965094917481542
0.000949021116897315
0.000948741994475201
0.000855759003824246
0.000991884131357223
0.00110297720159538
0.000983000689928504
0.00103986247098097
0.0008560616910355
0.00104369847028752
0.00103299641049478
0.00105714736196646
0.000930979946765633
0.00115899021987673
0.00109536950032007
0.00109288141439895
0.00112336200241077
0.000926208482871703
0.00104089965000655
0.00106981210778603
0.000915404080806764
0.000984797174971264
0.00109705487387831
0.00107637083464333
0.00128026832391942
0.000975351618421693
0.00102752744569412
0.00102690761711981
0.00103165443592176
0.00089692490222515
0.00103281250287577
0.000914604741601755
0.000874159527107093
0.000916060241374487
0.000797805380910271
0.000834573055023663
0.00107326358477907
0.00086943436244607
0.00101172007708118
0.000905634192991112
0.00101948345629341
0.00118253459475876
0
0.00118287383948069
0.000919302965990133
0.00112300074845963
0.000980132591338885
0.000779150156321414
0.000983533346834115
0.000919988485779959
0.00104143696313236
0.00107726110342177
0.00090925511254493
0.00103440310642988
0.000942745374709785
0.000784100417839389
0.00105467406955394
0.00110446884935647
0.000981809459375486
0.000925379621509815
0.000866570139072344
0.000999917508895136
0.000853747424678207
0.000970725578097146
0.000909105075258958
0.00088246039672871
0.000849841304937345
0.000788600273650427
0.00107040517367364
0.0010048144636162
0.000985263099995487
0.00107250761294752
0.000922025377017919
0.000810640933223631
0.00101404208703371
0.00112505580509675
0.000942069280616377
0.000933788582430073
0.000801588512387522
0.000944364922785828
0.000716566811347946
0.00107846679157412
0.000999499620946816
0.000920897000300886
0.000836744444083917
0.000809948001824107
0.000862424634379852
0.0008930950907812
0.000870195992307784
0.000873975698254484
0.000918233061911069
0.00108274030931199
0.000778636555333467
0.00105521459953223
0.00084311281461684
0.000932831880234877
0.00110609707280755
0.000980809024985341
0.000925559003237925
0.000951807684050088
0.00102868273209454
0.000994689449030284
0.00114038491556148
0.00096057097830915
0.00082677114050555
0.00118054545201789
0.00140035355127572
0.000947518966541578
0.001055603208309
0.00093184257311432
0.000952344717926891
0.00103528929011771
0.000864976070081605
0.000926738306522491
0.000886930991866902
0.0009987492762598
0.000847661995803979
0.000994059588291073
0.00148341891054999
0.00142746687264325
0.000951965124462035
0.000885281267003579
0.000813429001709874
0.000829325580340252
0.00092433087278506
0.00107003182703599
0.000927347123279872
0.00115999146998676
0.000875384943176337
0.000970216932197739
0.000935764073174805
0.000934572413583698
0.000911443578432441
0.000744750610928685
0.000855374632533098
0.000961829788433357
0.000631569599370259
0.000974835779028132
0.00106468338114568
0.00100839634917741
0.000852137600036696
0.000935191898256746
0.000822359971207713
0.000910316574933537
0.00104842223232227
0.000968388091203332
0.000809275600973745
0.00104350172498329
0.000942321066882112
0.00108912242101887
0.000856411118400536
0.000863372542373723
0.000935079496716616
0.000850760568351113
0.00093063754691874
0.00108848332300371
0.000838619046862195
0.000878315642539067
0.00128123763376803
0.000921307196872014
0.00104510183859381
0.00098776486251275
0.00101747372587421
0.00093897491841942
0.00106630340355496
0.000880509520735198
0.00101446915919967
0.000905868772434991
0.00105170771469592
0.00103793838930411
0.000862084070850953
0.00117488808871067
0.000920537286770766
0.00108171974228372
0.000892516179235956
0.000988496674788783
0.000886632080414233
0.00094061280501116
0.000974220241030121
0.00087511898551731
0.000927401758057139
0.00108600924887294
0.00107446141191432
0.000943464717647334
0.000889499401180311
0.00102293824899459
0.000803421060468915
0.00090490810285893
0.00087255110816967
0.00101648065728907
0.000931788108100886
0.00083838872409123
0.00099705758042297
0.00119883012226684
0.000921022130451841
0.00101363077926966
0.00104088191664179
0.000846971525757423
0.000712369803056188
0.000956366845651391
0.000878051370328294
0.000993069393734595
0.00102529907438649
0.000945293474866274
0.000934625645463948
0.000948535321331879
0.000856880363188688
0.00113490886458601
0.000821628781625673
0.000887679366772164
0.000890968220876254
0.000883525991162331
0.000961208625880918
0.000964798841084038
0.00086931830688684
0.000914351477114901
0.000853946648633504
0.000897229256556027
0.000859202153778957
0.000996794987528387
0.00099792783225611
0.00094644722897889
0.000863962900383376
0.000980887229803837
0.000961371302205477
0.000979031000164916
0.000865283603137571
0.000917316888153817
0.00113372867459826
0.000879072024266887
0.000780903639222713
0.00101210031594491
0.000824397392729365
0.000958085255850988
0.000901253308312317
0.00109515898813805
0.0007570818055131
0.000931327914193294
0.000988438767500796
0.00093625413771901
0.00083007518441438
0.000946506033552551
0.00079166006338968
0.000904376999395097
0.000867048744701042
0.0011685660760913
0.000980339132308495
0.000984059621096773
0.00102025004831459
0.000949596918213065
0.00121915889111581
0.000821253924960308
0.000886808939782926
0.000936203474264225
0.000831655172618632
0.000989390266127947
0.000848234431151654
0.00102625859457973
0.000749722789225503
0.000845560939574788
0.000849428000451699
0.000781557774130216
0.000806182013375813
0.00101015953256114
0.000792065776436453
0.000910380806909765
0.000986806692939112
0.000894204587873818
0.00106761353620793
0.000976110214505672
0.00100204106819378
0.000845934734593461
0.000841304410927815
0.000879484061979816
0.000870879254382817
0.00081561440848612
0.000852839621894573
0.000775335626097013
0.000970928345816823
0.000925580045396647
0.000815582341535161
0.000987249083524956
0.000803414097462909
0.000782089827850002
0.000951527006478842
0.000886790554079234
0.00110802279841924
0.000919250991102122
0.000925501578778277
0.000872144320053478
0.00109651515181469
0.00100642128380468
0.00136273568988281
0.0009764994850138
0.000985131553826091
0.00083744061166836
0.000853751269299846
0.000783164271435353
0.000823321202739179
0.000899120011651233
0.000963799101801575
0.000886008735964991
0.00087942947678008
0.000822200104084939
0.00091160585722034
0.00102655550141563
0.000822793903666695
0.000917516552786199
0.000911963340750308
0.000889842722222586
0.000877632046530854
0.000933286821563393
0.000971336201309535
0.000823229945437552
0.000808683841725031
0.000864992509265856
0.000984335059656018
0.000777360896177084
0.000953313240208637
0.000891909775334605
0.000930555450293522
0.00093814071066918
0.00088582035111533
0.000807493506923449
0.000925399787243189
0.00107547726908556
0.00110677308648993
0.00102023290237927
0.00102886954872595
0.000821013911472284
0.000928441930675967
0.0010353586834503
0.000855625568789373
0.000945829743853958
0.00103771817735239
0.000813537978681119
0.0010280417218675
0.000943884084549891
0.000923555870581457
0.000788806303962422
0.000811689056582778
0.000787486360394416
0.00109471759494417
0.00101945580709205
0.00098155050366369
0.000885087154322135
0.00107968464791857
0.000900586072219403
0.00077098711214656
0.000866939399914621
0.000825793354053801
0.000961539660134987
0.00107084912885191
0.000848500433577731
0.000875618215321103
0.00102502000381383
0.00102679454048564
0.00086058628398402
0.000924804591589993
0.00100919273399196
0.00097867597782649
0.000859661569081837
0.00105309608749455
0.000849149514973971
0.000893796771353699
0.000786024221614827
0.000886061984421202
0.000905861144439987
0.000813002164286379
0.000825025892475053
0.000905221371063476
0.000880783436004958
0.000959022167797608
0.000947724056005689
0.000864303145338095
0.000886406545349482
0.000776155595612482
0.000922861938094166
0.000947864449004207
0.000937988169300776
0.000784401298174597
0.000833452209831595
0.000844248557217305
0.000921790271388318
0.000902582416534409
0.000888477696798526
0.000919515121615121
0.000931381158319023
0.000891466028506595
0.000872075222092065
0.000922588355283482
0.000879617579398494
0.000872672129357896
0.000834247708620738
0.000986526194474391
0.00100100506754891
0.00089297801871344
0.00101248085834748
0.000876561973723211
0.000799803459562626
0.000819023078357248
0.000859258827406846
0.000904763034060995
0.000921107895153004
0.000924852836687355
0.000987375525947318
0.000831561045411324
0.00101442984531093
0.000918857819925299
0.000851610661085326
0.000873446575265252
0.000935772404544066
0.00095045132630961
0.00141129077714865
0.000882447128962637
0.000800267095908113
0.000900076432192208
0.000947602438534786
0.000836389097082625
0.00100551167773405
0.000781706704587949
0.000815059261191031
0.000854355366965804
0.000897711867580303
0.000881320007930469
0.000763105348520495
0.000788395972582514
0.000923836086657758
0.00109893376459318
0.000806405166255884
0.000890731553930025
0.000891584828432916
0.000927718925946603
0.000906974411328817
0.00076562333620872
0.00084031532290853
0.000756710693011741
0.000844881487085794
0.000772975470463984
0.0007961815531096
0.000814158393035192
0.000836724748339924
0.000805988338318318
0.000824080449818898
0.00082300833458111
0.000905377902528028
0.000832330240126915
0.000774428317236315
0.000847382725150808
0.000859360128075805
0.000709133793495736
0.000735348300479869
0.000779786943952259
0.00108783698804563
0.000785004524840838
0.000902791665659462
0.000748206092914435
0.000798362814098989
0.000813111204637998
0.000999346073226748
0.000934677810160221
0.000709884604503993
0.000786897866983513
0.000812174736354613
0.000827047973238215
0.000809382566232679
0.000780615952119571
0.000877792430914152
0.00101363919580002
0.000835424958053768
0.000881078487331621
0.000855848553466401
0.000779403255603155
0.000797174210523297
0.00081239331259115
0.000957507598776616
0.00078512835092435
0.00079552449424836
0.000842993283695034
0.000818629467211092
0.000797857248886495
0.000789752764303948
0.000853007534191107
0.000924909230613724
0.000822371603998089
0.00076924337861382
0.000814505934953431
0.000870724393371703
0.000800517617846618
0.000931030503700218
0.000934325005138158
0.000938983843317024
0.000935679900871861
0.000875396623826436
0.000826715042960074
0.000885361252455062
0.000816628615593969
0.000948824236611679
0.000901531597532858
0.000800716907531362
0.000768050856273323
0.000742096164547134
0.000838370107416732
0.000711355029710338
0.000786682895760683
0.000728628468940147
0.000855213978108449
0.0008324646398534
0.000772967405521674
0.000788563944412367
0.000880092861443974
0.000866746780944214
0.000839006496163677
0.000762003300486627
0.000700683916856612
0.000753722591705999
0.000823356163377415
0.000763422990192333
0.000886972302790839
0.000915877992789913
0.000864058275696861
0.000859190447166197
0.000821062073083804
0.000869832758265799
0.000764765416688812
0.000802034398534957
0.000880249025214377
0.000856427829360209
0.000912814106791552
0.000860869771412938
0.000892313753145872
0.000814877619648901
0.000969025427261107
0.000943088963017967
0.000838887909933777
0.000822463690385347
0.000779685632779145
0.000792409508769669
0.000932898820493113
0.000881848638667261
0.000864475861654894
0.000883493170786302
0.000882641258462488
0.000828818862388772
0.000825422686808277
0.000886201058120912
0.000841294821695357
0.000865039154630703
0.000790184175344232
0.000877621167604839
0.000694036637309135
0.000975910161107534
0.000929921689157053
0.000820945203012389
0.000813473371508429
0.000868481422889991
0.000948015214859292
0.00071927102681418
0.000852672163229253
0.000834641097547013
0.00071150993891068
0.000955410472079522
0.000828319525605401
0.000801260081850629
0.000919257234004347
0.000842479994473538
0.000806812203957881
0.000880643134180013
0.000803430434575474
0.000805324034878185
0.000912618861886154
0.000765141799863724
0.000757789297153067
0.000714319687282348
0.000828711571670044
0.000785973924646624
0.000742027785170482
0.000739113150504478
0.000846712485577556
0.000834842804601717
0.00100224728973831
0.000779238710576794
0.00100219089302908
0.000941257367467616
0.000821433895191341
0.000894863635035036
0.000759305617096854
0.000790124723850421
0.000839460783299756
0.000739030111180236
0.000858369777953997
0.000795169285265673
0.00098200974035384
0.000807901233141812
0.000949228710224837
0.000917152598600018
0.000843132211660226
0.000932047905915736
0.000946897828888522
0.000891374533122655
0.00079646138581253
0.000965703190900518
0.000863544584046039
0.00088946398978522
0.00094826340656301
0.000972857954636788
0.000908253204699618
0.000838251711609575
0.000914499012909471
0.000860723662828195
0.00079581433891501
0.00079647267513824
0.00107782163543026
0.000755448248183952
0.000932274108896232
0.000807568584840473
0.000779887546352833
0.000982227614023553
0.000819413344335496
0.000767266344370939
0.000934615172022969
0.00084891120563198
0.000782020804884308
0.00081923755549485
0.00109012414935144
0.00105009629520932
0.0010090759430818
0.000753042753975814
0.000902256112362596
0.00100511498500238
0.000887743799828376
0.000783615872307241
0.000856214964424369
0.000861537196696749
0.000898361674376043
0.000736899577627039
0.000782643739208808
0.000809222324449476
0.000720152443894588
0.000857837230791867
0.000990171417054581
0.000806319028866242
0.000917200620249407
0.000964001022116806
0.000864875441662011
0.000947503744545758
0.000780391194451411
0.000878732283965102
0.000952568917541591
0.000947607162973498
0.000815922011298619
0.00103589965486299
0.000849504363420346
0.000714453019054043
0.000878445448284634
0.000798932870633596
0.000951818286210216
0.000876431345647502
0.00101465196244036
0.0010360635759286
0.000939907703857394
0.00115814849626649
0.00113773968813547
0.000877041863557742
0.000820792853628151
0.00093761270299564
0.000955963982960716
0.000910793649187454
0.000823788525278783
0.00105115277183468
0.000836632644185508
0.00100552225840988
0.000816065962088247
0.00082297086932191
0.000775627429499904
0.000807168483010331
0.000757114053150518
0.000882450783579487
0.000884664606254747
0.000859429484052534
0.000904803236018973
0.000789798928699444
0.00081374821780808
0.000858596109748691
0.00091019245053989
0.00085797858001644
0.000872802393325566
0.00079334359815091
0.000960054140225763
0.000822680439531326
0.000848457229807369
0.000902916247297362
0.000930925226453159
0.000903087336179962
0.000913597375470483
0.000967098402911096
0.000767168989907697
0.000873367840232315
0.00114857165775294
0.00106982866859256
0.000974920608900032
0.000948813272870771
0.000934411344047485
0.00093846409897779
0.000959540808402139
0.000768189080429971
0.00121463613186905
0.000834073838624363
0.000958432613646557
0.00134816869282808
0.000969426804856176
0.000906090507555363
0.00088847119418333
0.00120131508454673
0.000796763942231151
0.00086971515569685
0.000968499275129711
0.00102419398627486
0.00104732415469768
0.000930579023338676
0.000908675695662495
0.0010603854079953
0.000907456259747626
0.000936920999855815
0.000943186825435076
0.000898933530442907
0.000992167377731392
0.00106199684877862
0.00117639549032901
0.000825655237930891
0.000901155338155042
0.0009419393392974
0.000960789981231641
0.000847895489269041
0.000853947065707143
0.000901467664473104
0.000955113594046742
0.0008688576350088
0.000879088630613334
0.000930669312813442
0.000894348425340929
0.000872738308514053
0.000894704907599004
0.00073697198788498
0.000892036637566144
0.000951293156092179
0.000706968957643818
0.000725721662507323
0.000938746271979467
0.000894638626892249
0.000890988818411347
0.000992142779345128
0.000860557186122731
0.000967933598458961
0.00102203784150585
0.000998620410937053
0.000933558737607705
0.0010174274060199
0.000905997163184036
0.000843256782025386
0.000925769321240518
0.000866750195716464
0.000966906917774859
0.000933735548906416
0.0010566160210861
0.000920988468300768
0.00163432559139082
0.000930600766895029
0.000878403961577441
0.000940582170930186
0.000934247867109822
0.00116283316136526
0.00118194859394875
0.00101886288114942
0.00111844669869966
0.000965487737028946
0.00157619672322385
0.000994793359479539
0.00083789341598475
0.000926435580806561
0.000892297393149617
0.00125714950862412
0.00090065525035531
0.000950941618642604
0.00098707235049332
0.000920193592548679
0.000931878464664992
0.000968942683569476
0.00105916593337347
0.000844929899025205
0.000918299798403052
0.00101457719849903
0.00137720256397505
0.00112134311820544
0.00097865462784404
0.000924853218695756
0.000867740263645281
0.000967585623781406
0.000855645596639636
0.000842322429980578
0.000965817026421093
0.00106609578668656
0.000952698984756568
0.00097983470566224
0.00135339063367048
0.000938024233554657
0.000990102158112315
0.0010192053300667
0.00093144861981314
0.000824604527575313
0.000892798438197321
0.000859087543553749
0.000845870121615689
0.000949810460733088
0.00100902229306582
0.000982079481215578
0.000922590362505994
0.000976967423741025
0.000955464334873248
0.000990864867839411
0.00104130927642755
0.000757145335230028
0.000965098516822808
0.000790231627381315
0.000868092532437213
0.000871277154477968
0.000749617462594203
0.000736153895418237
0.000785282625329458
0.000940136663797649
0.00100988638024823
0.000739663283647593
0.000945284629267588
0.000790104536768105
0.00103242771459216
0.000733913494418577
0.000969818265442613
0.000804646633098181
0.000813879764813419
0.000793572670542093
0.000730720743058882
0.00084692514913204
0.000821767523216445
0.00106657350825979
0.000849436157285829
0.000775486362798351
0.000927263403933175
0.000948776525568597
0.000890543222905974
0.000943183639975472
0.000933962174799503
0.000968240669358942
0.000942313015536354
0.000885358207779279
0.000787003553633988
0.000882276244688253
0.000791147764134047
0.000762592726725382
0.000882803014323369
0.00072257729539335
0.00083641261487797
0.000800712057893745
0.000862269236805004
0.00070772917086922
0.000934609285268772
0.000820159006757455
0.000833160450577864
0.000800800959775765
0.000826937187157741
0.000747218354913325
0.000852775511098511
0.000886712658858563
0.000907426604014952
0.000769436699365262
0.000888445556035422
0.000731503926082152
0.000726994950661183
0.00103169249805426
0.000849392225331678
0.000802023246996002
0.000734535630912362
0.000775659809002004
0.000870322594538755
0.000833414818907522
0.000854274783952765
0.00087406812244047
0.000925346712485712
0.000717551805952909
0.000792122678254183
0.000849368303432679
0.000944578586967715
0.000724976076510803
0.000705851885398641
0.000723855773930039
0.000750621421911717
0.000709811943856187
0.000854676828686435
0.00086389314376906
0.000805026866862997
0.000979482734678347
0.000851240188566952
0.0008490723123537
0.000812124242656491
0.000987601163677225
0.00101149869528641
0.000769820416911123
0.00101995952897654
0.000739077176351069
0.000900734085937631
0.000905165932669022
0.000720459603383119
0.000724425856069578
0.000849380486542575
0.000951970724477618
0.000765483243448774
0.000805424578643496
0.000853566744171315
0.000826436814211824
0.000709096330439731
0.000806471911564087
0.000750816182104424
0.000873688506812009
0.000741342429708222
0.000764747216220785
0.000745516146559357
0.000854977032776748
0.000815026115648599
0.00085499864825919
0.000887285272996774
0.000716848204256892
0.000783656314512066
0.0010436951186392
0.000808612294593729
0.000938474007998594
0.000764272998802009
0.00078502288016612
0.000804942432353474
0.000990621016751898
0.00101354322720417
0.000856873282688744
0.000770318470294388
0.000992588204857213
0.000883956878543455
0.000856708526260176
0.00076535225630574
0.0007695015073497
0.000736418814194372
0.000986059894792789
0.000726291884421556
0.000907330583163798
0.000816700198918107
0.000792996004189303
0.000868970237447539
0.000747028993079154
0.000829722413877144
0.000900442824180518
0.000792147642828005
0.000705377007701922
0.00106281222487302
0.000767525634411819
0.000945025972749548
0.000733342916627283
0.000719648717170311
0.000869635650176461
0.000803952951397329
0.000717992829529925
0.000793610137634674
0.000773173751112612
0.000785579535767473
0.00142681296590933
0.000737466739309687
0.000767251146452676
0.000652369512286155
0.00079244783665768
0.000807386918768543
0.000757945634340417
0.000848731118714142
0.00107434917522547
0.000718236983115683
0.000686993302847622
0.000697827595943486
0.000814647513174387
0.000937755436884377
0.000788457206312667
0.000673230011634926
0.000692005048681046
0.000636734170365449
0.000769003749709226
0.000866544637235828
0.000891965017790198
0.000848839446546085
0.000853888701094455
0.000781509876264224
0.000712551180437586
0.000791502604096595
0.000771604557453993
0.00101817905595341
0.000879431281790093
0.00125272207715732
0.000848014639732468
0.000928373339662275
0.000927673378610556
0.000805913983121359
0.000789550914013804
0.000832963801899808
0.00081268391742543
0.00099931630041825
0.000819387009804635
0.000842687789000392
0.00080607334913644
0.00087437505391444
0.000783779214467783
0.000953677255119692
0.000851097707238243
0.00100626348258851
0.000911681367396951
0.000811882623811254
0.000832776108881031
0.000841667835698152
0.000923549460009572
0.000731391136950243
0.000802846569749738
0.000859281911169771
0.000814533411093482
0.000747061888340183
0.000832164750940961
0.000902459295502072
0.00083933512749588
0.000915237379872353
0.000878468866637628
0.000806649925533822
0.000667963883445627
0.000887957535290533
0.000949461992078037
0.000790577089457848
0.000833827719758405
0.000850769788799196
0.00090410595252144
0.000823868246276154
0.000949698226815295
0.000859613856503127
0.000860786518872667
0.00081258291125856
0.000829985476158597
0.000816705535186484
0.000952275998538522
0.000845050329660755
0.000695976673022971
0.000884891204794002
0.000993292757582336
0.000657234407247725
0.000697327647712034
0.000862652556680849
0.000788813305400064
0.000912947725203038
0.000730485770151193
0.000856281513823892
0.00085789533077295
0.000810242588435611
0.000786715133167702
0.000746911064520387
0.000810515280092691
0.000842764454056579
0.000877584239608695
0.000897678394538569
0.000899056219616329
0.000853564940230916
0.000813503270402825
0.000720219737957891
0.000869924581143713
0.000967202102076524
0.000997654141663838
0.000880539705758842
0.000893830577338338
0.000855849061042773
0.000766595857281581
0.000778640501058197
0.000659895169721913
0.000832721027778437
0.000837057040817354
0.00090511063086785
0.000795169106506763
0.000832207893255523
0.000944319173221127
0.000898396876016057
0.000795028428781314
0.000790949597792267
0.000947381468410086
0.000904047965500828
0.000963001296658147
0.000879413154052088
0.000800053299843223
0.000964076604010619
0.000775174958610584
0.000826097514774826
0.000816667578218511
0.000925708252574775
0.000821955424750277
0.000859168635231634
0.000846303172991168
0.000856563007242383
0.000764846111302666
0.00097853326919039
0.000792799727648128
0.000933036168488585
0.000865509149707464
0.000840634315875708
0.000888316711382817
0.000979680504488927
0.000864603323854153
0.00089430592828393
0.000793604327418914
0.000740636278397119
0.000749422994289725
0.000716138409645868
0.000950462867789941
0.000832567244628857
0.000715424952845949
0.000865752619583593
0.000810128047123867
0.000996277432828362
0.000911376672484504
0.000825440217371105
0.000813955551113284
0.000729240264996568
0.000852583288482447
0.000798187677336026
0.000832143212880036
0.000785479498162066
0.000821859771426549
0.000835070470213179
0.000726043909415003
0.000697124307475991
0.000889843566904142
0.000707341842253161
0.000732038082645302
0.000981070443997476
0.00086304191783035
0.000934803598588223
0.000802105595230021
0.000832249152159376
0.000869065146247063
0.000750154071817439
0.00100861266660046
0.000920947281354252
0.000821664555854461
0.000867102929975687
0.000941020302809182
0.000775815731887613
0.000857747726319083
0.000805006735389919
0.000759594082206778
0.000806606458528563
0.000825935843716022
0.000743670134814676
0.000788665070057356
0.00079096172787754
0.000695276223857429
0.000703997331628797
0.000897914198135144
0.000821650213963008
0.00158793205310059
0.00118393080584618
0.00128859931723102
0.00115364773513996
0.00122651763968509
0.00121346210140982
0.00111753511468232
0.00125811208734438
0.00104677012131752
0.00108358570510922
0.00119987680651155
0.0013892117544221
0.00127693164152678
0.00155397493865534
0.00114828041321093
0.00113294486681618
0.00113035929764326
0.00112222859037453
0.00126001109147409
0.00127225019729832
0.00101921670552474
0.0010411513216536
0.00140011288190765
0.00107350221312205
0.00110684055604929
0.00118459568580051
0.0010327917375432
0.00115973648476132
0.00105057234502403
0.00106135189760265
0.00122557447294026
0.00123138108471291
0.00135313593576394
0.000877144402515399
0.00115485523558166
0.00120345664787757
0.000966060680503285
0.00131486431978117
0.000905985510385193
0.00110470657481665
0.00107155433557995
0.000963421534245402
0.00183669222507508
0.00113378310776668
0.00103523024170406
0.000925762332720759
0.000975636670056274
0.000859406801194311
0.00178323404659219
0.000929824716329935
0.000819996486384184
0.000932867040852266
0.000958027678829618
0.000961702826970758
0.000938305484000775
0.00100640271656465
0.00101654447963018
0.000986090716558331
0.000964410241781777
0.000832115182499512
0.000961655786121344
0.00110013164327695
0.000850929734549021
0.000963145410879821
0.000853084656256693
0.00121813620541232
0.00103058112913675
0.00109175883876384
0.000934754856528405
0.00123246275993738
0.00113742877660264
0.000860495139976241
0.00070791877816268
0.00101299946937724
0.000795972247236557
0.000808028763258608
0.00101701343960999
0.000939591310243302
0.0011717561559919
0.00097382287974215
0.00102946363859205
0.00151521901119931
0.000896601466673937
0.00112496573638131
0.000854672076047008
0.00120846656173034
0.00104286288279157
0.000957533591242041
0.00097867866868901
0.000935122179442409
0.00149140056154625
0.000999135340583963
0.00105738293487986
0.000924352663654412
0.00101494439867096
0.000855734742127636
0.00103545594817282
0.00090126426475454
0.00107745268279997
0.000859784940132242
0.000897226876779577
0.000894312752726138
0.000783667312039217
0.00099277739857214
0.000851593155905451
0.000868543561988862
0.000869014449118078
0.000785899204751276
0.000887151213279747
0.00139592844540346
0.00110485299618072
0.00101732709143282
0.0008246207574865
0.00093372054214471
0.000960357040379259
0.00209097132804367
0.000962725385694857
0.000982553813200567
0.00103939329640402
0.00135135937059266
0.000944203274338424
0.00103302501963565
0.000739889281967391
0.000870256275054356
0.000860244517840012
0.0013914318822092
0.00094916587844593
0.000853725806316652
0.00096843813404712
0.000903493298379964
0.00123576580351301
0.00117336554232491
0.00108227592182396
0.00217672908980689
0.0011649922037606
0.00102286597731333
0.00130799527754544
0.00112626733432892
0.00134400904252208
0.00180916008953818
0.00159122633173086
0.00167957122782258
0.00124955928866851
0.00156151945580249
0.00134973187351446
0.00144735125812007
0.00139269467612004
0.0022709445326585
0.00191005341057331
0.00262881079818867
0.00289372561124679
0.00160489832696235
0.00192495486095914
0.00192746578084773
0.00224385164973526
0.00199639631262532
0.00228391536244776
0.00195237232362352
0.00209356582202586
0.00235902726168086
0.00209518615744725
0.00200014494303108
0.00180958962681241
0.00230755768152536
0.00206925565932171
0.00194789011373644
0.00194500068864042
0.00198646265933461
0.00204555409269328
0.00479326794628546
0.00213017150338818
0.00210545769881384
0.00204152359981953
0.00212494854645436
0.00334432768247717
0.00750208653056655
0.00192879816232781
0.00201809771765861
0.00344189786690957
0.00440170037378057
0.00346604558753983
0.00409705886333275
0.00306323187564044
0.00434335157185968
0.00228441262654853
0.00329490931311806
0.00347355779472619
0.00377695714998303
0.00355313261794425
0.00306511088034953
0.00301270768738304
0.0038170030077743
0.00336589586499616
0.0025228755506218
0.00321619601020343
0.00278311816792346
0.00235302982492983
0.00260040526499112
0.00411282408779486
0.00299148586890816
0.00377208007153036
0.00502463167674864
0.0026278201959496
0.00399434725622259
0.00242132641449917
0.00293264332589757
0.00313365502019946
0.00297603934011007
0.0043439500421485
0.00365683150688746
0.0024877456478266
0.00266939769552439
0.00224387690266342
0.00251409982095051
0.00222867584071535
0.00273579971726531
0.00235188312531658
0.00418832510390647
0.00234123080701198
0.00241320995133676
0.00518176834014565
0.00283766880758657
0.00210527360877198
0.00196387995084935
0.00259455542773196
0.00204458581385621
0.00271850078941246
0.00346343801591013
0.00175989454191607
0.00328178052229813
0.00223242641454581
0.00193736920232105
0.0056322157867402
0.00325700344034756
0.00301396504752782
0.00309175894768243
0.00364536193632212
0.00497900696387358
0.00407349819833222
0.00309485952397686
0.00331781754542163
0.0031990815505171
0.00405062384429315
0.00300348516792795
0.00364845196858297
0.00346040872522482
0.00263658673331352
0.00276235538457387
0.00298120800210141
0.00262326930756088
0.00336352464101138
0.00259925101427477
0.002758466614313
0.00248729803757587
0.00230399525555229
0.00269694704548504
0.00241098190563529
0.00227862696225876
0.0028022588167351
0.00199812201853017
0.00249087035252539
0.00273195926272773
0.00315691619208724
0.0024541416836887
0.00221340504487679
0.00356016637761754
0.00280085099658813
0.00306560075866717
0.00294261071326504
0.00249615979876421
0.00267452567130771
0.00242841012787425
0.0020056965377955
0.00264604434490708
0.00247759706291649
0.00323967717185099
0.00567874976915313
0.00618540148444897
0.00260829828594001
0.00285708869724997
0.00269057971155593
0.0024365178097117
0.00280510446334223
0.00278184940278966
0.00237265881314974
0.00236766917220513
0.00249729576349457
0.00224330999928723
0.00233163016245625
0.00287141966830946
0.00293191891731787
0.00225654655271803
0.00272107214159467
0.00254862348361835
0.00185177429188421
0.00461966215964465
0.00287862485151781
0.0029431011514488
0.00285182158249182
0.00259318622301565
0.00294389550186364
0.00325783228450051
0.00270150649917227
0.00369898311991486
0.00443228225339472
0.00402192848140468
0.00325239607824758
0.00310554823020155
0.00311184749038065
0.0027378854624636
0.00734658541503811
0.00310594880894839
0.00264646838762159
0.00322477188245885
0.00521285478205708
0.00287415313277277
0.00283334142175998
0.00275756516668503
0.00321948294194178
0.00270720389479085
0.00296847867790053
0.00320566078369627
0.00275431666805508
0.00260825034774043
0.00294609802942926
0.00307991463167219
0.00370288801231406
0.00263758408370085
0.00312016674828724
0.00320576462148232
0.00281318556364897
0.00494830410910073
0.00429306217870879
0.00310643676842575
0.00311059629541652
0.00358617016628276
0.0029487518343745
0.00568381800859867
0.00235252967544604
0.00269957212137503
0.00275877984476355
0.00432669938211639
0.00259014064527705
0.00243584374342346
0.00235296604478231
0.0028142510218602
0.00245776113194841
0.00266905357724571
0.00223014804630482
0.00185415910936346
0.00299045658571016
0.00232259036037753
0.00212199122313992
0.00225425243996472
0.00197136245462801
0.00265792603254832
0.00232833186250009
0.00239103365112133
0.00195916400439891
0.00256883346925088
0.00306026552504539
0.00182226589821093
0.00202020019690364
0.00203961788570307
0.00269165683851297
0.00188539894913226
0.00335832161762946
0.00196809744237623
0.00218289663265123
0.00197777298166245
0.00208253487726239
0.00240522797168056
0.00193553207788666
0.00209342959438342
0.00180297701748523
0.0018117399788716
0.00184858642814945
0.00244393271752305
0.00202604647197479
0.00185402414655867
0.00196166532806194
0.00175912342799671
0.00284001401906653
0.00211510695793945
0.00222650626326915
0.00186257155314541
0.00141792927304932
0.00159841429090127
0.00198838172158216
0.00198027401297162
0.00150508529191114
0.0019554527591418
0.0020700778590558
0.00172158406966063
0.0019278030101065
0.00204395557271051
0.00168545489825663
0.00205357818722574
0.00170852034798189
0.00162604906700272
0.00190096264759901
0.00169508030539413
0.00185121072105478
0.00184288766719545
0.00179691033565207
0.0016923078507962
0.00184025230036722
0.0017115106411985
0.00167214688729907
0.00186707136128878
0.00186328355142588
0.0015740697884784
0.00162508381003653
0.00157540499515495
0.0015848068171542
0.00182783840681811
0.00156837278177962
0.001775496537788
0.00143172218227977
0.00135925234610752
0.00162246949192696
0.00181552138318813
0.00160778495208107
0.00152459550546508
0.00167942385166386
0.00158346720176556
0.00156560433033349
0.00159969919659023
0.00135458196034257
0.00169782892334899
0.00134225159392869
0.00149095296153423
0.00188403291656425
0.00115073265651032
0.00145480595103605
0.00146843285535249
0.00149455015126953
0.0015203060614477
0.00165546251765557
0.00128242322332923
0.00131927801269221
0.0013723343591437
0.00135570028205243
0.00157778157828086
0.00146780938977947
0.00150575161990148
0.00127251099662091
0.00121554904088128
0.00131652223759873
0.00137466060308346
0.00123637210986416
0.00121838599790944
0.00160892943742697
0.00119836144228154
0.00138159786283162
0.00133898707197019
0.0010720929819372
0.00131801096720988
0.00175278089804449
0.00112110889392293
0.00141774514219209
0.00142453135972375
0.00140364057974733
0.00142304191744569
0.00145882714332401
0.00136167638366148
0.00135080840358335
0.00115360215103498
0.00133962467984705
0.00115109421496796
0.00136795608913355
0.00120403015906861
0.00139866220743585
0.00104323334827959
0.00141192998649057
0.00130431212529515
0.0012615785260541
0.00116982999279089
0.00146858260379365
0.00131119954503359
0.0012789253160699
0.00106121291595177
0.00135694448766136
0.00111173020360902
0.00121379235570659
0.00138573631133365
0.00129222385406483
0.00125536373357341
0.00119889967364861
0.00105198562907672
0.00105291593002399
0.00112561923432415
0.00129440236584321
0.00110909812540702
0.00117533904520734
0.00126858538172367
0.00124763471156194
0.00124486664728908
0.0012104980920436
0.00113828195390021
0.00135405278469806
0.00114094060339852
0.00110799727300217
0.00118314894439351
0.00129015600818297
0.00100916634953788
0.000998139922096369
0.0012183143959751
0.00110624197828786
0.000992293576644962
0.00106990513868697
0.000991828370888699
0.00101219084207997
0.0011681162189474
0.00115097617676176
0.00108257804943
0.00120923058813226
0.00104578810545332
0.000997794520796798
0.0010881386751022
0.00118264923167031
0.00107349460548501
0.001013791733686
0.00121314113811166
0.00117443055848234
0.00119052225138757
0.0011386769404903
0.0011028922171382
0.00116196866436303
0.00102712977580979
0.00117369173622191
0.000980609341409856
0.00114060578351957
0.00102097290770102
0.00128887456295971
0.00136422897491675
0.00132216430838921
0.00112746497650806
0.00117387299045066
0.00113276581831157
0.00135996942944137
0.00123726450872472
0.0013452616917638
0.00106636727172288
0.00123235677674595
0.00117786381515507
0.00128266746375064
0.00124569351091473
0.00127286423901902
0.00123434744835768
0.00149848268871443
0.00140362103047381
0.00128609424142138
0.000807743717924397
0.0010949224819067
0.00099316507931279
0.0010301011890142
0.00112368994227015
0.00123352159623956
0.00108628039277874
0.00145409548510957
0.00104999832633066
0.00122470281922241
0.00119254507307254
0.00112744666176781
0.00130273033142225
0.00129196048582971
0.00110941865876222
0.00113702314406248
0.00128947377060922
0.00117648756804438
0.00110427711960533
0.00129567043685223
0.00134657010170968
0.00110446646920614
0.00154045299098095
0.00112098719112054
0.00132365823547069
0.00108197073723084
0.00102213910412535
0.00101084269506371
0.00106361427359886
0.00113125087401371
0.00128213077507427
0.00117233156417557
0.000982769226290377
0.000964670694489864
0.00123268439635278
0.00109748404113838
0.00114629990763046
0.000971953068128334
0.00109236943641477
0.000954497716353143
0.00103759393392984
0.000958463211577613
0.000967269586615792
0.000887683053149305
0.00107511188933606
0.000976592096722392
0.000895310988067483
0.000893029819647617
0.00106600691103084
0.00102319668280062
0.000957325570774272
0.000847601055510124
0.00090077725922652
0.00085829711036027
0.00105123907491271
0.000844273720399006
0.000958193254793642
0.00116280222121531
0.00106141601324833
0.00106288661481746
0.0012031113501676
0.000989192919162663
0.000915867493429553
0.000923070556051729
0.00109388230578855
0.000803148136534919
0.000955641275194781
0.00106268691565752
0.000909641683729963
0.0010148538178782
0.00104758802580906
0.0009418600958754
0.000934141654655416
0.000896915721224348
0.000771382700866879
0.000959441263295498
0.000978860892728517
0.00129133904004794
0.00104394776216903
0.00104013526039565
0.000933746461410872
0.000940678364372002
0.00106516135338812
0.00078034102548565
0.000861372766441001
0.00095331444104884
0.000911584227824089
0.000996317680212153
0.00103449305159898
0.000803349853730641
0.000886962921343728
0.000935749248326585
0.000806361290816007
0.000979405349029741
0.00100496142387174
0.000767111615440644
0.000914619125705717
0.00107534703398526
0.000891521472014849
0.000923034938976764
0.00096382381406949
0.00110302849311136
0.00098415680163413
0.000912329386399097
0.000951156708663335
0.000836751709830167
0.00104287046215572
0.00100910048144194
0.000864356322514285
0.00106828251116267
0.000742477951329939
0.000972593322785415
0.00101231228850855
0.000847610978431652
0.00109210910249176
0.000831054611530265
0.000909537194712618
0.000920560866998804
0.000934566753495195
0.000989740346777915
0.00138986125868701
0.000748550065698621
0.000857872818509815
0.000918246063801397
0.000999002477538121
0.00100451236897626
0.000967680836631136
0.00109162638950462
0.00111994000707909
0.000896414699795164
0.000928291803662151
0.00109262125403122
0.000927071554565983
0.000967729522239702
0.000911119526817065
0.0011794200467928
0.000827116991139713
0.00102580188400484
0.000965282821453804
0.000830874449986704
0.000786962025294311
0.000851018412551097
0.000795088504814079
0.000886227533212248
0.000741072814657894
0.000862857898691779
0.000978617235023143
0.000964209939576749
0.000866219982987101
0.000934649027475752
0.000832998822031826
0.00079176833601147
0.000969236948981428
0.000779948101823932
0.00117328418665697
0.00104800326244464
0.000883888428680977
0.00086303464413671
0.000936094347046797
0.000958315071823494
0.000975222452974529
0.000843938321955349
0.000976246061091427
0.00082986449810065
0.000729944470677133
0.000830415607755812
0.000754511754330356
0.000813945415920358
0.000750074467056812
0.00092997879356431
0.000941327930500871
0.000859200903739232
0.000842763823538901
0.000850636602396667
0.000832028933396563
0.000902957021488922
0.000852424004748123
0.000933356679954816
0.000736649341929741
0.000943561401771284
0.00087120026330197
0.000998806809076287
0.00084846238563827
0.000884662475535756
0.000927253863105379
0.000856006799427246
0.000764686249526925
0.000970330795768025
0.000986718093346426
0.000918730570040113
0.000824556491269507
0.000765380256146557
0.00089857727494417
0.000873148271925837
0.000822517884770775
0.00108537509103479
0.000912932125572405
0.000766960386624952
0.000906498012148225
0.000799928089437972
0.00079222182033863
0.000869276972478933
0.000993812527573912
0.000797129998242078
0.000983517967778455
0.000795177701627847
0.000878277717195302
0.000811948816922337
0.00104467071897656
0.000972756006223026
0.000744202383876181
0.000812724636470174
0.0009003215875889
0.000951122115520692
0.00075684557359205
0.00070988465416816
0.000967628458560999
0.00087850720180661
0.000893142812489385
0.00110913095256572
0.00097502413149246
0.00089679489213789
0.000780224936653427
0.00101185098848332
0.00107778777349663
0.000847277809320375
0.00101087930450244
0.000838401878968552
0.000816774582379407
0.0008436428764603
0.00104077544290788
0.000994756392947516
0.000998867472811215
0.000806487738976864
0.000786112630230519
0.000804060308889758
0.000936672533318475
0.00100008399221291
0.000934370529487186
0.000906014794345956
0.000727214546526947
0.000825395897677648
0.00083671326809836
0.00110277805588121
0.000800274227427917
0.000918471743823563
0.000742847778597909
0.00105309300608322
0.00107570124867755
0.000916567235937864
0.00101022082146835
0.000780840865945389
0.000838892239471696
0.000941285741270589
0.00101568110737153
0.000761209281613866
0.00107377417550479
0.000775902252903091
0.000940655252308321
0.000884445070589381
0.000945801238016987
0.000972495620609498
0.000835834758431422
0.000916617168804687
0.000939081195477393
0.000921194397035739
0.000834395221770578
0.000925222194643209
0.000989141852194659
0.000957633799898973
0.000863340379443577
0.000844425496794562
0.000866806399177258
0.00105047559930228
0.000993657690279681
0.00086630472147798
0.000966415793647029
0.0010163406820675
0.000733915836257098
0.000929010561198837
0.000827577931039136
0.0010419138402626
0.000926415362346853
0.000698364169091774
0.000914728799471708
0.000812051024217196
0.000939971489619357
0.000917957199430434
0.00103483935104988
0.000797256992790809
0.000946721346173724
0.000775397141989627
0.000729388228163387
0.000797211202201317
0.000756757042367301
0.000680424209085554
0.000745517060789058
0.00086724873781301
0.00078014064948083
0.00073072474720715
0.000723457847890984
0.000827788221792115
0.0009351092317602
0.00105144193032087
0.00105511791216339
0.000925948423115817
0.00103054038403575
0.000872901227738772
0.000791397034502794
0.000797629651936637
0.000973466381634832
0.000985128875409084
0.000807671087656027
0.000884900609535346
0.000930047908826315
0.000920703488842125
0.00087600283111546
0.000842456634938447
0.00105971586244833
0.000888342884797075
0.000756714468055427
0.000772448816184821
0.000847607415829877
0.000818857655829285
0.0007572144743391
0.000693594433894085
0.000864722603709205
0.000856278746272998
0.0011361092889207
0.000748299569368085
0.000804857181393604
0.000635844745181994
0.00099165032326711
0.000786298008377207
0.000907663215020893
0.000925323449425814
0.000750844429908334
0.000863896600492316
0.00103472974905125
0.00077896529668932
0.000937070039143809
0.000721934787492769
0.000897003314596466
0.000948259036067363
0.000834961775119369
0.000819476390358005
0.000810778195784918
0.000803732939708793
0.000838622004677345
0.000793886061307401
0.000894644150816054
0.000746490776243802
0.00084720905489241
0.000809078398176607
0.000797495554677777
0.000944349686249035
0.000892489100786509
0.000910099203474791
0.000974904660726991
0.000874370992091834
0.000866898578954111
0.000930072802148316
0.000819793862386504
0.000655230029542148
0.000988425970740537
0.00101192491997657
0.000913049077879007
0.000809178724252082
0.000918433292971271
0.00100070879879329
0.00102065017898866
0.000830847858903506
0.000855080819952656
0.000762561468108567
0.000822104229933872
0.000913948415920107
0.00102518519658512
0.00065856379921535
0.00085706766223367
0.000922566892533498
0.000940967981179995
0.000829077361979847
0.000848223386190775
0.000900290671320489
0.00093958356744331
0.000758463514577509
0.000749889822781061
0.000752354672887838
0.00064839109271289
0.00100777870738417
0.000858639685391269
0.00102252345182701
0.000940811765489641
0.00106653583222932
0.000707395199967016
0.000905826495914691
0.000861274115167538
0.000826246730133367
0.000850326941670878
0.000757986247816209
0.00079066386059547
0.000938297957272453
0.000794862170192446
0.000856498225215838
0.000812598931416654
0.000757096965299832
0.000680521138981987
0.00093706892209318
0.000778340506245713
0.000653502025016072
0.00076839724352677
0.0010621660587423
0.00103799785421778
0.00102244492273796
0.000772657798094953
0.000688883564869002
0.000726217646461696
0.000805467740828259
0.000830902005344457
0.000788223710276495
0.000918053771560395
0.000858193622966401
0.000775232377031491
0.000867006248015005
0.000755809680980004
0.000682561721965099
0.000901232662338962
0.000771023357940518
0.000700578920218622
0.000855105663982236
0.000648177820196383
0.000830720047706035
0.000733771612299512
0.00107757254789956
0.000831981718150853
0.000753742291735724
0.000701115901430269
0.000943599074660771
0.000910872938980228
0.000826365911246208
0.00101462218252838
0.000894900718471719
0.000798089558952164
0.000792719178473103
0.000784056366461515
0.00081838873362552
0.000752089235972627
0.000676791505055145
0.000820428795762986
0.000848172565548578
0.000877643585323842
0.00080827655406842
0.00089061122552619
0.000749784449735313
0.000691391194125817
0.00072746509473533
0.00075487991423891
0.000796060377593149
0.000699994639441431
0.000757453890979624
0.000753387344652859
0.000855074118535766
0.000811375164025971
0.00078836845098856
0.000677169906380922
0.000710222555351974
0.000735402873192729
0.00072551208361705
0.000625031065516772
0.000801565154203318
0.00072019065196315
0.0007971329058997
0.000669639884906437
0.000918379050786198
0.000886508168150093
0.000905299642682494
0.000924055108819718
0.00102586439680938
0.000799223704478289
0.000630419579860461
0.00111687257365598
0.000880868442165789
0.000910709184183974
0.000761274365429983
0.0010987504665972
0.0010176321387989
0.000811429518036155
0.000948864701503694
0.000825949191265311
0.00081252803073216
0.000737774558464622
0.000796334502268156
0.00076150892238779
0.00121524017357844
0.000724640101908725
0.000987792875321342
0.000867836996975447
0.000826251432081056
0.000769124459389583
0.000913587420929676
0.000902895841449171
0.000862911965280252
0.00131154995946757
0.000864190317551691
0.000900391570442899
0.000844233548529526
0.000933226730313361
0.000886986343364495
0.000745760775134998
0.000976961358190882
0.000925203596039829
0.000902658355558656
0.000786130210636194
0.00158862740056609
0.000978295981865389
0.000850996725316617
0.000892094330255737
0.000830288630534982
0.000726353243585882
0.00084433743610185
0.000773500912685638
0.000729917895073935
0.000703916039075593
0.000782944554387024
0.000858279262354471
0.000714777080649289
0.000666153817712401
0.000869816805458684
0.000786880093952737
0.000689787852985061
0.00084751199890279
0.000890653984481011
0.000947909992651785
0.000959856217677092
0.000824572856060283
0.000741647248723653
0.00073963449938062
0.00100407992911787
0.000811069403691753
0.000877874761083972
0.000964876781402182
0.000846547183326827
0.000932720090042048
0.000873594653250956
0.000944166385915299
0.000926711394844199
0.000965873717675517
0.00089063716807842
0.000809388624066733
0.000890202478904538
0.000860873189740427
0.000724656444273489
0.000814816895336171
0.000677465711048806
0.000694611905129915
0.000921102220669555
0.000843484431669523
0.00087908281251913
0.00094399815055076
0.000947096920012285
0.000790925391038684
0.000821045938582556
0.000989174959089064
0.000875321968179551
0.000841523467362137
0.000795058803905491
0.000804559712269913
0.000813361599140794
0.000812870426108733
0.000822476833525182
0.00073525009207776
0.00144309523943645
0.000834978935349222
0.000687346810897036
0.000681092967936689
0.000724318347984561
0.000718670809729207
0.000790799756871822
0.0010734361500958
0.000718426801144253
0.000853845811097412
0.00100972923335076
0.000888998035864492
0.000709456567986152
0.000869826308980281
0.00103810970894489
0.000858009824021963
0.000759780226363672
0.000886593752542589
0.000743414567898226
0.000753060070533985
0.000816806421159216
0.000820464264865425
0.000749654135254309
0.00077841478930998
0.000813849738085198
0.000695247913988824
0.000834018333636455
0.000615444469711623
0.0012203317669483
0.000728165533050641
0.000784126322432009
0.00081470885349702
0.000849785758599346
0.000910060875762991
0.00080855763669534
0.000801108848784766
0.000907360078196488
0.000877775525679056
0.000872353075681573
0.000754168189187826
0.000894172747180407
0.000873691131298474
0.000764328496650923
0.00099340407981386
0.000791490509028871
0.00083649915799924
0.000875045649108926
0.000949154178864297
0.000714826377235802
0.000958229778002668
0.000726100895259611
0.000839782899334719
0.000766560640138678
0.000752946269293128
0.000753739390676536
0.000879233391947288
0.000733880015821345
0.000843916070574247
0.000801085371822105
0.000935781744293057
0.000716996736928482
0.000612600481158735
0.000678600232856056
0.00069042257977158
0.00074752884434045
0.000933018084892444
0.00074303512293098
0.000832926287736748
0.000872468717683432
0.000745157711675021
0.000798957586339865
0.000718241699178696
0.000807141123678692
0.000763131267987047
0.000921600771879555
0.000794835138594817
0.000711723533302383
0.000865149940188306
0.000729266328018416
0.000846979881453965
0.000718626311148333
0.000714581405753074
0.000905879801090637
0.000786415826742498
0.00120938211042008
0.00100786409693115
0.000680539434122585
0.000903212502532622
0.000769033440376401
0.000854543135185906
0.000767181586743975
0.000872291368498645
0.000910503326848251
0.000786335640600214
0.0009482431129463
0.000812923422955409
0.000891913602726534
0.000960528429389788
0.000918872920939463
0.000718331553269374
0.000716550053124659
0.000874513027182545
0.000790902518931459
0.000799567634235968
0.000691752482899208
0.000888626333689753
0.000911198340054447
0.000835740120004749
0.000722704421046214
0.000838291828825206
0.000717168951016543
0.00101961879139836
0.000919209927711068
0.000997763986022233
0.000795168885947229
0.000838664151309161
0.000783990515362069
0.000735548741111447
0.000797051255854104
0.000846019719575771
0.00089489243848183
0.000788500125967349
0.000958472414106049
0.00077535350460004
0.000707114064546334
0.000710011223053658
0.0009386831928348
0.0010215822565682
0.000793005049372167
0.000705139896544177
0.000785370709614865
0.000671372866395312
0.000771447856956524
0.000889629487926072
0.000865375174865226
0.000720978101829413
0.000773577660914897
0.000771568607317073
0.000776654263005207
0.000776957986798709
0.000738842693800524
0.000799958905729713
0.000965664125156062
0.00065894330175763
0.000930219003741681
0.000804868556164943
0.000776001059876786
0.00068670700237555
0.000808966294490243
0.000667387989419143
0.000825080540316104
0.000688105094867059
0.00090402519069518
0.000671585783530233
0.000711114229898251
0.000953102074056392
0.000797916298037402
0.000745525149067893
0.000805957663679403
0.00072160308396503
0.000699478185635842
0.000716002083961267
0.000602806562057691
0.000799065886880707
0.000608937449132191
0.000760837083435941
0.000843437521282264
0.000883658388030641
0.000821792683243471
0.000801348489570023
0.000810047059257097
0.000878817046640319
0.000948425439328153
0.000732104419491751
0.000787233281464033
0.00089655507308471
0.000901262624550012
0.000909628145674754
0.00088068064401933
0.00101268624021321
0.000867848711910841
0.000839414208331672
0.000731288544553669
0.000801632297920263
0.000722657747734579
0.000752953396255805
0.000787302616293856
0.000727904350151192
0.000759430274520539
0.000821640539694985
0.000831896874353836
0.000704873819051516
0.000852505764266347
0.000696113450044542
0.000876431183866707
0.000765613272628045
0.00119553944723549
0.000790096646642207
0.000722307755498617
0.000759989476822709
0.000713540010533267
0.00077537975516029
0.000707882065634142
0.000838948401452069
0.00105474159775925
0.000741273147741845
0.000949142039436063
0.000752896637232127
0.000835735627587921
0.000844037468959109
0.00072928304964839
0.000880761935007205
0.000766002557748362
0.000780078156263923
0.000886445985625733
0.000762487921645471
0.000667803031825186
0.000886807116752894
0.000679958130850003
0.000805643776781369
0.000786636340638075
0.000781393603061285
0.000745710525792584
0.000666448576302673
0.000805370488433619
0.000880483177685136
0.000761708054281744
0.000778604819293695
0.000800615779544247
0.000862710537750892
0.00078264457688767
0.000975727224491444
0.000751265605025577
0.000839978973793045
0.000756713764519744
0.000838773638220273
0.000842306426444746
0.000859387228809281
0.000987110772857939
0.000696874359952294
0.000943030881597765
0.000736038845500191
0.000800569380745878
0.000978724788089122
0.000742567651392575
0.000866940889168
0.000845244726078852
0.00077854794423358
0.000796920920501339
0.000763106586126258
0.000934011600701454
0.000736590788266941
0.000742328925411415
0.000956055865453915
0.000777699140425505
0.000855296772877858
0.00101939494069084
0.000863991861783425
0.00101546044452403
0.00063110663527812
0.000914746254453044
0.00105038469734973
0.000677364372391396
0.000980062765162181
0.000899978132022835
0.00102421129291175
0.00089659925791533
0.000896175864909401
0.000805720716478838
0.000752392676760746
0.000826004283827197
0.000796870756692555
0.000874036942738746
0.000827511371385907
0.000817323579438519
0.000856170025606204
0.000872784618995479
0.000851933667871686
0.000751255649624505
0.000878098598032879
0.000749791031842527
0.000855455318096505
0.000890037093164923
0.000788586439116536
0.00078346761169747
0.000759551670430953
0.000836478652065032
0.000885605222601608
0.00112116923267823
0.000956513770619158
0.000760563557777041
0.000938022296998781
0.000769900785169837
0.000835928293818341
0.000804290915008012
0.000782797815677227
0.000891637684052414
0.000837469208176785
0.000712161561702242
0.000639118511964438
0.000661346622263548
0.000554823160188368
0.000861483490663036
0.000880661677962069
0.000768296147357063
0.000744915433412896
0.000602736155029437
0.00108220166025636
0.000841880535498864
0.000654001890540194
0.000706134060637205
0.000746350910977286
0.000660067043826033
0.000729833469414422
0.000688760952895666
0.000801910796822259
0.000712271019171605
0.00077898481897565
0.000858518417894726
0.0011637583834527
0.00118742354499312
0.00082416402468692
0.000799842516881475
0.000908052169342743
0.000748403950646456
0.000776906745115574
0.00088846557455619
0.000851972288739789
0.000892694096928258
0.00077900495086683
0.000703901422751834
0.000813974899781621
0.000744575860888743
0.000798596259963031
0.000824163242179634
0.00080558846369092
0.000827209207769342
0.00104256888319995
0.000887611651122914
0.00087523006952816
0.000918799452541911
0.000685617195123
0.000849176862889281
0.000830775710992347
0.000744652774918855
0.000891169176274662
0.000767973690070094
0.000765448653965498
0.00077046789495737
0.000784437799208035
0.000696316946646816
0.000786122207607155
0.00085880144181194
0.000797020349423816
0.000649777768593331
0.000883278801172582
0.000955181303939532
0.000767219469505751
0.000675867057616351
0.000754334588767464
0.000847836122748844
0.000951559996206432
0.000743245787542213
0.000938300011564812
0.000780218643884884
0.000713085961892997
0.00082282555299342
0.000916760793440178
0.000711167114193207
0.000828878539057897
0.00068145206739282
0.000737959722821182
0.000852168081175155
0.000666136178439611
0.000718140060066058
0.000898803504558952
0.000926507714706564
0.00088803731281193
0.000914141604569124
0.000858886517732572
0.000778720483105839
0.000732169544827734
0.000689437811526063
0.000957457748664061
0.000902440801279449
0.000873456516644194
0.000680521201000133
0.00101360529107305
0.000791545459373481
0.000825001610137954
0.000982685443679915
0.000842235907371773
0.000816186075819231
0.00101693724799265
0.000750172833853654
0.000805553277198857
0.000687689629967334
0.000782901595540476
0.00078811370889978
0.00077390537117349
0.000723599674133611
0.000788168766334773
0.000689374621623193
0.000797325418555847
0.000817866722672426
0.000837780671922201
0.000893888406698391
0.000711286541048619
0.000803569865860445
0.000747932867361509
0.00068829340960269
0.00105025632399702
0.000747196460987537
0.000861377391277319
0.000793496973951594
0.000703892199345908
0.000824069156166156
0.000674375953246377
0.000918151916187556
0.000893638267828611
0.000820361738725698
0.000823238704559355
0.000774019260874642
0.000900806030531863
0.00079275197331504
0.000777572293279271
0.000908127179466995
0.00086820005706746
0.000698326713168113
0.000835023777221925
0.00081972375489463
0.000738773991765654
0.000694756268809495
0.000724985163933137
0.00081378549817699
0.00073220440739877
0.000769796284797483
0.000779453940753803
0.000816171418801737
0.000764978622719454
0.000814436085481277
0.000789003739518372
0.000694942030666117
0.000784273625542587
0.000709250755583172
0.000803485038141572
0.000692952483171662
0.000701511029518073
0.000777240266577282
0.000751884772030449
0.000680504477956612
0.000686137647742809
0.000747971856712447
0.000742720497463602
0.000844698523608717
0.000888514667360775
0.000744977978932377
0.000592624685831455
0.0007747990470659
0.000920854067025539
0.000629535765707866
0.000693880501906682
0.000724903218491554
0.000755002862998657
0.000794109865131884
0.000719855465381411
0.000760970056580141
0.000629118282626248
0.00088677425096645
0.000856594663911006
0.00072772682713378
0.000659873532546054
0.000650139231807449
0.000767689178505219
0.000841958067132683
0.000756282013066767
0.000764491052389727
0.000747180013251979
0.000804207619710584
0.000759529746484107
0.000651060557193805
0.000799564722665678
0.000625154805393856
0.000695877605317065
0.000917933382768797
0.000723284219210303
0.000796391289964432
0.000818538497766974
0.000767106738403595
0.000682780192790426
0.000860945988745248
0.00069346147099963
0.000840378796273799
0.00095068268069381
0.000647467806157995
0.000805709943885338
0.000805859378102454
0.000719511203422332
0.000756654696977467
0.000829370715367044
0.000951222627635427
0.000719512703368769
0.00062894112065979
0.000771231323513055
0.000687065957295991
0.000679916990298821
0.000726780994255079
0.000791066725040451
0.00101260433551737
0.000738998291723987
0.00083431669018258
0.000746155465964439
0.000865220963172442
0.000775561369270003
0.000727208002354929
0.000825160253905097
0.000750713849301965
0.000814813344336429
0.000694612125083471
0.000715846842927327
0.000659216395180469
0.000644179733256532
0.000732053467632612
0.000832720887425903
0.000658880976110803
0.00079286041744691
0.000663984653007507
0.000690236751288861
0.000700541940645667
0.0008321899533024
0.000788061699916805
0.000699589471823894
0.000865374460921264
0.000799253541464948
0.000640586076162478
0.000696393437286969
0.000779012321663712
0.000658818404772907
0.000738059703737581
0.000738627972778839
0.000706626925506234
0.000795291415110972
0.000768491640961501
0.000724097270485215
0.000699663088671283
0.000795457276019989
0.000766451610489387
0.000699206116652246
0.000710104569518909
0.000657838498903298
0.00068648603418751
0.00088656454428405
0.000755378513248393
0.000704446309818068
0.000668967860666973
0.000879843416589442
0.000795489206241234
0.000758916236678431
0.000646827684342038
0.000699609495879527
0.000731579748287197
0.00072235591046173
0.00075084182411862
0.000762047826847228
0.000792933109194893
0.000808402310404511
0.000804349593754073
0.000796564356609835
0.000770057425603323
0.000763652204296729
0.000763226439357208
0.000767135800886497
0.000729106489697704
0.000705327960114268
0.000949959825044945
0.000747963323240497
0.000595704988441751
0.00112226362042207
0.000774612312207475
0.000707045165508777
0.00075818273408697
0.000627731007457404
0.000860571663024148
0.000829216514699962
0.000720429143659136
0.000898662474819469
0.000764653592800173
0.000658851323043125
0.000715895475397418
0.000807553681396991
0.000828752237879859
0.000727973983551545
0.000795917187071059
0.000799016229420374
0.000687556151833926
0.000783813387416599
0.000798329467887985
0.00073475723594963
0.000712529112793141
0.000767080595434108
0.000757691844197262
0.000774424620111663
0.000694529252065754
0.000686515837189025
0.000637611652658309
0.000622043713527124
0.00065213699647544
0.000729025707617627
0.000806658929513522
0.000852153780341203
0.000701497474026075
0.00070367879718436
0.000770218466127054
0.000726612426344533
0.000667153857033116
0.000725259250463406
0.000791539974970179
0.000541640071343874
0.000740706880914122
0.000759591256441532
0.000657142676992998
0.000578900029300792
0.000769167986907235
0.000654014893279156
0.000689433535420174
0.00071083451684688
0.000801455843160719
0.000758603610822518
0.000963604362534263
0.000749645616949405
0.000784638212557101
0.00085771751467378
0.000739154399217599
0.000816001215617053
0.000913559587428608
0.000798337601848059
0.000761445697558753
0.000791632725214346
0.000775365207952938
0.000686685491689493
0.000696497165428925
0.00073207755172874
0.000715591660184487
0.000836518729024494
0.000775836497980401
0.000761509887111523
0.00079495990411086
0.000734688770138916
0.000661250709763872
0.000655611185521519
0.000540794470932343
0.000800780912803876
0.00106081246215406
0.00073346995223767
0.000716986896175466
0.000820016022727014
0.000627768506551008
0.000794339142399613
0.000804893364035581
0.00078795900348561
0.000802753606646817
0.000650774261337061
0.000791053814881844
0.000674280647303783
0.000671652383927316
0.000873450270633005
0.000762309426473274
0.000656098535571998
0.00068463497004144
0.000700487038693199
0.000631246812817744
0.000779938026463828
0.000858284590333871
0.000833608722008304
0.000921941482713193
0.000836873967936636
0.00102205667350928
0.000899483950171023
0.000857819261064705
0.000884845886128807
0.00101388973381586
0.000748937037485246
0.000836489056720128
0.00078218252269853
0.000806498399001924
0.000863502302478613
0.000824107485584835
0.000908767154497746
0.000853275540090879
0.000751183225855092
0.000798473993914219
0.000931418365787173
0.000935092089822243
0.000968958918354984
0.000833979302064358
0.000728362866484108
0.000808891675713004
0.000927123729240396
0.000839354808331668
0.000899639177071981
0.000828355677896429
0.00086349040296588
0.000678021624014577
0.000985226873904137
0.000774885974123337
0.000881496639321112
0.000811350217392588
0.00104503124430543
0.00077606291853289
0.000725931205937607
0.0008162717657141
0.00084005293640839
0.000737045786854498
0.00088241584521904
0.000893123721939004
0.000713477453247791
0.000841793867268447
0.000814919093619018
0.000741897452091687
0.000910918686910112
0.000747776507154677
0.000666980019775357
0.000883436898408343
0.000800564120004891
0.00104141290684102
0.000859496398777182
0.000895932500211476
0.000722194724518813
0.000789144230852888
0.00080706181990232
0.000757227286251741
0.000785240659038802
0.000771682173974847
0.00064655009502222
0.000719366771881583
0.000862383987170249
0.00073013291080126
0.000811304948715571
0.00085105660835236
0.000834123580649566
0.000719189717141907
0.000739003788639938
0.000866327803828174
0.000736729820104368
0.00061837080480684
0.000806496172223342
0.000698322021907821
0.00101845308245567
0.00075164050793651
0.000735889192850439
0.000791939512015077
0.000775564637456529
0.000854961352376429
0.000927154139633576
0.00105185686408995
0.000838411492313724
0.000845922674329981
0.000932866834316951
0.000828020430761394
0.00086737689458345
0.000832532881210195
0.000722415378596661
0.000865114872488453
0.000782259938001108
0.000843821393074117
0.000740745127797826
0.00078878257176391
0.000879130751675054
0.000720142349744316
0.000742587708175693
0.000609051844396226
0.000787625709680691
0.0006476137744597
0.000678033870898905
0.000847717913561295
0.000761817235464308
0.000912012275413102
0.000871962091049231
0.000721608107142108
0.000901580291193752
0.000999221208564277
0.000852191823795026
0.000879780835697748
0.000722565909015401
0.000923802431150722
0.000829584506780147
0.00073301536906693
0.000987079821583979
0.000868182030014767
0.000927260249897719
0.000792817841872951
0.000829543183202971
0.000840788152653105
0.000827712930934301
0.000707963088199944
0.000821904673592688
0.000875478269580557
0.00067304205526694
0.000883611305009982
0.000722754627555234
0.000816674866667492
0.00131770397421425
0.000948197392613609
0.00129077473389551
0.00100271432424317
0.000917465115455296
0.000959325971482488
0.000866266880758479
0.000862648089232857
0.000839277755206116
0.000765202175961422
0.000795800384985434
0.000924306806954408
0.000653651098414232
0.000820337773799985
0.000808000744763693
0.000834887901450117
0.00103982281428712
0.000753367594509885
0.000768139855611644
0.000779424417129541
0.000759189085933227
0.000824687449340761
0.000908201953826752
0.000742028457900062
0.000801368656004615
0.000776831827997167
0.00085219933961343
0.000827419302015209
0.000826819833419145
0.000763703262301699
0.000688701681338346
0.000857352457230052
0.000749158014529222
0.000963597607587722
0.000984732635416684
0.000912164183644389
0.000939086772841438
0.000895882122189906
0.000809735045111996
0.000760756195604494
0.000758293995087906
0.000918331637451809
0.000803078615348047
0.000835966906939025
0.000951657326374406
0.00105333373696946
0.000850526818272414
0.000741464809985576
0.000908903163701871
0.00115475367355364
0.000672643381345398
0.00081109420090829
0.00074798757444506
0.000658723504392013
0.000823687911790934
0.000661283206293352
0.000795173277756691
0.000990354680755644
0.000689164564708007
0.000753648387949126
0.00073537987831113
0.000688257184070658
0.000979351559301306
0.000783969725380619
0.000832169151306535
0.000792000650114927
0.000775038771682185
0.000759827074522216
0.000935498589062116
0.000854076919728592
0.000927573049248957
0.000838994873839342
0.000911153325492793
0.000729110280678828
0.000730860829167276
0.000736480802715642
0.00082115562289054
0.000768168074676511
0.000874116106425561
0.000731007428054005
0.000682351887428629
0.000744958253121814
0.00083814303908307
0.000932416595332097
0.00079084402384293
0.00103216721293216
0.000761816668398927
0.000805091643983682
0.000793259590523869
0.000846495793956913
0.000839963460225592
0.000803383876841192
0.00082432452695014
0.000876083095851264
0.000785659194863757
0.000743183575021897
0.000770447301146263
0.000864755794197099
0.00067512880037475
0.000853187907804572
0.000813272915932576
0.000737984296306165
0.000837663137763298
0.000947588331117238
0.000914317209206582
0.000825129298458508
0.000923421890005099
0.000841387977483274
0.000801566711371054
0.000810271816563032
0.000660895498410229
0.000914540941588626
0.000923750745027517
0.000799561737269041
0.000752430481168535
0.000753086307163225
0.000779652701118724
0.000711416326088467
0.00074479752724701
0.00087387424615569
0.00070408087096975
0.000743760719420002
0.000810014966792883
0.000782222862719609
0.000748200101874845
0.000850605992958484
0.000840656851955695
0.000810595720696267
0.000704971531675576
0.00077737931346439
0.000810479607954863
0.000910148215755512
0.000966506455721833
0.000794014883753352
0.000918907000339078
0.000824124322204287
0.000802658191019135
0.000689655560436662
0.000809928657775953
0.00069738631236804
0.000840192170147366
0.000859574003627545
0.000836278677895183
0.000765213753509639
0.000909426477916333
0.0008718423080236
0.000756900348532561
0.000843707575890367
0.000855020252078155
0.000768019112455989
0.000666513293794297
0.00073629112676689
0.00089179586367035
0.000783172147810024
0.000843750423483804
0.00074869810368944
0.000769486384738201
0.000949056172630027
0.000807395739383456
0.000827528562928256
0.000791622758117571
0.000752619265132245
0.00083457183178427
0.000724735847177413
0.000743210703526988
0.000911688472334402
0.000836479344519598
0.000694961404443267
0.000837185384581055
0.000684397709023343
0.000862714531485556
0.000798021385841327
0.000768881418312637
0.000871332595042384
0.000750517884889369
0.000796295741441631
0.00085858292475419
0.000872954029107517
0.00074626785292416
0.000817265369050458
0.000859913304260093
0.000812450084760051
0.000851596609014337
0.00112771905438968
0.000828156990967632
0.000816434303250418
0.000680763582119722
0.000647509962135301
0.00072322021912646
0.00087562141174214
0.000830621552479709
0.000782342005124603
0.000842341224372157
0.00102798927190229
0.000760581490819396
0.000638742813811156
0.000732710256241471
0.000810616162365328
0.000771054256371388
0.000804285330783294
0.000777330439107003
0.000866506981428512
0.000742022090814745
0.00087717694071532
0.000766276200403199
0.000733533600549423
0.000800719351936772
0.000751265726658953
0.000824926265269814
0.00069237922954159
0.000837050710404516
0.000754673204840341
0.000993535369542265
0.000716825045802281
0.000768376924501483
0.000878369209224271
0.000852509792679461
0.000810514216907378
0.000811400982797531
0.000815053227697614
0.000802795240276912
0.000910650725676517
0.000688019887059082
0.000727128180811916
0.000827892645837282
0.000818721851187427
0.000757377164364472
0.000744465854727013
0.000766025590825569
0.00078407157651575
0.000897796370150308
0.000807967194869211
0.00077602380573508
0.000818028250248772
0.000693569517538538
0.000844931036415364
0.000733752434719444
0.000850615042998054
0.000732956122032663
0.000783294653074281
0.000850226218304282
0.00066852684175534
0.000923975700389945
0.000816505682606453
0.000709452063345666
0.000756160274484696
0.000897698337144162
0.000832957464986913
0.000781488681053731
0.00086502181350384
0.000795492125636275
0.000859251705682615
0.000850020479031189
0.000754509025110087
0.000742293776437002
0.000926627115687387
0.00100625968756106
0.000754820228685104
0.000853977617530105
0.000768756786574071
0.00094904714608975
0.000804049690169916
0.000823233059299116
0.00072552129745699
0.000736670827531859
0.000732972215530217
0.000736644451873114
0.000861022509077929
0.00082215154738743
0.000718563541047805
0.000807865152324256
0.000832350009671587
0.000887559391326542
0.000815370480354276
0.000718735892330369
0.000689550674550978
0.000796231389735883
0.000772003941798451
0.00076127187029821
0.000711111839307196
0.000805570829375748
0.000762494873203505
0.000936173228727982
0.000683134695369629
0.000650013704184521
0.000690059794918534
0.000927484251345179
0.000669276151809943
0.000761814381091354
0.000633367012029473
0.000764591523367678
0.000781436368822102
0.000777223476352546
0.000810700485531754
0.000810087270911516
0.000726384556704623
0.000864739166458163
0.000772836798988523
0.000863005588325559
0.000880477335539687
0.000670996466731704
0.000732284074753886
0.000752917767144755
0.00090719527603834
0.000745871200735734
0.000811225167265306
0.00076309632483552
0.000740097397834194
0.000727735065942993
0.00072741398715704
0.000929580099920963
0.000955150516710187
0.000722094782407744
0.000774590312729141
0.000668228728613857
0.000874441255141157
0.000863043314219706
0.000892070172226463
0.000725497132654972
0.000878634480925688
0.000716713473298959
0.000894192354376635
0.000828813675865366
0.00073421674858519
0.000753752106046916
0.000742866985004761
0.000847561372086271
0.000777463908909857
0.000850056223232018
0.000718032421535809
0.000794712381293434
0.000749681333420009
0.000724909738686156
0.000820428664518618
0.000816413751658912
0.000726089365911629
0.000883749161298562
0.000722919294769541
0.00070683178961221
0.000765323285533199
0.000732085548438634
0.000717736391771991
0.000974021061322034
0.000861730948915273
0.000860623193038521
0.000787205669558472
0.000859674913001304
0.000847260406479566
0.000757628928628688
0.000682388222317808
0.000734458355175473
0.000937475820743506
0.000743099839223462
0.00075004199486008
0.00068743212592837
0.000849442708390786
0.000720869552515246
0.000821866536817544
0.000835870223048854
0.00073696195748602
0.000792535686079118
0.000814721112433082
0.000684350168360517
0.000829401465129307
0.0009532893860764
0.00072280698000966
0.00078196887807712
0.000713849635985685
0.000834803786636152
0.000764681983964168
0.000788949284585291
0.00077865730373955
0.000910416462092405
0.00069789817052528
0.000771610299418352
0.000798979285298982
0.000842856679772973
0.000787641058460197
0.000907119256097497
0.000796913615677013
0.000843847766228629
0.000807189346263285
0.000856164845179632
0.000748346206011604
0.000781914660297488
0.000733940236867843
0.000820078859433815
0.000906269191462719
0.000740555163571283
0.000698953126175296
0.000812916136825104
0.000587553792515205
0.000786777440294027
0.000742219669326822
0.000752820832503227
0.000795005427916029
0.000626920653161507
0.000709791693861279
0.000769422250049531
0.000971916744860526
0.000783779669968537
0.000829654816968939
0.000700549476526186
0.000783823522542857
0.000725718746809694
0.00078953589211431
0.000801175865971755
0.000797225568071773
0.000773927265449501
0.000802738335968813
0.000841180612450488
0.000686662439848277
0.000978987526525202
0.000719560464029082
0.000661413980345125
0.000907164183911758
0.000710964127028614
0.000881501129033823
0.000866204688249586
0.000868529815937007
0.000792258172300266
0.000689809189057741
0.000765497631799184
0.000678036611319194
0.000836147325087054
0.000811788132300127
0.000854624897613903
0.000644284385655277
0.000762597520039202
0.000827128137524584
0.000881388095727083
0.000796483749047047
0.00081144053391052
0.000738007191971909
0.000794344720842591
0.00117041736606829
0.000706974239813232
0.000807609096703075
0.000822171980240158
0.000859789344462953
0.000859865734488416
0.000735838287238139
0.000859143138758252
0.000713145631634725
0.000746010006371268
0.000762750738576506
0.000771223735159153
0.000800908007509496
0.000763210154630743
0.000806823119678597
0.000831594198983924
0.000851704741297159
0.0009557382779293
0.000870870497706052
0.000902387975252651
0.000900779884097289
0.000774091470113445
0.000697998526407586
0.000768589467930833
0.000705314433656512
0.000853969084084747
0.000933626993857822
0.000667885980691247
0.000805187293714195
0.000738343748179797
0.000826160035618167
0.000779066662905836
0.000667340792449193
0.000762705972625106
0.000686304983054212
0.00093147440958205
0.000853512678114845
0.000715263562459207
0.000732094072520013
0.000680406128340965
0.000741325739942496
0.00102775732675863
0.000843866704206172
0.000789883663091798
0.00077330110188151
0.000822749067691117
0.000755654347963706
0.000800756516110923
0.000881182213104614
0.000691192503057386
0.000932811217367871
0.000749881872556826
0.000922400377914155
0.000719696740891016
0.00081234611358786
0.000876338413910611
0.00078236887526371
0.000816157132051503
0.000846515002702007
0.000719869391102798
0.000897984086018844
0.000737923205661311
0.00074254425523118
0.000683812234644023
0.00080606000818014
0.00078645668287708
0.000834531302186724
0.000816862616838724
0.000798987113243629
0.00089575280118091
0.000829623189300345
0.00078567032700868
0.000674627806677961
0.000876584544421228
0.000832704354703966
0.000839150228421055
0.00089596085774311
0.000724282764281519
0.000850919471892312
0.000937762896418096
0.000799863855253292
0.000804918542776262
0.000682410163838012
0.00078950992153283
0.000861937240654001
0.000851766291065786
0.000763196377330732
0.000845454301652262
0.000858341953412064
0.000743950442098695
0.000753824344570355
0.000744667476775534
0.000825216892032351
0.000884195542988349
0.001006631833489
0.000756267222319138
0.000761942194529941
0.000889674412559087
0.000859488999003333
0.00092913169657464
0.000800945399092241
0.000781919236318292
0.000691866469996046
0.000814931965279398
0.00093169426271667
0.000830567024623264
0.000763600540458276
0.0007950444007806
0.000712038581933278
0.000952361633271554
0.00085456835072532
0.000782754071065919
0.000756747651160436
0.000737470100862052
0.000767498107261057
0.000785188515876468
0.000787771894381606
0.000728153380206954
0.000769588545790174
0.000686773604296664
0.000829202581125284
0.000850651890865507
0.000834798299177972
0.000961788496255205
0.000624583488821968
0.000744365740661194
0.000713038307615061
0.00077030545664624
0.000685285239927816
0.000859130145366428
0.000838956159634846
0.000929208466745584
0.000773298285010725
0.000719621541223269
0.000738466956674572
0.000803048942719381
0.000816339569331836
0.000807730216340707
0.000787090033314859
0.000771224827840222
0.00088308597551059
0.000915590027970731
0.000659231560680944
0.000800324399300337
0.000806536665338547
0.000894330662177534
0.000777674938773679
0.000879316141024053
0.000846631045159922
0.000751662770120214
0.000816033898088906
0.000730835474325589
0.000745294667125436
0.000781156436484522
0.00089206840530756
0.00080934462135842
0.000859967291192638
0.000778926065861493
0.000854082041270703
0.000776564889612314
0.000817334745851956
0.000799426634792301
0.00077300673200577
0.000852702932884031
0.000767652814491304
0.000779393887428717
0.000765109218980189
0.000777022742043611
0.000978660050391716
0.000875919195142761
0.00068096114919464
0.000929706431455513
0.000795891655037498
0.000906077949196652
0.000896314381513494
0.000920937187144705
0.00087076052099009
0.0009593537328862
0.00080147673067792
0.000871802460850363
0.000751741427984244
0.000867909801986061
0.000731615108486398
0.000678666694438957
0.000935163843018727
0.000748221203844001
0.000708402996294175
0.000722240082617471
0.000805393168127476
0.000760382068550573
0.000850448406756175
0.000737802868301704
0.000901508555581124
0.000886938060395474
0.000831121080903932
0.000889216263362125
0.000794479608105848
0.000865723841669141
0.000842609549728672
0.000733527795273688
0.00087936825766097
0.0009340794766971
0.00088904378268208
0.000785110097134098
0.000827585024224377
0.000738938621129739
0.000830474683173039
0.000932773866002684
0.000717187971504487
0.000872482628051004
0.000878552617598735
0.000914727405599342
0.000907652496914598
0.000746024290734342
0.000996927147341158
0.000824181054062688
0.000726583709538866
0.00113088285538773
0.000775435157450972
0.000859070840129355
0.000796523510441698
0.000818567637706005
0.000647773556979385
0.000753520501167576
0.000829164647850909
0.000708850159549977
0.000812708264762404
0.000774648003168361
0.000698318611019211
0.000824872252296993
0.000788993054636759
0.000680645184326233
0.000826305384014974
0.000805703818723439
0.000844465272704132
0.000857963325401443
0.000794694732255499
0.000756972620371573
0.000909230000634397
0.000760621140742742
0.000881645500973806
0.000792798961672836
0.000824975921222007
0.00072953350518565
0.000952532436058069
0.000829803214004367
0.0010118094066102
0.000784674085626004
0.000938901724325951
0.000789993416836362
0.00067018222786773
0.000783204249733147
0.000794488587728386
0.000934377018069163
0.000708724236197569
0.000783707331013178
0.0007196614693756
0.000783367681932278
0.000803672370150739
0.000756848020280775
0.000756002716851298
0.000783835051548402
0.000819327589806682
0.000916922734628812
0.000817052622156395
0.000816730366307786
0.000764267700612266
0.000799281255114302
0.000906204253671239
0.000802687109780672
0.000770521466005223
0.000705487636631019
0.000788701981285384
0.000817009677968176
0.000769213633021414
0.000978085698928112
0.000655931319830757
0.000866828863092795
0.000740667023633785
0.000750575471409805
0.000717447658169423
0.000913966567740282
0.000792792578745851
0.000795822206455051
0.000696873555465835
0.000947409563357495
0.000687083814113674
0.000745585073440141
0.000793364421678648
0.000853535089414789
0.000961033088188699
0.00090656770921222
0.000677958215334219
0.000837958001472596
0.000957900448753538
0.000727438729261225
0.000741185741483101
0.000966860111368343
0.000963705753368846
0.00076142424039829
0.000884396932543674
0.000877475277493979
0.000691342042603204
0.000753283430589649
0.000958574416888692
0.000707915688648848
0.000738255421373497
0.000991490732673124
0.000808888674767468
0.000855260821098661
0.00069146017754933
0.00103175628024216
0.000794440079134817
0.000757321090127848
0.000861088310263581
0.00076856756428104
0.000982191052087617
0.000748132341818464
0.000882008733415532
0.000922400383516213
0.000841216696879267
0.000842380067332426
0.000822985257689582
0.000983880573342308
0.000844002253389643
0.000738537644169268
0.000811325440938339
0.000717809658311602
0.000699050035042852
0.00074242204659787
0.000882760398383539
0.000807157273738415
0.000839140382785668
0.000762427680894783
0.00080381715006549
0.000918283731808005
0.000847499069128579
0.000824784643331838
0.000938852971688537
0.000795238688348772
0.0008324677551083
0.000683737658057144
0.000772864945488404
0.000842899955268524
0.00119226386020569
0.000991216149734767
0.000930870405880076
0.000959235042790655
0.000927870879646436
0.000944170043146568
0.000881691297270671
0.00102218752533386
0.000980274557723362
0.000990362214040897
0.000881545435560416
0.00104143643554147
0.00106832693110181
0.000901861480346345
0.000911946850404263
0.000892135912081682
0.000929390953169975
0.000838195338014842
0.000829555811966878
0.000877642269687414
0.00073484722168581
0.00118410226106906
0.000999600394446435
0.000765144586873161
0.000836231772833727
0.000863100370987379
0.000881126838579327
0.000771622884943315
0.000840120967911138
0.000819967198811633
0.000776800625275146
0.000819604228450809
0.000883114755561927
0.000784962073046222
0.00073582076096892
0.000795685734556451
0.000787609599222769
0.000912122815490712
0.000804118377417493
0.000714071138922127
0.00078343047818493
0.000832299876792291
0.00085744092174202
0.000821143574184575
0.000720679952373786
0.000884217433783471
0.000874807118040079
0.00090115871570132
0.000857264519359436
0.000755642531873888
0.000842728662999924
0.00078787632000445
0.000807507317202843
0.000729261185589862
0.000775023829282216
0.00099042803884827
0.000828570597892574
0.00071574351917745
0.000777200433979402
0.000841178021495123
0.000857056732702504
0.000756964721729361
0.000925345093792179
0.000849105953320331
0.000710071004364703
0.000839493387744686
0.000712376899247619
0.000879148569286525
0.000764561346289678
0.000919879166624608
0.000962774326588114
0.00101288621031684
0.00100039605747995
0.000887542776585772
0.000935413443157434
0.000905498629794836
0.000968434711638329
0.000717369433908926
0.000850720542817784
0.000822642604055175
0.000765227679046687
0.00085828090215517
0.000937068798399936
0.000770712879838664
0.000906481601365581
0.000888937836546476
0.000896044762096527
0.000877971710014511
0.000791429910020196
0.000790648382768125
0.000826221895760738
0.000788781957574006
0.000858805870705016
0.000767180158609075
0.000883198367763801
0.000857803160354318
0.000826184824562659
0.000757706642272324
0.000952227611234371
0.000892320412265533
0.000823375440849815
0.000860106272619737
0.000940505276541381
0.000738996639514199
0.000817234473142184
0.000804167648863348
0.000758483637905264
0.000790144389229278
0.000880232681538915
0.000884690366813005
0.000709540844338053
0.000715737475780075
0.000785475112632689
0.000785102251092469
0.000843710342554903
0.000918215909053156
0.000911900764506863
0.000707777394769695
0.000791346778596451
0.000761041529179021
0.000845517070426908
0.000743159053934578
0.000897558841760738
0.000878027843960666
0.000858056705562688
0.00085977611875194
0.000761608543782567
0.00086339749884385
0.000936454437846858
0.000856607475555745
0.000832943058986333
0.000801194326748802
0.000808508309536192
0.000917609188926453
0.000873597522958867
0.000853587097499646
0.000758336536949087
0.000905689318079661
0.000836784720098972
0.000856510378439866
0.000810258748068399
0.000866241440788853
0.000936216646189852
0.000872002021077868
0.000722878070407085
0.000747992983939711
0.00084839248003494
0.000817926658195386
0.000750398376357657
0.000896909155613981
0.000829614647207322
0.000867835209363104
0.000767605986309223
0.000832308388303287
0.000858212291504837
0.000860233738144578
0.000717921942614954
0.000808238719368208
0.000868846767651873
0.000860926014978069
0.000771783682646916
0.000809136504286663
0.000952184587666452
0.000832648565410746
0.000839108127364253
0.000785226005435834
0.000807647819299775
0.000850266088222703
0.000782272354358616
0.000832413723925773
0.000893157769097629
0.000893244213295595
0.00076911502185972
0.00101693486664813
0.000792723062550535
0.000754779940687598
0.000914690147688377
0.000763458173858481
0.000924757486953167
0.000871916050448486
0.000859917694701685
0.000934780649689323
0.000879503303753072
0.000959925187607693
0.000877623167546126
0.000876261882464734
0.000880835282025925
0.000920134722976815
0.000975698072399572
0.000909217138395117
0.000947616329877193
0.000866648133585954
0.000864352021784485
0.000804391285748041
0.000984776509331332
0.00104227950791288
0.000887596274465995
0.000859629733878811
0.000819974567598381
0.000824671761437317
0.000840909585099498
0.000763399295206836
0.000842696799140154
0.000815159661366906
0.000807368358560129
0.000749792375963499
0.000722432662812483
0.000833937673545037
0.000815477221408479
0.000829415300885665
0.000801820218308856
0.000801062132914098
0.000926109386329512
0.000721450567646865
0.000919021489495983
0.000846597745052753
0.000690228375824382
0.000831390848959678
0.000927417839459924
0.000844463500980664
0.00086387024475563
0.000787648624272608
0.000597895783107208
0.00085542028634938
0.000834101430192061
0.000747785431338354
0.000836274456375967
0.000847782243227797
0.000903395176511483
0.000824544016294137
0.000903743171076598
0.000838437704660798
0.000832129190888814
0.000752462214527296
0.000825652064270556
0.000800441041617493
0.000832337943652286
0.000828881625414864
0.00106062691997937
0.000790548799782097
0.0011116754651937
0.000676781469613527
0.000939070463671941
0.000847227481285683
0.000864500156953263
0.000802000732075681
0.000840367108150763
0.000839489787994244
0.000785550477205322
0.000881195130956621
0.000912463337005129
0.000899757400843455
0.000876550392763999
0.00102600736963306
0.000765613990552709
0.000926856409900766
0.000929967321303766
0.00098392199423344
0.000914182797091941
0.000814251548242161
0.000972144467960065
0.000897676380556344
0.000871500296567309
0.00101919779247152
0.000926418620198244
0.000938995763620536
0.000869529949614799
0.000802978770255186
0.000966943827669688
0.000995088250484929
0.000845057487530967
0.000826734457791843
0.000907621515677992
0.000846975936799902
0.00080766284066541
0.000833404260513082
0.000891186145383993
0.000868923897357276
0.000821810096691824
0.000956732142207696
0.000851053594107641
0.000758776292978039
0.000964492883200531
0.000879156087680289
0.000891613583340618
0.000917203637371356
0.000857861948449351
0.000807426335675059
0.000872382218464826
0.00079342980142817
0.000737416070348621
0.000890148059220505
0.000823867585656886
0.000922517294893883
0.000816050230660084
0.000752823099482698
0.000923558088345439
0.000883862266948099
0.000793150052599741
0.000833174234712236
0.000894986578170597
0.000797575993731413
0.000881417895136168
0.000842399069487855
0.000809630006759228
0.000929461198690509
0.000823105451521893
0.000925396395103199
0.000971214591455266
0.00104464044115706
0.00101007587191483
0.000949436483352541
0.000834756654577596
0.000842116344383705
0.000872342120333011
0.000884016732281039
0.00100552358296281
0.000877730071097975
0.000853416382345045
0.000933397361871983
0.00102292676809778
0.00108715330587581
0.000827634638708176
0.00115399416293541
0.00099788142131544
0.000811769571541018
0.000815249713116529
0.00106750685129992
0.00106374528595702
0.000881661526090254
0.000846398960787807
0.000817670722318116
0.000896608015872454
0.00111060287820381
0.000796411656782531
0.00106300527223737
0.000987910224188887
0.000856522259735556
0.000861855926765988
0.000920833936059049
0.000869308681560218
0.000972260064417828
0.0010596822268004
0.000925419969746857
0.000870971903381769
0.00102907286802547
0.000846234160907378
0.000894683337827096
0.000980359015709881
0.000870735501893361
0.00113595957553602
0.00119068210301957
0.00106410106586759
0.00104205059438809
0.000904084137920962
0.00100997067210009
0.00102622474117496
0.000960329455263084
0.00111290811352101
0.000916221333463654
0.00110618225158145
0.00111285000399305
0.00088050397945503
0.000967959708519365
0.000965830436021832
0.00117738507667836
0.0010899776309322
0.000860250492389264
0.000852083041092563
0.00112434138475139
0.00101210448049776
0.000909767833469361
0.00099702670592233
0.001043852470186
0.000982724029338576
0.00109452099035149
0.000859551894567888
0.000895186783038073
0.00108918674939434
0.000966251766441574
0.000913170752159839
0.00107265687827406
0.00097124044415723
0.000969794645955115
0.00107258006528639
0.000958359759707557
0.000945673806318642
0.00103329748029062
0.00106324746205798
0.000984924195336941
0.0010215872428158
0.000915059024774779
0.000925859419263049
0.0012782514838175
0.00109931957677904
0.00135222280406119
0.00119657495664317
0.00102434179058703
0.000981624145776295
0.00131661158282152
0.00129055032914829
0.00126969122832453
0.00130636444010615
0.00108303781306434
0.0013009067210569
0.00131400057274532
0.00116935948837222
0.00106745293458995
0.00110841924999737
0.00105596184768111
0.0010177660957141
0.0012458189723094
0.00106428862199523
0.00112828890844669
0.00110659403685194
0.000930847676963589
0.00130911058638747
0.001229640260088
0.0012185488871387
0.00142413823540392
0.00163028350015621
0.00136010999584333
0.00129899805988079
0.00138249831644819
0.00135203567036826
0.00145693803281848
0.00156670384490992
0.00132512568704238
0.00142231458906546
0.00130361231938515
0
0
0
0
0
0
0
0
0
0
0
0
0
0
0
0
0
0
0
0
0
0
0
0
0
0
0
0
0
0
0
0
0
0
0
0
0
0
0
0
0
0
0
0
0
0
0
0
0
0
0
0
0
0
0
0
0
0
0
0
0
0
0
0
0
0
0
0
0
0
0
0
0
0
0
0
0
0
0
0
0
0
0
0
0
0
0
0
0
0
0
0
0
0
0
0
0
0
0
0
0
0
0
0
0
0
0
0
0
0
0
0
0
0
0
0
0
0
0
