0
0
0
0
0
0
0
0
0
0
0.00580413543586668
0.00583061436732648
0.00592201317561892
0.0039192924755383
0.00293423089675781
0.00137736766206315
0.000455737695667541
0.000426611990265911
0.000327281363398839
0.000302043636960615
0.000246662454804716
0.000116444512197979
0.00012248852552222
0.000107112415147011
0.000105507966184172
0.000276216477643934
0.000185209281056017
0.000249017311501433
0.000352744387066521
0.000451059766262255
0.000469580391664724
0.000555420874025818
0.000700847740257407
0.000604466117861467
0.000592430448508612
0.000397056075857938
0.000377605682858132
0.000388200789129768
0.000262251705927076
0.000157704471522053
4.09239239412434E-05
2.2572135832985E-05
-0.000139301212502411
1.43587146277799E-05
-4.3706909565911E-05
1.58995708518601E-05
3.34592572113273E-05
-4.64030781992575E-05
1.41018429036888E-05
-3.08882444326426E-05
-4.73411641710354E-06
3.37396446131482E-05
-8.25288858934972E-05
-0.000152641142526125
-0.000121344632288606
-0.000216466869889374
-0.000192898436472323
-0.000144157340693061
-0.000131772800881099
-8.10770146710883E-05
-7.58328934296132E-05
-0.000156818521664907
-0.000119077368171905
-0.000123117455921451
-0.000121547602473621
-6.03337235011968E-05
-9.80809980791787E-05
-0.000113194673390723
-0.000243769562284696
-0.000233936103629287
-0.000226102717721658
-0.00021388709239092
-0.000262985545448175
-0.000254803242566927
-0.000308111743210021
-0.000292350330625384
-0.000320792316605333
-0.000415567360872197
-0.000284540976962196
-0.000303549652401879
-0.000412469748834533
-0.000303007547574194
-0.000303838592832376
-0.000348114935009932
-0.000370707211361697
-0.000458874052961317
-0.000397325152117401
-0.000332596982811326
-0.00040019504369958
-0.000379414323755383
-0.000271085234236086
-0.000283773017079183
-0.000227062609206006
-0.00016970623995073
-0.000128423277989563
-3.05258916057851E-05
-5.01271552063004E-05
-2.85031277864999E-06
7.64933982015318E-05
2.22334483268294E-05
4.71919400578669E-05
2.60031126698299E-05
2.92096048921431E-05
2.0238598796673E-05
0.000107260443953195
6.01680620742082E-05
0.00013592035260619
0.000136264853828959
7.41493833787832E-05
7.90158846023869E-05
0.000120286056107612
0.00017214424267289
0.000197794012709062
0.000193055455592567
7.82391449228629E-05
7.10533085389469E-05
2.60065069510941E-05
5.02253411250128E-05
0.000108494531549967
0.000215334076008279
0.000184104068814307
0.000114557775179363
8.60101119884762E-05
8.08012066654451E-05
0.000239389753541083
0.000307835006940748
0.000342537855728628
0.000372139732483546
0.000367735096426825
0.00029612368855276
0.000308866742915444
0.000287777448429368
0.00029545984936925
0.000404483435103829
0.000372418794819692
0.000373281367583535
0.000373249654753881
0.000269283823278627
0.000207329100419597
0.000211359095239931
0.000232163212751828
0.000270880549535853
0.000255535600861651
0.000173480887800682
0.000143892472177905
0.000138489287341346
0.000207044863841714
0.000224871140691472
0.000232115901068395
0.000213496517471642
0.000154902542278713
2.68403184608645E-05
-3.41943654505165E-05
-4.17159030242922E-05
-6.20560485651394E-05
-5.40850260610356E-05
-0.000145309361002075
-0.000155501800155256
-8.15468143537613E-05
-0.000124504645517563
-8.89355448991425E-05
4.11690220655281E-05
3.96334501793634E-05
3.10869626342604E-05
-2.88188163218375E-05
-1.64705297528121E-05
7.01135384000576E-06
2.92792360793851E-05
1.74242747474568E-05
6.14942220622521E-05
3.82524707586625E-05
6.52831187919292E-05
0.000168395221731156
0.000176771013474658
0.000173226938892591
0.00012808660128707
0.000102566852999619
0.00011159178135858
2.73953535696996E-05
4.55561472081453E-05
4.59156046689487E-05
3.36932418413077E-05
1.26893747188806E-05
2.62247690415728E-05
0.000124531604721244
0.000128623353536955
0.000120200488860748
3.72076431530238E-05
5.74281224954243E-05
-9.6837355913146E-07
-5.9988570710267E-05
-0.000164725659276804
-0.000184709926293639
-0.000268232934175096
-0.000271448092270132
-0.000290960423582919
-0.000377328697120985
-0.000254403340421748
-0.000212932639774478
-0.000176364096469536
-6.50004739221443E-05
1.33744650038843E-05
1.18512080504774E-05
6.50719945690671E-05
5.17861679702064E-05
5.03472017730534E-05
0.000124339927180166
9.05157046218506E-05
7.85046218994577E-05
9.29388596182664E-05
5.80634773658971E-05
7.31714441045732E-06
3.71267588787626E-05
3.29998207127273E-05
2.39815529312794E-05
2.43812162796371E-05
-1.10788580749368E-06
-1.91266562236793E-05
-5.93497896111836E-05
-7.5905474976079E-05
-8.68968279995651E-05
-2.82974791174387E-05
-7.8834575542579E-05
-8.74780613380778E-05
-1.49377197982667E-05
2.91117336906987E-06
-6.00449407146873E-06
-3.52197074739872E-05
1.01971350317815E-05
-3.09263247766846E-05
5.87647926427642E-06
-0.000138142228963072
-0.000140145531184942
-0.000190422119694284
-0.000266015473105897
-0.000246578532800314
-0.000298049859531128
-0.00028948523601098
-0.000293111127217621
-0.0002488480674757
-0.000359065940525353
-0.000279406990090465
-0.000281770379240076
-0.00025513380649265
-0.000235833168616694
-0.00029558592195092
-0.000287309615737323
-0.00019136173040402
-0.000186551578032442
-0.000172436256169112
-7.65888970945758E-05
-6.15637282352761E-05
-1.82492903777104E-05
-3.84158113025259E-06
-2.49907659657655E-05
-1.27580475948737E-05
7.61256852229621E-05
1.45352761292961E-05
2.3977844389359E-05
-4.61411898997111E-05
-9.02339693540469E-05
-7.22680458135187E-05
-2.67585501642466E-05
2.67015140897892E-05
6.81284537097447E-05
9.74538782287189E-05
0.000116898435192213
8.53148887365934E-05
7.05211526026575E-05
0.000103769309199969
9.28132114613925E-05
0.000100277884245388
6.49995647052024E-05
-1.48262320350363E-05
3.10749864806041E-06
3.42715000479025E-06
-1.20803531287208E-05
2.37678001246933E-05
-8.11926239053771E-06
1.72999164197529E-05
8.50586908244996E-05
0.000115947255748679
9.22109909974393E-05
0.000143114606208443
0.000149217754634415
0.000185612156974403
0.000209095675745969
0.000178113331712596
0.000235213895760818
0.000192356421924945
0.000130687038808227
0.000116125579275457
0.000118219994321223
0.000147697063064441
7.44119556014413E-05
1.61003427152163E-05
-2.40586047991301E-05
1.04136692912821E-05
-2.6082050941606E-05
-4.06763953505565E-05
-4.030865254032E-05
-3.7631804980527E-05
-3.19672199190175E-05
-5.33227534202046E-05
2.98105136560701E-07
2.30079037374782E-05
3.9245287648567E-05
3.14152919288295E-05
-3.1968213644253E-05
5.78666148162865E-05
-1.49866575166217E-05
2.77768030806272E-05
5.62906136592512E-05
-1.92115571885011E-06
-7.53279850331614E-05
-2.63450955851214E-05
-6.86647411382115E-05
-9.89291904621826E-05
-4.52274686390386E-05
-8.23410507929229E-05
6.2033420160807E-05
9.18042174519871E-06
-6.86832410234058E-05
-4.82185848552182E-05
2.15852953617432E-05
-9.78648892996862E-05
-4.11039057409304E-05
-4.11567827100708E-05
-0.000111777943261319
-8.46935303636856E-05
-0.000148329160741181
-0.000198606232722009
-0.000104146568154473
-6.74608820793952E-05
-0.000164263751753048
-0.000105086191651326
-0.000113941620195121
-7.22214535725208E-05
-9.09511435298512E-07
-7.0038676084706E-05
-8.64561155981621E-05
-7.62338003797243E-05
-0.000153812369470606
-0.000148229630994728
-8.23744811570323E-05
-5.60907485607428E-05
-8.86315810927582E-05
-0.000135179160334766
-0.000101753225099425
-9.61771265169012E-05
2.81463926381245E-06
6.8528581237159E-05
7.298809445539E-05
6.6358584630954E-05
7.70383353017361E-05
1.46979157388225E-05
4.81942925420565E-05
8.13121581487652E-05
9.44195394738208E-05
0.000121857348732422
1.85793080933098E-05
4.62100425573651E-05
9.95753452910486E-05
0.00014584189352986
9.13568073940979E-05
0.000149424837547157
0.000161635095175061
0.00017557580658195
0.000109865088679973
5.68153058968347E-05
6.43390881572059E-05
1.43430567817134E-05
-5.0507174315011E-05
-0.000104279145655493
-7.33459070908377E-05
-5.57960147654929E-05
-0.000121846650002033
-0.000168713441084485
-0.000101745874157442
-6.86713633165481E-05
-5.13583686079955E-05
-4.2098778237704E-05
-4.07409809115715E-05
-7.458666084452E-05
-5.11341058595789E-05
-0.000150812780494481
-8.37260738292352E-05
-8.15236726603614E-05
-0.000112687009686312
-0.00011066256562756
-0.000158446882017518
-0.000165687477435641
-0.000171186051096379
-0.000125466182449092
-0.00011197270794163
-6.54783559462324E-05
-0.000145855461205654
-0.000131492196588336
-8.85560019063219E-05
-7.69996906394379E-05
1.97929806882008E-05
-5.11080038733376E-05
-6.33254369289643E-06
-2.14761353499614E-05
1.13844391418158E-05
6.12631623220834E-05
8.75816344760387E-05
7.19141687044375E-05
1.12538676180801E-05
-1.90841761695669E-05
-8.83209876245584E-05
-1.23337844220081E-05
-3.94210032541482E-05
-4.96626944990196E-05
-9.57617365990631E-05
-0.000123794901671829
-0.000146868021237758
-0.000117044962769603
-6.89475328303818E-05
-1.66027089894289E-05
-2.56817369350695E-05
-6.56288836119079E-05
-1.7667842499525E-05
-4.29205086215328E-05
-7.03968540144133E-05
-3.41223563659823E-05
-9.47680962278601E-06
-0.000380729123988805
-0.000368607966892162
-0.000375096459906303
-0.000329041244265025
-0.000453169291279925
-0.000401752656452491
-0.000342116473046617
-0.000304331616997635
-0.000333311254015079
-0.000335897671502509
-5.48882076883674E-06
1.93568921073964E-05
9.43817063277877E-06
5.89578497338128E-05
0.000231246949252908
0.000133252644370472
0.000113053548603807
7.8292795542985E-05
6.65058466594174E-05
5.74261137112133E-05
8.31018635500555E-05
1.07732203776115E-05
-4.12093851687341E-06
-8.68944203389116E-05
-0.000117998206588454
-0.000118129065497298
-9.04402258144506E-05
-4.80907570831563E-05
-4.8728892554469E-05
3.30594312777332E-06
-2.79658358912094E-05
2.20367845089869E-05
3.73694701840628E-05
6.31686345536317E-05
6.91489260757681E-05
-4.12366171273883E-06
-2.19649543858323E-05
-8.38940234503731E-05
-7.62199143495601E-05
-9.41684405666082E-05
-5.3385408412282E-05
-0.000102648497633685
-0.000112761140391408
-0.00013054562266846
-0.000126442959779134
-7.47807854670696E-05
-0.000132355426215442
-0.00012187763699125
-0.00013695715848508
-0.000159768272099185
-0.000154340248125232
-0.000173918837865772
-0.000138139785681275
-7.16294462043779E-05
-4.72520613401357E-05
5.49445272146113E-05
0.000108665303375985
0.000112065351554423
9.66264945390355E-05
0.000100541414006673
0.000107051163661826
0.000118668325315215
0.00010549141303765
4.21060907757476E-05
9.31406660147928E-06
-6.03721460192909E-05
-6.80945650085298E-05
-1.68529906363599E-05
3.12163711703618E-05
3.92065438830028E-06
6.54257931346811E-06
6.44826901443488E-05
7.80875905674802E-05
7.20229577508607E-05
7.42704394572736E-05
7.91738013370655E-05
8.92443295757958E-05
4.54140998388151E-05
-1.1114150135966E-05
2.54049372234903E-05
4.3950135623039E-05
4.35696830466254E-05
1.64296968657439E-06
1.70550540389329E-05
4.81348969993016E-05
3.02312871736827E-05
5.64674197328242E-05
8.75113141980733E-05
0.000174167270110158
0.000194911335621835
0.00019852403208387
0.000161357313866614
0.000143283092874869
0.000161292220770843
0.000127060349504325
0.000157843716987235
-3.7755775104925E-05
-0.00021952811224099
-0.000191487600966377
-0.000171591698709125
-0.000177522920522261
-0.000161827647346406
-9.84270357106404E-05
-9.79261975660125E-05
-9.73351803289364E-05
-0.000130422942559449
-1.9369174515861E-05
0.000203285341185752
0.000175985870327785
0.000163256054148539
0.00013596963484728
0.000141535432336683
-1.86391004905237E-06
-3.7849289855429E-05
3.52703796606361E-05
1.46311229398209E-05
9.15658529370576E-05
1.33207550417955E-05
-2.57746756489316E-05
-6.92200612871071E-05
-8.66819748456939E-05
-0.000146856429709341
-4.5977375482302E-05
-1.74359419739125E-05
-0.000123206327536442
-9.58116148045657E-05
-0.000122577361399617
-9.57883613277282E-05
-0.000109781368325448
-0.00014887814246817
-0.000135834066912012
-0.000126086627141006
-0.000133693525491452
-0.000144349045601212
-0.000100708417443489
-0.000111761828702956
-0.000119781181261841
-0.000148529897383977
-0.000260598068014277
-0.000439705592465677
-0.000426544200196194
-0.000406402985225169
-0.000347101977591963
-0.000330245835005948
-0.000344079854120221
-0.000274028295977973
-0.000294984168271221
-0.00030732640735432
-0.000181826197874317
9.08357550307672E-06
-4.84209481654428E-05
-1.26802256306309E-05
-8.97968544316151E-05
-0.000139396406736592
-0.000130632875279789
-0.00019399117207294
-0.000174515955258567
-0.000101133007545585
-0.000174423007202409
-0.000146221986901686
-0.000152460538713304
-0.000218084341014286
-0.000161231030736018
-0.000123046525386411
-0.000149527251079294
-0.000104034501691702
-0.00010837436391367
-0.000140958907989354
-0.000109765433649379
-0.000101028028377585
-6.57940445864393E-05
-5.72681989724985E-05
-8.87707987687283E-05
-9.19688294124183E-05
-8.6178027879801E-05
-8.99750929448E-05
-0.000103138207661224
-0.000118441327586874
-7.56782597596271E-05
-7.62168354303222E-05
-7.48386022554766E-05
-3.82181164287606E-05
-4.01567294555443E-05
-0.000105343824604926
-7.48703846599106E-05
-8.80835829233291E-05
-5.51252192396563E-05
-9.58483698293241E-05
-0.000109378993454256
-0.000133653568978824
-0.000134435177242234
-0.00014716761995196
-0.000122287179789295
-4.38530282369887E-05
-5.56216754006195E-05
-7.76761151974748E-05
-8.81514616538602E-05
-3.83408378963676E-05
-4.54397359943903E-05
-1.98217452679467E-05
-2.70481584827037E-05
-5.84801705608207E-05
-0.000102114518465371
-9.67604035824905E-05
-9.22060234302678E-05
-7.71012907141944E-05
-9.52531336714862E-05
-0.000122676258882723
-0.000122404293074295
-0.000136742969346088
-0.000116608153488328
-9.50953692064029E-05
-2.79508562324261E-05
-2.30793840013521E-05
-5.72203814880784E-05
-8.46423289149168E-05
-4.46093687354095E-05
1.64940513453526E-05
-7.13551232322058E-06
3.84822905614628E-05
-2.00216096555567E-05
-1.61245844545223E-05
-9.18140787030337E-05
-0.000154234444529858
-0.000129182292010723
-0.00013796979442398
-0.000150432174657649
-0.000216363150429681
-0.000239364852361578
-0.000318321540972602
-0.000252081675955988
-0.000290012329681165
-0.000293829225512361
-0.000256988490105446
-0.00030087047255378
-0.00028465949443398
-0.000366617908783616
-0.000373081288958418
-0.00034531653005028
-0.000288468685612422
-0.000319677742233047
-0.000307614861143891
-0.000335106814925798
-0.000335692114674225
-0.000247788051390949
-0.000266803974197975
-0.000227258874569271
-0.000190365064568357
-0.000238737671120329
-0.00028145895736091
-0.000275849084328788
-0.000255847992218584
-0.0002062223498787
-0.000239440130242089
-0.000332564008009271
-0.000404914872353681
-0.000412283021073803
-0.000443020103243406
-0.0004328586628068
-0.000469124266168537
-0.000480362097304715
-0.000486259628157633
-0.00047639174445879
-0.000444018666520915
-0.000404853568420593
-0.000338248620580765
-0.000404947242917221
-0.000376628898987723
-0.000295094223013273
-0.000265866301173873
-0.000228875371895542
-0.000232229780575332
-0.000210655579606567
-0.00016044531516189
-0.000168350894903088
-0.000170218231338049
-8.47165702448151E-05
-9.89280500069354E-05
-0.000152263555194418
-0.000146191972637649
-0.000180006584364915
-0.000176215751084507
-0.000224264740260307
-0.000296493869510226
-0.000211354621146708
-0.000176599992226356
-0.000215668394689177
-0.000180394019707273
-0.000174273141655063
-0.000144651534786903
-0.000112117773359825
-0.000113924323852913
-0.000165227831912939
-0.000112134921674465
-0.000179201144686387
-0.000140531438809604
-0.000159325275486187
-0.000256653991911019
-0.000234090623960146
-0.00022268754848658
-0.000323616696957684
-0.000317061507451748
-0.000201641934852927
-0.000246979364917881
-0.000238098490505266
-0.000302399185781295
-0.000231049543721857
-0.000141766524785515
-0.000169107706146141
-0.000201442977434229
-0.000157522417143098
-0.000178275875436378
-0.000219783565186739
-0.0002127356459186
-0.000214605571118988
-0.000188717827688957
-0.000167804903727825
-0.000197852807817464
-0.000149687731351707
-0.000156589314505205
-0.00010437931472146
-8.59942950342286E-05
-4.60755228163115E-05
-5.49183955376445E-05
-9.45800202763914E-05
-5.3165781826503E-05
-5.13745601640989E-05
3.32638410237645E-05
3.32115211534018E-05
9.50678287953831E-05
9.42768417506394E-05
0.000121862145011152
0.000117117152457853
0.000104860087385091
0.000145604907425275
0.000127593142010218
0.000101762536433023
1.47761371608888E-05
-1.82834238516537E-05
7.53050935519076E-06
3.81193311813252E-06
-8.03678754562611E-06
-2.83686607416574E-05
-0.000102534934150454
-8.48708932875004E-05
-8.51750561802276E-05
-0.000111461545217601
-6.62224553764176E-05
-3.86781557119823E-05
-7.86056928941942E-05
-8.27674715539901E-05
-0.000144808403728859
-0.000130455847355211
4.1369009886137E-05
1.26291731180894E-05
-2.40828995877318E-05
9.84890493557178E-06
-2.02995963318468E-06
-1.9523011063489E-05
-8.35459355415138E-05
-8.46771190005994E-05
-2.5711020172148E-06
-1.48274728580994E-05
-0.000112757845136119
-0.00012955728204019
-0.000169676447811459
-0.000152407354163686
-0.00016727437385282
-0.000194887486621799
-0.00014437015505027
-0.000143172515420147
-0.000150437683974486
-0.000162932555981566
-8.21613928464511E-05
-4.36791068541161E-05
6.35334200348791E-06
-4.3623040922416E-05
-4.48030873864702E-05
-3.77347369252239E-05
-6.22323642404109E-05
-8.95278656935363E-05
-9.38376944645139E-05
-0.000119981096787669
-0.000169717759831605
-0.000154628577200365
-0.000144559048984605
-0.000106190738200515
-0.000111113786278226
-0.000125595140571342
-0.000100588693506402
-7.55875402933951E-05
-0.000101134169635291
-9.76633416371501E-05
-0.000101390649242375
-0.00015480490659416
-0.000178955988348844
-0.000228452438823906
-0.000228194189182805
-0.000160290475728386
-0.00018799478220305
-0.000193059765126817
-0.000196211801932146
-0.000198476406665425
-0.000192587378007235
-0.000147338356379378
-0.00018077859887185
-0.000151613646258559
-0.000114472248246841
-0.000123393802029268
-0.00011870680054215
-8.86771428918115E-05
-0.000102913511283276
-4.74090803589572E-05
-1.88074773332692E-05
-1.14026958060196E-05
7.51289549853827E-05
6.15903122698783E-05
2.12504226637951E-05
-1.5439645053551E-05
1.86542703672219E-05
-0.000133365789495101
-0.000108284923011034
-0.000140591332247515
-0.000146219373959483
-0.000209453193224494
-0.00023344200297639
-0.000269902783599544
-0.000231901972687283
-0.000211865496008242
-0.000219941804553198
-7.52661643917363E-05
-9.79607724335902E-05
-0.000119921474629905
-0.000216192849661475
-0.000147271099095064
-0.000153714154003921
-0.000125158130826255
-0.000176275465654522
-0.000219364730507142
-0.000242686962879037
-0.000263975679396608
-0.000257893224242789
-0.00025943626603002
-0.000170387690896397
-0.000245779248992832
-0.000282801443614009
-0.000271386692574011
-0.000252841160770659
-0.000203632926744061
-0.000153418175287529
-0.000149502008901254
-0.000159842751742397
-0.000160594501231687
-0.000187713845970609
-0.000181101363245785
-0.000229882708358235
-0.000240860842420121
-0.000260653830406519
-0.000280877232934672
-0.000341362533496048
-0.000378230747689939
-0.00037404889379554
-0.000343561117015428
-0.000365466108774413
-0.000319520173287106
-0.000255137158359409
-0.000251777359806043
-0.000212148943549217
-0.000192829803471494
-0.000158012825732471
-0.000182013518848057
-0.000169976790906557
-0.000171301360818439
-0.000142996886441656
-0.000168754745978666
-0.000138754964218318
-9.26235957103371E-05
-0.00011558964207232
-0.000113972135196489
-0.000139688884059351
-6.9459918042375E-05
-3.92432913344258E-05
-7.17666926034326E-05
-9.19447369496309E-05
-9.6260428311213E-05
-0.000112233752186316
-0.000107462359843779
-0.000104850505803395
-8.82891539827322E-05
-1.76320473851018E-05
-2.49081770032895E-05
-2.04712259045622E-05
1.91577183934876E-05
5.60854824010271E-05
7.55374827601247E-05
9.41399104378087E-05
0.000123598554382294
1.7132142235788E-05
2.89878677437019E-05
-4.62514698970246E-05
-5.69741238551293E-05
-9.30612616500084E-05
-5.65835301088664E-05
-8.74115227700378E-05
-0.000105610538362118
-0.000144310428345472
-0.000208580714426785
-0.000111150007292537
-0.000134931978006844
-9.60605506497442E-05
-6.34706406793855E-05
-4.66824490958425E-05
-7.71203938346428E-05
-5.52682526049594E-05
-2.47401438749807E-05
-5.44149830382294E-05
-3.13389567392348E-05
-2.92721980117414E-06
-1.30833666043628E-05
2.92054138366418E-05
-2.62326710015429E-05
-5.20963579643899E-05
-4.74548021044727E-05
-5.79206256867209E-05
-9.28544750844948E-05
-1.036252314732E-05
1.39233096465766E-05
-1.97347651236079E-05
-5.25593566516733E-05
-0.000108824290579062
-4.28111688987696E-05
-3.80794161782357E-05
-2.97029142520015E-05
-3.06968764100815E-07
4.60237520434323E-05
-1.17684290326365E-05
-4.23765093819662E-05
-5.13623661159051E-07
6.06591873029537E-05
4.53450872356382E-05
3.9030651537876E-06
5.22466368030915E-07
-7.51626075449336E-05
-0.000103553651642644
-0.000113043758518425
-6.81834459083115E-05
-9.62217425408571E-05
-9.83647901965457E-05
-0.00011459000556407
-0.000111335018367037
-9.5685077698372E-05
-9.75686675261953E-05
-1.18255665055662E-05
-2.08852604349306E-05
-2.46000824382336E-05
-8.82938628867899E-05
-0.000129520093781125
-0.000151560307209435
-0.00013459637831111
-0.000125363761478441
-0.000135639265980802
-0.000134550514706208
-0.000179889401907287
-0.000144784175948062
-0.000153137778517082
-0.000110608552919463
1.69589134711791E-05
1.37275055678211E-05
1.62839729326787E-05
-2.32082593339002E-05
-6.49620499799183E-05
-4.79027066868768E-05
-4.66084238664399E-05
-6.93426671874357E-05
-0.000120873374112344
-0.000125596607798044
-0.000141434705446106
-0.000155811330727609
-0.000242876791078107
-0.00020818224684061
-0.00014709835639222
-0.000160848018780371
-0.00018172771996331
-0.000183279753032763
-9.89928874258098E-05
-7.47078227084994E-05
-0.000134535279898133
-0.000110909815848659
-5.73537668530459E-05
-4.04216177888968E-05
-6.54072924666154E-05
-6.10573369574045E-05
-3.38898658574783E-05
-7.24334818131762E-05
-0.000124553289742138
-0.000112247766131754
-0.000178681457440786
-0.000191372987349363
-0.000156586326376781
-0.000181443764127734
-0.000178106266685437
-0.000159458514069966
-0.000152664340842805
-0.000128923101387803
-8.60601757787996E-05
-0.000106315506480487
-3.254513526768E-05
-2.93030091372452E-05
-5.06689462462932E-05
-9.22734389032306E-06
-2.79522067837229E-05
-2.93498608993295E-05
1.18859419432904E-05
8.66784909069153E-05
7.66509832601479E-05
6.67151092397004E-05
8.24981818769001E-05
0.000103057542878643
3.86535644716388E-05
3.24942010805423E-05
8.27996967527427E-05
8.26615419001803E-05
6.76680484833876E-05
-3.29982991982817E-06
-6.33012876168338E-05
-3.10026036312254E-05
-1.90080425053749E-05
-4.55505274541195E-05
1.90992912781152E-05
2.46982879180328E-05
1.87323400098831E-05
3.68293141455031E-05
4.06369897346477E-05
8.50878439783216E-05
0.000105320757898586
8.84511022632081E-05
8.89844821349201E-05
7.35571027777939E-05
6.74914803013072E-05
0.00010452148017076
0.000102532928661261
8.13259318783249E-05
6.22804692546891E-05
2.82868390778854E-05
5.8696851731527E-05
7.24522410654804E-05
6.4961751588177E-05
0.000105596321410904
0.000144680197661292
6.88093157621846E-05
2.63727652856008E-05
-8.20826719601897E-05
-2.03631179100773E-05
-5.03121278932165E-05
5.39330850494978E-06
-9.43533609471551E-07
2.94724363896956E-05
-1.0949018126983E-05
-3.72240152188916E-05
-1.61869550812919E-05
6.72014681448963E-05
0.00021423216506176
0.000177585268058109
0.000226199734140351
0.000195971714179373
0.000231374102822789
0.00024394384367864
0.000279077146549248
0.000287497747092228
0.000265532246555499
0.000270138560706884
0.000274422486017409
0.000277896391495152
0.000266759861722658
0.000262264638485417
0.000223136578653599
0.000163961618583927
0.000145499534688519
0.000155456029910414
0.000185946930392782
0.000135514730823178
8.25179815564327E-05
6.38944478370005E-05
5.58234198525844E-05
7.30263623318213E-05
8.02058813360516E-05
8.64773766220078E-05
0.000137719639960455
0.000135224978440177
0.00011183836827846
0.000115189786438339
0.000163993600085533
0.000163835399162104
0.000185174087862187
0.000193898426295767
0.000146152127414183
0.000164186079720697
0.000140246065773051
0.000110284418671305
0.000171949914967972
0.000134611861521451
0.000102235420910771
0.000100682145988515
9.44918163473276E-05
6.69194839529756E-05
0.00010492176391631
9.98463351431235E-05
5.90350217529556E-05
7.17489589449505E-05
-1.27978092626392E-05
2.56822270281271E-05
5.1742632611697E-06
2.5753505792634E-05
2.51369228508389E-05
1.76238622553937E-06
-2.02236636195909E-05
8.82634436731062E-07
2.95970284758184E-05
-6.42099488068301E-06
1.77827699288071E-05
1.77099441645703E-05
6.74332579491237E-05
-3.86137527121674E-06
-2.75696965653393E-06
1.4071908839632E-05
2.64807909108544E-05
-7.65482251840153E-06
-5.14995872419624E-05
-2.48490537984558E-05
-1.63960376144614E-05
-5.29126310450952E-05
-7.71715409331398E-05
-4.72880941251783E-05
-5.46136008336851E-05
-0.000116789385798232
-6.00669657127065E-05
-4.3475102244744E-05
-9.44315036578234E-05
-8.08849120926829E-05
-7.19089249081034E-05
-6.85711420214521E-05
-6.46373244156565E-05
-6.06649823062073E-05
-7.91317824254584E-05
-4.6386825921507E-06
-0.000100158310069523
-0.000128861777152935
-5.42838993396837E-05
-6.79581135779641E-05
-6.36897059176803E-05
-4.96670278722844E-05
-5.19789132625886E-05
-5.56455279504788E-05
-9.58248033050905E-06
-4.10648850805966E-05
2.62547589012248E-06
2.10402536048904E-06
2.37232991224484E-05
3.2659630187027E-05
4.73908803400181E-05
3.58483839630248E-05
6.97217448518497E-06
-8.02758248406701E-06
-3.75179154233788E-05
-3.5915122927112E-05
-4.27004145551606E-05
-4.35417519216256E-05
-5.04180154773689E-05
-5.99608333725043E-05
-9.10871450861023E-05
-5.84498601937977E-05
-2.53048253845411E-05
3.04548491160496E-05
3.52152220130685E-05
4.44535455788837E-05
2.03185231574899E-05
5.62859975137223E-05
6.02228495882113E-05
8.94607711966796E-05
8.17578441501901E-05
9.05520376301198E-05
8.47224772186144E-05
6.52816864903798E-05
7.01295947530897E-05
7.02136179621649E-05
0.000110783663964486
9.69123892971938E-05
0.000137506883697787
0.000135410726016513
0.000162683702691699
0.000156590197830049
0.000149164704406483
0.000115511245533669
0.00015579255782317
0.000165726538167934
0.000188667611010182
0.000195136493316079
0.000147676077912604
0.000141516287888923
0.000142589243304855
0.000149083122476705
0.000170870285395627
0.000250480773968549
0.000224630108279982
0.000281452338092641
0.000263964001214776
0.000236683374097143
0.000266254455350453
0.000268834085708584
0.000204307498261757
0.000174361874218451
0.000109376996577359
7.29635610411837E-05
5.06254030611333E-05
-5.2687838986988E-05
-6.13341484986787E-05
-5.83133541629711E-05
-7.308249686878E-05
-4.79769788552097E-05
1.17345854173138E-05
4.52107138914304E-05
8.92826870518621E-05
5.14799859847771E-05
5.07214654480146E-05
7.56603648863889E-05
8.63895957336328E-05
0.000112740339068599
8.84427666891438E-05
-1.93224793975466E-06
-8.26944895486305E-06
1.15327518294452E-06
2.33837523377494E-05
4.10229963516897E-05
4.76762398726555E-05
9.28395764801968E-05
7.25766589670076E-05
9.94545549903028E-05
0.000128745078703313
0.000186255978941693
0.000217916881178499
0.000223052581290322
0.000209477805600987
0.000218001885176786
0.000188262743756634
0.000170768007909498
0.000152253467607542
0.000118419182079332
0.000147117063477246
0.000119748704443134
0.000104000782943236
5.13687734617523E-05
3.98748972134003E-05
4.66699999373721E-05
8.82719137608507E-05
7.96799782541415E-05
9.8332940198483E-05
0.000118976358684114
5.04677828905823E-05
5.62208625999797E-05
3.24613811209312E-05
3.00584197522493E-05
2.43398009599362E-05
-2.0141874458943E-07
-2.25232579035569E-05
-5.8437816630826E-05
-4.39541472233696E-05
-0.000109352671303781
-8.16006756619218E-05
-0.000106443596826377
-0.000101511127376884
-0.000107353339548022
-7.9305239329654E-05
-0.000110317524482106
-0.000113722903410785
-8.05047757724366E-05
-0.00010557452730105
-8.23535280217672E-05
-8.9648496213915E-05
-8.61553222371888E-05
-8.46648960536053E-05
-7.09923992764304E-05
-5.02575872773987E-05
-4.30487790054223E-05
-5.11339588984523E-05
-1.30537736538041E-05
-4.43097323854233E-05
-5.59468975919254E-05
-6.26697685590789E-05
-2.03577274012142E-05
-3.63914068625727E-05
-3.3828596102812E-05
-7.29189026600369E-05
-5.24890699374283E-05
-2.49441108124588E-05
-6.25056823032705E-05
-6.28471381699333E-05
-4.34608842121787E-05
-3.93147136405134E-05
-5.65925466550942E-05
-5.41299988404541E-05
-3.59869953425496E-05
-7.00589240559529E-05
-5.90170486370982E-05
-3.49263211658004E-05
-6.42727955058012E-05
1.84042483242606E-05
6.20646499907747E-06
1.72424636098741E-05
3.17006191746076E-05
8.11393718240279E-05
7.61392876818943E-05
0.000140033531199531
0.000158573437980771
0.000109307693095254
0.000152444120040506
0.000137858897130467
0.000186187562472354
0.000188716033220208
0.00017598219163137
0.000117505486300253
0.000147624184863408
0.000138035599940134
0.000106841459700185
0.000133803198896573
0.000122137771947377
0.000117645631223897
8.42641485503648E-05
9.35362663195487E-05
7.73316150909244E-05
9.78981994458624E-05
8.4356194436305E-05
6.36328226764851E-05
7.69999341342151E-05
8.50954871791764E-05
7.26345198231049E-05
2.54930700616994E-05
3.44741794710907E-05
5.61462605466246E-05
7.28546623289276E-05
6.04036946888588E-05
5.49531775789657E-05
9.26360959583887E-05
8.62061246713486E-05
7.91898860925795E-05
8.31719206688248E-05
0.000132521619198708
0.000111106699539112
6.48553971886662E-05
8.91550235592751E-05
8.32970825946305E-05
8.68549320909626E-05
5.04112096957339E-05
5.69045948746375E-05
5.79219294261911E-05
5.84543117784123E-05
4.19865450502689E-05
4.34666067974453E-05
3.65858605322009E-05
3.63967764853773E-05
5.46764627759373E-05
-1.67666331130952E-05
-3.29577922751361E-05
-2.63800276462598E-05
-5.43212267677675E-05
-3.90909520234017E-05
5.48763507542931E-06
3.7806449814078E-06
4.35481031235011E-05
-2.2304432159213E-06
1.49305658744699E-05
6.81232518405829E-05
0.000112181143087717
0.000115270672993024
0.000135360281213932
0.000106997815252326
7.89071118612651E-05
9.51702898168725E-05
7.46531563222382E-05
0.000107236873654841
6.0648911839142E-05
8.92713365321853E-05
8.77221899713985E-05
7.08923840476131E-05
6.98076790891924E-05
5.66424159051721E-05
2.06044187713292E-05
3.45106912701813E-05
1.19912435789918E-05
-3.56830693087671E-07
2.86186935420162E-06
7.26002356126525E-07
-1.76183907222913E-05
-5.34907112641848E-05
-6.76007076856955E-05
-3.15358794575154E-05
1.90662312532715E-05
1.45620253375923E-05
1.58066626483881E-05
-7.30754658411192E-06
-2.13578818645957E-05
-5.88193659466609E-05
-4.98885738187747E-05
-1.57880814273165E-05
-2.04264858069316E-05
-4.64004093720217E-05
-7.80773109651612E-05
-7.75787282495537E-05
-7.53934290470713E-05
-3.40151704292269E-05
-9.2079571914482E-06
-9.22780128945129E-06
-6.675722312532E-05
-7.13576479073697E-05
-7.49080809568448E-05
-1.07240820358476E-05
-1.12685666152474E-05
6.32191258232825E-06
-2.4337559419918E-06
-1.74780071168214E-05
-1.6197846547025E-05
4.22231354530509E-06
3.80818971502245E-05
4.41807771287361E-05
6.29923681169134E-05
2.93753801021848E-05
3.58943570131276E-05
-7.64461408477758E-06
-2.18083436519614E-05
-3.13586890216739E-05
-3.04864007842189E-05
-4.9857583329831E-05
-2.05315222689472E-05
-6.96684165601709E-06
-2.71285421072203E-05
-6.56149343857978E-05
-9.88181055064851E-05
-0.000111399129153575
-5.63859668506627E-05
-5.6163735762925E-05
-7.60254621841212E-05
-0.000120064498374023
-0.000143957386184224
-0.000139877967651303
-0.000141131715184106
-0.000134674747381552
-0.000135317692409802
-0.000133220137476245
-0.000168601696432563
-0.000160394920694669
-0.000107694484283935
-6.86421420813201E-05
-4.61676426489727E-05
-0.000100850676096623
-6.99118428110655E-05
-3.00329117620037E-05
-4.92001737465103E-05
-3.02663264564836E-05
-5.8528265289138E-06
3.17557773791809E-06
-4.82915512132211E-05
-4.26054888242249E-05
-7.16766365695712E-05
-4.78061052593341E-05
-3.3379493513991E-05
-7.07439750842198E-05
-4.16502620577112E-05
-6.2416747376684E-05
-0.000101634797539066
-0.000117027876746605
-4.13717291300866E-05
-6.77583333393653E-05
-7.6156831210372E-05
-6.98433471553968E-05
-0.00013675876475822
-0.000126441487555566
-8.03413741919397E-05
-6.07536556781591E-05
-2.803111189748E-05
-4.49552173501407E-05
-8.44520983907683E-05
-4.74436626917673E-05
-3.4656138226691E-05
-5.18438448840701E-05
-5.30358005009376E-05
-2.31372797975731E-05
-4.28423286314428E-05
-2.74904728865707E-05
-2.42448854891461E-05
4.74576149983725E-06
2.84595377380153E-05
5.37489198206781E-06
1.79157178584286E-05
2.63583303578887E-05
6.36101527757003E-05
3.61583567153028E-05
6.9728731479999E-07
-6.52857673377236E-06
-2.92701318755881E-05
-3.49773432267476E-05
-7.5161584348381E-05
-4.59297250397979E-05
-4.28823780064519E-05
-2.50402886213734E-05
-6.32851047732235E-06
-4.51102072791629E-06
4.32369205490524E-06
1.65837585703179E-06
1.13310902113107E-05
-5.56362769856931E-06
2.29946108323049E-05
-3.54931712353459E-06
-7.97866134943638E-05
-4.0648463489258E-05
-4.23857132791748E-05
-3.59000378696916E-05
-1.16016949176122E-05
-4.77519917593455E-05
-3.72192502825724E-05
-3.0933149913655E-05
-5.64446582645039E-05
-5.48359332679306E-05
2.71214335861111E-05
1.38887346012175E-05
-4.06586261500184E-05
-5.74566877088316E-05
-4.43700872119025E-05
-4.25495435000749E-05
-0.000124174651407404
-0.000415319656101464
-0.000375672222485891
-0.000359601544187733
-0.000355813330297853
-0.000390483237078566
-0.000321842718972904
-0.000322395330176696
-0.000356938671774836
-0.00034849482771881
-0.000211143085097905
6.38327968888123E-05
4.96117320664751E-05
4.73428490034388E-05
4.02849970280152E-05
6.11164404248613E-05
1.36753576410868E-05
4.04246083285826E-05
4.44031279212821E-05
7.37267197289288E-05
4.14626846933845E-06
3.55291054781843E-05
7.35908584437123E-06
-3.97827202135251E-05
-7.67935924852818E-05
-7.44144823871714E-05
-3.7637230452794E-05
-3.99434320723462E-05
-2.55641136195537E-05
-4.87313976922612E-05
-1.62035289178595E-05
-5.31030109155056E-05
-5.28026288845467E-05
-1.94898198958529E-05
2.31118485334975E-05
-1.93781553710866E-05
-9.08986856657689E-06
-3.00099928855201E-05
-5.40152175430253E-05
-3.80190671205506E-05
-6.15441355750129E-05
-5.10615240459206E-05
-5.02339854413708E-05
-3.54236122822496E-05
-5.78905437588162E-05
-1.5375378249969E-05
-5.61600964209087E-05
-4.57337905126158E-05
-1.88321083741535E-05
-2.52397041749189E-05
-2.89016185954242E-05
-2.59015595632222E-05
-4.89564152154623E-05
-2.78745086486992E-05
4.6044641229325E-06
-1.30203292513405E-05
5.6781074838242E-06
9.08657954707209E-06
4.63342927320802E-06
3.06588429849366E-05
3.77841878049335E-05
7.45488983833322E-05
0.000127110317801618
8.95161863750997E-05
9.07846333317172E-05
8.77580553626955E-05
6.50881035282273E-05
5.31361466656122E-05
4.14088314579729E-05
3.91923136563657E-05
6.19910094573811E-05
3.20321859066478E-05
6.93035373439545E-06
-6.22924009696475E-07
-9.66021253789075E-06
-2.64323493228105E-06
3.51915158425534E-05
4.38842806169464E-05
5.4196868446909E-05
5.88150739402424E-05
4.63524545443032E-05
4.44281559896239E-05
4.02294906728005E-05
5.47221447989552E-05
1.60190443836138E-05
-8.7924854632018E-06
-4.56407223451092E-06
-5.02441158024246E-05
-4.21604313760215E-05
-7.25531546959306E-05
-8.58485995268872E-05
-0.000100028773202246
-8.07136746713346E-05
-8.63460661503845E-05
-7.2701080380598E-05
-4.41962776566625E-05
-6.70802111233626E-05
-4.59083158658083E-05
-8.34189836974923E-05
-6.1244609532406E-05
-7.61171964488465E-05
-3.30298212892594E-05
-5.10302727301832E-05
-3.69606290180739E-05
-4.76943546711772E-05
-6.42649097665192E-05
-8.04757943368593E-05
-5.95234271679933E-05
-2.98061175168743E-05
-6.47056558713997E-05
-5.80642730241204E-05
-5.81973228377563E-05
-6.56095006063001E-05
-5.76033663255683E-05
-4.05456431612286E-05
-3.28710084457147E-05
-2.89528990669584E-05
-2.4045585376686E-05
-3.98264503905765E-05
-8.61790313446851E-06
-6.93668380285709E-06
-6.6172583794914E-06
2.60698824460791E-05
9.16912475453731E-07
-5.66569878834689E-06
-1.06385986451171E-07
3.99284390616818E-05
2.61330420481039E-05
2.88080569644857E-05
1.89312426014996E-05
2.62598800634485E-05
1.61123443459834E-05
-7.73471692520611E-06
2.82640516255199E-05
4.50051599510858E-05
4.85793419463073E-05
3.41459400436761E-05
3.51629490653372E-05
3.13791909024099E-05
2.96711124782517E-05
2.26201095753837E-05
4.59269286463928E-06
8.36738242115168E-06
-4.58549279624408E-05
-5.59636041510364E-05
-5.06563477771636E-05
-6.28737209926247E-05
-5.49549553052292E-05
-2.02622416461616E-05
-2.09862588489166E-05
1.64608840821256E-05
2.2770597886764E-05
3.57420283081343E-05
4.82173599023003E-05
2.63382884747271E-05
5.22432473548209E-05
4.16013055517468E-05
4.44986875508757E-05
2.79210953448747E-05
1.98319002305356E-05
1.08908407578863E-05
1.22693135847474E-05
-2.8234753849945E-05
5.28690498192468E-05
5.32085185525692E-05
4.25028255893437E-06
3.09847160054922E-05
4.16853326981504E-05
1.47529776193486E-05
3.68966292970286E-05
2.95219699698266E-07
-0.000138542009220687
-0.000336997636935501
-0.000347671404707381
-0.00035088299447874
-0.000308870937628155
-0.00031547523942608
-0.000308987655026421
-0.000300514601749504
-0.000305709906591616
-0.000289085163936323
-0.000175875012604163
5.12557141827921E-05
-2.60511310274879E-05
1.78338672044938E-05
-2.06706202320967E-05
-4.72247734147652E-05
-6.46946282291513E-05
-5.57336904756047E-05
-7.65965399914264E-05
-8.20694436047617E-05
-7.86745881490449E-05
-7.97275049705268E-05
-2.75372577510135E-05
-5.00253966602122E-05
-5.37644931293901E-05
-5.82666115193807E-05
-6.33170446906539E-05
-7.12012076845726E-05
-4.27000884498057E-05
-2.16559672622792E-05
1.55343421270785E-05
-1.85611983023346E-05
-2.22469779048109E-05
-2.98465822591256E-05
-4.82338559398452E-05
-2.37492324356252E-05
-3.50975371092538E-05
-4.08393597673927E-05
-6.23357982260099E-05
-5.69542090660585E-05
-6.92801605619127E-05
-4.56927494230293E-05
-7.10568647579847E-05
-8.67819483691843E-05
-4.37243683416028E-05
-4.74365129184739E-05
-2.72343776546534E-05
-2.04156577046975E-05
-4.78583100307813E-06
-5.00416647224797E-05
-5.55024962197804E-05
-4.67842429246675E-05
-3.27894150268595E-05
-2.29583074544019E-06
-5.1780433015474E-05
-7.21373603871133E-05
-5.17545464340157E-05
-4.54267467093878E-05
-6.55564957265799E-05
-3.29947250130722E-05
-1.87656266633647E-05
-2.85299503188893E-05
-4.13951125170161E-05
-6.87156644567277E-05
-1.58720504894573E-05
4.3388721918707E-05
9.4701291076144E-06
-9.38473714588142E-07
-3.18414254795302E-06
7.27108507713365E-06
-2.46734559403117E-07
2.42104198459343E-05
4.22703225148519E-05
3.67041244774893E-05
-2.2316797062909E-05
-4.9590924955724E-05
-5.97035002902173E-05
-5.65769105999932E-05
-1.88868436439472E-05
-7.5223412642934E-05
-7.7613541596751E-05
-7.83001039723112E-05
-0.000125703736240143
-9.43406986964066E-05
-4.7362692135711E-05
-5.15291009504492E-05
-4.50545654494244E-05
-4.02559189273117E-05
-0.000101326342809595
-5.43900326263186E-05
-6.59050945553345E-05
-0.000102322990495263
-3.12337446577121E-05
-4.67734034326841E-05
-0.000112280775398181
-0.000136231015728192
-0.00012909550900197
-0.000155204520074475
-0.00011479553641296
-0.000105208796108417
-0.000117289391749342
-8.69494219111944E-05
-0.0001063978200814
-9.6769828906992E-05
-2.11167354106712E-05
-5.51571762661562E-06
1.10871143134568E-05
9.75220622523938E-06
4.53293201569623E-05
4.38748408372463E-05
5.6079735738339E-05
5.1915239224776E-05
3.93257530151192E-05
2.65422385291105E-05
4.68510973385533E-05
4.94954604042363E-05
4.01131064318257E-05
6.46593643209659E-05
2.44927812932004E-05
2.56159148483206E-05
4.20334271808658E-05
1.17313131941932E-05
2.93744095245075E-05
5.42127592290514E-05
2.18411847382854E-05
3.30579130185736E-05
7.70504325004789E-06
3.03405164275958E-05
6.0473969323063E-05
4.73221545810172E-05
3.13226007518122E-05
1.92375727389069E-05
3.74204241811822E-05
3.99190847547316E-05
2.39015816184476E-05
1.69207558880364E-05
5.01020372832012E-05
2.3248210631544E-05
-1.98208584709971E-05
-1.43422703034115E-05
1.36566069418007E-05
4.2417047296711E-05
2.74976745968508E-05
1.51730675264781E-05
1.81957014080719E-05
3.20369177698282E-05
3.43049697099754E-05
5.47120911896149E-05
6.88881662857836E-05
3.04901325529714E-05
8.75508992799525E-06
3.18303901827408E-05
2.53525076011348E-05
6.73746015705922E-05
8.25897112225025E-05
6.58256408452767E-05
2.65203105210792E-05
5.67806161523132E-05
3.36500838844529E-05
5.87115651732013E-05
5.54189896720027E-05
1.68745719425841E-05
1.9687767625303E-05
-2.49860369022534E-05
-3.57417032819642E-05
-2.31337125345863E-05
-2.67058536222446E-05
-3.93333267829826E-05
-4.38571474611464E-06
-1.6821233983489E-06
1.19225204631942E-05
6.33808386783128E-05
4.12259180250915E-05
3.95496441262638E-05
5.9712979078835E-05
3.7225748759743E-05
5.90242258033523E-05
3.16107535303405E-05
-1.26468011319277E-05
9.29436461379781E-06
3.29186500362981E-05
1.76040759147329E-05
-1.24412169949223E-05
1.58985342557664E-05
-1.12271837640486E-05
1.7178125286819E-05
3.0902714288989E-05
3.68994941971571E-05
8.85468896767662E-05
9.91896729402203E-05
6.17378656438584E-05
6.21929045100783E-05
6.64059851121583E-05
3.9586296562232E-05
6.05014016525876E-05
3.38895332952974E-05
2.73988824818186E-05
-2.72746198899073E-05
-4.73376666857766E-05
-4.70818328763385E-05
-2.59535023455972E-05
-4.30098152640603E-05
2.41265269919959E-06
-3.03613902283909E-05
-1.76712629580291E-05
-1.63369829757216E-06
-2.16878671001953E-05
2.41303888527812E-05
2.9679644194233E-05
1.35301411930591E-05
5.15124677474951E-06
1.77992281684052E-05
8.92674479419664E-06
5.66136823452644E-05
7.37980637241003E-05
6.55652673786051E-05
7.80534787115813E-05
8.49483394414091E-05
0.000113390926130638
0.000104586687338895
9.54044994776979E-05
8.9736556275656E-05
6.05112787250358E-05
7.9284368662204E-05
5.73228503870827E-05
6.56682954442257E-05
6.09066643234006E-05
3.2926609580353E-05
1.40709148463336E-05
1.13464715345472E-05
2.70767150763821E-05
3.03833437107687E-05
6.6162109900688E-05
4.1826349214756E-05
3.55509741002942E-06
7.01700854228595E-06
5.19473109261532E-05
7.54705622678553E-05
1.97369179943337E-05
-4.41597671729386E-06
-2.99868528203118E-05
-1.28806948041545E-05
-1.3098044341784E-05
-1.99670114482112E-05
-1.25923254485533E-05
-3.85864910938669E-05
-8.21554789986017E-05
-5.79328742189843E-05
-1.15624107113024E-06
-8.168126315722E-06
1.47425363325433E-05
2.81258164934214E-05
2.03946242531524E-05
6.10747360682862E-06
3.98934314280786E-05
6.4379193662589E-05
6.86444512252941E-05
4.32792041451964E-05
-8.45658957163109E-07
2.5726627640472E-06
7.58982162896118E-06
-5.33823189741054E-05
-4.23348999530479E-05
-2.1133015220828E-05
-4.25749836540131E-05
-3.69048624103417E-05
-3.03818924500682E-05
-6.60392658362646E-05
-1.57005293199238E-05
2.67305706512595E-05
3.67855453537054E-05
5.82473804822777E-05
3.86531727217512E-05
3.03105566334069E-05
2.85173005392898E-05
-2.89027389891259E-06
5.86929016576821E-06
2.29253245357856E-05
1.9821858713815E-05
-1.21545569978128E-05
-2.12294132557258E-05
8.86636040701894E-06
3.10637945695267E-06
7.581124229403E-06
1.39315174070512E-05
1.18053727137324E-05
-2.73133960839215E-05
5.53276852291009E-06
-2.6033674394578E-05
-0.000346856602857561
-0.000322244070760175
-0.000357906734560305
-0.000320739565119127
-0.000289433919240028
-0.000290249855391478
-0.000268528297153547
-0.00020223559162093
-0.00021374477222569
-0.000201870774594085
0.00013791784518341
0.0001047641925888
0.000121158191222546
0.000115534084748099
6.99972388981977E-05
9.16857737428234E-05
5.33752939767066E-05
6.16978615542623E-05
6.44874675314108E-05
4.99286454433229E-05
3.61220373756595E-05
1.42749252845867E-05
2.21396777836243E-05
1.71848093716009E-05
1.38382554793432E-05
-2.68962279340109E-06
3.04371842947437E-05
-9.18120570139649E-06
-4.62222818112957E-06
1.46877785879935E-05
2.04569410966456E-05
5.04346340243428E-05
5.26974452336678E-05
4.63358444541517E-05
8.13257197462514E-05
9.3590935070679E-05
0.000124562817136894
0.000102043641508141
0.000112094496467539
0.000124403260485692
0.000139408140135819
0.000122101593845444
8.32336275661864E-05
0.00010277163692503
7.58463041748607E-05
4.60413187353657E-05
2.26543937984294E-05
3.77687506715638E-05
1.97718008242784E-05
-2.82208852665299E-06
-9.25575508857264E-06
1.24151326087514E-07
2.97534620316035E-05
7.1749901686608E-06
2.18178098442598E-05
4.04881724516161E-05
2.81012457230311E-05
4.68123822281353E-05
6.13390295358412E-05
4.20804941795066E-05
4.65574827953921E-05
4.11217263414418E-06
7.7497801723352E-06
-7.71341091591712E-06
1.67651570590348E-05
9.25586726518109E-07
6.55796327501358E-06
3.08418173699294E-06
-3.1298881363031E-05
-1.11460493804632E-06
-1.00254790347828E-05
3.32858045156088E-05
2.63356175730953E-05
6.44498315292215E-05
2.59384643610527E-05
5.30887214283498E-05
3.03591669852943E-05
4.25642078049392E-05
5.84034365652531E-05
2.43228032990434E-05
4.89895204303041E-05
2.53597229503996E-05
6.15610136398612E-05
4.39235073180378E-05
6.22152094444919E-05
1.85586297528094E-05
6.09759328410001E-05
6.23843178756673E-05
4.63707511744674E-05
0.000104882719316894
6.29836042208558E-05
5.44286490338078E-05
1.98659464420383E-05
1.8137680140248E-05
1.40718236426445E-05
4.59458836866358E-05
4.14905253935417E-05
7.07868790547035E-06
1.38837532994222E-05
-1.5882924659517E-05
1.57957888605711E-05
2.70539885628611E-05
2.78876704883832E-05
2.06490604860043E-05
4.81510687668914E-06
3.92542550251186E-06
-3.05182876859232E-05
-2.43910650625895E-06
2.88448271995003E-05
2.0228258840129E-05
3.37310465608173E-05
-2.13645883689575E-05
-2.76584832121167E-05
-6.74451250212378E-05
-8.12694322473179E-05
-0.000103115935315751
-5.50485911033795E-05
-8.96531003135269E-05
-0.000127353916071265
-9.1664373128116E-05
-0.000155884232721946
-8.84276870196689E-05
-7.74091920948189E-05
-4.49202128077814E-05
-3.43898667256615E-05
-1.67357239776543E-05
-2.82349876582324E-05
-1.43878471893796E-05
3.91862697026611E-06
-6.09197702225094E-06
3.05419948374632E-05
1.65444053482381E-05
6.76633327750615E-06
-1.88587113036308E-05
1.74973703357373E-05
2.97266173632545E-05
8.68926246856458E-06
-4.45955637304197E-06
1.1951800445662E-05
1.54753964233547E-07
2.99542886846296E-05
2.22215854878039E-05
2.22215854878039E-05
2.91265064758996E-05
-2.88993691922065E-05
-4.60231698395596E-05
-2.10950117264895E-05
1.52932497782484E-05
7.84878098442436E-06
7.84878098442436E-06
-3.09668807448087E-05
-1.6268530890036E-05
-6.51785760725359E-06
9.03272850264465E-06
4.50090134191541E-05
6.36300388536273E-05
3.20243640742492E-05
5.65786076470441E-06
-1.23076095577977E-05
-1.23076095577977E-05
-7.67397467663937E-06
7.56205233384131E-06
3.86579599900262E-05
3.17251354873592E-05
2.46442423264515E-05
-3.04677560883941E-05
-0.000319279450708128
-0.000298827774828157
-0.000266575598526621
-0.000240180120834817
-0.000246925045438245
-0.000215159380799336
-0.000253942085885171
-0.000221032615150145
-0.000221634461962051
-0.000200846592726769
9.36254100861916E-05
8.85892355878493E-05
2.47829008559318E-05
-0.000141113387566289
-0.000194876193028053
-0.000275588077346856
-0.000319184111043354
-0.000388065335545566
-0.000400476416417689
-0.000443381508445464
-0.00049797403287369
-0.000839692682812241
-0.000795324829371821
-0.00064324981248523
-0.000632500414196925
-0.0006728081567942
-0.0006776262242789
-0.000649957063733389
-0.000681598892378127
-0.000642297477829789
-0.000585496075817743
-0.000311848637294808
-0.000340422868578533
-0.000384581886488542
-0.000329150932850014
-0.000282267069032029
-0.000248521523374225
-0.000214298488662224
-0.000185345218627934
-0.000189866088713247
-0.00024533476128486
-0.000180544255589784
-0.000165566856232512
-0.000130705802986646
-0.000167838748529425
-0.000149454368033918
-0.000160719104127305
-0.00018797785024973
-0.000177204407374959
-0.000190610288627307
-0.000149731929073444
-0.000221313413368948
-0.000194739989045228
-0.000255785700617117
-0.000232428745498855
-0.000244360908487097
-0.000233314907661924
-0.000235939499563627
-0.000239638803621986
-0.000189388304311593
-0.000192248961313672
-0.000170970461362976
-0.000186605833475694
-0.000148702417131332
-0.00013195988080733
-0.000136468392233744
-0.000142214432409422
-0.000157651769447128
-0.000192835166542203
-0.00022327422094737
-0.000214216004777298
-0.000191044867415242
-0.000195376697356335
-0.000193911344940247
-0.000213298221046429
-0.000181219137244185
-0.000214762515582674
-0.000210327592434266
-0.000204202716057636
-0.000171539430586826
-0.000170688669925041
-0.000178936045102108
-0.000211586297447138
-0.000204973143207711
-0.000216136319657494
-0.000238408456786682
-0.000167136286260688
-0.0002093151123978
-0.000188881575521587
-0.000161620142181474
-0.000163493062620139
-0.000108642023361333
-3.94211127151127E-05
-5.41490345404447E-05
-7.27574781795322E-05
-5.88544578182364E-05
-9.00614326113235E-05
-6.9521541578202E-05
-5.99305532357681E-05
-0.000127007303662234
-8.31603177343677E-05
-0.000118345279613646
-0.000153665437482551
-0.000135141497427818
-0.000136149676936433
-0.00011082770757024
-0.000114420245296368
-6.14295865495446E-05
-7.16637822469945E-05
-6.83367156068828E-05
-8.53582286218992E-05
-8.20583180877195E-05
-7.18684471682822E-05
-7.67748866703492E-05
-1.05788110266901E-05
-3.31795345291776E-05
-5.80576140599333E-05
-8.83634631769186E-05
-6.18712699274466E-05
-5.18867739018113E-05
-0.000105820928212585
-8.87019116642045E-05
-9.36555194479739E-05
-9.82689506152454E-05
-0.00012658777599147
-9.31339897917342E-05
-6.27864922946942E-05
-5.27990104979073E-05
-5.44585574625149E-05
-6.37096812699236E-05
-0.000172714204475633
-0.000450062492276864
-0.000474453484358364
-0.000484074741958461
-0.000465087400547728
-0.000503017128836589
-0.000502413592375164
-0.000465422811913121
-0.000453031666798991
-0.000459972587368831
-0.000334884531977621
-0.000123009837842844
-0.000114545025916432
-0.000111123524651663
-0.000138295985798979
-0.000136462444285231
-0.000153600068432986
-0.000156512124989152
-0.000171286480204913
-0.000138752768089878
-0.000142626222637374
-9.07037397368718E-05
-0.000116459228087294
-9.08618467529059E-05
-6.9827522491355E-05
-2.43365497619091E-05
3.67362029881697E-06
-1.33065513533665E-05
-8.56938184203803E-06
-4.30731200701928E-06
2.99848842906312E-05
3.10167757505957E-05
7.01193658870914E-05
7.77361844419781E-05
5.7112509025048E-05
3.56740564268219E-05
1.93997021781799E-05
-1.07849552635433E-05
-5.86270963878062E-06
-2.55806593222406E-05
-3.95170528418074E-05
-5.72921000602108E-05
-6.25308842299038E-05
-9.37874430905759E-05
-8.1758034347467E-05
-0.000127936239406372
-0.000118819741013375
-0.000107922343277955
-0.000136006683822513
-9.04687203053065E-05
-0.00014617363070599
-0.000119101053568471
-0.000150975735732789
-0.000153341651867827
-0.00015072473493903
-0.000117407912328905
-0.000152190854355717
-0.000165391255575288
-0.000187306679504667
-0.000213285808821952
-0.000174958581198389
-0.000196789151131408
-0.000187587169482645
-0.000154364290199895
-0.000196141797669705
-0.000221733361703014
-0.000189538811711428
-0.000161891260765261
-0.000126072701725671
-0.000147398364060926
-0.000120853017010723
-9.08944909786311E-05
-6.57375236524616E-05
-5.11488412987022E-05
-2.81051857878801E-05
-3.36943550082682E-05
-2.06733604136101E-05
-1.00938087012839E-05
-1.37100837153163E-05
1.95731236904514E-05
3.56512706669824E-05
1.13996366025615E-05
1.81501418149721E-05
-1.38799305428894E-05
-1.98750170643397E-05
3.01820561737187E-05
1.67324505667642E-05
2.68510329409655E-05
5.07873150480208E-05
4.79105054426263E-05
-5.29507731679316E-06
-5.31566261618725E-06
-1.93602820863863E-06
2.34319892517524E-05
6.75421277602072E-05
2.82299043969067E-05
3.34289373102868E-05
6.55311738131116E-05
5.72741730139343E-05
6.55284124727761E-05
8.59236445370174E-05
0.000114421862277537
0.000147581882780408
0.000128029645505206
6.84199717078423E-05
8.87644903454643E-05
9.9298317794244E-05
4.55077224108475E-05
5.07010236548384E-05
2.82352880210197E-05
5.44519359880051E-05
9.7262995738107E-06
-5.67911024551353E-06
8.97560097405789E-06
5.29841782848356E-05
1.86534880526869E-05
4.18688629485868E-05
6.42516298261344E-05
4.00800886962999E-05
7.72915032771288E-05
3.47591910841494E-05
4.58392162426368E-05
1.84076927112398E-05
-1.92194769477375E-05
-1.75027916870668E-05
2.28793589697503E-05
-9.40652324796761E-06
8.11510193154387E-06
-6.98731035441585E-06
-2.54146781105754E-05
2.22661650097529E-05
1.47964954624322E-06
1.27469178027661E-05
2.55257309151723E-05
2.92607566729449E-05
7.20127475843357E-06
-1.53400970779381E-06
-1.26677880474512E-05
5.72150814094869E-05
6.7937014632326E-05
-2.62090750654595E-05
-2.34151519589904E-05
-5.09165398103501E-05
-5.10008950351627E-05
-6.61259882771591E-05
-5.02846939594547E-06
-3.78991126699064E-08
-3.29219409502432E-05
-8.9060543508223E-05
-0.000120359579698131
-5.80877103840532E-05
-2.80372181720652E-05
2.43273283084286E-07
9.47388731390553E-06
1.13561140940833E-05
-3.08058158229593E-05
-5.93723606465718E-05
-7.05621689849261E-05
-9.05840413634465E-05
-0.000118848482554423
-0.000468327509680928
-0.00044239527089349
-0.000433091644803955
-0.000419947940847085
-0.000420900125232136
-0.000433819311190828
-0.00038024216367155
-0.000350650370736024
-0.000292861328218248
-0.000250059001036121
0.00011220027928995
9.31895832248051E-05
8.95870086099959E-05
0.000103996148536036
0.000132691602124687
9.89767921535406E-05
9.7979599650358E-05
0.000108149310581316
7.09326786206446E-05
6.40772487275543E-05
5.98177169761817E-05
7.62291428000329E-05
6.02192185496358E-05
3.80099239963348E-05
4.99568997031614E-05
8.11586304975125E-05
6.4775512105056E-05
5.42872718524387E-05
9.91879683585443E-05
6.34671785583134E-05
8.1255603124768E-05
4.76223874224214E-05
4.1587495046644E-05
6.69470922010647E-05
4.945052781666E-05
6.15116374388686E-06
5.29233483616553E-06
6.45809389646016E-06
1.15578329281369E-05
3.66711776507012E-05
9.37476321547251E-06
4.22767466253145E-05
5.65611065197022E-05
2.22804663219989E-05
4.1950043036666E-05
6.85748648702968E-05
8.99752063804729E-05
2.75486155077454E-05
1.4464392886635E-05
2.32574892971342E-05
1.94959665228516E-06
-2.65344053553036E-05
-6.74048902188092E-05
-6.72767586977275E-05
-0.000121890804156464
-7.00101250212734E-05
-0.000101399753250193
-9.55959568808966E-05
-0.000106668168727282
-0.000116311600764158
-5.58672379675027E-05
-6.68521191111597E-05
-2.90686484438373E-05
-2.29662643712655E-05
1.01679165665321E-05
-3.21656699490399E-05
-2.55465484911881E-05
2.54808318703399E-05
1.19413427479431E-05
4.25659683520309E-06
-4.51848538628934E-05
-6.28226003358099E-05
-8.81859201721382E-05
-0.000134722829433379
-0.000150311741329412
-0.000161123147821022
-0.000132330932778126
-0.000182489900522381
-0.000192270503656465
-0.000201536235762152
-0.000176683938274049
-0.00016105217209789
-0.000132724925752633
-8.82068882619544E-05
-0.00013560280490028
-0.000106269482339062
-0.000114392048529504
-6.79652468390554E-05
-3.26200414786414E-05
-2.11447639878115E-05
-1.1198368354716E-05
-2.46513139399164E-05
-2.50907779377231E-05
-3.05903330096212E-05
9.1918670030945E-06
4.62613576843339E-06
-4.31195837066731E-05
-2.07162706282522E-05
-7.87195312755111E-05
-6.38261521225849E-05
-5.44893868741049E-05
-8.69895673794756E-06
1.23345770634118E-06
5.14978573328867E-06
3.22352077810381E-05
2.61347688481038E-05
5.18023833908736E-05
3.59823692617096E-05
6.10616699835091E-05
3.86199455375745E-05
1.56645381065557E-05
1.94321929620049E-05
-3.51745854460607E-05
-6.08723860538441E-05
-5.83859507256086E-05
-5.53861863015614E-05
-6.16211915427122E-05
-8.95942140558284E-05
-0.000106151504356307
-6.67279174556301E-05
-7.78272555169995E-05
-0.000110132549444053
-9.38415200920008E-05
-8.3000439166362E-05
-0.000122133928901848
-7.60479633052112E-05
-8.70419047814105E-05
-5.18486482603914E-05
-5.75456436584704E-05
-5.75531241679226E-05
-9.23766382769884E-05
-5.57249024970068E-05
-6.70033817831141E-05
-4.43632755874352E-05
-1.23790056027702E-05
-2.98178415666056E-05
-1.98057604145001E-05
-1.49597006045021E-05
-9.45930170527675E-06
-3.71480299502176E-05
1.77698837130102E-05
-1.27124671299975E-05
1.89886656798555E-05
9.93453483565111E-06
-5.29575314733688E-06
-3.62111535419126E-05
-4.73886508331113E-05
-7.12372687996034E-05
-6.54152605818191E-05
-6.91782324525384E-05
-0.00010271319049261
-8.75012352181982E-05
-0.000107523313614601
-0.000101582413285618
-6.6341570927854E-05
-8.318464977081E-05
-9.26140214382432E-05
-4.34276047788519E-05
-3.55754245287022E-05
-3.98336614566584E-05
-3.17752077238808E-05
-5.70597938586862E-05
-0.000102069565352397
-0.000103743350511641
-0.000129549403279345
-0.000135184463060599
-0.000126678412312609
-0.000167233472975256
-0.000211623659147189
-0.000201096800537913
-0.000192346701524389
-0.000135119733025589
-0.0001378291262173
-0.000164819635878882
-0.000161376286908785
-0.000222627001835795
-0.000421697817719302
-0.000415397742379289
-0.000358668173519115
-0.000348754653665101
-0.000350776371427039
-0.000375845250082918
-0.000279602656866155
-0.000206229397649335
-0.000203699643492132
-0.000129614726750928
0.000103331033343746
8.79331052692851E-05
7.35629909927071E-05
7.66636708756824E-05
6.4280404211268E-05
4.13111729315752E-05
-1.27827533778998E-05
-7.10479738828334E-06
-6.10874266010699E-05
-8.93091765462934E-06
-1.06489199217795E-05
-1.33424883147978E-05
2.01368302985659E-05
9.46710878498239E-06
1.37988530997234E-05
-1.01043505948365E-05
3.50614544883708E-05
2.0281825274999E-06
5.10079700531423E-05
-2.77997642375839E-05
-9.01090050156424E-07
7.04046017660256E-06
5.55670489452704E-06
-2.03989948082081E-05
8.69770351693577E-06
6.31009696413512E-06
-1.97424950157149E-05
-2.63094729653297E-05
-4.98454237562611E-05
2.68902184883455E-05
-3.26541668225732E-05
-6.39658246391555E-06
-1.91933063745043E-05
6.67550068917595E-06
-1.88359343426232E-07
3.12222617134323E-06
2.93809735352289E-05
-3.79963674433988E-06
4.99802415120669E-05
3.54932373680151E-05
3.70271361348635E-05
-4.91264506169864E-05
-4.64397601586244E-05
-6.78280784888358E-05
-8.97049437375171E-05
-6.18509638113228E-05
-0.000104586646286352
-0.000107553765749135
-0.000160990940732393
-0.000182595504023732
-0.000138379989262839
-9.75212417043887E-05
-0.000143289127988745
-0.000139981783010058
-0.000119429601587382
-0.000162522311062337
-0.000144907597439442
-9.74976688286656E-05
-0.000118059106367733
-0.000104006223757978
-0.000167584984075774
-0.000152925628795019
-0.000178268983482118
-0.000172403717037858
-0.000213051240901531
-0.000158662074155047
-0.000160294126574815
-0.000207131159082009
-0.000161297679871194
-0.000183682392421829
-0.00011437821885617
-0.000115623937518092
-5.69486594798848E-05
-7.43955011264653E-05
-6.60914298703846E-05
-0.000117698455572291
-0.000105135366116632
-8.03764433089347E-05
-9.56248239789549E-05
-7.54255399750699E-05
-0.000107142466666771
-0.000113906180800409
-0.000136292265804226
-0.000101980630910073
-0.000117990328085273
-7.06614142786789E-05
-8.15097438556399E-05
-7.22768432142865E-05
-7.73906668836544E-05
-4.64791484483006E-05
-3.45071331396399E-05
-5.63198826658688E-05
-4.9830858544888E-05
-4.39114044467027E-05
2.79684255543729E-06
4.55737346477522E-06
4.48842828387486E-05
3.88517206661454E-05
2.98791360509938E-05
6.48090214177708E-06
1.56363299305365E-06
6.93841979680236E-05
0.000121882431087421
9.36170579811488E-05
8.65613445907271E-05
7.64640367446E-05
6.41480289179374E-05
8.72985053915987E-05
0.0001137519748832
0.000123658917294256
0.000118484656513039
9.85962910702485E-05
8.33436340176859E-05
0.000169591313966208
0.000173243485841484
0.000143226104747844
0.000130546774735265
0.000114571451709429
0.000131265758332476
0.00011780435832637
0.000171919318832793
0.000155631707961923
0.000123691512426635
3.28228504518731E-05
6.55145095146491E-05
0.000139935606646808
8.71234544437894E-05
4.95559425780729E-05
8.32087046313138E-06
3.25808955081257E-05
-5.76868562176441E-05
-8.9791488817439E-05
-6.08486222446928E-05
1.18977337154653E-05
7.34966032237814E-06
-4.22443895612128E-05
-2.05180256729053E-06
7.60160224960784E-05
7.32011911783118E-05
4.16338876348133E-05
0.000104709668789083
0.000107375261114168
0.000100991388715101
3.99222074923246E-05
2.92687813448638E-05
4.48872443757487E-05
5.78520099802231E-05
1.95945024112447E-05
6.05720453323642E-05
7.82096473611101E-05
6.11537214866629E-05
8.64750587138986E-05
6.20600784681049E-05
8.31594452946016E-05
8.38756973267018E-05
4.68038778629401E-05
4.84104489141861E-05
7.30955423742604E-05
4.32968022283011E-05
2.1351078053782E-05
1.55004922687516E-05
2.7696880461586E-05
3.28005663183543E-05
6.04320043968382E-05
4.17983625843503E-05
8.69982843778539E-05
4.27483755494592E-05
-1.66146347002022E-05
-4.85433409099237E-05
1.61002075093063E-05
-7.88082086501231E-06
-5.27024903439783E-05
-5.09014498068748E-05
-0.000107415118942368
-0.000101800372396244
-0.000113487619740033
-9.74063736516089E-05
-7.10231546418042E-05
-2.39120387623139E-05
-8.30058430262961E-05
-7.16287832114036E-05
-2.2379593214995E-05
1.23359986583801E-07
-8.93756206112775E-06
-1.34821892057975E-06
-1.42914691294154E-05
-5.69616299589401E-05
-6.37900941621991E-05
-5.16910708402575E-05
-3.44880151887613E-05
-1.39670382911121E-05
-2.32516774996109E-05
-3.19516150161612E-05
-1.20315359936789E-05
-3.08079323689908E-05
-3.48858652329218E-06
7.59337696921581E-06
2.63273579940823E-05
-1.9648400781384E-05
-3.07685386276217E-05
-4.04214159807831E-05
-8.83485758215282E-05
-9.63527180456837E-05
-8.66429223581354E-05
-5.35343612444638E-05
-0.000107874380142669
-9.26801548090012E-05
-0.000113072657974474
-7.63557196971754E-05
-7.06887373404463E-05
-0.000125696493686641
-6.17254147224913E-05
-4.99587140769025E-05
-7.15017950746876E-05
-7.66767275161096E-05
-4.95075926994598E-05
2.38459714324918E-06
-3.37107180575102E-07
-2.11091787359786E-05
-7.4297165649133E-05
-6.35371359347944E-05
-0.000169598855178197
-0.000232980842944749
-0.000212034882852005
-0.000283287270798911
-0.000301677923996533
-0.000350898002868423
-0.000446727835325466
-0.000700917771446686
-0.000680774706088323
-0.000634970688967099
-0.000520628059426915
-0.000455921093715816
-0.000446214333959343
-0.000419262654100152
-0.000389755706891584
-0.000376086929705024
-0.000275119383049441
-3.91204659079851E-05
-3.99192947634363E-05
-3.17237670539912E-05
-9.19521560395035E-05
-8.55328791107811E-05
-0.00013529635193748
-0.00011041736285994
-7.03531695171532E-05
-4.53317022629169E-05
-7.46433465067565E-05
-7.76067479455082E-05
-5.77031247233427E-05
-9.25846748951435E-05
-7.57804297668693E-05
-7.46082984642964E-05
-4.50539700738998E-05
-5.08258338460073E-05
-6.66069709693453E-05
-9.34434020223393E-05
-6.93861426880342E-05
-6.42667302729124E-05
-7.28119672480492E-05
-8.588187120577E-05
-4.31465668268052E-05
-6.00102678342126E-05
-6.08587358194017E-05
-4.83629791869069E-05
-6.50494161972132E-05
-6.05416270379622E-05
-5.28910797629143E-05
-2.91372108059033E-06
5.47582490631747E-05
8.07889894225572E-05
4.29162989081045E-05
3.62004219906559E-05
7.39611106261267E-05
5.50440836313459E-05
4.7544919505513E-05
6.42438371032032E-05
5.83050298368539E-05
2.39694526362568E-05
-1.39912960913683E-05
-5.31687325030448E-05
-1.53656390584555E-05
2.65972693943976E-06
-1.96774793442765E-05
1.26411559032507E-05
-2.63605020227489E-05
-4.9021361834346E-05
-5.57796923058953E-05
-3.65661818770494E-05
-7.03530552301198E-05
-3.87119835348392E-05
-6.09453040849016E-05
-0.000103782821384073
-9.97709206341124E-05
-0.000151194350244291
-0.000141662553816613
-0.000113468335457705
-0.000100587926968286
-0.000118363041793754
-0.000122299303935373
-7.03216482016034E-05
-6.94270997157404E-05
-8.18490605346229E-05
-7.30378525495475E-05
-8.51363444263618E-05
-4.31291978518054E-05
-2.30362934032088E-05
-2.52129177251217E-05
-9.79758805351052E-06
1.57617662290583E-05
-7.05821087157137E-06
-3.00263103691458E-06
4.00366502343504E-05
2.99348298399744E-05
8.44680136022103E-05
9.13672171749747E-05
8.87765749876864E-05
8.14945531634745E-05
7.43399957944339E-05
6.49062916038409E-05
5.77839336765663E-05
6.03113047553767E-05
4.66197976058597E-05
6.47213175140988E-05
4.53013314031855E-05
4.30654156419558E-05
-1.17796351674299E-06
3.85721694790905E-05
-2.59192659447521E-06
4.33568245020039E-05
2.86738288555231E-05
1.56547372053402E-05
2.17504214902045E-05
-1.41311238629798E-05
2.31653881024411E-05
1.69379398158865E-05
1.6155185756502E-05
-1.36484607697497E-05
3.74218736021737E-05
1.30722253117457E-05
6.36521621203244E-05
5.9118616831244E-05
7.21901599841193E-05
0.000115707633226926
0.000123545733768807
0.00010486291564206
9.70507782236975E-05
8.1068397654976E-05
2.11209657539753E-05
-1.29480306860222E-05
-5.52704121644916E-05
-4.93499844213124E-05
-4.36397111148099E-05
-7.61110616632929E-05
-8.69028248892997E-05
-8.21861953973561E-05
-2.14626509100419E-05
-1.79175301427893E-05
4.13249514465515E-05
8.86526653975821E-05
0.000125096884896014
0.000110610843443495
0.00012359094319896
9.54626031778557E-05
5.56389213138522E-05
8.71604694667396E-05
5.94866733664581E-05
0.000105728364466123
0.000104274046806083
5.74322833803521E-05
6.12782882201183E-05
7.23409949404307E-05
3.75907397759412E-05
0.000108196038459913
0.000147939197174761
0.000157325395607843
0.000107436301016816
7.70184134748426E-05
4.12528155568685E-05
8.02640701129491E-05
8.16199230584251E-05
6.72342351957748E-05
8.76261627148854E-05
3.88237591702812E-05
5.95373562345699E-06
-3.7344286599615E-05
-1.69899852156709E-05
-3.41879701861172E-05
1.94580700184787E-05
-3.34690382142435E-05
-6.21314733600274E-05
-2.72423173896153E-05
-3.25502800259466E-05
-1.16077062981012E-05
-7.09377929214302E-06
-1.88305904134046E-05
1.20693448298552E-05
1.0845427943658E-05
1.4504612258226E-05
7.38544393243367E-05
0.000103328535800224
8.81679763140361E-05
8.45444471586273E-05
7.3797522277159E-05
6.53065852669854E-05
5.27459440567789E-05
5.96777289889215E-05
7.76446362568728E-05
2.03543350059191E-05
2.4308450152387E-05
7.76264654307712E-06
-5.23732065241211E-06
-8.60775479399355E-06
-2.24417155173791E-05
-5.45759540646978E-06
1.86468972372058E-05
-8.23841004800529E-06
-3.25795894798314E-05
-6.51771283905876E-05
-0.000112493027927698
-0.000148961246200286
-0.00012991173727105
-0.000118081356906645
-0.000146549165304679
-0.000182646788765125
-0.000208620987181354
-0.000173147034073043
-0.000134454484542073
-8.68955333909738E-05
-9.21023091696246E-05
-9.66646371537152E-05
-0.000165765056271624
-0.000210327206543594
-0.000175492235553898
-0.000139001563591877
-0.000118283175262668
-0.00019155127854932
-0.000264695886525877
-0.000238944020369874
-0.000218819788752036
-0.000231713207131826
-0.000162870783952277
-0.000165351064217571
-0.0001815188091223
-0.000192194365803804
-0.00018912555758573
-0.000171424996081922
-0.000125946044842299
-0.000163999319843757
-0.000151204733930971
-0.000138249215183515
-0.000126264953114157
-0.000103481562008066
-0.000103870736249443
-0.000106264439285759
-0.000106596140727297
-9.82516014859837E-05
-4.1525335364838E-05
-2.07512902662187E-05
-4.58739064309847E-05
-2.22160895976404E-05
-2.02295268966453E-05
-2.58946090416273E-05
5.41800262114846E-05
5.70975868409995E-05
8.20946643300222E-05
7.07218559329778E-05
3.05386740076584E-05
-1.84067429690467E-05
5.25416059029353E-06
1.96753577494542E-05
-3.65308068722019E-05
-3.19291081406214E-05
-0.000114008111320542
-0.000413697608147234
-0.000389194515998304
-0.000350929283316766
-0.000316719354710347
-0.000262945977420127
-0.00024566117169875
-0.00029434702514059
-0.000265799145630247
-0.000247898139406472
-0.000194540051133133
8.39762283149543E-05
5.84900892070654E-05
4.88933323796032E-05
8.04968410396746E-05
8.98571090733887E-05
4.69784376616375E-05
5.29416782457779E-05
7.15082366566405E-05
8.12117748780104E-05
4.27976506807219E-05
6.58779447217058E-05
4.79565896371929E-05
0.000109424823522205
3.85768992248669E-05
2.83346589701732E-05
6.04687166194599E-05
7.89839714671345E-05
8.28086623533395E-05
3.41523283503061E-05
5.37044589615566E-05
8.5632206359851E-05
0.00010141070352997
5.86354486183794E-05
6.62624128066221E-05
0.000100457238595198
6.63270048350908E-05
8.48439546855114E-05
5.63525510260711E-05
6.42870835022696E-05
-7.6777616461471E-05
-0.000279242834714709
-0.000248225604168647
-0.000225383527241906
-0.00023551185099814
-0.000283210228092451
-0.000235835045691462
-0.000286019893115837
-0.000264796289535258
-0.000219380289155064
-9.05994790301364E-05
0.000132761565821038
5.6976797536111E-05
6.02714802706718E-05
3.78198335205692E-05
5.63425543157075E-05
8.00219542045884E-05
7.89407225574251E-05
0.000145959156599873
0.000136158647201198
0.00011921562561138
9.26274188050108E-06
6.04849927583178E-05
3.60821869119875E-05
6.54141689486715E-05
8.38451451473641E-05
6.02604064980119E-05
9.07662743263593E-05
2.61702158134907E-05
1.05733046409865E-05
2.14670094978511E-05
8.78624797143884E-05
3.9507930177766E-05
6.23179745398178E-06
-1.879831326152E-05
-2.86804248148741E-05
-4.42758361587596E-05
-2.61160426100611E-05
-5.09589376280263E-05
-5.4525283889199E-05
-5.5827599853592E-05
-8.42354298203497E-05
-6.86333463766189E-05
-7.76262098685703E-05
-4.38569899348105E-05
-5.23826799819885E-05
-2.44230591135979E-05
-2.64769559284055E-05
-8.42493497680187E-07
-6.29391085385825E-06
2.94872899726994E-05
3.8559115888882E-05
6.76038605389425E-05
0.000127908337986083
0.000114948410203928
8.71999420121989E-05
7.39203641468797E-05
6.2103982180279E-05
8.1850653820583E-05
7.2387812077847E-05
5.56782154822687E-05
6.71459673377041E-05
4.3188450083533E-05
4.84129716735203E-06
3.93535211006027E-06
2.28656355636741E-05
-1.04526136548559E-05
1.0822343635802E-05
-6.19284052091271E-05
-2.0129075416411E-05
-3.70546911668529E-05
-2.98960841731708E-05
-7.64301011435778E-05
-4.07816168473757E-05
-8.2405295569259E-05
-6.84693345283392E-05
-7.95664408961891E-05
-0.00010989762259133
-6.57023268232481E-05
-0.000104875206873257
-0.000132769096786639
-0.00016433793185926
-0.000135271663359424
-0.000168512269720221
-0.000186590947589406
-0.000227028935570275
-0.000208533728324753
-0.000245938424454697
-0.000248163200832383
-0.000235039422013652
-0.00022516493878273
-0.000217985953364133
-0.00021222169285362
-0.00021220958524778
-0.000175765256647754
-0.000147262337333316
-0.000199477000446986
-0.000162666409937837
-0.0002183333079684
-0.0002511618170534
-0.00020444392761849
-0.000173414629455315
-0.000178497220468819
-0.00019590620165125
-0.000194214448999914
-0.000185352248159084
-0.000167931419686769
-0.000188759501126425
-0.000119573172635861
-8.06505477255565E-05
-0.000139986323985408
-0.000160074727812033
-8.35538580333024E-05
-7.60233055687978E-05
-3.84733839685787E-05
-4.80836063122501E-05
-3.49146661242272E-05
-2.52243139433189E-05
-5.42906322266754E-05
-7.0584694577114E-05
-1.59952105750684E-05
-2.85212536833295E-05
-5.58818357370789E-05
-5.02179334919436E-05
-4.27939536993727E-05
-4.57241724759931E-05
-5.19410676484833E-05
-2.9400392398172E-06
3.64100895430451E-05
4.39709528905092E-05
2.26720082150727E-05
2.01751980242777E-05
-3.15758828274514E-05
-4.53668302624409E-05
-8.66799654570807E-05
-7.42144109448616E-05
-4.59578741875967E-05
-5.24951581916213E-05
-0.00010590259761583
-0.000153906581935421
-0.000176148337536656
-0.000142704624322193
-0.000113230095165531
-0.000148904379327851
-0.000112972393256821
-0.00010446850527507
-0.000104256817668831
-8.95095196732675E-05
-7.926697023429E-05
9.93474342844082E-06
-1.14462214773838E-05
-2.31514830723018E-06
-9.99445803948647E-06
3.72127471907953E-05
-1.85097293063054E-05
-2.99087935514942E-05
5.61993085685488E-07
-5.0173813021399E-05
-1.21384908254265E-05
-9.79245809641314E-06
-1.04041403818271E-05
-6.40062078496342E-07
1.04551260724077E-05
2.95783327221555E-05
6.36049228112846E-05
-0.000335762683706885
-0.000417715966925937
-0.000353084641157675
-0.000344837549560798
-0.000341984109991717
-0.000272535455387677
-0.000261456856950096
-0.000235467081259888
-0.000241258284438464
-0.000231858079539991
0.000166436098113444
0.000193932682583154
0.000163338680720985
0.000147124663254666
0.000130151586082947
0.000111780229980163
8.65547720104967E-05
7.84969318496764E-05
9.49565285196174E-05
9.04952777765944E-05
0.000103095050072189
0.000142191789127396
5.52893505177426E-05
6.35933944803884E-05
6.13317443278676E-05
7.64886496697484E-05
6.46825162499868E-05
6.76280118187108E-05
3.32183969972073E-05
3.08044927157401E-05
2.27759658098641E-05
-2.11625568550603E-06
4.66098283121833E-05
3.23212912217106E-05
-3.80644453600075E-05
-3.87625097862435E-05
-3.46638531730999E-05
-4.61867463849956E-05
-2.76470366622272E-05
-2.98893089193745E-05
-6.60558942337301E-05
-5.26225763478734E-05
-2.23309685866225E-05
-1.31460571151119E-05
5.32453563200089E-05
3.36526482347866E-05
6.35694282608596E-05
1.69867252538936E-05
5.89588298800555E-06
7.82077352475766E-07
9.53888812049521E-05
9.03092032153648E-05
3.9865698804167E-05
6.14527073295761E-06
-1.1042931324798E-05
-1.53036728026798E-05
-3.30912576683152E-05
1.68785461680093E-05
1.31162560881699E-05
8.24132015268074E-06
-4.36817444601152E-05
-6.98230306392229E-05
-3.02337446838175E-05
2.64848870963762E-05
2.55928095491836E-05
9.15996098546478E-07
-1.30023075157544E-06
-0.000114590582628089
-0.000100411238499252
-4.73764655310016E-05
-4.86945721175862E-05
6.51976626126702E-06
-5.51471352311633E-06
-1.1318901034222E-05
-4.51406158444016E-05
-9.80048088451244E-06
-1.99199610181885E-05
9.69728646582791E-05
5.1986257150186E-05
1.37997042618335E-05
1.76353430417793E-05
-8.31276064669058E-06
-1.32218399556133E-05
-2.81670292948456E-05
2.55022591491645E-05
2.45269839975379E-05
2.79260264968823E-05
-1.63863606460879E-05
4.17485356214595E-05
-2.71096037819784E-05
3.75804833157758E-06
1.51539486701554E-05
2.96925847811762E-05
-4.33800581327262E-06
4.47175233553576E-05
2.24283852307409E-05
2.33785155572956E-05
3.00946781423657E-05
5.51956165069783E-06
5.38005366678583E-05
-2.33335934684415E-05
-4.6352650910034E-06
-1.66217023860524E-05
-3.47060480664422E-06
-5.75205508662971E-05
-3.03056026331955E-05
-4.74874426337472E-05
-2.59269357755529E-05
-8.80962717117088E-05
-3.4601385829673E-05
-2.13800450730047E-06
-7.7181973453208E-05
-3.73819999213535E-05
-1.81217183954444E-05
-2.96705177329187E-05
-4.70303141001395E-05
-1.32008202090545E-05
-3.25485349783426E-05
2.44937218357916E-05
6.31917096042556E-06
1.32486380002447E-05
0.000104370264483752
3.02418326309854E-05
1.31762175101548E-05
-1.26269931466513E-05
2.84852453380267E-05
1.6410466500225E-05
1.66501347047805E-06
2.35886367437255E-05
4.90094410657075E-05
1.36793578072033E-05
-3.11084700617863E-05
2.58155310777547E-05
-4.58069104946827E-05
3.98326304337936E-05
2.63978244470647E-07
-6.65221090557558E-05
-3.92373156591743E-05
-5.17788550282336E-07
-8.29474564012946E-05
-6.04074293904484E-05
-0.000159206982145977
-0.000371705065727333
-0.000256972157749391
-0.000326416071382216
-0.000287118622559342
-0.000230886450264109
-0.000231062852937604
-0.000318670398976674
-0.000212303214760202
-0.000231037245883406
-8.0200175143593E-05
0.000163645625361668
0.000150189171150927
0.000176172406307196
0.000124968274059409
0.000128000738658804
0.00011826776097713
0.000189543813641183
0.000151360143236319
0.000143161742262225
5.76842660761333E-05
3.90451001972011E-05
2.53837324336359E-05
-5.88571579271082E-06
2.96221055047893E-05
2.86616580591892E-05
3.59271545810908E-05
-3.11302894366328E-06
-8.55856802690256E-06
1.92502300085094E-05
3.22324239191355E-05
3.14633339383866E-05
-3.56702731906225E-06
2.7556135608535E-05
2.74074339238375E-05
1.70071409721479E-05
1.83777086636318E-05
1.26552650054092E-05
9.49039607724532E-06
1.06258120695959E-05
2.13631726686606E-05
3.46003291093887E-05
6.31645066353784E-05
4.74918054808032E-05
-2.78609918710613E-05
-5.60896073985588E-06
-3.47675155168803E-05
9.9760314145711E-06
-2.13034792194302E-05
3.36966626248225E-05
8.2764554806487E-05
5.00367081049625E-05
4.25741099075527E-05
6.47953369215407E-05
0.000147692357375099
9.67349733195511E-05
0.000110726617284655
-1.61049768137362E-05
-4.82433109298631E-05
-6.90509222619539E-05
-0.00010035526942349
-5.87681138170858E-05
-5.73658715307254E-05
-9.17456720650208E-05
-0.000119870055511148
-7.92023601183008E-05
-5.35475448134245E-05
6.45112036759106E-05
9.30487103287472E-05
-7.50606059101729E-05
-6.47942265557541E-05
-9.9028181371244E-05
-9.5465170271976E-05
-6.51277979192308E-05
-2.32181780686703E-05
-7.43079368818031E-05
-9.63287279930643E-05
-0.000130651850565872
-0.000121383608867689
5.40326222354963E-05
6.85365019109133E-05
-4.35993177361098E-06
3.00749260096756E-05
8.86457779855848E-05
6.0056788580061E-05
0.00010399307459463
0.000102035774417649
7.25075845675397E-05
0.000108563574744396
5.7295213235719E-05
4.72858121145048E-05
0.000158500906711487
5.14232850814747E-05
1.75866487372943E-05
9.76854122244775E-06
2.29000236115483E-05
6.42767837155282E-05
0.00010575363717584
0.000103226380450966
0.00012027832924234
0.000101245597193277
6.17315771440904E-05
0.000140593128999336
3.81459138620257E-05
4.06217136526751E-05
2.1992685860461E-05
-3.47018014166753E-05
-2.77085468515265E-05
-6.97847567405724E-05
-8.87161543426804E-05
-7.02223380418628E-05
-5.24066390384119E-05
-7.59057596866167E-05
9.21633637635585E-06
-5.74338917043981E-05
-3.61059251749834E-05
-1.10142800877804E-05
-4.70005822204428E-05
-1.85688774592117E-07
2.80471083910911E-05
2.04076900564848E-05
-1.10704784375777E-05
4.85438866903614E-06
7.40116064357007E-06
0.000133320591669276
7.63550221010061E-05
0.000159169518501149
0.000226274978780328
0.000263712198510027
0.000254624425399712
0.00025536065605913
0.000211458312848276
0.000216798623881195
0.00026105878564586
0.000202100939092673
0.000262960572870444
0.00017969236365704
0.00018928398225181
0.000176534254897251
0.000224981079635592
0.000276043260869818
0.000364540359726393
0.000376142060921368
0.000312924103180229
0.000276112345043903
0.000290611461274258
0.000183103281341232
0.00011665556306679
0.000111919508548376
0.000135968028192013
8.82088854561838E-05
6.16986302551333E-05
4.96864051411901E-05
7.46154475099855E-05
0.00012811378924964
0.000124341174533263
0.000145941162046221
0.000200256791048308
5.93495964257127E-05
8.58997353625711E-06
3.94367060247194E-05
4.90787058231885E-05
1.16638757483656E-05
1.03817061160896E-05
2.41960499678613E-05
1.21524916227739E-05
0.000151299104085023
0.000115753135584554
0.000150297221188084
0.000168959976654526
7.57171958722164E-05
8.23684735484657E-05
0.000160332975772511
0.000139948622249608
0.00011647682456825
7.9470105106476E-05
1.45318246659219E-05
-1.31741205129225E-05
5.43664493672097E-05
9.59211889113323E-05
0.000146580208261203
5.27940602836501E-05
1.05121229399965E-05
3.3919175454935E-05
3.55229094190627E-05
7.47517203371497E-05
0.00013999128946593
0.000182517676404572
0.000175842013369039
7.84110722766691E-05
5.5474224649805E-05
0.000136653232278403
0.000102988681577187
6.7533382176728E-05
9.75059375716686E-05
3.74535267233845E-05
5.00403309034655E-06
-3.07870628090297E-06
-0.000379557967777483
-0.000337409031582688
-0.00030280150122803
-0.00026480180671916
-0.000213247157029542
-0.000225447452139844
-0.000212249721567028
-0.000164512324542576
-0.000124871605396905
-0.000126720943243766
0.00026524634337694
0.000202910296029117
0.000185056076483894
0.000150454027971981
0.000186308587701339
0.000159010022921514
7.71673150649258E-05
9.15647370435473E-05
8.29090154689361E-05
8.59186829600516E-05
2.30438863260867E-05
7.87521771156574E-05
0.00011111730378791
6.90000962454463E-05
1.45530630431083E-05
6.83717929369796E-05
0.000116204077176399
0.000139223436335568
9.53636508081757E-05
9.55976900221964E-05
0.000212087097925001
0.000233769508148307
0.000121557346168503
0.000182750827667794
0.000193928820401354
0.000201955195725555
0.000182037431490511
0.000139062002632654
0.00013613533417444
0.000159022607671399
9.9880134553921E-05
2.51905814916003E-05
9.14919065441595E-05
9.93631216789535E-05
6.07390019862949E-05
4.76356423960595E-05
-6.28618342642016E-06
-2.76722455902794E-05
1.4915352323132E-05
-1.28512891084086E-05
-4.78824493094122E-05
-3.86507106399276E-05
5.82670485997936E-06
1.10183084339329E-05
8.76036046319848E-05
7.35275757089364E-05
6.75708198345182E-05
3.43236078407594E-05
-2.47526619528E-06
-2.95151722330209E-05
-5.59318286037104E-06
3.65155146469834E-05
7.17293274444894E-05
1.39075596262128E-05
-7.37049261396367E-05
-7.02148169694695E-05
-2.7254759388525E-05
7.04616155992424E-05
6.27831892799447E-05
8.43881324727476E-05
6.72222317023348E-05
0.000110294971107367
5.78692355164305E-05
0.000157262595980864
7.50152489288001E-05
1.0474955093304E-05
8.63898420592657E-05
-3.89747186272743E-05
-3.273143356261E-05
-1.6154768759171E-05
-4.24729932277877E-06
-1.20634705209015E-05
-3.2968167061451E-05
-0.000125356455736162
-6.79885902754563E-05
-2.51296368386767E-05
-3.322110912673E-05
3.82903502300057E-05
7.19769497704727E-05
0.000106264804193973
0.000135087887495443
5.35328004327802E-05
7.01668815557603E-05
0.000100451995625897
0.000125155247175446
0.000131325322366936
2.74570548504471E-05
2.17371562282507E-05
2.33312834779641E-05
1.04213287423151E-05
-4.0249801424214E-05
-5.69898468746143E-05
-1.46715158688297E-05
-4.55795061817418E-05
-3.17211630766116E-05
-2.77339552532167E-05
2.27244037586438E-05
6.86102080760178E-05
2.66072335096104E-05
-1.69993216482303E-05
-3.17843451859504E-05
4.89957102780607E-06
1.32222325805732E-07
1.43696667255281E-05
3.69078367778905E-06
-1.23340520723314E-06
-3.40659959574778E-05
-6.11535367196969E-05
-3.37085442730141E-05
-6.48839539015839E-05
-4.02032617517817E-05
-7.85422650126917E-05
-0.000135861784492953
-0.000105614988239564
-4.92370921360482E-05
-4.55034100496119E-05
5.60074711776463E-05
8.08524418769886E-05
6.64710683186886E-05
0.0001257884793657
0.000100154756059315
2.29641482487667E-05
8.02369553191376E-05
6.64657825620946E-05
5.69025677498727E-05
8.58073999865394E-05
9.64352948833578E-05
5.67477415998662E-05
0.000102166588416029
0.000151757116187215
0.00018553206170444
0.000308550293051847
0.000282167815354928
0.000295794658295276
0.000330796096870728
0.000317145351487084
0.000262220586047434
0.000325101219559348
0.000300160523203491
0.000244229653884454
0.000254990504960299
0.000235446744139805
0.000255313254473036
0.000270932154166165
0.000295006216496814
0.0002553474785761
0.000333977303595504
0.000415478436346853
0.000425232700957426
0.000512014217693353
0.000586789255713017
0.000625925682531897
0.000582703290902645
0.000527458376964826
0.000450427550974031
0.000487780754638442
0.000384679324650855
0.000250142998681437
0.000208769660764446
0.000110441343894356
2.51996181775889E-05
0
0
0
0
0
0
0
0
0
0
0
0
0
0
0
0
0
0
0
0
0
0
0
0
0
0
0
0
0
0
0
0
0
0
0
0
0
0
0
0
0
0
0
0
0
0
0
0
0
0
0
0
0
0
0
0
0
0
0
0
0
0
0
0
0
0
0
0
0
0
0
0
0
0
0
0
0
0
0
0
0
0
0
0
0
0
0
0
0
0
0
0
0
0
0
0
0
0
0
0
0
0
0
0
0
0
0
0
0
-1.99421438570403E-05
