0
0
0
0
0
0
0
0.00560630784869798
0.00516889166456144
0.00454295259794186
0.00386373722192296
0.00292431264339223
0.00205390257926268
0.000205686186038476
0.000166706727624817
0.000138553659741954
0.00018889750527405
0.000307330994366876
0.000338525960005578
0.000316060875226412
0.000362981077061802
0.000386062264891669
0.0004378826432068
0.000317132242490231
9.5764741489087E-05
0.000232702495909903
0.000327761189066327
0.000331683504728853
0.00041921272021468
0.000406841156777032
0.000496196580510295
0.000608919738808124
0.000489757074714787
0.000319184492705975
0.000316468382337873
0.000252347469571564
9.05132761860977E-05
-5.48137006646745E-05
-9.08467887548205E-05
-0.000225151816275313
-0.000237871603787346
-0.000226627526782227
-0.000246513571854923
-0.00013609848591187
-0.000150697538794612
-0.000135970243927162
-0.000125449263161877
-7.09569503163124E-05
-0.000172421048960154
-0.000192636183267752
-0.000312898837735703
-0.000183567961572195
-0.000183316684121942
-0.000139181046385982
-0.000150219010868509
-0.000142488489050805
-0.000108139506933045
-2.22988932033001E-05
-1.44411290969658E-05
1.85089440185227E-05
6.14438273800063E-05
1.68554911480823E-05
9.99975970553738E-05
2.61631067111747E-05
3.80936232488622E-05
2.46530955187894E-05
6.13660852177932E-05
8.29935371351729E-06
2.38743049661427E-06
-2.85475111404475E-05
5.96983735869855E-05
0.000139776784493057
0.000140778352444847
-3.27837330876458E-05
1.08347260181233E-05
4.48769019052323E-05
7.02575195364326E-05
-7.36784688832086E-06
-0.000132928162485382
-0.000151561534761529
-5.50812235632326E-05
-4.77694653019771E-05
-7.2403324861802E-05
-0.000123138286530785
-7.71445898529421E-05
-3.10044300175772E-05
-0.000141515487922284
-0.000130026913555401
-0.000103709475448824
-2.38327611206094E-05
-3.4322774493065E-05
2.25078539806568E-05
-1.59484618709207E-05
0.000139927511339933
0.000187954109224776
0.000194884009049342
0.000162059620722832
0.000174671823958438
0.000134846031614582
8.53950717209733E-05
4.30026561730796E-05
-3.67597603829341E-06
-8.35770801131969E-05
-0.000116824599861694
-5.98439598869652E-05
-5.5152796206415E-05
-2.83982633618767E-05
-1.48203729620184E-05
-2.03840505439061E-05
4.910140061241E-05
9.66793524781127E-05
7.64782738295613E-05
7.75999192856455E-05
0.0001036449336361
6.65365398783099E-05
0.0001650430467774
0.000120781502909993
0.000100311399733566
6.82387625251101E-05
5.65563189779652E-05
2.58209818633855E-05
-6.14848876619888E-05
-0.00019233282866537
-0.000183128670813033
-0.000150756889351938
-0.000154282221777315
-0.000218489551828147
-0.000189213161290194
1.12756778198083E-05
7.16576102884785E-05
1.71950312883601E-05
-4.84682245752767E-05
1.66651786167618E-05
6.19180590145387E-05
0.000135793588265754
-7.76734902892732E-06
1.4893332319035E-06
3.78544831503631E-05
4.66794131629777E-05
-1.04688405697514E-05
-1.74829760763819E-05
-4.3379972584383E-05
5.06996469142579E-05
7.98266797500295E-06
1.89449758325862E-05
1.0587132658952E-05
4.48827727072892E-05
5.2836630088227E-05
-9.49290450452063E-06
-2.53142806284623E-05
-7.08417575837108E-05
-9.57015087421795E-05
-6.25726071500894E-05
-8.96439342938959E-05
-0.000106241108589592
-0.000104921689649348
-0.000141797209697267
-7.68289395840207E-05
-5.38494075682112E-05
-3.24075365380726E-05
-4.34785155275877E-05
-3.54405505367718E-05
-1.35575301725893E-05
-3.59825323642907E-05
-6.43030414155531E-05
-7.362295036559E-05
-0.000138809440389608
-9.03558798017148E-05
-0.000126306649386985
-0.000118839277880955
-0.000117470259193973
-8.17594969161318E-05
-0.000114392383383861
-3.91020185023837E-05
-0.000122265796752737
-7.24158313901973E-05
-0.000104542121516717
-8.38937359488979E-05
-0.000153809997391807
-0.000135672705597505
-0.000171139164050084
-0.00010803039490813
-0.000106223640081442
-0.000106871257158455
-0.000112706634703477
-5.21955546103632E-05
-5.29490811137596E-05
-7.81534376521292E-05
-0.000124081094648458
-0.000180407552653428
-0.000178632828633396
-0.000231321798076491
-0.000267959987549014
-0.000186065406019061
-0.000221978391455099
-0.000179493405127046
-0.000157502434542815
-0.000134474367021639
-4.23273286403967E-05
-2.33630590718933E-05
-0.000130276709243418
-7.01448582310924E-05
8.73720675522323E-06
3.47020696217746E-06
-1.03323641245699E-05
-5.41697260982939E-05
-3.75457179580048E-05
-6.34134594574921E-07
-1.37473979104897E-05
-0.000107759687766539
-8.44139848266754E-05
-0.000115691178505424
-0.000104802066294829
-0.00010676446390665
-3.81564641799728E-05
-4.24756728932056E-05
-4.09097175854903E-05
-5.93046017583601E-05
8.63053625030076E-07
3.19357148740564E-05
-1.11182464724332E-07
-8.85066609752707E-05
-8.43709006048541E-05
-6.74624535289289E-05
-3.25784925966906E-05
-9.53854285255311E-05
-0.000103292994907984
-2.78816179929168E-05
4.15912821324057E-05
5.46419679078875E-05
7.86545347746079E-05
7.13545353552894E-05
0.000131889943961871
0.000120572554372167
3.41074844892752E-05
-4.17044253749196E-06
1.6277801824795E-05
-7.82104969226263E-06
-4.43705849964926E-05
-3.66163015820878E-05
-4.43658364394934E-05
1.74520026202917E-05
-1.26051342733357E-05
-3.94951242376586E-05
-3.43781245352749E-05
-4.6220897220199E-05
-8.92416914539092E-05
-7.89265304004602E-05
-0.000103897706672924
-9.55254663462645E-05
-7.52972760517275E-05
-8.87833180519418E-05
-6.60187896789311E-05
-7.1054521149278E-05
-0.000102581496111132
-0.000100065619715145
-5.44954618226841E-05
-3.70311770496798E-05
-7.29104549748443E-05
-9.42524820259079E-05
-8.37449029897379E-05
-6.73751392602318E-05
-9.15085275563014E-05
-0.000107822648764264
-0.000125897463836635
-8.7109557616624E-05
-2.51925011801943E-05
-1.8952676984666E-05
-4.77749641026571E-05
-3.52158798871389E-05
-5.73079410495955E-05
-9.90152756579566E-05
-2.72265171797891E-05
-0.00011535933950824
-9.94168959904786E-05
-0.000109017915824535
-0.000132307831772106
-0.000141123288287558
-0.000108818826052511
-0.000217689535494987
-0.00015462524127766
-0.000148919963110234
-0.000110134610556701
-5.82520763605943E-05
-6.1258016624231E-05
-3.78404104639746E-05
-3.66186936972308E-05
-5.91870505341573E-05
-0.000126906623718025
-6.2158863167084E-05
-9.32358218809028E-05
-6.12399673354445E-05
-5.52952102885487E-05
-4.38746182647936E-05
-2.30284849809676E-05
1.87647021268756E-05
-6.73585144877548E-05
-3.77751229250139E-05
-3.80473137383255E-05
-0.000120360813006256
-8.39103234061452E-05
-6.71426844167743E-05
-3.86807016440315E-05
4.6267336952751E-05
2.61361600993081E-05
-1.58869975663852E-05
-6.60259912958693E-07
-3.16360548594087E-05
-6.2722393072641E-05
-5.42642880857063E-05
-0.000130701581401249
-0.000126104826558653
-9.89241634434473E-05
-9.94834706911266E-05
-6.46172709941858E-05
-5.12308379790408E-05
-0.00013201718185881
-7.19961507633381E-05
-0.000125411423716638
-0.00012069413036961
-0.000108589991730022
-0.000130249077900026
-0.000126268685053302
-5.07777873685269E-05
-8.33282332991055E-05
-2.73990650496374E-05
-4.00152141720696E-05
-2.35432048806193E-05
-5.5277980627361E-05
-8.92857503212321E-05
-0.000117745288648329
-0.000134416939420802
-0.000164732999657585
-0.000121960842414599
-8.4211560261603E-05
-4.89166717745554E-05
-3.50652611289973E-06
-2.11134270540958E-05
-6.533364897459E-05
-1.34189080421515E-05
-3.2622719605441E-05
-1.74544637613812E-05
-5.49301859567382E-05
-7.0489284804292E-05
-8.41510871360736E-05
-5.63474060533373E-05
-9.5909315869346E-05
-0.000121618538757303
-0.000179610664621895
-0.000141816645504271
-0.000126911765585118
-0.000157562994697787
-0.000126515735298132
-0.00011621129154971
-0.000107793398194753
-0.000117303013410564
-9.54297460284314E-05
-9.98364629618012E-05
5.92981078771528E-06
1.43767084960676E-05
1.13445486330641E-06
-9.62016738091526E-06
-1.86262571638719E-05
-6.91914056420015E-05
-0.000118306336887342
-0.000159177496271699
-0.00014232363874984
-0.000103882595978985
-3.24516485543195E-05
2.19367392985528E-05
6.41189908892277E-06
1.94740177461233E-05
4.84275677370254E-05
8.23838615521468E-05
1.09114825372156E-05
-1.38387375765232E-05
-1.16395011496885E-05
2.81974630802563E-05
4.83584850829135E-05
3.5781162531542E-05
-1.07505100033228E-05
4.70383454840451E-05
5.38874795787097E-05
-1.57925994279544E-05
-1.76998960904752E-05
-9.06172827975653E-06
7.07042712384953E-06
-2.69625812885242E-05
-3.69118983927597E-05
-2.43198355738563E-05
4.78450688167152E-05
5.77560905460318E-05
4.91274573927481E-05
1.44282464535459E-05
5.21134154547253E-05
4.84054121112713E-05
3.11473292801219E-05
-3.70678417044277E-05
-3.21264638411578E-05
-4.11632626581829E-05
-8.41232530074804E-06
-4.07713536436245E-05
-3.1368595569661E-05
-2.9365374832627E-05
-5.1878161327547E-07
1.35856107258237E-05
4.50040041095403E-05
4.21869523379277E-05
5.34217888611794E-05
6.80679933317136E-05
3.560680929471E-05
4.89294910417578E-05
2.29615083004527E-06
-1.12475184862411E-05
-1.45306046706551E-05
-8.09600897704443E-05
-0.000129433344149235
-9.91551981018264E-05
-9.83392841868507E-05
-8.04357380483601E-05
-5.31444981326661E-06
-5.22367046525385E-05
1.64637129901008E-05
5.26732364280606E-05
3.45810478336463E-05
8.65756401677436E-05
8.30039186632055E-05
9.41777490110552E-06
6.57361895297389E-06
1.16502638774471E-05
2.45615555617093E-05
2.82291583331388E-05
-1.08597072275693E-05
-1.80042279571004E-05
-2.64169225871587E-05
1.73322444020137E-05
3.67977424764009E-05
5.20316263959231E-05
9.23692833067474E-05
9.27096525956026E-05
0.000105036416313907
0.000118537528269424
0.000115530533889305
0.000110967356091777
6.7877102339498E-05
2.27342759920882E-06
2.40045136241324E-06
4.21742502766796E-06
-1.49633106124657E-07
-3.68924038289876E-05
-4.07371655918122E-05
2.29341874782289E-05
-3.47783337150177E-06
-2.87729257907088E-05
-1.37995587112501E-05
-2.03081622623367E-05
1.50002231501628E-05
-1.97585911499217E-05
-7.81388419672211E-05
-9.43072994469082E-06
9.37008027220287E-06
2.19783843337453E-05
-3.82008578000577E-06
-5.1976025192362E-05
-2.05266538362302E-05
-1.20904069176754E-05
-2.96282575125381E-05
-4.38423794670539E-05
-6.5255627312623E-05
2.57075020197141E-06
2.03293762122432E-05
2.14973861992885E-05
-6.20246085499573E-06
-2.80943776830022E-05
1.01359130500708E-05
-2.04422320960389E-05
-5.17853910172883E-05
-4.65181838858265E-05
-0.000124441248613838
-8.06379463506013E-05
-9.55647921217231E-05
-0.000101179297016216
-0.000106180385591109
-0.000114672847685137
-0.000116313740934493
-6.83423747039905E-05
-0.000103701922186175
-3.6782192672141E-05
-5.88417990402791E-05
-2.98121315979318E-05
-7.85991594521973E-05
-3.1261121872463E-05
-2.86359542531013E-05
4.64987954957245E-06
-2.90955871963908E-05
-4.27342150699378E-05
-7.10253339264216E-05
-7.25803337412085E-06
-4.62643606897854E-05
-9.00486827867762E-05
-9.15861774031593E-05
-0.000114121747517353
-9.26586170434816E-05
-0.000116440183344744
-0.000124914970048238
-0.000131455137634533
-9.79624121332559E-05
-0.000142632857306561
-0.000111858838398972
-0.000123565364416332
-0.000132117480011247
-0.000115409297891687
-0.000147460156014184
-0.000131816420521501
-9.31590898592203E-05
-0.000150213231461715
-0.00017669234274318
-9.18866814583989E-05
-0.000105315702443309
-2.37802825283436E-05
-9.64653488682198E-06
-8.85677771228034E-05
-2.65279579197549E-05
1.3251563354118E-05
-3.7595422785665E-05
-6.4667087809152E-05
-6.78286880741296E-05
-8.28649028732045E-05
1.41806731308425E-05
3.53861488353059E-05
-3.24408519557678E-05
-6.25651985366633E-06
4.89641066139619E-06
4.58349890938486E-06
3.93342673993427E-05
-1.48636380352999E-05
-9.09436783051989E-05
-1.57905121490684E-05
-2.08256295160946E-05
-2.75966390671631E-05
-8.50694654719545E-05
-0.000109664293691823
-7.18578245218306E-05
-1.23989571819273E-05
-4.80799504233946E-05
-1.91632114493209E-05
8.63283468639248E-06
4.13780033181284E-05
3.88037040792617E-05
-5.78421196108344E-06
-5.33627381725764E-06
-5.92199822557257E-05
-0.000145950421544774
-0.000131042165805555
-0.000135468686956061
-0.000109821709257519
-8.11992110893313E-05
-0.00010658028608027
-6.26610627333564E-05
3.03690770680055E-05
1.38330821822394E-05
-4.45036732892955E-06
-9.33475949794801E-05
-0.000153849771317233
-0.000142587752399347
-9.71953485041347E-05
-0.000137317761367805
-0.000169557133934756
-0.000169956379421663
-0.00012115527864276
-5.3416990352012E-05
-3.06058962030018E-05
-5.2015764901272E-05
-0.000102557138604056
-0.000111064814118089
-7.17811285281294E-05
-8.47145210760044E-05
-6.44589118000972E-05
-8.26051838665113E-05
-0.000114634257457536
-8.00729613993082E-05
-4.73396706088819E-05
-6.17770574799161E-05
-2.29790517740544E-05
-7.05637470169269E-05
-0.000110112939965113
-0.000116285849731378
-7.87642963968046E-05
-0.000145699527237479
-0.000138777267341012
-0.000145030593434235
-0.000131384953202023
-0.000117965338537338
-0.000101743248883729
-0.000131136772037143
-6.40979348349914E-05
-6.05980682346132E-05
-6.25234403649347E-05
-7.42086337539242E-05
-5.99219873915833E-05
-7.70945242101882E-05
-5.55683536920531E-05
-5.22856721431427E-05
-8.34576442465111E-05
-6.6019483829271E-05
-4.45286858342584E-05
-2.93521492162165E-05
6.6302922133428E-06
8.10104545090237E-06
-1.98122136186937E-05
-1.54929800593039E-05
-3.9697696839465E-05
-4.67276251783895E-05
-0.000123655574298953
-0.000133662257612628
-0.000162659286488802
-0.000158852849879514
-0.0001354068044318
-0.000127254551225419
-8.63958645238562E-05
-1.83428764912509E-05
1.29761988831648E-06
-9.44526259619032E-06
4.29233197746359E-05
-1.94852997523391E-07
1.55593655584409E-05
-3.1359360610691E-05
-4.08579234429078E-05
-5.30086293289196E-05
-2.00436149434475E-05
-7.70046335456531E-05
-2.2917090736802E-05
-9.90944825611669E-05
-9.97416955793757E-05
-0.00011709823973451
-0.000102982082841414
-0.000102889274504764
-8.20740099232693E-05
-0.000140179859250798
-5.86844801299983E-05
-1.51506790451612E-05
5.98389133561893E-06
9.88741505534921E-06
1.87078025036372E-05
2.90983237668101E-05
1.94902384058936E-05
-1.2524791103437E-05
-5.59733363702095E-05
-6.87209849931453E-05
-0.000109369861797759
-0.00011359233285253
-0.000128087654205321
-5.47563484116101E-05
-4.1855743318927E-05
-2.64202220119377E-05
-2.15147815952889E-06
5.21677402509052E-06
4.99234343437869E-06
-2.04431764002491E-05
-8.32430541923391E-05
-0.000111531666290917
-0.000124670820672884
-0.000146048906213088
-0.000118833819410456
-0.000135988096956226
-0.000131773110988552
-8.20515201590611E-05
-6.6645627707662E-05
-6.54319729018497E-05
-8.11323824754092E-05
-0.000103924098690593
-9.73050710361951E-05
-6.35695175980685E-05
-6.45662168424519E-05
-8.15456048774068E-05
-7.13113727461633E-05
-7.36350882495504E-05
-5.4960164861201E-05
-3.02927093180478E-05
-3.39802713652248E-05
-3.96533003163279E-05
-2.67564427713113E-06
-2.64296765112938E-05
-7.35451494478637E-06
-2.55281229586648E-05
-5.24830932575788E-05
-4.48008940383489E-05
-5.92017090582568E-05
-5.65637726353554E-05
3.29024151379328E-05
4.72320983521449E-05
9.34319635212844E-05
0.000104311734595743
7.19782153065738E-05
7.19476370516792E-05
5.24801393254884E-05
-4.20260844806649E-05
-1.1729264957935E-05
-6.32551611941706E-05
-7.89447918875928E-05
1.0437950967588E-05
1.46739747543799E-07
-3.26803012078344E-05
-6.32932565072872E-06
-2.33877709173706E-05
-7.72475437904525E-06
3.17052953621725E-05
-2.20879406708374E-05
2.43545913571086E-06
3.8213418390519E-05
5.70062475871567E-05
-1.58338907690819E-05
1.7188047305247E-05
2.00472989640661E-05
3.65292343723431E-05
3.46731403555064E-05
2.98797217263649E-05
2.52849230012571E-05
7.94167296933092E-05
1.49479283869661E-05
-4.38213578888552E-05
-6.21652257194587E-05
-7.88812021437206E-05
-9.74357796157381E-05
-0.000112844441934278
-0.000108436545254683
-5.1563910751436E-05
-2.24449747717938E-05
-1.27216960075124E-06
3.08844785538793E-05
8.20629013480429E-05
5.38371840443954E-05
0.000100307657654447
6.28239717885941E-05
9.16551738963073E-05
4.75475372758561E-05
4.81674046397029E-05
2.61699571387912E-05
5.13081683293714E-05
-2.36865123111785E-05
3.38508068309336E-05
2.42156909053584E-06
3.5784195731819E-05
5.43782829774413E-05
7.21538844926067E-05
6.36650583422111E-05
0.000107779669579944
7.78067350642648E-05
4.95498757326564E-05
2.91451488930455E-05
-5.45387549362052E-06
-4.59693783328985E-05
-2.54610591479593E-05
-5.84363324777434E-05
-8.04084895252097E-05
-7.85773872934466E-07
4.37652402948553E-05
5.44779653460514E-05
7.34528519563987E-05
2.1123374575055E-05
7.835763250648E-05
0.000104802384719025
6.1439790767047E-05
6.36453369423632E-05
4.57683450957618E-05
6.46376384778499E-05
0.000130985542511146
0.000122759046376415
6.57021701270419E-05
2.52313043756163E-05
-3.2478547571998E-05
-1.10545508510607E-05
-6.76651566918003E-05
-6.90685296411139E-05
-7.701961699747E-05
-8.47978463942566E-05
6.12948410397098E-07
-1.97787657337305E-05
2.16037982539773E-06
6.72674939293667E-05
0.000116678530978237
9.44924369680618E-05
0.000134169437983251
0.000103240613794241
0.000150922484685673
0.000133168951150665
0.000126274452167112
6.4647191752143E-05
8.31277227840102E-05
0.00010888286683321
0.000114910180769283
0.000109501260559951
9.36073955361979E-05
7.28376902077385E-05
5.51937876367972E-05
5.81893281023053E-05
1.88009799086292E-05
1.28675462241813E-05
4.59803612435186E-05
1.42608387354117E-05
6.45939038747304E-05
0.000120230789191949
0.000106628815092078
0.000171093577120572
0.000151298752433997
9.47609313774034E-05
0.000152920680117083
0.000102718005858299
7.54317122784906E-05
4.8917627023356E-05
-1.19862654588859E-05
-5.8675269218022E-06
3.00183314943905E-05
5.95990786539255E-06
1.1666056526683E-05
4.13778138093344E-05
0.000100882531050026
0.000131484704443024
0.000123083516069484
0.000150165418951959
0.000165674469022528
0.000153102848259823
9.3451328546642E-05
5.51772407365125E-06
-4.68266225086922E-05
2.09368790738754E-05
-1.62322944632648E-05
-2.40396845269109E-05
-1.92331493345913E-05
-1.7950860341616E-05
4.88610922056511E-05
0.000119696391847573
9.78823538218842E-05
4.62011912403153E-05
2.61740238977338E-05
-1.35909235387358E-06
1.8643999297504E-05
3.63045473846874E-05
4.50657198039717E-05
5.55740659250575E-05
9.62001263226605E-05
0.000106891687111423
0.000173740485780989
0.000184901963864287
0.000133046295835189
7.11470699570869E-05
3.870566246937E-05
1.39157147582595E-05
5.56314150445623E-05
2.48188746285677E-05
1.50136266479482E-05
3.9658186021352E-05
6.2020922668189E-05
9.33878199933716E-05
0.000148738406799988
0.000120319537109401
0.000142476710966944
8.31503307557355E-05
7.79621323425738E-05
0.000105737622401531
4.52450764518172E-05
7.54317859591224E-05
4.82941927716985E-05
7.67062687767288E-05
0.000120362710688718
0.000112651669703327
8.17809318633033E-05
0.000161888053677227
9.72831470536157E-05
0.000120077336560995
8.67999101859327E-05
8.16139523020204E-05
9.72589585241954E-05
0.000114351265315587
2.96244013446328E-05
8.89966441039181E-06
8.64506075411965E-06
-1.79410512703472E-05
3.80544624752064E-05
-6.9226749993723E-06
-1.88182406154966E-05
1.13461534457475E-05
6.45862674239776E-05
6.82339016435783E-05
5.43285345833726E-05
1.7375460170546E-05
4.87557247879158E-05
4.32473487405418E-05
7.9745714439719E-05
9.79808564809799E-05
6.09083870807554E-05
8.79358677443421E-05
6.63003433663857E-05
0.000104539153266663
0.000130980139513845
9.3469261531822E-05
5.5119473959334E-05
0.000100567964775178
7.56710278149429E-05
0.000100087372629958
3.6620615288797E-05
2.93075555576325E-05
3.77595253036746E-05
6.83224852200894E-05
5.99335340728274E-05
8.95744064125952E-05
4.98117954981872E-05
8.01362179519143E-05
4.47551578942148E-05
4.6403958494496E-05
7.75421116613516E-06
-1.81554402724745E-06
-5.7899776528633E-05
-2.27116182676079E-05
-1.87863467355579E-05
2.62379375367278E-05
2.11027398697588E-05
3.66843205457627E-05
3.07231776421174E-05
4.21156051197921E-05
4.39640552557025E-05
4.85964373724163E-05
-1.58181185900984E-06
-3.23211102677847E-05
-3.61054145795766E-05
-2.76516222201711E-05
-4.63901353336275E-07
-9.09773023284446E-06
-2.58828855866613E-05
4.12262322819737E-06
-4.37813969955877E-06
-3.24204652865945E-05
-5.76439262104895E-05
-2.89739669628582E-05
-7.21946818394513E-05
-5.65090755105742E-05
-5.13178895469112E-05
-5.71098590163036E-06
3.10749088232149E-05
5.98435578642209E-05
3.30414962545857E-05
0.000104049776004422
8.53671588012624E-05
7.81186691646452E-05
1.73794405516936E-05
8.03713483504552E-06
3.06188998286094E-05
3.94597542251159E-05
1.37843213059358E-05
6.2461834950655E-06
6.32008033642425E-05
0.000117291651700592
8.46789652599041E-05
9.7608105184719E-05
9.89120894769467E-05
8.43137348702807E-05
7.24954961262904E-05
2.25191735948122E-05
3.50042249828657E-05
7.69800105800925E-05
4.63596725854599E-05
4.52763187689766E-05
8.25356258794178E-05
8.28762811473201E-05
6.51739001366634E-05
5.66019166992734E-05
5.26980762196284E-05
3.73441791397717E-05
1.96946648603254E-05
-4.42117261562597E-05
1.15275912441239E-05
3.51621543653748E-05
4.59953094220675E-05
1.40752401983359E-05
4.38058990694006E-05
6.58054170241259E-08
7.89180507589429E-05
6.91680893297901E-05
7.89710852558575E-05
1.68698744367401E-05
2.32602489155028E-05
-3.90965289704115E-05
3.31386695676901E-06
-4.82924530543542E-05
-2.28618459637543E-05
-3.32007040485939E-05
-1.81508489797477E-06
-7.96136194638239E-06
2.08841637774601E-05
2.40223682908864E-05
3.59135257479166E-05
3.15487030569257E-05
-2.10200196516244E-06
-3.60702666382736E-05
1.28543832880762E-05
1.76508740280157E-05
3.16647611233622E-05
2.09284183847297E-05
-1.20870635035398E-05
-4.42179228729568E-05
-3.02138323484226E-05
-4.55486375649532E-05
-5.05734944023457E-05
-5.90300708115791E-05
-3.17640284927229E-05
-0.000107967321657564
-6.84673060031565E-05
-4.45180718225828E-05
-4.59113075472124E-05
-1.76002984818363E-05
-1.0747157932678E-05
-4.92454278623585E-05
2.98803494386937E-05
2.7098241741833E-05
1.83285836261375E-05
-1.73420429772545E-05
-2.81730930298251E-05
-1.87136828807928E-05
9.05207119982178E-06
-7.33932936755063E-05
-7.36352932475841E-05
-0.00011481390790165
-7.98926075806116E-05
-9.17786823622275E-05
-9.81140811159844E-05
-0.000114650784891954
-3.2393268722659E-05
1.25616982923462E-05
5.07569969489106E-05
-1.04190151440606E-05
-5.88072157199484E-05
-3.29039853880936E-05
-4.59227333776862E-05
-3.99810230173319E-05
-3.08050186858313E-05
-3.19030486396346E-05
4.25185669379849E-05
9.06869836225251E-05
7.5673753657941E-05
8.61051685885452E-05
6.0469519932359E-05
2.50466775935648E-05
1.20689541799228E-05
-5.9677867621961E-05
-5.17102904345829E-05
-8.91778598811958E-05
-5.70946204176251E-05
-8.72086480143655E-05
-4.93963555374038E-05
-4.92129719287721E-05
2.98931846016754E-05
1.12420897998138E-05
2.62782062290347E-05
1.42381894037023E-05
3.56919019929066E-05
-3.38017060606806E-05
2.73792945844636E-05
-2.41326126159657E-05
-3.96426431508781E-05
-6.35256253070333E-05
-4.02946453896491E-05
-5.52031662497239E-06
3.34184125932438E-05
-4.10127867757124E-05
-8.31589117927636E-05
-5.33630110833882E-05
1.76123430035156E-05
-4.23273296434101E-05
-0.000106418230878563
-9.67291700850756E-05
-6.47880811442669E-05
-6.25612847380468E-06
1.50046681792176E-06
-4.06312518511118E-05
2.05894702817167E-05
8.44811790850803E-05
1.96712432416383E-05
1.5652527830247E-05
5.68800165950556E-05
3.81786553422485E-05
2.28216156623439E-05
1.37929685815367E-05
1.66902745513693E-05
2.76594955280764E-05
2.81941244903498E-05
1.01120399267364E-05
3.94256942834183E-05
2.54875416476549E-05
5.5565406087477E-07
-7.8521950713317E-05
-4.19882514198718E-05
-3.33944328094546E-05
-4.22533986704622E-05
-7.15982786156499E-05
-1.76825845172592E-05
-9.2673731962825E-06
4.4422061866534E-05
5.88440557261974E-05
4.61022075454576E-05
4.5479600447723E-05
4.67135157379534E-05
2.55348043731577E-05
4.18194844109053E-05
2.89805268771658E-05
2.50921978894116E-05
4.23343109912829E-05
3.64528223428336E-05
5.67389024825619E-05
7.12856179085829E-05
4.38870098867312E-05
3.44420380067602E-05
1.06410364298957E-05
3.74414064579354E-05
3.97749105207155E-05
-3.20693827804835E-06
-2.23547326771177E-05
-3.14907726795336E-06
2.46409600671954E-05
3.53600199528951E-05
3.90278815945697E-05
4.68739486205519E-05
5.94394753802682E-05
5.35173309181134E-05
7.10082229702649E-05
5.70477267864157E-05
4.66681422873987E-05
9.53438921860547E-06
-6.81038789020091E-05
-4.99795114276179E-05
-4.30945088805677E-05
-7.92192120747507E-05
-5.49179913484476E-05
-5.42128468307489E-05
-6.64324584206857E-05
1.20341663269447E-05
-1.96801549648936E-05
6.12966259840747E-06
-2.49367730497934E-06
7.08190699221948E-06
-1.6314244452551E-05
4.42712817519142E-05
3.22498507057912E-05
4.86459670270428E-05
1.88024516398434E-05
5.958690398535E-05
6.35764389355476E-05
5.94205190602549E-05
-4.46940350143896E-05
-4.68563400888525E-07
2.86453082446563E-05
4.73383913115184E-05
3.14689809503545E-05
7.39747190992982E-06
4.50927439596082E-05
9.22558784204596E-05
7.26132921433706E-06
-2.7312428974852E-06
-1.65066648677562E-05
-2.25031447187233E-05
-2.4692677771787E-05
-2.18401310550566E-05
-5.16442250406722E-05
-1.33539451429812E-05
-2.77249958573331E-05
-4.63642411468667E-05
-3.41850998020709E-05
-3.41041438052266E-05
-2.8962495516378E-05
3.97121004306189E-05
5.03982558566338E-06
1.35248131117813E-05
-6.1847683453054E-06
-1.67128853774438E-05
1.17760734744754E-05
-4.16575031647384E-06
-3.03464741968033E-05
-6.44489774396514E-07
8.8952936074329E-06
5.20944742131375E-05
1.84595974989594E-06
-2.14505170550804E-05
-3.64684022973334E-06
4.21017122246998E-06
-1.17152839434788E-05
-3.51555999287398E-05
-3.41121704645273E-05
-2.05999526539291E-06
-2.84397698684112E-05
-4.1639433276737E-05
-7.06092822367411E-05
-5.29952786258888E-05
-2.55098146421193E-05
-3.5233020971308E-05
-3.77868717461216E-05
-8.90973856645304E-06
-2.52712284547772E-06
-1.33098675193591E-05
1.06525387905087E-05
4.05437629852034E-06
-2.36692134436176E-05
-2.34251154832212E-05
-1.15025360559168E-05
-4.06775985932138E-05
1.24673388188775E-06
-3.92220018383834E-05
-6.48000905039242E-05
-8.40713041963873E-05
-8.21515146961857E-05
-0.000115431524904974
-9.32067454163064E-05
-0.000110378293334535
-7.40933742835896E-05
-2.43383135047356E-05
3.73430558779871E-05
1.46071203878467E-05
4.08879491220349E-05
3.98352705448926E-05
6.45020917914824E-05
8.17030500398345E-05
4.74333629701908E-05
-9.30455723636104E-06
7.09477777808824E-05
6.55682098222831E-05
6.93709893767659E-05
3.42631984022214E-05
1.42875607734741E-05
5.27146885577494E-05
0.000108597710898417
7.26058576557011E-05
9.71710023988194E-05
0.000104991341857135
0.00012293277349798
0.000113797264734106
9.9748800176419E-05
6.14310214615237E-05
5.52867209955831E-05
2.80803529123636E-05
7.95585424840153E-06
5.22127144722476E-06
-6.52157507642136E-06
-1.94463376771291E-05
1.62220545422003E-05
3.53021902898844E-05
3.32309808641241E-05
2.23322006051247E-05
5.45667369608318E-05
6.10719940560737E-05
7.12016332392592E-05
7.67612160956751E-05
3.27493022123311E-05
4.89484147722477E-05
6.18956933454233E-05
4.68381991535628E-05
5.50346947835624E-05
5.44562849286107E-05
6.34698812159431E-05
9.0649456585625E-05
5.17604183490996E-05
7.54990505985345E-05
9.07161717192353E-06
-1.8534705835845E-05
-4.36109110237137E-05
-3.85361662041351E-05
-7.65927390937652E-05
-0.000118725530401689
-0.000138705033422546
-1.73535273414984E-05
5.04990871839122E-05
8.07637668449845E-05
5.72736094691606E-05
7.70291792920913E-05
0.000146247590111639
0.000166749666349436
9.43610778033453E-05
1.21420220695019E-05
-7.56564369902587E-06
-2.16478650954392E-05
-3.68904298358194E-06
-6.61503994145575E-06
-1.97547584974446E-05
-4.02668585772712E-05
1.56412021575252E-05
-1.31371021222044E-05
6.10633929477169E-06
-2.63401358220579E-05
-4.66642961543394E-05
-5.59013302667222E-05
-4.6649352055287E-05
-2.59711538147911E-05
-8.46487399991251E-06
-6.03548594056992E-06
2.9316264766026E-05
3.82511135092679E-05
1.39379378462531E-05
3.09218845809039E-05
-3.93017065663314E-05
-2.1677848210474E-05
-6.52564742278385E-05
-6.50917943827114E-05
-7.51693308853741E-05
-4.38264332180747E-05
-2.18584460642083E-05
3.63233822115802E-05
1.2437587537123E-05
6.25693318068739E-05
3.73138492886967E-05
3.94052790627252E-05
6.21179371353023E-05
4.28930408191497E-05
9.00275492650352E-06
3.15048489459257E-05
-2.44131767988114E-06
8.9948184249843E-06
1.62213597822256E-05
2.45038443385422E-05
2.13709556938087E-05
-1.07148411475458E-05
-2.56920504395793E-05
-2.85413384539177E-06
1.64639841571907E-05
3.0791337354007E-05
8.16227351170639E-06
-2.06402408181903E-05
-2.02545833956505E-05
-1.29951657168807E-05
1.12450152555408E-05
1.76586031553176E-05
-3.53247620192386E-06
-1.27676148116127E-05
1.83413175346436E-05
3.50316850987939E-05
6.4671480206382E-05
5.14957878249496E-05
4.64884055409995E-05
3.00563417814792E-05
2.59688954727456E-05
-1.87440442119686E-05
2.85378012808542E-05
1.78885414992099E-05
-3.20898174157631E-05
-2.90631844414989E-05
-4.36429853509886E-06
-8.56955566703457E-06
2.55361744938527E-05
-1.98992760458334E-05
-2.45692612334967E-05
-1.63898897221144E-05
-3.12750918649193E-05
-7.36313898396364E-06
-2.83936357401828E-06
2.05187910547775E-06
-9.65844707722449E-06
-2.21307557163109E-05
1.09579380935815E-05
3.31230158975751E-05
-1.30722445437652E-05
-2.99920506018712E-05
-5.55458467924352E-05
-3.5470731331379E-05
-4.26910175930671E-05
-5.14631980096019E-05
-8.87386634546306E-05
-6.00204569304426E-05
-4.14324020960391E-05
7.95401995660724E-06
4.5058123413962E-06
1.49450417516083E-05
-3.50853662535155E-06
7.68015426286794E-06
6.27121395887697E-06
1.44977089947329E-05
6.69641535787474E-06
4.64511071307736E-05
1.44485585969533E-05
6.44010951374756E-05
7.1715468490382E-05
8.42841494907259E-05
4.06969592254299E-05
3.37879988394508E-05
1.27674692374208E-05
-2.9851261806661E-07
-2.98551177518624E-05
-7.83690978313184E-05
-7.70753373012058E-05
1.17773211151848E-06
-1.91866906413754E-05
6.06315414080597E-06
7.98372684673079E-05
3.08958320448706E-05
8.25980389544431E-05
7.27220232487061E-05
2.90713950588338E-05
4.08005185597169E-05
-1.90771766170874E-05
-9.81663177749868E-05
-4.30665463955675E-05
-4.03815448739176E-05
-5.10775746434599E-05
-2.30775347000557E-05
-1.2418153854321E-05
9.02143224246764E-06
3.98277849648936E-05
4.08658772967238E-05
1.83318259276577E-06
-1.65406078302022E-05
-2.04152509926378E-05
-2.65086815237003E-05
-3.95933557924265E-05
-2.78630408947982E-05
-4.20859644862962E-06
3.86306308936956E-05
9.0939447441066E-05
2.56444018548888E-05
2.67778589503686E-05
4.29594587137448E-05
4.72810855532477E-05
-1.85506402917461E-05
-4.14200862561555E-05
-5.25567373318207E-05
-2.30406683345043E-06
-1.41260086535164E-05
-1.26033939280424E-05
-1.89609021305345E-05
1.54073953722726E-05
3.27238362222619E-05
2.40123615674404E-05
-1.0877087385617E-05
2.64809776939731E-05
2.90537261094507E-05
5.37659481529134E-05
3.01070471479465E-05
-1.79679693229451E-05
-3.59024607255301E-05
-1.14860481767017E-05
-1.43928852137201E-05
3.57558312785594E-06
-2.52226400310335E-05
-1.38678319776626E-05
-2.77203292374866E-06
-6.21834967187076E-06
-3.38384005223797E-05
-5.21914932231457E-05
-3.91829651016835E-05
-3.70271232063987E-05
-2.25444002583914E-05
1.73839248341056E-05
1.49115510212397E-05
5.11311888829893E-05
1.19918488172237E-05
-1.7856361044988E-05
-6.22882652078364E-06
-1.91687521448015E-05
-7.5794841230777E-05
-4.82298362145051E-05
-8.03669553514716E-05
-6.22225180286849E-05
-5.32762865941473E-05
-6.50610124496304E-05
-8.38376747990865E-05
-3.92612044837917E-05
-2.27010808669531E-05
2.27539779482033E-05
4.14537873380911E-05
2.99572101107367E-05
9.45179173402774E-06
-1.43149553944085E-05
1.29786390378234E-05
3.08887786389904E-05
5.96804636904769E-05
6.03416776964585E-05
4.05773169509285E-05
7.0462219740018E-05
0.00010504377319712
4.15976361266242E-05
3.82424523130167E-05
-1.49882377471478E-05
-3.50615736616001E-05
-2.33151513812355E-05
-3.43375448269468E-05
-1.08068713631405E-05
5.22230079039643E-05
-1.22583084265019E-05
-1.16635434616505E-05
-2.66887270573644E-05
-2.33509718145651E-05
-2.01487199322539E-05
-2.20976776020452E-06
-6.12470384275994E-05
-6.23431327895177E-05
-7.33133818763983E-05
-1.19225421119816E-05
-1.47650948655588E-05
-3.04673493863413E-05
-5.04669308512747E-05
-2.64528464229614E-05
-1.26981293049131E-05
2.52236686591699E-05
-3.57377322016596E-05
-5.19608781919083E-05
-8.87780556392542E-05
-8.03968237554454E-05
-8.26959190699579E-05
-6.63324891527529E-05
-9.97099256560374E-05
-9.22664749613188E-05
-5.57408361262069E-05
1.64040405107862E-05
1.61830581184601E-06
2.91928587296582E-05
-4.57765974800648E-06
6.28710697773883E-07
6.43054961733668E-05
5.77452214611697E-05
2.36975455087414E-05
-2.15317302673815E-06
-4.12657209399997E-05
1.02417407303976E-05
3.27641755840075E-05
-5.33183073985618E-05
-9.87514028449049E-05
-5.54735292141286E-05
-3.89915204017844E-05
1.06279845094496E-07
-2.48342854757313E-05
-6.06294863940357E-05
-3.6588213208633E-05
3.26306943362189E-05
2.45081817979904E-05
1.99579053622892E-05
7.76837481737244E-06
3.07540066554782E-06
-1.66233548312228E-05
2.2206396122155E-06
-2.1037534289701E-05
-4.96818662423678E-05
-6.1214482713144E-05
-8.71401365527878E-05
-4.94531608997199E-05
-1.42915054043036E-05
-3.63948373917611E-05
-4.82241272520977E-05
-2.8000262593E-06
2.36921997264563E-05
4.68887518698118E-05
6.34265351243762E-06
4.29098537796725E-05
5.48117410204553E-05
5.20258023223946E-05
2.50776846386551E-05
-5.7723214776782E-06
2.43235749585509E-05
7.11371071445775E-05
5.97426281429697E-05
5.8534111382406E-05
3.50529765695464E-05
2.1607871723364E-05
4.12688146081163E-05
-1.19906308567416E-06
-6.68696816472813E-05
-7.91549853980917E-05
-7.18861671865996E-05
-5.97269398348118E-05
-4.99019751600442E-05
-2.29802014692961E-05
-1.94832840248869E-05
6.51273360837866E-06
-6.62147980542476E-06
-5.29446185097859E-06
3.82055621902674E-05
4.06693053651351E-05
2.0870762376178E-05
-1.0146084279505E-05
3.25541088585464E-05
5.02859048217002E-05
5.20988244195042E-05
-1.20618534313264E-05
-2.1421746580759E-05
-3.27540652003151E-05
3.86618745544931E-05
-1.929944781059E-05
-3.76464922143991E-06
-4.35361285599526E-06
4.37206942998099E-05
3.45088361062106E-05
3.10340085318209E-05
-2.78622682945682E-05
1.12118000682594E-05
-3.77256842073353E-05
-3.42964375024E-05
-3.15451117623857E-05
-8.4136133985258E-06
-1.45524896826797E-05
4.81261759016657E-05
2.59629095019236E-05
3.01153394108168E-05
1.78319035344651E-05
-2.47682554911515E-05
-9.16130752863058E-05
-5.47766276269918E-05
-9.33827137516852E-05
-9.72179326534856E-05
-5.62239415428568E-05
-6.15821336731622E-05
-3.21085386291626E-05
4.98991587883964E-05
4.71603042414969E-05
1.8267647800752E-05
1.70083472415829E-05
-9.47535940121474E-06
-2.74505781959225E-05
-3.89594193272166E-05
-2.87996457853872E-05
-7.47054390874818E-05
-4.70186222507911E-05
-2.14130608873201E-05
3.26346755272849E-06
-9.14732532519145E-06
-5.53193586171282E-06
-4.33339653640351E-05
-4.96429354922305E-05
-4.75483560996205E-05
-5.39643880362621E-05
-6.75523104264919E-05
-3.62761571350282E-05
-4.61734066044977E-05
-3.0795750926253E-05
-2.18350992183328E-05
-1.65552955688821E-05
-2.22085056233999E-06
-3.93462499603491E-06
2.95505532791733E-05
4.50386028597712E-06
-2.86823239474398E-05
-1.42215143550898E-05
-3.40212296401727E-05
-5.20590165604912E-05
-5.46989853365572E-05
-7.04548377756146E-05
-4.80516914625168E-05
-6.13373181445544E-05
-5.25571472247615E-05
-2.81807084052019E-05
-7.93684767022672E-05
-8.74533306250431E-05
-8.44374681589474E-05
-6.67613376544685E-05
-2.97351248622452E-05
2.90521742907582E-06
-4.91207400871217E-05
-4.90782322564191E-07
-5.65224811619732E-06
-4.97346298520096E-05
-4.56230939965237E-05
-3.87637136020702E-05
-8.23658910537505E-05
-6.53481454442509E-05
-6.9756110659468E-05
-9.79465669210865E-05
-6.40400005875618E-05
-8.41499251306407E-05
-0.000122403167887472
-9.66276240215979E-05
-6.14665074331275E-05
-4.98512923385733E-05
-2.61282524267961E-05
-2.12973738600888E-05
-3.63391451249076E-05
-2.26172889322496E-05
-2.85287773750055E-05
-1.42449514041814E-05
-3.57173151664621E-05
-2.2986517342301E-05
-8.06391652990081E-05
-5.16372593057831E-05
-2.50934122682995E-05
-6.82575612522853E-05
-9.29965082561822E-05
-0.000100146445662223
-8.80975696130218E-05
-5.96196309429987E-05
-3.87197499097264E-05
-6.36026645737824E-05
2.95780295640528E-07
1.49229640012655E-05
2.90116240999804E-05
1.19055175503169E-05
0.000101571795434357
4.71367446451589E-05
6.37172661276712E-05
2.30933692789943E-05
1.90587372442332E-05
-4.62184614627127E-05
-1.60411150990991E-05
-8.35553265936249E-05
-7.39699118634729E-05
-6.65412898267617E-05
-6.62344460086197E-05
-6.68593762408022E-05
-4.76914926671241E-05
-6.95487842400759E-05
-4.23639156490931E-05
-4.51749557745318E-06
-2.92000721060338E-05
-2.33080673675154E-05
-4.02792139903152E-05
2.0593608048215E-05
-1.27366584734422E-05
-3.74926763826976E-05
-7.20065994957093E-05
-6.49215792892689E-05
-7.43402000517061E-05
-6.38654790432355E-05
-5.61122414290387E-05
8.93334778025169E-06
-1.77983258312991E-05
-1.16538262036408E-07
-2.92740082216445E-05
1.46040319994278E-05
1.68427694956226E-05
-1.05951204232653E-05
-1.96376994520588E-05
-5.90740327726127E-06
1.9168735620307E-05
1.48894586673736E-05
-4.22430271033488E-06
-2.76556344602877E-05
-2.51513988525116E-07
-3.0395063095979E-05
-1.10749184216885E-05
5.43723567349432E-07
-1.62127247946866E-05
1.9670651729199E-05
2.2600218736018E-05
1.7113360489071E-05
4.54242778205149E-05
2.87749193730386E-06
-1.08463323222019E-05
-3.24050581019349E-06
1.06628827269078E-05
3.62133776413688E-05
-8.64660849314207E-06
-4.26246984186705E-05
-3.08546427508332E-05
-4.09654663749763E-05
5.47479518288644E-05
3.51102578073329E-07
-3.11646357380983E-05
1.66302334227053E-05
3.65413853564099E-05
5.28352653628561E-05
2.97241499359219E-05
-4.83560141379465E-06
-1.59079569518904E-05
3.10459940820947E-05
3.20789324854513E-05
6.40385152119683E-06
4.47262373175678E-05
7.62123437351819E-05
3.03776684296448E-05
3.21751454752207E-05
-3.62849582781543E-05
-4.49197239472565E-05
-2.79292107147032E-05
-3.21407396728613E-05
-5.47773235894201E-05
-3.78427268429409E-05
2.55713058195536E-06
4.88190253793224E-05
4.25222928045594E-05
1.47204018285305E-05
-3.06597081492549E-05
2.48564528089979E-05
9.91210028624429E-06
-2.10303241712496E-05
1.12640429946781E-06
-2.22377628435886E-05
1.07226195211084E-05
2.17104598215176E-05
-2.84811233997439E-05
-7.99079655262036E-06
5.08838359904765E-06
-5.32772914067149E-05
-4.80380224652216E-05
-8.62321270681353E-05
-3.99020429698045E-05
-5.14061932628794E-05
-3.56142936182232E-05
-5.6708218092232E-05
-3.13683084241116E-05
-3.9853254413837E-05
-4.99126649656078E-06
-3.01335793371997E-05
-4.20458226962259E-05
-4.78711300780069E-05
-2.20105962670651E-05
-1.26519267851422E-05
1.28015395231263E-05
2.26843041454851E-05
6.48079291828768E-06
3.95120832718794E-06
7.10546074345392E-06
5.51344214489856E-06
-1.15162998042395E-05
8.84415769763749E-06
-6.2266753992648E-06
4.08836631809001E-05
8.69908369416459E-05
4.12397645793699E-05
1.60322151978311E-05
1.82253234653994E-05
1.00966610122779E-05
3.39036621810787E-05
-1.33565560947037E-05
-1.41083255642783E-05
-6.55031108394243E-06
-1.10793405869162E-06
4.44272869802657E-05
3.50406003039615E-05
-1.07635161600269E-05
-2.69646186563549E-06
6.24148677860708E-06
4.68194554010885E-05
4.37365197481679E-05
-7.85053526496897E-06
1.52016246155466E-06
2.19761246995618E-05
2.95680468674301E-06
-2.45107662369374E-05
-4.62394220137797E-05
-6.13143554009017E-05
7.26698932146228E-07
2.37594610049719E-06
-1.51181744983061E-05
-2.02134081204793E-05
-9.53706710630541E-06
8.86597027783207E-06
1.21557555091139E-06
-2.59622106928241E-05
-3.44769896064982E-05
-3.14262221161686E-05
-9.84234114129908E-06
-2.70804115807594E-05
-5.13665666728878E-05
-2.8049378237105E-05
-5.17865655102409E-05
-4.03112084287242E-05
-1.81985446909292E-05
-1.84586661830721E-05
7.68223051015948E-06
4.20658684296907E-05
3.99440515485599E-05
6.95800301797918E-05
7.32023896664589E-05
2.09228854160373E-05
2.54319671387878E-06
-2.9270052711801E-06
4.62022896842962E-06
1.13435007036948E-05
9.85967133850089E-06
-1.09091890437315E-05
3.96209277280958E-05
4.31577130711593E-05
4.33882442693875E-05
3.14708015328995E-05
3.22876586376418E-05
2.32781499838308E-05
-8.90443904653983E-06
-1.30386282347468E-05
-1.47498942221638E-05
-1.92096468167923E-05
-1.19479828006401E-05
-2.28466691635656E-05
-3.53282773064904E-05
2.49466756056473E-05
4.66797448111145E-05
6.50903392749415E-05
4.07812226743543E-05
4.26251841960465E-05
7.46585358691993E-05
3.99213900042791E-05
6.57745782576941E-06
-2.97819554543793E-06
-1.95764965604866E-05
-1.75624248590301E-05
-4.88152674351648E-05
-7.88638226376873E-05
-3.28191431780151E-05
-2.48016455086664E-05
-2.51758434391695E-05
-2.73132578433344E-05
-1.33223404169844E-05
1.36934247157662E-05
4.75484922262242E-05
4.31390016420814E-05
2.07064672775438E-05
3.47999466583047E-05
5.74251794563479E-05
8.26213193217391E-05
4.26360356620582E-05
2.0610166988866E-05
-2.8444931228018E-05
-5.84275886379276E-06
-1.5987941029182E-05
5.08460705024897E-07
-2.89657468079873E-05
-2.38795119190581E-05
-5.87130249146745E-05
9.8104788445145E-07
4.14602085265688E-06
-4.53702257274639E-05
-6.50381395193405E-05
-0.000114157994334921
-0.000113306116302472
-7.09741932096894E-05
-9.56131060752028E-05
-0.000116271484523975
-7.15399414603356E-05
-7.77296414371679E-05
-7.63360213887562E-06
-7.7818731572319E-06
-3.23634797985732E-05
-1.92280771905381E-05
-3.87198418353478E-05
-8.55203031247408E-05
-6.356954876944E-05
-7.88667003259703E-05
-4.96525414995929E-05
-9.88092844273329E-06
-1.71438528221329E-05
9.54695194462842E-06
5.77232508769693E-05
4.19127233672873E-05
2.18617455174E-05
-3.17811409167692E-05
-4.43062388076818E-05
-4.69566987567852E-05
-9.7747994075472E-05
-8.23616923067006E-05
-9.28067153599858E-05
-6.80142220419744E-05
-1.30579119084572E-05
-3.04679520437969E-05
-7.21284293651107E-05
1.61832583750006E-06
-2.1116770592647E-05
-6.657740563154E-06
2.08225450442682E-06
-3.9904478778966E-05
-5.11171890100849E-05
1.68837377172447E-05
3.61970234101512E-06
-1.91659681127818E-06
-4.20884371095647E-05
-6.52992931751507E-05
-1.33204906814977E-05
3.56196138070183E-05
1.58380917511604E-05
1.79418059643922E-05
-3.50993702038363E-06
8.14900498979345E-06
-4.47577150095417E-06
-2.82859453679713E-06
-3.1956724877453E-05
-1.1722537873292E-05
-1.78645408907704E-05
3.75085118680005E-05
7.28528616989141E-05
0.00011460673798416
7.36348881886105E-05
7.92489950599911E-05
8.11729197503435E-05
1.75229752643048E-05
-2.51747807726182E-05
-4.34759497277372E-05
-5.03676479854479E-05
-4.20596104631728E-05
-1.89435800092875E-05
-2.75869633078126E-05
3.58314709009925E-05
4.51722649134593E-05
4.53630005224552E-05
2.40006900528516E-05
3.62006470118349E-05
1.17919527686911E-05
-1.83550834128754E-05
-1.83783824142864E-05
-1.17278437337212E-05
-4.1259892154727E-05
-3.27855235876229E-05
-1.50392987960745E-05
-4.89733196372399E-05
-2.45503931376609E-05
-6.24944110094336E-05
-4.26023145828242E-05
-1.05301694935968E-05
-5.60492563944181E-05
-8.23750232221591E-05
-1.96107133909654E-05
-3.57713793376676E-06
3.57715470573406E-06
-2.90312379667296E-05
-3.91736440978446E-06
1.06668568078602E-05
1.847642017621E-05
-5.31706602225515E-07
-1.80369193586291E-05
8.24215600782436E-06
4.65216973892867E-05
-1.19408448626193E-05
4.32398404969766E-05
4.31363156260299E-05
2.518083274666E-05
6.78433996666013E-06
9.2934666508496E-06
-3.70543576979202E-05
-3.41648522573542E-06
-2.30199202245127E-05
-2.79015658393048E-06
-3.54370231965864E-05
-3.29332352449296E-05
-3.6862879874045E-05
-1.32998643819187E-05
-1.27510084320692E-05
-3.30954510572339E-05
-3.13493440087346E-05
4.71880626814335E-06
1.16869602558153E-06
1.71435976253393E-05
8.22873907683548E-06
-1.41798416793654E-05
-8.24225761331377E-06
-4.34651823998286E-05
-5.3907019885165E-05
-3.6004176642606E-05
-4.95504663608431E-05
-2.76387382037047E-05
-3.62828601636281E-06
3.30128327054331E-05
5.58935659986837E-05
4.64187884581102E-05
5.61863826517141E-05
5.70332108870506E-05
4.44752244960589E-05
4.16416091771556E-05
1.76114701807181E-06
3.73018593703196E-05
6.55864636362189E-05
7.14959002591587E-05
3.45799630124253E-05
2.24544887584052E-07
2.39299641596952E-05
3.78521943331736E-05
-1.50365114350285E-05
-4.6377855303055E-05
-6.1113612988595E-05
5.37236351664152E-06
4.11680292443956E-05
1.38715379329214E-05
2.20479412327295E-05
3.44580372840107E-05
6.2302798635643E-05
5.76101141621975E-05
-1.61913816078464E-05
-1.86006914196548E-05
1.06396549540868E-05
9.61184656918024E-06
1.4254979990377E-05
-5.42214221426396E-07
-3.37455609964737E-06
2.08568690304638E-05
-8.63857881129062E-06
4.70527743818717E-06
-7.3319924030126E-08
-3.92042228019748E-05
-4.93974722040948E-05
-5.11449552256148E-05
-4.05103778351564E-05
4.13603611353844E-06
-7.00920702724504E-06
5.16082205068166E-06
4.49324180347849E-05
6.79971289478303E-05
6.22335180707754E-05
8.64609579602578E-05
4.39229082421137E-05
3.59285805458169E-06
1.72212065153198E-05
-1.28960063076698E-05
6.14967699441561E-06
-2.45462256467879E-05
-4.7098949622873E-05
-1.19678680206901E-05
-8.33613628460507E-06
-4.65616690020197E-05
-3.51716998872208E-05
-7.01488150845427E-05
-2.74634275474777E-05
4.02633502256927E-05
2.33446875183328E-05
6.34034424524568E-05
4.49865069549818E-05
8.6749994158949E-06
1.46901794109895E-05
9.04593796537212E-06
-6.87069210075525E-05
-4.33107259835325E-05
-6.87756779726228E-05
-5.26828903195307E-05
-1.96437937654844E-05
-1.03488296829486E-05
-1.28973544049724E-05
4.28421314653784E-05
6.82366233805894E-06
-1.68101361943479E-05
1.45684073528856E-05
1.61742432696108E-05
-2.22634248094623E-05
-9.6590531655861E-06
-2.46500436029092E-05
1.09736070125939E-05
7.36225074607124E-06
-2.8513977626269E-05
-3.55153221224149E-05
2.66055291351678E-05
8.99154099731415E-06
-3.41120145783735E-05
-7.18426131022257E-05
-3.49318062414102E-05
-3.01144235349274E-05
-2.57415496883236E-05
-4.00840693197032E-05
-4.32115215465064E-05
-5.12800460629371E-06
-5.04137812008665E-05
-3.38970509150528E-05
1.94082443849157E-05
2.99359825766034E-05
4.246609225781E-05
3.45812455919649E-05
4.47644951045979E-05
7.60664367517842E-05
5.30322768289781E-06
-5.27586115588875E-05
-5.77219820163561E-05
-7.72660559143495E-05
-1.78537657533154E-05
-4.96283092696047E-05
2.38362632535858E-06
4.60591297435473E-05
7.13958994184159E-05
0.000114629770400681
0.000121184986376767
8.43561458515008E-05
4.88062988762326E-05
-6.39920506547974E-07
-1.90082367879838E-06
1.00583274954649E-05
-4.07487383581609E-05
-4.44850363580998E-05
-6.21409426926121E-05
-1.93311538239589E-05
2.21727715425491E-05
3.04126395011347E-05
2.21919873045512E-06
1.32980323050004E-05
8.93460842449237E-06
-4.39041618681971E-06
3.67585371559876E-05
3.13588696222258E-05
5.84675954056719E-05
6.41609757985564E-05
0.000104300261109285
9.37641037523139E-05
0.000144870493855182
0.000107494451091235
9.27408492509519E-05
5.40786138530043E-05
6.43380576929009E-05
-2.70549260176809E-06
6.92599446938483E-06
-4.22454152528401E-05
-9.43171384170447E-05
-9.68524071855803E-05
-0.000104240201071118
-0.000100013523658296
-5.69722742656362E-05
-6.00547696122498E-05
-3.20428651845548E-05
2.13934651681413E-05
3.11522311396424E-05
6.49242894402188E-05
7.83372067059443E-05
5.40854031030341E-05
5.78536115929418E-05
4.73764432789595E-05
3.46546902965505E-05
4.46031115934075E-05
1.58409298943558E-05
1.47614918805171E-05
4.787398746025E-05
5.06240180798844E-05
4.68936201692132E-05
7.0702551718077E-05
2.47459353296716E-05
2.7052798465439E-05
-1.06510245224438E-05
-4.23856941389237E-05
-4.37172108718632E-05
-4.68979874692597E-05
-6.89766816680276E-05
-1.94685417277864E-05
3.25130657996523E-05
4.52763009599758E-05
4.69989973752157E-05
2.39805327161404E-05
5.40337599098864E-05
6.38747699569094E-05
7.96003700011228E-05
3.55049692768475E-05
5.64214648747432E-05
3.68400623957657E-05
4.67237510227313E-05
1.12745635420197E-05
1.00568007657988E-05
8.58260288301805E-06
8.3796774033373E-06
-5.49855603996064E-05
-3.80843332272995E-05
-3.02105514530862E-05
-1.33328612855076E-05
-1.75635083100227E-05
-5.40077636364444E-05
-7.15558043435751E-05
-5.62821314552174E-05
-2.72850782606895E-05
-9.13720635530849E-06
-3.59090206766333E-06
1.494162778276E-05
1.30176104955759E-05
3.16438065791687E-05
4.11491331274836E-05
-2.1412208811324E-06
-2.92245678602097E-05
-1.34157650086646E-05
-7.75766937493821E-05
-4.57948097172964E-05
-5.31839605397036E-05
-2.86011280393353E-06
4.25047861863105E-05
4.09216119096244E-05
4.18538870858795E-05
0.000110999896472308
0.000103428761838711
0.000125496693788164
8.54571549770873E-05
7.9855803530475E-05
8.54902482955668E-05
7.50118292174923E-05
6.71666405576488E-05
4.31568490586188E-05
1.06244569528788E-05
4.70098584966887E-07
-2.00083463512684E-05
-1.23470227262518E-05
-3.80189306374535E-05
-6.20171345135182E-05
-4.67025641692416E-05
-2.96863679331587E-05
-2.30691382613637E-05
-2.49036892309735E-05
-2.53956526554802E-05
-1.72491884417422E-05
-4.91259343617314E-05
-5.55888814695615E-05
-7.26128539698395E-05
-3.04509393299554E-05
-4.3079773406884E-05
-3.70722218483364E-05
1.69723079117667E-06
6.61072235088131E-05
5.05647020614833E-05
5.73291068563284E-05
3.09806909856105E-05
2.18585593515974E-05
2.44648572288803E-05
-1.38263264209202E-06
-2.22358977970397E-05
7.08956918611979E-06
-1.22484105826006E-05
-2.09907579338603E-06
4.59943846432531E-05
2.83337369426883E-05
9.73340056260058E-06
1.37195082575071E-06
-7.93582412277802E-06
-3.36060012912391E-06
-1.91398589226445E-05
-8.36867613238202E-05
-5.394452019345E-05
-5.10244288792625E-05
-3.99563965799413E-05
-5.55627364365664E-05
-1.62913157395403E-05
-4.20487093695045E-05
3.18682282732673E-05
1.33842837479036E-07
3.83472053365489E-05
6.04495565061976E-05
9.32317650495145E-05
3.13067289044643E-05
6.43145352179696E-05
1.99923351164574E-05
2.68572106874782E-05
-7.74654811531157E-06
-6.67976314582234E-05
-8.51659919822562E-05
-4.90411103241107E-05
-3.88626814206109E-05
-4.72806460374588E-05
-4.88361041495442E-05
-4.86402205533218E-05
-2.69523630821872E-05
-9.8338716280357E-06
1.53818358818557E-06
-2.17309824240816E-05
5.55810203212762E-06
4.70609709121221E-05
9.04613831976569E-05
9.4171818967681E-05
8.13094801790762E-05
7.18762729337866E-05
6.95505861515587E-05
3.51905970486549E-05
5.30580917254161E-06
-5.44173086191446E-05
-8.6111501889025E-05
-7.70392872824166E-05
-5.38482694202306E-05
-5.23012022034109E-05
-2.02601328646251E-05
-3.37466095465107E-05
5.92279776407334E-06
5.87798989070357E-05
3.1086063122321E-05
-1.83910930139145E-05
1.70542143669167E-05
2.05797426674141E-05
5.90557784738876E-06
-1.34745970847915E-06
1.07858862045886E-05
4.80155311896386E-05
7.72060343566204E-05
4.03446715166618E-05
2.7516914779482E-05
4.06170778593243E-05
4.49020185369307E-05
2.43334442672763E-05
2.19446036149951E-05
3.49424989212226E-05
4.51618963232706E-05
4.73384694244525E-05
3.50533152313991E-05
2.06210191044674E-05
9.73395059474922E-06
1.23246296103311E-05
-2.43048619803427E-05
-4.86574701131058E-05
-5.4384493364475E-05
-3.58937620119211E-05
-3.75170379472633E-05
-1.90419734903298E-05
-6.75877617263307E-05
-3.97755667739223E-05
-2.09771789834426E-05
-3.22709542662908E-06
3.42764418358757E-06
-3.01738614548332E-05
-3.75454315258305E-05
2.36459049256463E-06
1.09427880781437E-05
8.57054371953724E-06
1.0289728360054E-05
1.14879200439835E-05
5.65759146251596E-05
4.79264584515377E-05
4.42114648889578E-05
1.50576213509132E-05
3.92907146138603E-05
4.32982833078319E-05
4.88646809956848E-05
6.12950966177833E-06
1.67386198124207E-05
3.11324593043298E-05
1.36929800098489E-05
1.60295859572206E-05
1.04695430774957E-05
-1.89920406809139E-05
9.54249032916915E-06
2.07498386428471E-06
-2.90798638477652E-05
-1.28557034039714E-06
-2.13857349582026E-05
-2.73064233250148E-05
-1.98915864525002E-05
5.69878361824596E-06
2.66268792325069E-05
2.34974622182401E-05
7.91607435754547E-06
2.06345516187439E-05
1.56545703658679E-05
-4.96162313815908E-06
1.31914303362135E-05
1.49892683945215E-05
1.27535584000442E-05
3.79094457640426E-05
5.59319634285167E-05
6.82929014009122E-05
0.000115158957345924
6.13380972395813E-05
1.579015389579E-05
5.17098870062373E-05
1.59916160760931E-05
-6.59997523838004E-06
-2.69646946041776E-05
-6.87104476051679E-05
-4.77796360531397E-05
-5.83843761708296E-05
-4.20612290956629E-05
-3.89483486220347E-06
-1.2868423424148E-05
-1.49517816039924E-05
-2.26314044626306E-06
5.78256145589322E-06
3.9552723841154E-05
-2.66338366982599E-05
-3.31349491947633E-05
-1.86599498970952E-05
-4.81260186203379E-06
-1.53768706437727E-06
-1.03836606164249E-05
-1.56037149407839E-05
1.54446078345102E-05
-9.21121054720519E-06
-3.32416850392604E-05
-3.74232515778732E-05
-2.68023858121016E-05
-4.50965281246912E-05
-4.64020731877958E-05
-5.0197049667875E-05
-1.47474558493808E-05
3.27504746148827E-05
2.47066980436882E-05
4.27869181940263E-05
5.44529615571288E-05
6.56445686710496E-05
4.31849646871638E-05
4.32670849488794E-05
-1.20219709016318E-05
1.92502530545448E-05
-2.85698778042759E-05
8.0123360598121E-07
-2.28932020151255E-06
1.81635699512258E-05
1.24479439149109E-05
3.55083396415165E-05
2.02117296264387E-05
5.00496589025779E-05
2.19451566522637E-05
4.28351424309526E-05
6.23262881420641E-05
3.81177602032792E-05
2.0401783277293E-05
-5.02274227954391E-06
-2.3694168067684E-05
-3.15985624421703E-05
-4.16134147470023E-05
-3.91730375655915E-05
-4.40104333966551E-05
-1.02188632493537E-05
3.39549737087057E-05
4.27006586514224E-05
6.35082301578456E-05
5.22652265591869E-05
3.15769767987867E-05
5.50619712395115E-05
2.42606669711699E-05
7.95447894602083E-06
3.09714160322727E-05
2.81069643090823E-05
1.6335829313945E-05
2.81048308578925E-05
1.36613689943229E-05
-1.28398846788845E-05
-2.07400110005035E-05
-2.67015425759899E-05
-2.33298347546926E-05
3.33699035145077E-06
5.13074022093144E-06
1.72195582632935E-05
6.18477500440835E-05
8.80544919092085E-05
7.40072402429864E-05
7.45168029780424E-05
3.44444083863016E-05
2.90734057653996E-05
1.39398034884833E-05
1.71384105172483E-05
8.29578900105219E-06
-2.67758760926267E-06
2.57743866778877E-05
6.4580770225711E-05
6.66110533464798E-07
-1.43891060894506E-05
-4.22100209235049E-05
-2.670865161087E-05
-1.53575778529003E-05
-6.88781167455922E-05
-0.000103899942695683
-6.26438893268167E-05
-4.52344485805306E-05
-3.50700263886087E-05
-7.1121578354569E-05
-5.05190971604992E-05
-3.00543260898299E-05
2.31434110133455E-05
1.80097762436913E-05
2.53706129562918E-05
2.48046393300648E-05
1.12266400124209E-05
-3.91811471088184E-06
7.03721099365484E-06
-1.57503555303174E-05
9.53650115560701E-06
7.319989302442E-06
5.52979140196823E-06
6.50175032537315E-05
2.06352197113743E-05
-2.33199646955235E-06
-5.01527032765199E-06
-2.24135427082709E-05
-1.0197717017132E-05
1.62377792005613E-05
-4.88180425657589E-05
-1.32359193786922E-05
-3.60312944414455E-05
-4.31424629061583E-05
-1.84916668165383E-05
-2.89202000318122E-05
-6.13618606541209E-05
-1.2978815126704E-05
9.81161691374778E-06
6.5610159423752E-05
5.9937835886011E-05
4.37320104592167E-05
7.06032304642224E-05
7.24883066754469E-05
7.81918944719688E-05
4.91081730152767E-05
3.72952791062504E-06
2.14698552338025E-05
4.02936616905432E-05
3.9972054984112E-05
2.76205972064102E-05
3.06749043796818E-05
3.14118724453039E-05
5.73553872311796E-05
3.67568648580425E-05
3.70636496966613E-05
1.78188479007865E-05
4.90780908995074E-05
2.02816629303861E-06
1.85014904769133E-05
-2.18470265453218E-05
-6.31760179616373E-06
-2.76530807949431E-05
-2.03374753990543E-05
-1.72821035474902E-05
1.72863678575445E-05
2.30118555886232E-05
4.3465414724717E-05
3.73270281087936E-05
1.86331938285335E-05
-7.01164325284459E-07
-9.53659121669648E-06
-1.03868191527249E-05
-6.47134212062867E-06
1.25263583455827E-06
-1.5163848760243E-05
1.68033595864534E-05
2.08910509683954E-05
6.4204086296448E-06
-7.04210033464642E-06
-6.14589136572654E-05
-8.61374915593197E-05
-5.44372652184945E-05
-2.4930118187842E-05
-1.53833735611357E-05
-2.00975609806742E-05
-2.43425761063478E-05
5.78632786549996E-06
-4.72561659758306E-06
1.38167380543344E-05
-6.91781479609967E-06
-1.70960506409548E-06
-6.85023212104184E-06
1.0294207418974E-05
2.01408050045829E-05
9.16603236873953E-05
2.02596047839421E-05
1.85846292502562E-05
2.10754571024801E-05
3.35064883911129E-05
2.64163195100634E-05
1.25952879205868E-05
-2.31505209164777E-05
-2.57811575067363E-05
-5.29098117830776E-05
-5.08800897493524E-05
-7.09505517416204E-05
-9.73226370286785E-05
-8.02166232764977E-05
-8.61039987086455E-05
-5.79007693620011E-05
-5.40456588254423E-05
-5.75620491484517E-05
4.5880328954107E-06
6.11398216700833E-05
1.25260987501442E-05
4.36728477544761E-05
2.53716535716189E-05
2.2812250294368E-05
1.15321948260777E-05
-4.54166729888912E-05
-0.000102385355934465
-3.72631997798787E-05
-4.52461844168997E-05
-3.96161651733685E-06
1.88508753918583E-05
1.6609915883127E-05
3.98842563151601E-05
5.07636225913886E-05
2.91185326164405E-05
6.70985369028685E-06
2.72667907866913E-05
-1.64868592409289E-06
2.82325241777126E-06
3.05456687820275E-05
4.13768880956032E-05
3.68172799087887E-05
4.08823013354899E-05
-2.28608080269499E-05
-2.08753952866126E-05
-2.09700390339277E-05
-8.41463299818402E-05
-0.000109001524166846
-0.00012251518042698
-0.000152098410086039
-0.000109090618640821
-9.40557428663515E-05
-0.000101842366984213
-2.74937271432645E-05
-1.0312342274839E-05
-1.10223716667107E-05
1.40535153113569E-05
-1.6718276275076E-05
-2.15761841667851E-05
-2.21499016606265E-05
-6.14089059329765E-05
-5.90354335947755E-05
-4.71700839891418E-05
-4.25234728451386E-05
-2.27948902516234E-05
-2.39903569336945E-05
1.01022374620544E-05
-2.34805641324018E-05
-3.27762273614351E-05
-4.07310490207693E-05
-3.7835081376106E-05
-5.48914452849284E-05
-3.28601477214787E-05
-5.00467559156505E-05
-8.30554763880187E-06
4.34669778692175E-06
3.2590702510228E-05
1.97840833293423E-05
6.210214214173E-05
5.31154580368359E-05
2.53418206219149E-05
-3.21431762796296E-07
-2.44162013558619E-05
-3.68021676202462E-05
-2.06800951628093E-05
-6.25088852084134E-05
-7.63553432233172E-05
-4.73791717947499E-05
-4.85158806477386E-05
-3.78337836782999E-06
3.11543803017154E-06
-2.43118908657492E-06
-2.33333794550053E-05
-2.41553896964743E-05
-2.56349742789846E-05
1.66264746043624E-05
-2.14861932419893E-05
1.3506086342217E-05
1.30983153845802E-05
3.89528298751508E-05
4.39299987878604E-05
7.23799351892757E-05
2.57645904797583E-05
3.06282454870865E-05
5.0815147007417E-06
-5.07551942753699E-06
-1.07684109734351E-05
-5.9401264505228E-06
-2.09523936888809E-05
1.58285566126604E-05
2.64582439724999E-05
4.61419126164698E-06
1.45981340785963E-05
2.93905426552056E-05
1.27592465191029E-05
2.37454877684011E-06
-3.22196520374444E-05
-4.97667543040763E-05
-8.35539556806029E-05
-3.14710910029564E-05
-3.082287344776E-05
-1.05507518821417E-05
-2.66454499964962E-05
-1.67720313998801E-05
1.59603193732722E-05
1.66446399809972E-05
-1.48557697234032E-05
1.86622963784201E-06
2.2324145049526E-05
4.81396554857206E-05
1.16275164180854E-05
9.79758427860839E-06
4.07593747964106E-05
1.31014586042441E-05
1.45226453597395E-05
-1.5290293370744E-06
-1.67330093568982E-05
5.1847959265814E-05
4.32734893937705E-05
3.3097758785561E-05
5.95983154052757E-05
5.60414515028529E-05
2.15824969023763E-05
3.3694342230832E-05
1.78203384373601E-05
-3.26200857276491E-06
4.53312351049859E-06
-1.03386174604732E-05
-4.54270940442024E-05
-4.82733218662231E-06
-2.70945115716868E-05
-2.11106757213883E-05
-4.31904895006032E-06
1.88035406827693E-05
1.95734661471056E-05
5.24560015250986E-05
3.18932827614883E-05
2.15413299963972E-06
2.30175933594537E-05
4.34108586116898E-05
-1.84619944990312E-05
-3.18815431422061E-05
-2.96291801080452E-05
-3.86731343191619E-05
-7.2708592363879E-06
-6.45694495249482E-05
-9.47186365340833E-05
-3.85875337661667E-05
-3.50785252739187E-05
-6.51192728858511E-05
-5.12044580528327E-05
-6.97935830584538E-05
-5.80187703658562E-05
-7.86576529296216E-05
-5.89665948549605E-05
-4.74912127053161E-05
-2.83707637315918E-05
-2.66953666847472E-05
3.27931171801913E-06
1.40044341282218E-05
2.98639262233252E-05
3.64821439711543E-05
3.51477319251125E-05
8.01400265510019E-06
-1.55642081691693E-05
-4.70217751142236E-05
-1.02801680890901E-05
-1.26979478431679E-05
-1.43873011968346E-05
-2.38508042244871E-05
2.64963923653458E-05
4.48377328098114E-05
6.75778887806246E-05
4.38372102861852E-05
7.19227250401074E-05
2.65690980128649E-05
3.35789715806526E-05
1.01921498924043E-05
2.44624292576514E-05
2.34026179995726E-05
8.99573330907602E-06
-1.00280912287904E-05
-8.3409863928109E-06
8.09162431342926E-06
1.65898145818711E-05
2.77834769272975E-05
1.36996747894777E-05
3.50380498474147E-05
2.66322062583381E-05
2.04016281017968E-05
1.49627610689945E-05
1.00311017057707E-05
-2.27775645263824E-05
-2.31184280778712E-05
-2.11597840257211E-05
-1.54558846418763E-05
-1.16801352666215E-05
-2.06342990122424E-05
-1.98189489477047E-05
-5.78076189747219E-05
-4.46775195022951E-05
-4.41688184522324E-05
-6.30927699010011E-05
-3.59649938825604E-05
-4.92849559794603E-05
-6.80467869724939E-05
-3.56259822847507E-05
-3.87960603519482E-05
-3.53867313557206E-05
1.25793124137029E-05
1.3786237618012E-05
5.25196550953183E-05
4.22879087197655E-05
3.96341119046344E-05
4.85011782152736E-05
4.93528631431779E-05
7.8494472225943E-05
3.5876816806121E-05
1.22022274840234E-05
1.40273699278575E-05
1.67333507164794E-05
7.54088877836494E-06
6.75695841629142E-06
-3.87727617271164E-05
-3.88679274975351E-05
-2.66064673948029E-05
-1.72426114350812E-05
1.57902991962082E-05
-5.30981425703762E-06
-2.49405398731207E-05
4.72296668806538E-07
2.69048257012024E-05
-9.74609916678786E-06
-1.25007922594458E-05
-4.95084032787527E-05
-1.60985952762801E-05
-3.4825655540766E-05
-5.57418086526135E-05
-0.000109150007430573
-5.43315480037569E-05
-5.33413356627378E-05
-3.67697258327872E-05
-5.35174550172716E-05
-2.29991699822475E-05
-5.41660329669963E-05
-2.1090739741503E-05
-3.14374201084701E-05
-2.80493910697798E-05
-6.32830106266057E-05
-3.86332958362175E-05
-4.41378198869565E-05
2.36248005160226E-05
1.47633274200262E-05
-9.95641888327327E-06
-4.73715329963489E-05
2.66197360720637E-05
3.0028384980613E-05
3.66981724483882E-05
-1.7465974627006E-05
1.16739206402871E-05
3.59973956114709E-05
6.36799458025857E-05
5.13959768886809E-05
2.11836967847122E-05
-4.94668932478426E-06
1.47042301071928E-05
1.14650555606499E-05
-1.65570634354564E-05
1.5352754423435E-05
-1.8531335544641E-05
-6.90010861308646E-06
-2.1525346576798E-05
2.86907936642472E-06
-1.44527070121095E-05
4.89422309018351E-06
8.13294802770783E-07
1.71194466398466E-05
5.49497176564082E-05
0.000111246266276948
5.4764513428721E-05
7.52611688691883E-05
6.58539443475808E-05
5.63912124482688E-05
4.8060155037514E-05
2.33990842424994E-05
1.56125870018727E-06
4.84788018342275E-05
6.61628130379253E-06
-1.73436846445396E-05
-1.48872257074744E-05
5.3106611597659E-06
-1.83103100412878E-05
-5.45582435851564E-05
-9.00808071973149E-05
-8.16900746732808E-05
-4.02534581652619E-05
-2.62162690654414E-05
-3.88960311125483E-05
5.72699109745741E-06
3.02285246988173E-05
5.81352901058638E-05
8.00899925301792E-05
6.96980692695356E-05
2.64374860294123E-05
-1.53367342238347E-07
5.03926879783651E-06
4.26038225430446E-05
-1.41577673424287E-05
-1.05987891025079E-05
-6.5753222772285E-05
-1.63875475321969E-05
-1.02988609537391E-05
-5.38289169886601E-05
-6.37319625839839E-05
-5.46947891330507E-05
-4.6442721149181E-05
1.30181873602842E-05
1.26798894006319E-05
4.6688453172362E-05
8.79705565950274E-05
0.000106286723841276
0.000119110549195173
0.000137027270040935
0.000103178652095865
0.000132644851285149
0.00011304406958727
2.86157065243834E-05
-1.84360041254841E-05
-1.46794507245414E-05
-3.88916800948178E-05
-2.35462793716814E-05
-7.19760080821416E-05
-6.06873108675215E-05
-2.0896236944992E-06
-1.38472004904459E-06
1.9776502984034E-06
4.40854797731234E-07
7.38492256161034E-06
-2.09984093750062E-05
-2.53077202839067E-05
-3.02356660286575E-05
5.12333476462674E-06
2.40677998792488E-05
2.22750705763526E-05
-5.3718458141696E-06
1.06546553317442E-05
-4.32861077369908E-06
2.44977904241603E-05
-4.24122956826817E-06
1.16628300328849E-05
5.24220473853501E-05
5.95481862496092E-05
7.69257045344204E-05
8.54612894196142E-05
7.44283385412123E-05
9.24511628907469E-05
3.71229330021297E-05
2.22240559205122E-05
2.08056223799289E-05
1.01382438643543E-05
2.92092963924773E-05
-1.45958085530169E-05
-4.94107854407323E-05
-2.47087375489873E-06
-3.25246289192522E-05
3.13987125513699E-06
9.89380359613529E-06
-9.49574797718033E-06
-2.56775290195008E-05
2.54664350417732E-05
2.59879016336591E-06
-3.68749962684785E-06
7.66576482475169E-06
8.90251482871E-06
4.55204026212334E-07
3.94888627324237E-05
-2.46743731441812E-05
-3.49389357638552E-06
4.08211512409607E-05
-3.37268843135589E-05
-2.57419666057292E-05
-9.36145209983855E-06
-3.94981942070765E-06
1.6877292794647E-05
-1.61230697913717E-05
-5.06640178198342E-05
5.89100659676665E-06
-2.54229523509612E-06
-2.65112681776161E-06
1.09601311307864E-05
4.87308275453489E-05
5.19732498168053E-05
6.33715178345958E-05
4.73500847111119E-05
9.69405258724499E-06
7.26648034948285E-06
4.84376908788029E-06
-1.64154727953675E-05
-1.59488064556016E-05
-4.14148386629931E-05
-4.59115497905482E-05
-1.69966733915665E-05
-1.97876308352058E-05
-2.51239961506606E-05
-1.75596628988416E-05
-2.31303498279162E-05
1.37734544980395E-05
4.23282323680921E-06
1.90168844575634E-05
-2.30721692177753E-05
-4.94360088879817E-05
-3.63311716498614E-05
3.10814893800696E-05
2.38137238633838E-05
4.81994364893803E-06
-4.96046337312444E-07
2.4368970432197E-05
3.14223645706244E-05
2.36020541029007E-05
-7.36534164923747E-05
-0.000113241277272614
-9.7847442419608E-05
-0.000109578607995254
-0.000114781246039961
-9.91702382192106E-05
-0.000133838696667681
-5.88533981991463E-05
6.69621286035319E-06
6.10692078266739E-08
4.67991837318169E-05
5.92425353131438E-05
4.272381908167E-05
6.52148187263137E-05
6.42549145319252E-05
3.91649860383359E-05
0.000100446453283446
9.27931233564151E-05
0.000106460755479808
0.000104084050965361
9.88749949889971E-05
4.56118853534149E-05
7.45562073860286E-05
4.40669368641275E-05
1.57147442818368E-05
2.23412218845836E-05
1.97661316427096E-05
3.43396335144492E-05
3.37396337235847E-05
1.59931987622789E-06
-7.20868871634712E-06
5.84972842535514E-06
-2.15334819973805E-05
9.67499857612631E-06
-3.18923800107063E-05
4.51334182749001E-06
1.54032401051086E-05
-2.76326911527512E-05
-3.68857706856672E-05
-1.68937780456014E-05
-2.24416353751533E-05
4.37842207044176E-07
-4.68363025434869E-06
3.51576741642086E-06
4.24052496800792E-05
1.25584340671311E-05
-1.29174981910556E-05
-1.25831187049483E-05
6.13147962851116E-07
-1.42208509061542E-05
-5.50580914626894E-05
-4.2422690181745E-05
2.76934091282742E-05
4.10662053049072E-05
-1.98887481782411E-05
2.99210537679412E-06
3.12190603896279E-06
3.36112802559356E-05
1.47506007333863E-05
-3.70146795330088E-05
-2.51479795206364E-05
5.42210891272845E-05
-1.39954700581983E-06
-1.27469332511232E-05
-1.5812402561726E-05
-1.70947166502149E-05
-3.16308749277086E-05
-6.63117938946587E-05
-0.000123464558703182
-9.65274206953476E-05
-4.72401204388131E-05
-4.22828872590287E-05
6.55205141426093E-06
1.22128676989633E-05
4.57158639475188E-05
0.00010461177526293
0.00010015947899518
4.27080417889328E-05
5.02427457964863E-05
7.20757337238842E-06
-4.85621561087199E-06
1.00460893457581E-05
-2.96869151606355E-05
-9.43466460672864E-07
4.63644229739801E-09
-2.95344524543085E-05
-2.11632211819644E-05
6.95443431209801E-06
-2.99688894455123E-05
1.37119495723975E-05
-1.91805939430612E-05
-2.38771486293573E-05
-3.32655906437828E-06
-1.29754023156932E-05
-5.81195792353487E-05
-6.39357879687829E-06
-5.79293292182923E-05
-6.94118516561409E-05
-5.7417436113293E-05
-7.58420075722273E-05
-3.59904182072469E-05
8.59759548957567E-06
-2.03824076563984E-05
-1.21219310758355E-05
1.10394501899703E-05
7.19575202436532E-06
2.99259808528661E-05
-1.06943080476538E-05
-3.86728918447171E-05
-3.0849079278983E-05
-3.2539692209011E-05
-4.11974862384691E-05
5.98431049077624E-05
3.80496088157653E-05
5.80548687228888E-05
6.14012153025421E-05
3.6914462648775E-05
9.66032896119445E-05
7.98029850756874E-05
-6.38825378903167E-06
1.75215931937198E-05
5.12376777884797E-06
4.46607540642054E-05
8.45999868648996E-05
1.49167788829295E-05
1.84008799890931E-05
1.99640567571578E-05
2.04256030114272E-05
1.87477684385933E-05
-1.80728724025123E-05
-2.75096115347808E-05
7.36928077441202E-06
1.41939438676186E-05
2.7069722785001E-05
3.47397365284376E-05
5.38804805917173E-05
7.31960475810464E-05
3.46365778895213E-05
-2.08747217797862E-05
-3.61324573510333E-05
-4.94306391791053E-05
-5.28546533262151E-05
-2.76706154016236E-05
-4.77999033817474E-05
-2.08666609042438E-06
2.18767448315988E-05
3.4983605074651E-05
2.7186605374389E-05
-3.41511184978767E-06
-1.58757934613981E-05
-1.8081538980875E-07
-4.27216223913503E-05
-8.54989282565503E-06
-2.63122212494483E-05
4.01266751077035E-06
-1.7887096322665E-05
-4.58589318073291E-06
-2.95496526796485E-06
9.08082725285307E-06
2.74476832948079E-06
2.01453863897481E-05
1.47607111141045E-05
4.80668633502441E-05
-1.11533707148908E-05
1.74780342944765E-05
2.0025968962785E-05
-7.87752194583244E-06
4.6301836419136E-06
-1.27077465595084E-05
-1.31107109324466E-05
1.68770645316675E-05
-1.41394644464848E-05
-5.14992504399303E-05
-9.38437008431446E-06
-9.43855446253088E-06
-8.04945524819984E-06
-3.68226443418003E-05
-1.87958116190459E-05
5.17173261359393E-05
8.01614612104393E-05
5.11518856717593E-05
2.96668452698282E-05
7.83852803472578E-06
2.53985183064667E-05
-1.63848042557576E-06
-0.000100136372697883
-0.000112196159482467
-0.000106340446709895
-9.07784992559807E-05
-8.35618256793728E-05
-6.85118464934603E-05
-4.90007440983974E-05
-5.13100257130388E-06
9.25194650379039E-06
-2.23522178814681E-05
-5.53111812839283E-05
-3.37557131633502E-05
-9.27080658807383E-06
1.61531139580796E-05
-3.45702752892861E-05
-3.85917136049926E-05
8.14487529665461E-06
4.30776971461122E-05
6.57995726972303E-05
5.83588226945673E-05
-1.17495654876952E-05
2.65530901693787E-05
2.75363328205334E-05
2.01690699454105E-05
-2.33019655348041E-05
-2.44047863100225E-05
-6.33185028101791E-05
-5.64872010665866E-05
-2.33556013340205E-05
-2.37613518957135E-07
9.33253320485972E-06
3.04375202032392E-05
1.8809768035739E-05
1.16808974714486E-05
8.2472219785983E-06
8.74440379910556E-07
-2.60431658741455E-05
-6.55030863144609E-05
-1.96742821999191E-05
-4.85848539812797E-05
-3.00354697514907E-05
-1.77698742526133E-05
-5.40485375195192E-05
-4.1074966290209E-05
-3.24170548751712E-05
-3.2547273392594E-05
1.31326282572307E-05
4.38876645571773E-05
4.86559071965379E-05
4.70537767599884E-05
4.87901909855785E-05
4.04082362843453E-05
9.98383861946407E-06
-3.0937287798431E-05
-5.61652622573173E-05
-4.77829622427953E-05
-5.9304534423694E-05
-5.65654977843871E-05
-3.69333580333197E-05
-5.06986976855593E-05
-3.68113694365801E-05
-2.70016776112773E-05
-2.72149243256424E-05
-2.10008549848643E-05
-5.71502062939847E-05
-6.97576754509711E-05
-1.51592778153442E-05
-3.33859020697498E-05
-5.02239700117701E-05
-6.56076537071421E-05
-2.90255444939111E-05
-1.013584439758E-05
-5.85213797700724E-06
-2.63919898512199E-05
2.14556345579832E-05
4.99898266773858E-05
4.75344124290491E-05
3.30127375971256E-05
9.07179289051233E-05
8.68531782311032E-05
6.30922773224481E-05
3.58974852357932E-05
7.73693981214086E-07
2.375352759087E-05
6.1439885490737E-06
-2.97292303149048E-05
-6.89862593619313E-06
1.5154326551621E-05
-9.14782878510183E-06
-9.19722386295717E-06
-4.91908135242045E-05
-4.38213279598844E-05
-8.0738184933618E-05
-0.00010503236223521
-7.30940710298091E-05
-5.29283259536633E-05
-4.22269490190759E-05
3.64109329160122E-05
6.16967734525166E-05
8.99499765616475E-05
7.05797397056386E-05
3.74946599437864E-05
7.05140544720203E-05
7.34011846652593E-05
-3.00084348535103E-05
-0.000105585550803492
-8.24026034420393E-05
-3.48086878267743E-05
-0.000102164060669266
-0.000155677655243011
-0.00012893429988352
-5.89691320537486E-05
1.1543672608668E-05
-1.06910128535529E-05
-6.09713287606863E-05
-1.09433420913197E-06
1.9129607486261E-05
-6.28755172705257E-06
-2.98482091124499E-05
-2.73666905984414E-05
-4.40721976424715E-05
-2.2891511231E-05
-4.19151066697049E-05
-3.8101631210502E-05
-4.73169530081427E-05
-3.99364097788486E-05
-0.000107727152384981
-5.8599380035795E-05
-3.99347398148721E-05
-1.47623375869397E-05
-4.35616670176246E-05
-6.93084000692612E-05
-4.35952440817282E-05
4.89153482172425E-05
1.6684182677688E-05
-9.43643926121295E-06
-1.43192004087992E-06
3.79877913823295E-05
7.60307052715126E-05
4.23342253536397E-05
2.7901155375507E-05
5.40229786321656E-05
9.08972244315332E-05
7.80807934477794E-05
6.10374979448239E-05
3.70603729847133E-05
4.66412129221407E-05
4.65485545260516E-05
-1.76248254611708E-05
-3.88274967261194E-05
-1.08323927349329E-05
-1.67271097879497E-05
2.54083585725272E-05
1.85941563356451E-05
-5.23242686014407E-06
1.59975441217044E-05
-2.44291066563147E-06
-4.32063556421504E-05
-3.10884290973305E-07
-1.96473126924699E-05
-7.96775980221927E-06
7.32800069410488E-06
1.45155418895842E-05
5.27728862290733E-05
7.32365893911873E-05
3.03637428087612E-05
6.11169510933715E-06
2.16556992458299E-05
2.80815929255543E-05
-5.12714884144011E-06
-4.27317162696019E-05
-7.26041312163558E-05
-6.44741066613215E-05
-1.30838669794687E-05
-1.64425713026621E-05
-3.60634329847973E-05
2.7898791040735E-06
2.17219235920769E-05
4.53895583260491E-05
6.76669720321936E-05
4.72620639775375E-05
6.3171057193008E-06
6.09613741213145E-06
2.4444265234123E-06
-3.42609176934195E-06
-4.33335478806103E-06
-2.81542727502639E-05
-2.59365533056622E-05
3.6589359936908E-06
8.50626364132588E-07
-2.59630608840503E-06
-2.36873755328016E-06
-2.01806342846868E-05
-1.86114946233265E-05
-3.28161983210315E-05
-3.67082993806217E-05
-8.46290714084841E-05
-7.44654789780089E-05
-4.31261369750944E-05
-4.0528666009203E-05
-3.26383823889165E-05
4.27654918086905E-06
2.02114409809043E-05
7.23216241619582E-05
1.64767174556999E-05
-2.27147078638805E-05
7.82166942493698E-06
1.03888642357304E-05
-9.19495422170123E-06
-4.22276330243941E-06
-3.61688113998502E-06
8.26628749172588E-05
0.000140423221266033
9.62720159829381E-05
4.06666509601446E-05
2.39057263199066E-05
-1.18253654934568E-05
1.2480055755059E-05
-1.06841769403912E-05
-9.12339092961806E-05
-8.48618724256533E-05
-6.30549584346817E-05
-7.08820885557583E-05
-7.0519928599645E-05
-7.53345262527769E-05
-3.24612255004485E-05
1.2131383772913E-05
3.49421192885136E-05
1.88409288008492E-05
3.11600482181928E-05
4.03268651889579E-05
3.04794051818455E-05
-7.83283794540283E-06
5.06126014806645E-06
1.35246306386318E-05
5.34454434597617E-05
2.64269164705177E-06
6.18640956403086E-05
6.537379101737E-05
1.36412932728378E-05
2.10654404067817E-05
2.47220638036889E-05
3.5041951818674E-05
7.41054397214911E-05
2.05366801509077E-05
1.6071305243213E-05
2.98655383466291E-05
-2.28794615326059E-06
1.3891385656146E-05
3.71428701065058E-06
-4.84959838943607E-06
-7.99050256230116E-06
-1.8172793570972E-05
-1.95878784039532E-05
4.51167742809858E-05
9.07470030901561E-06
1.32188273072185E-07
5.00126673882928E-06
1.77920743422053E-05
-2.09567934457358E-05
1.83651211449638E-06
-5.51184191145368E-05
-3.89575567356316E-05
-1.72468892230845E-05
1.32660307973333E-05
-4.44991951484135E-05
3.81941851294317E-05
4.82851342716736E-05
2.7008063881324E-05
2.2877611600062E-05
-1.21517288689379E-05
-5.26380940807543E-05
-5.27875592010426E-06
-5.22164039853829E-05
-6.18529532616506E-05
-6.36312361517601E-05
-7.49343860257288E-05
-5.6015665678306E-05
-1.83881852223835E-05
-3.3646157251954E-05
-5.47373393545816E-05
-7.00279456551651E-05
-3.36090624118901E-05
-2.58096373915637E-05
-1.17944340723231E-05
8.28030536010592E-06
4.35294769972748E-05
6.18703617892818E-05
8.43513197328621E-05
6.51565934974904E-05
3.82991367009769E-05
5.4065083752326E-05
-6.50724440800777E-06
-9.59843708425627E-06
8.68551958643406E-06
1.82456895559416E-05
-3.77708897698436E-06
9.95101108371803E-06
-1.25920403642926E-05
3.98195808559312E-06
-3.03226269771604E-05
-9.97181662283121E-05
-0.000137687527484294
-7.60156272891328E-05
-9.15602245036025E-05
-5.71727819691703E-05
-4.99675400792142E-05
-3.60506529095819E-05
-1.43457971203648E-05
-1.8156630657755E-05
-5.11242116849723E-05
4.62333028294044E-06
-3.25936290171408E-05
-1.68908007083317E-05
-1.72298353336052E-05
-3.85182939314129E-06
2.6991659448216E-05
3.66379217837027E-05
1.02268151722489E-05
1.01924419073498E-05
9.10875344067594E-06
1.98100812375859E-05
3.31300502140912E-05
4.42715408249265E-05
3.94709070532555E-05
5.16769624455215E-05
5.70120656105066E-05
-2.61239749065609E-05
-5.2885418561661E-05
-3.83581264579226E-05
-3.42872519388423E-05
-6.83396905086033E-05
-0.000102055580332622
-0.000156862764631218
-8.9102011440233E-05
-5.43921688166287E-05
-3.5218780853268E-05
-4.31612914327951E-05
-2.38119235337014E-05
-4.77564800204648E-05
-3.71763321108216E-05
-2.97029629206524E-05
-6.33870395960468E-06
-6.01410271588925E-05
-8.11633995306027E-05
-0.000101099119221268
-6.65363582716384E-05
2.63441406338144E-06
5.95835667506427E-06
-2.204083161133E-05
1.64946628163116E-05
2.3119927865323E-05
3.52733362173423E-05
5.42827913538605E-05
1.70138901542268E-05
2.71281193722902E-05
2.91901939798496E-05
-1.41225574373393E-05
-4.15993449803043E-05
-4.1092413536667E-05
-3.80594938923047E-05
-3.91717426047515E-05
-2.70368049907679E-05
-6.85886416167734E-05
-3.70902854332963E-05
2.53668209133782E-05
8.96779660213312E-05
5.28099161594968E-05
6.15607918288068E-05
7.18217004766079E-05
8.57390923493051E-05
8.41540984836364E-05
4.61377575380778E-05
-3.42495328583066E-05
1.01922629346448E-05
2.90287727819807E-05
1.77992258123059E-05
6.1165623544187E-05
5.08686134252577E-05
0.000100317161397533
7.8168988231735E-05
5.96665511417316E-05
1.87346469536666E-05
-8.02967393041234E-06
-6.16993788853867E-05
-4.69558841985737E-05
-7.18173091050724E-05
-5.04773430806753E-05
-6.84522801601178E-05
-5.41669769381106E-05
-4.33713190216665E-05
-3.71457942793168E-06
-3.93442160036284E-05
-7.63479617806731E-05
-5.59790174880049E-05
-6.16000962156337E-05
-2.87573006569328E-05
-4.68079372751383E-06
-2.10117125322832E-05
-2.11211031187177E-05
4.46424051793149E-06
-1.03482522096579E-06
6.15637856220144E-06
-4.09382815546695E-05
-7.65072543113914E-05
-2.24191251936609E-05
6.40802160037968E-05
6.86462064384387E-06
-2.35432547433885E-05
1.64292272508291E-05
2.19732292359531E-05
4.86630475067403E-05
-5.6929840767502E-06
-6.84574781625386E-05
6.55255371891187E-06
4.81916701454758E-05
-1.45359359968775E-05
2.74400552957759E-05
1.48308161127815E-05
3.75378448785501E-05
1.76020176797513E-05
1.33369567732236E-05
-2.58731626758339E-05
-1.64633847163685E-05
-6.7282483722009E-05
-8.71197404818511E-05
-0.000129107692271986
-0.000100382260149705
-0.000126394710934683
-7.28271784917445E-05
-4.89687188047292E-05
-1.50336031036804E-06
1.74131392431775E-05
2.32372364890107E-05
4.52923312960688E-05
2.6027545649178E-05
9.9506552882129E-06
1.46122012134308E-05
9.07104481604569E-06
-2.62954294185365E-05
-5.98044226931767E-05
-0.000112936925798185
-7.66068717540607E-05
-7.41019788457335E-05
-8.85820699971375E-05
-9.10858346543866E-05
-3.96795535127875E-05
-2.06373466137566E-05
3.01921741217654E-05
2.51646711259259E-05
3.95608348499867E-05
6.78672413477572E-05
4.35276619375056E-05
2.65867154772122E-06
2.45755313535455E-05
8.95186041091557E-06
-1.05220350033946E-05
-5.9458405911444E-06
-3.98897031337271E-05
-2.76454974743685E-05
-2.60716772809778E-05
-2.45837906168002E-07
-5.67740326637434E-05
2.10577056371287E-05
-2.41728504182921E-05
2.51070390849965E-06
-3.96232206306859E-06
1.35002127375351E-05
6.99255516857254E-06
1.5186567036828E-05
-4.60077357333886E-05
-4.42217545490873E-06
-1.4968635736442E-05
-2.46808858370514E-05
-5.08334548564956E-05
-5.06992987628199E-05
-1.87858301052711E-05
-2.98235516254563E-05
-1.27481820921507E-05
4.64635880399784E-05
4.7662292335536E-05
3.66723460021085E-05
1.61312495021194E-05
2.88439516690387E-05
2.74719958960269E-05
-1.07776077969934E-06
-5.41810318448601E-05
-4.37825121524324E-05
-8.74484305025614E-05
-8.88020538868934E-05
-7.37553622315368E-05
-4.64831608469109E-05
-6.92508343129304E-05
-0.000100220275607011
-3.75060820517621E-05
2.83256767185877E-05
1.3203912615849E-05
-9.77282413581422E-06
4.40922407284832E-06
5.21183517118892E-05
0.000106581662050707
5.00138723251808E-05
2.46564628382649E-05
6.20892556239627E-05
1.02966410229034E-05
-1.09423728087738E-05
-2.49115130107668E-05
-6.39832937014798E-05
-5.0414829465385E-05
-2.20250714528099E-05
-9.03689918197126E-06
2.9836815957185E-05
3.83079922911516E-06
-1.22754935212405E-05
2.62988308767098E-05
8.21923812830327E-06
2.47722369185468E-05
6.54358977783676E-06
4.15661770924843E-05
7.65770290192275E-05
9.07735161374256E-05
3.84545935882016E-05
4.10202251137882E-05
1.77582744483126E-05
-6.34274257068238E-05
-7.99701106244892E-05
-7.76814499100732E-05
-0.000131673710400659
-0.000102173330692586
-6.73111384291363E-05
-8.63328818941051E-05
-2.22769133138996E-05
-2.61657642310744E-06
-6.67183168562516E-06
2.35102810043491E-05
3.70674670239618E-05
-4.8084886436459E-05
-3.22233622786499E-05
-3.28190969664879E-06
2.7825487972303E-07
-1.62682487392126E-05
-3.76908289829828E-06
-1.65283433075749E-05
1.21926895060292E-05
-1.63568926639377E-05
-1.12719741360114E-05
-3.27946873596334E-06
-7.329143265778E-06
-2.572924393252E-05
-3.03041680902951E-05
-1.11625347735165E-05
2.88711532318812E-05
-3.03419307992651E-06
-2.65458471115822E-05
-4.78213877615082E-05
-6.02201071996494E-05
-4.93199645970309E-05
-4.21429424779745E-05
-1.63418496238754E-05
-1.90635337073217E-05
-3.33666907120931E-05
-2.41862381386699E-05
1.23074514409921E-05
-1.5215114134818E-05
-3.12081922228706E-05
-4.38431225447538E-05
-2.07439288032615E-05
-4.55917103053823E-05
-3.22202038148972E-05
-4.68069226967581E-05
-6.25492778489455E-05
-2.79248799622796E-05
-4.92775206890678E-05
-6.50541707613922E-05
-2.51878772183961E-05
-3.78073972545829E-05
-2.2551027230491E-05
-4.66026459448733E-06
-2.79097655671649E-05
-2.25892956362659E-05
-4.26244049383882E-05
-2.00213437215238E-05
-2.34756387146213E-05
-3.41111229438817E-06
2.48876766616753E-05
2.57216856386924E-05
4.52017883568616E-05
5.86680579358556E-05
-2.81329649545678E-05
1.66165560378863E-05
1.02280036287803E-05
-1.9954336949133E-05
-5.37284612200831E-05
-8.02854785093876E-05
-6.43132802875998E-05
4.96458005339686E-05
5.34178518081447E-05
1.44981481973125E-05
3.74927822448614E-05
3.19347645198234E-05
4.52688577345138E-05
3.32313881628004E-05
-2.84123188981064E-05
-4.92587759750096E-05
-2.26574074825256E-05
-2.05486808715922E-05
-7.99438722326689E-06
-2.33393494403877E-05
-1.44681401895744E-05
-2.50026085717367E-05
1.85387500860638E-05
-9.03886150746778E-06
-3.64934001941581E-05
-1.06164157023487E-05
3.83069396312972E-05
4.64972973001399E-05
6.38652508344805E-05
2.84074362035344E-05
2.4405476501266E-05
-5.09666138136292E-06
2.21853553949726E-06
-2.01920174772538E-05
-2.80153047027802E-06
-5.52909736759086E-05
-5.95358596762903E-05
-4.57048451444029E-05
1.85815924469608E-05
1.4139376796176E-05
-4.40604025789272E-06
-1.68231097529499E-05
3.59925231292303E-05
3.65699632227571E-05
5.18058611821791E-05
5.50006748492641E-05
3.45169896285164E-05
5.76244094038477E-05
5.29595570559296E-05
5.9561218804166E-05
-3.57133427584057E-06
1.15906471669433E-05
5.48897232931965E-06
4.85736115164868E-05
4.19659065056932E-05
1.51571615370044E-06
-3.57276364098248E-05
4.43887633048127E-05
-3.32269626054829E-05
-6.31203232043166E-05
-9.63905488697682E-05
-9.30695344135352E-05
-5.51956038794828E-05
-4.90009490864162E-05
-0.000119485513860867
-0.000107607859529257
-3.14805557368622E-05
-1.93599904702463E-05
-4.54043070259589E-06
-1.23869048059423E-05
-4.7333988182969E-05
2.09804133573306E-06
5.18266152657018E-05
-4.24108769182198E-05
-1.96210529198721E-05
-8.7229476914623E-05
-6.77040175152391E-05
-2.79932906498452E-05
-2.77627726368695E-05
-7.59233350651492E-05
-1.03652821684393E-05
-4.45833610671854E-05
-2.01016192370389E-05
-4.18556632174319E-05
-2.24616050413808E-05
-5.58659610243498E-05
-5.36796016419344E-05
-0.000107988401655596
-0.000104894500779982
-3.74459921012632E-05
-6.76086846123604E-05
-4.43517695104106E-05
-2.98907203625288E-05
-2.24244724074887E-05
1.09267242332508E-05
-1.14351394974932E-05
-5.80312630051759E-05
-5.19154639608661E-05
-4.16041265859327E-05
-6.19054476442553E-05
-1.4000266383023E-05
1.45550612211476E-05
2.86521368902864E-05
1.80535998243002E-05
1.5817678806948E-05
-1.75591140566461E-05
2.05238177979424E-05
2.18647106625222E-05
-7.23078601472887E-05
-3.48485690944756E-05
-5.1009152534185E-05
-1.40799556662747E-05
-3.44345732818012E-05
-3.85908242804991E-05
-5.54817821475443E-05
-1.34271652314413E-05
-2.17853709338237E-05
-1.82090985888273E-05
-4.40090908007957E-05
-6.0079953455525E-05
-8.89671939221729E-05
-0.000121476202032229
-9.8828460157487E-05
-0.00010224827161805
-0.00014559139414909
-0.000142907652387925
-0.000142544938755593
-9.69078282547682E-05
-8.77621597513851E-05
-0.000148884439856095
-0.000112774222127688
-5.16689491588901E-05
-1.51898979665476E-05
1.08396401552127E-05
-3.10793401708689E-05
1.71746343356129E-05
1.30522537749931E-05
-8.09532099291518E-05
-7.74286388068893E-05
-7.64838308495054E-05
-6.9840241703754E-05
-7.05307154771863E-05
-0.000136107418972699
-0.000137151677211358
-7.98239797693787E-05
-8.62519020992178E-05
-0.000131734095786149
-0.000106023915871794
-0.000124176782781653
-0.000110057200413187
-8.36045113882862E-05
-0.000111228691603332
-0.000140047603265681
-0.00012126672624446
-0.000196491553637783
-0.000154412351934773
-0.000153259592419441
-0.000113082115157517
-9.27058646730946E-05
-4.16619613169895E-05
-7.38486062166843E-05
2.23236952842941E-05
1.51454071285931E-05
2.99711052057943E-05
2.84718998574059E-05
2.45219349241283E-05
1.92650117866653E-06
2.15792137200438E-05
-9.40501767597538E-06
-1.9900553910338E-05
-1.4187148436609E-05
-4.79589552352833E-05
-5.00833912340445E-05
-4.8196010137318E-05
-9.58939368113239E-05
-0.000102949265813293
-0.000100879166931806
-5.68413134281414E-05
-7.81455319625959E-05
-0.000106909025771575
-9.79795349791527E-05
-1.54926880258857E-05
-4.38935193102734E-05
-2.72151401752871E-06
-3.00775409540627E-05
-2.29348560911378E-05
-2.90991248691767E-05
-4.22670553497123E-05
-6.58029134182149E-05
-4.44935143106295E-05
-4.48988756665508E-05
-1.99743758285282E-05
-7.00565539978395E-06
5.47277195889949E-05
4.57255409053605E-05
1.33370305347142E-05
-1.421617465722E-05
-8.2131192776822E-05
-0.000158504671947504
-0.00015667229825167
-0.000229846490481861
-0.000201110915600368
-0.000185984123459247
-0.000120137936332155
-0.000126457943164941
-4.01223831980532E-05
-5.02473072052577E-05
-3.07721994129582E-05
-6.60684632042112E-05
-2.51311109970498E-05
-9.60664936375716E-05
-0.000102911044051661
-0.000208711848424949
-0.000167303807523708
-0.000157287258040354
-0.000153681605533075
-0.000179750872080359
-0.000118953276641765
-0.000119229478847732
-4.45318832001892E-05
-5.27466383491427E-05
-5.44971299673251E-05
-6.74793296563121E-05
-1.55147117555673E-05
-7.44964756747319E-05
7.29861622858411E-07
-4.27838352912776E-05
-6.99516124606925E-05
-0.000110143408986115
-2.25979925109626E-05
-4.52632919849639E-05
-1.42761429816144E-05
-8.74071674204934E-05
-7.32579141231496E-05
-2.77715015009052E-05
-8.63762901962654E-06
-8.52190540905427E-05
-8.29200952137702E-05
-5.62852325903845E-05
-1.36045256857052E-05
-2.57411505038841E-05
-8.61969731803955E-06
1.15445315965149E-06
4.52624961454146E-05
-2.15371129821536E-06
-4.99609104127489E-05
-2.89530346460181E-05
2.54306123540166E-05
-1.86345244039832E-05
1.73010794138411E-05
-3.09968010936923E-05
1.31480191240506E-05
1.91212050950372E-05
4.42971923875418E-06
7.40001052894398E-06
1.91270093722441E-05
3.76627708828442E-05
3.15399619630464E-05
-2.74267091194635E-05
6.60726357400501E-05
8.98425863366938E-05
1.91746287958001E-05
-2.63099375573596E-05
-2.80363653545125E-05
-2.84922520612435E-05
1.42557380793188E-05
-4.94924920526824E-05
-7.34128902586317E-05
-6.98222261092042E-05
-3.65322992438888E-05
-7.38276914094881E-05
-5.36582216800266E-05
-5.17421179835383E-05
-8.96057098758093E-05
-5.83692834717822E-05
-1.16566287027033E-05
-4.46727657677654E-05
-2.94676212474778E-05
1.73426472694054E-05
-3.55890897498906E-05
-1.86472883175276E-05
-4.77489530895136E-05
-4.9204857788407E-05
6.94013065875089E-06
3.1126450961512E-05
-0.000110711579875025
-1.7022549117922E-05
-2.54261807873443E-05
-4.69710933805191E-06
-3.89930374249392E-05
-8.25238791948731E-05
-7.61742937943924E-05
2.52989157663349E-05
-5.84170439397708E-05
-7.51703178364332E-05
-5.16247100043997E-05
-7.1729216692489E-08
3.79472898367402E-05
-0.00011015616417727
-9.80280648491565E-05
-5.14546754769395E-05
1.03351492355362E-05
-4.50974139625428E-05
-8.44749810179308E-05
-7.38867962725372E-05
9.19291070487398E-05
5.27111710777409E-05
6.49617548306747E-05
2.24161262107024E-05
-2.42426788795826E-06
-1.18991317998143E-05
-1.51233488242173E-05
-9.40513353902626E-06
-2.39582400066478E-05
1.99110571169212E-06
3.34363649114647E-05
6.77473228241935E-05
1.87729744002542E-05
1.31433124358247E-05
-5.83198511131675E-05
1.14820221575189E-05
-6.05664519795233E-05
-0.000122275519179858
-0.000120817292753139
-6.43485358853348E-05
-7.20127388628671E-05
-8.37946085367593E-05
-8.0950477276592E-05
-8.62521536845599E-05
2.02477078816596E-07
-3.04860528938313E-05
2.40119027895661E-05
1.49327325849938E-06
-2.16490008326302E-06
-1.90487265816552E-05
2.23685839457172E-05
-4.33213598796183E-05
-4.6799703224952E-05
-2.06604873888926E-05
5.43976600976633E-06
1.76785595601888E-05
4.46547098901934E-05
-4.63309744430878E-06
1.65884083966831E-05
5.03625516065223E-05
6.21297726754866E-05
2.37071630425737E-05
5.66088411592153E-05
-8.80145777433378E-06
1.65622437068528E-05
3.49682104880225E-05
2.41346810692079E-05
-5.44708753786232E-05
-2.30366153972458E-05
2.09328011038317E-05
1.15768593275178E-05
1.37260733313076E-05
-4.28414011278716E-05
1.30619888183868E-05
6.68390914221966E-05
-9.11590776182355E-06
-5.25016946188673E-05
-6.03039462628407E-05
-0.000159152785208302
-0.000128518033305254
-0.000178975582304158
-0.000211492252424307
-9.02195006254316E-05
-5.95999120758102E-05
1.69292587789428E-05
0.000192102883785551
0.000301348433108653
0.000335975696034238
0.000399166954707465
0.00050067140332244
0.000549854622719169
0.000517474384892198
0.000450723498915542
0.000353274109231364
0.000325084590629957
0.000243957984046947
9.49380773303093E-05
0
0
0
0
0
0
0
0
0
0
0
0
0
0
0
0
0
0
0
0
0
0
0
0
0
0
0
0
0
0
0
0
0
0
0
0
0
0
0
0
0
0
0
0
0
0
0
0
0
0
0
0
0
0
0
0
0
0
0
0
0
0
0
0
0
0
0
0
0
0
0
0
0
0
0
0
0
0
0
0
0
0
0
0
0
0
0
0
0
0
0
0
0
0
0
0
0
0
0
0
0
0
0
0
0
0
0
0
0
0
0
0
