0
0
0
0
0
0
0
-0.0238968117917303
-0.0237911117878836
-0.0237911117878836
-0.0158459371074635
-0.0114771969958696
-0.00673942638518018
-0.000715005390545339
-0.000715005390545339
-0.000993985285008243
-0.00112401660314678
-0.000923654386403996
-0.00100236548089535
-0.00106519039598225
-0.000426763028673911
-0.000710549237608781
-0.000554655250371213
-0.000856932482473909
-0.0009846170992643
-0.000893514099795873
-0.00100137477360997
-0.00100137477360997
-0.000908959633953054
-0.000908959633953054
-0.000766810970139604
-0.000769337088940975
-0.000739109564294135
-0.000426142994437272
-0.000524399874913891
-0.000339210325103537
-0.000464074810654667
-0.000277292151035929
-0.000355644382902997
-0.000539030532311368
-0.000745020226344963
-0.000677392372492503
-0.000649031987261834
-0.000624646976934059
-0.000629121521577233
-0.000420243249008139
-0.000385346733146661
-0.000314508094038807
-0.000299592315349385
-0.000444140846743274
-0.000253247032155082
-0.000147695384528426
4.50634771180272E-05
0.000141721010346756
0.000190239815299159
0.000247558275790727
0.000370664370871804
0.000342724343684772
0.000342724343684772
0.000289278959792663
0.000386246977434859
0.000322412091978817
0.000434546530312762
0.000450482299934159
0.000579906017846237
0.000746558469197091
0.000768447712792337
0.000700317133280532
0.000745163596496224
0.000667695614835266
0.000652330019298773
0.000766424447672407
0.000597300118125562
0.000518613516652877
0.0005656648804222
0.000610572060749948
0.000636192302550774
0.000681754833529221
0.000494601729284898
0.000495065550504886
0.000511189940866516
0.000456279074476923
0.000465753085003102
0.000332233932235225
0.000286615287434494
0.000223280644850562
0.000337644280829522
0.000241311872541929
0.000324531805274018
0.000252350514011004
0.000325879689015643
0.000444572954143692
0.000386783970394709
0.000366045877798459
0.000373087735510205
0.000348191908853384
0.000356173697105569
0.00031821961477799
0.000219520782178255
0.000357638824193266
0.000281140157954618
0.00042303259859698
0.000372020727834412
0.000515094589052039
0.0006225976845673
0.000658638296561715
0.000741905335506406
0.000776409007987439
0.000666253226988535
0.000763014418184166
0.00068140170810386
0.000551866354303265
0.000570118151311957
0.000380767901087241
0.000422051816293997
0.000408410264856556
0.00033157722049615
0.000249504121356216
0.000388521956205085
0.000390779333288001
0.000348802927438173
0.000290923411734669
0.000397334503155214
0.000461196671844837
0.000606746323756119
0.000499876893035014
0.000570071996040961
0.000582703945543661
0.00063705351457434
0.000481691796938185
0.000423227019318918
0.000388310451269923
0.000375598805056627
0.00022913186191577
0.000286836385609583
0.000199662917381546
0.000256270159870986
0.000230638808820583
0.000113761752164362
0.000220706065054567
0.00017087924052023
0.000123377989977619
0.000123377989977619
0.000172613263871036
0.000242574992802323
0.000296242677055173
0.000197695247918777
0.00024733064879512
0.000134972314262291
0.000204957325225186
0.000132225125885011
0.000127550904889961
5.83486949872413E-05
6.08102105065317E-05
0.00010922040980424
0.000254710056231843
0.000235818580874514
0.000173603301691958
7.92875862509358E-05
2.6478740210072E-05
-2.88201205145203E-05
-7.59704331781252E-05
-0.000170048870873553
-0.00025536535290986
-0.000235938009958603
-0.000252844773120336
-0.000173772284459004
-3.46239296118968E-05
4.27758690592769E-05
4.6246394099184E-05
9.46772540948171E-05
0.000110196827646314
0.000166786173739836
0.000169294093787585
5.71762501716883E-05
-8.04300498129526E-06
5.10310004792071E-05
9.80418214597612E-05
9.63543112357784E-05
2.99833823154682E-05
2.08659808256826E-05
3.4593653632361E-05
-4.39013258139847E-05
-1.38370813237771E-05
-9.37637758988679E-05
-0.000151083368625149
-2.69264418483163E-05
-1.71751034568546E-05
-7.41090285489979E-05
-2.5569274542902E-05
-0.000109928326498031
-0.000104535643772662
2.14040360967401E-05
-3.8449383040778E-05
-3.74658227520457E-05
1.24887378634147E-05
3.01771798980845E-05
9.23123283866207E-05
0.000101007169697624
9.93310721109445E-05
8.38532307386121E-05
3.38124031117251E-05
-1.68619040375393E-05
3.61694734656887E-05
1.50084052880643E-06
4.10054332334236E-06
-4.22399908188921E-05
-8.08586812630341E-06
2.4792746618971E-05
0.000114016399648588
0.000137045053407097
0.000144782285648603
0.000190782374622942
0.00027648272010458
0.000297990499904957
0.000276341572946739
0.000311752209732069
0.000342186765434395
0.000500190503153768
0.000626836973453147
0.000675522053292288
0.000739269355503195
0.000751857309737316
0.00076103029332215
0.000713542503430604
0.000579958148964459
0.000581017755255045
0.000542323056029798
0.000487194875330051
0.000615798603062337
0.000573512068110321
0.000596439646842894
0.000622202575927454
0.000549323188691866
0.000459047042572623
0.000497134674812494
0.000487741721001661
0.000515745833742743
0.000482150822278689
0.000598579547547285
0.000527158813349465
0.00058381518163817
0.000481137771168561
0.00044001291355121
0.000402058516691667
0.000486943017260276
0.000340197154149861
0.000395655376385066
0.000373057736605286
0.000433773048789917
0.000371436974712139
0.000494840685847257
0.000512649720930823
0.000594647610098973
0.000470327486000463
0.000441125668668185
0.000413422080912894
0.000563366161490586
0.000403196289379483
0.000225247739405997
0.00011650968228297
0.00013581896805287
0.000122278759641289
0.000104783919407202
1.10824453935789E-05
-2.13260269500609E-05
-1.77817264683431E-05
3.32624081218525E-05
9.31275563861272E-05
0.000121466363660052
6.90580883380375E-05
-1.30070475736894E-06
4.07376459650621E-05
4.212688547718E-05
2.34701958700882E-05
3.25473494869471E-06
5.32589705258328E-05
0.000143759030869928
0.00016336654051885
0.00017438195060233
0.000240032431795602
0.000243987564306208
0.000257163575883542
0.000169717024913493
0.00010251942609864
9.27603545902475E-05
7.01676880346728E-05
8.43308498242273E-05
-1.53657585412771E-05
-9.47611601847413E-05
-0.000106187495127528
-9.67632491577933E-05
-0.000105068027609597
-8.18328121661668E-05
-0.000191296084537578
-0.000187630810598745
-0.000123653516030747
-0.000198838843304889
-0.000234586952399707
-0.000289550597276488
-0.000294610618716519
-0.000311928857773627
-0.000300419905076694
-0.000434864804278173
-0.000315673094541298
-0.000215995613752454
-0.000278917748117572
-0.000273290285857621
-0.000251890334253821
-0.000182512845650979
-0.000113697796140859
-0.000145089028067404
-0.000257455316256711
-0.000171827438086247
-0.000153371495729717
-0.000179299816283278
-0.000294997114862038
-0.000280329748694381
-0.000329348919078765
-0.000361886322248796
-0.000331117387122918
-0.000407643901614332
-0.00033640119865063
-0.000310564998700307
-0.000278657306138737
-0.000272019689172023
-0.00025915944900568
-0.000300287123297221
-0.000338212547098004
-0.00033749446556948
-0.000308509872072699
-0.000334341053351024
-0.000408208928608548
-0.000349836424055547
-0.00038943382387458
-0.000332375133934745
-0.000446499378213725
-0.000490231081263171
-0.000515990042637348
-0.000360794352409811
-0.000378950954396748
-0.000282088676266754
-0.000273562859458799
-0.000265135456828057
-0.000185239127859066
-0.00021529160126853
-0.000296459640692812
-0.00022596737615732
-0.000287253348031059
-0.000215752365774166
-0.000118170373220113
-0.000168984700819879
-5.26035572326596E-05
1.64691093176667E-05
1.63450508642596E-05
5.98813596003475E-05
-4.79551803230036E-06
-4.36881286338493E-05
-4.75734974554724E-05
-2.28742525969616E-05
-5.85673673716068E-05
-0.00016762260285283
-0.000265423699973195
-0.000219118259537309
-0.000208537221289349
-0.0002401873348846
-0.000300280439354204
-0.000331838914552942
-0.000293942651647109
-0.000227024722786225
-0.000240231440406298
-0.000250637732625537
-0.000189440115201649
-0.000234314724306927
-0.000231942501569912
-0.000160316635159442
-0.000120291757278577
-0.000171583309679199
-0.000173128659780278
-0.000153671016696191
-0.000105944466104285
-0.000139629280603338
-0.000189991838639088
-0.000249783352440351
-0.000243530567138793
-0.000180302377181219
-0.000208674977627027
-0.000217949756431866
-0.000135298208206194
-0.00015374074980167
-0.000135857253161512
-0.000189677007805161
-0.00022979556511947
-0.000213329176316287
-0.000240158236694529
-0.000260219080866887
-0.000232958940540551
-0.000184604449433597
-0.000135171028639398
-0.000123458077496408
-9.453223761507E-05
-8.58143579630007E-05
-6.8347483186749E-05
-0.000121556056164856
-0.000147571024171528
-0.000168327827788979
-0.000206375449126939
-0.000287848209559861
-0.000268407138460697
-0.000324124342663049
-0.000304310664080598
-0.000317364736331124
-0.000315206475287683
-0.000284830421639444
-0.00020806234303133
-0.000236575361186739
-0.00022272966513868
-0.000157160696839041
-0.000146624862697874
-0.000118686723218624
-0.000124257876142099
-0.000186831519755939
-0.000166911360051106
-0.000174512157314646
-0.000239347136039117
-0.000218320755075809
-0.000223600717775485
-0.000206563934857139
-0.000157355610807713
-0.000104689060091038
-4.30207624270306E-05
-5.10792581861958E-06
-7.31310913746713E-05
-6.20793984133365E-05
-5.63302405403981E-05
-7.46349637283231E-05
-0.000124768091925932
-0.000161644062453641
-0.000285207275237635
-0.000261646752611676
-0.000286837945714186
-0.000375991153836789
-0.000332693277352242
-0.000407218488690567
-0.000390919149104177
-0.000269933298801627
-0.000284741145043788
-0.000353879413865523
-0.000297725171866913
-0.000345303038756738
-0.000317416419069954
-0.000351069652393771
-0.000408780562138575
-0.000376335405427422
-0.000271811198677056
-0.000310648821377377
-0.000261135353106898
-0.000236764875824599
-0.000272628744149955
-0.000283475785887894
-0.000213619849086367
-0.000252716068390112
-0.000272268796499613
-0.000271319649956068
-0.000311127653859652
-0.000299189690057467
-0.000330723724335076
-0.000424435910223248
-0.000448009526092923
-0.000382425379914146
-0.000498433065459095
-0.000477237422212673
-0.000482357851139206
-0.00038765777987386
-0.000321795420506598
-0.000317565171822927
-0.000364163887414894
-0.000323868054771672
-0.000344140599200607
-0.000350867180043045
-0.000379714031199353
-0.000388936096306489
-0.000343765427080947
-0.000355152180019902
-0.000302711448145385
-0.000226572329944896
-0.000258839515879551
-0.000256922427630922
-0.000360457692602976
-0.000448430569406584
-0.00039695847598089
-0.000432530006054348
-0.000462829577581644
-0.000424346876685778
-0.000386102615980681
-0.000277674359182878
-0.000177721036956864
-0.000208576824455207
-0.000206281206898074
-0.000175935714746646
-0.000104581766714481
-0.000144008998308094
-0.00022544046145768
-0.000133083251549643
-8.16075099666321E-05
-7.46461307658054E-05
-2.53469884155579E-05
-3.5990635127262E-05
-7.19831194555653E-05
3.15098195401066E-05
-0.000145586748491038
-0.000172276936328068
-0.000137216531466471
-0.000190841984437488
-0.000177097689799495
-9.26713573292553E-05
-0.000167033227801993
-0.000151519514677002
-0.000216204477736005
-0.000212179339056597
-0.000256978640065308
-0.000327351599417662
-0.000386731409446404
-0.000410835061505087
-0.00037881985896313
-0.000265998221089155
-0.000328013760930578
-0.000274040558910134
-0.000209675204914235
-0.000238045580842907
-0.000172760955628552
-0.000183762455023304
-0.000217425914696851
-0.00019642959435542
-0.000244460475750813
-0.000266389815511104
-0.000227967320543838
-0.000277150512730136
-0.000276984502765135
-0.000244188674353298
-0.000202901009741385
-0.000187310883202952
-0.000239528755697918
-0.000229223814017124
-0.000227155752044047
-0.000289587307017946
-0.000338187456065835
-0.000376427631808414
-0.000347446862790576
-0.000419658300883617
-0.000493460328078055
-0.000489060479883301
-0.000477144994836543
-0.000536621334591438
-0.000522100418376358
-0.000559615836969639
-0.000491291091158804
-0.000400361000880422
-0.000377780407531604
-0.000343239849011872
-0.000288348104317802
-0.00032465443357567
-0.000360765577382385
-0.000380144504030396
-0.000448189272526267
-0.000535241806535634
-0.000540183483161223
-0.000550052795221668
-0.000522741638306357
-0.000546411761914399
-0.000484146342048702
-0.000529249852372663
-0.000438500101763808
-0.000446316194842577
-0.000508833284385832
-0.000561200752206761
-0.000561718624109802
-0.000636767088325845
-0.000522244631938437
-0.000559867282382777
-0.000531922789064738
-0.000464967222357226
-0.000480546816566421
-0.000354956722179214
-0.000310579213603047
-0.000377023405143523
-0.000383466721308965
-0.000443253307484754
-0.000464971331135167
-0.000460228950671528
-0.000588750811593554
-0.00056604916682053
-0.00054782846390156
-0.000579114547190098
-0.00053114867379464
-0.000511628184518423
-0.000525220341481891
-0.000531095098854348
-0.000578083443435666
-0.000661403878803513
-0.000629267627177612
-0.000690808209483495
-0.000745051579781077
-0.000734639598531538
-0.000697773388439536
-0.000704229751750522
-0.000681859720968303
-0.000764215607030968
-0.000686737557361211
-0.00062486136476057
-0.000596363944138299
-0.000656273143741795
-0.000560873637903564
-0.000623605234761986
-0.000575520298068283
-0.00062685999352136
-0.000584087249187166
-0.000617649858600045
-0.00062673789268954
-0.000681263453290094
-0.00065920103488211
-0.000692781729641371
-0.000739422420398244
-0.000860512286427645
-0.000865237124736047
-0.000837496010965623
-0.000813875208940612
-0.000701782492539406
-0.000611853835635205
-0.000622155058239112
-0.000603106141779621
-0.000503263137895944
-0.000377419889520501
-0.000330593256737146
-0.000277047259624624
-0.000297499924229997
-0.000216334274102919
-0.000155960933306943
-0.00011613979525722
-0.000153256655762945
-0.000223247490431625
-0.000227144762621533
-0.000287456341514882
-0.000228539699513971
-0.000237651756940101
-0.000343998538602883
-0.000386491426163672
-0.00038195155156563
-0.000531163534743546
-0.000396101713395236
-0.000515489323654935
-0.000492165474501336
-0.000505169551388023
-0.000523342542397983
-0.000548052746120444
-0.000387767944252308
-0.000415300866223456
-0.000409419766561499
-0.000438384140355059
-0.000453124542465966
-0.000429177706265982
-0.000467563470813528
-0.000540173387214454
-0.000598374327188188
-0.000553086167129817
-0.000593428349414359
-0.000550822097666875
-0.000589178668280054
-0.000543431836285817
-0.000577961394413909
-0.000563477864862653
-0.00042894817609024
-0.000384792192211356
-0.000412616451844394
-0.000355898313988722
-0.000359158641618502
-0.000367742951669762
-0.000430187285151522
-0.000525805707823327
-0.000483390982832445
-0.000448502546539206
-0.000446547492709572
-0.000408535818995814
-0.000379420555889573
-0.000322666999532201
-0.000296158107840713
-0.000282074916963056
-0.000395316912103514
-0.000489305282666568
-0.000508101836093941
-0.000477627286261188
-0.000457897276219213
-0.000487776622128572
-0.000572497885143032
-0.000419772427077671
-0.000301853689190878
-0.000279927875715395
-0.000207337555700983
-0.000167635362144425
-0.000124578362110577
1.26315305284214E-05
6.31561266744851E-05
0.000152932973108942
0.000251084003247851
0.000325202338205561
0.000401333118875845
0.000445479326047989
0.000502201901976508
0.000574346524939979
0.000573744193444745
0.000608877749139183
0.000572080862742844
0.000509248019696476
0.000570342619990334
0.000489809545675881
0.000460250797418042
0.00042602509616394
0.000417610297960586
0.000473211508157624
0.000592709834825627
0.000645028466445608
0.000719674539360785
0.000873822730269293
0.000967513114194326
0.000990439788312459
0.00100104987825362
0.00101240607037445
0.000940890985048002
0.0010810054307936
0.00109418339755825
0.00113107514294187
0.00117376657397243
0.00113848586872506
0.00124912042191892
0.00131980210241262
0.00116231559108755
0.00107771424099998
0.00110933550173307
0.00115551072328407
0.00127803482024173
0.00123301734448473
0.0014382939342447
0.00160676441505051
0.00168717225151114
0.00169098493722311
0.00171711358228439
0.00175803754039167
0.001782685828811
0.00160937784055252
0.00153806814573032
0.00149264001949414
0.00143896967622515
0.00140833224388129
0.00120379647526689
0.00112151050877223
0.00107197891491218
0.00108948496801465
0.0010032644240894
0.000881060956804264
0.000758262863832933
0.000717079725927075
0.000663661178247197
0.000618895857273622
0.00048186656455172
0.000391379723683521
0.000414375091227243
0.000460539277690707
0.000492595714008345
0.000487402570737445
0.000507213064409549
0.000472315450097095
0.000480521055938535
0.00050866281724798
0.000421126913861918
0.000347275178899217
0.000269244331575003
0.000180620129823839
0.000217549097868141
0.000246432510245897
0.000237113610608312
0.00021753150403329
0.00024222283936302
0.000283047398677458
0.000283499520402871
0.000237739814246168
0.000209868135685065
0.000150074290516619
0.000160932706114773
0.000181583727962236
0.000114307119349726
0.000117288096620418
8.24805756839835E-05
0.000100272538912321
0.000109095524489467
5.01413281409706E-05
1.4763063561729E-05
1.07380102398979E-05
3.11266574978776E-05
4.63431006489319E-05
1.69731412315142E-05
-7.48083216010149E-06
1.4422980515924E-05
4.93636416377048E-05
0.000135800362241673
0.000102002166800711
0.000102879275648315
0.000105699114316274
3.4920671407437E-05
2.29258768717468E-05
6.07824051697908E-05
-1.79842951333965E-05
-4.36085005218927E-05
-9.67981142545045E-05
-5.70312902911021E-05
-4.40281277556874E-05
2.44850095104175E-06
-4.87287464818499E-05
3.93015497311221E-06
-3.57405720316802E-06
-5.10319803984563E-06
-0.000128017684101287
-3.67618104953177E-05
-4.92240722438795E-05
-2.05643594839168E-06
-0.000104504600268802
-0.000106872429927095
-6.5536792803438E-06
-1.16338626748018E-05
-5.79661734890349E-05
-0.000101343277098519
-0.000191906623973535
-0.000307451794182238
-0.000374362528587314
-0.000499163541708249
-0.000509482795927396
-0.000568301563611996
-0.000655345110931085
-0.000698945308255615
-0.000688723788197914
-0.000642526844255252
-0.000655571923109568
-0.000644488627896828
-0.00066073451910514
-0.000604215463370861
-0.000599529543315303
-0.000482477090363763
-0.000415909212839621
-0.000363249218288343
-0.000325386630072271
-0.000262596528500756
-0.000245951609430121
-0.000244711942222614
-0.000241453643360143
-0.000223766256464173
-0.000288852343310569
-0.000223190676720537
-0.00026565734315666
-0.000268600418486457
-0.000138709481005277
-0.000127098834103827
-0.000239088169130485
-0.000201702456996576
-0.00032293157975661
-0.000320231610936923
-0.000232867485732058
-0.000331890022704001
-0.000399484049930839
-0.000327581035352664
-0.000308204830165905
-0.000296502146639141
-0.000254801588272095
-0.000300629706538266
-0.000332591727565471
-0.000308316999196897
-0.000333779592452445
-0.000332641676925246
-0.000277489285734461
-0.000273922091555758
-0.00027613922818247
-0.000195750554581295
-0.000141221261659264
-0.000131282381667572
-0.000116244017101312
-0.000121719035054868
-0.000113593117677336
-0.000142633638065728
-0.000156849625517963
-0.000108455624855746
-8.0835219668732E-05
-3.47573831607419E-05
4.58001344961664E-05
7.57452044037923E-05
0.000121165267481935
0.000300963401625062
0.000313085328551534
0.000324972829115253
0.000375220427348875
0.000418304824460566
0.000442632818787597
0.000434544316861289
0.000275565256906811
0.000267210747706678
0.000267202955949101
0.000255329200348025
0.000192686925456685
0.000205751306311069
0.00026335036293458
0.000231145962709939
0.000251385258917262
0.000348294802565404
0.000295298998311416
0.000295459800961647
0.000261341982153691
0.000262644513058297
0.000283403707305387
0.00030521848960038
0.000210429091591625
0.000215125094482674
0.00021425975064827
0.000193952689908353
0.000156989871849003
0.000187655017515063
0.000111710616170754
0.000131349836481676
0.000105818656036493
6.28213293666728E-05
9.34042913675678E-05
0.000112720012001164
0.000134348954474038
0.000131750008097449
0.000170994946538887
0.000206244582653364
0.000206676989402451
0.000114059913319013
3.91598710350249E-05
-4.54458175234742E-07
2.67768344030897E-05
-1.61413869885515E-05
-8.68619487264659E-05
-4.26065206271865E-05
9.14624567996963E-05
0.000167277358038801
0.000186115464486787
0.000175564778637365
0.000184047775103493
0.000302762759199022
0.000334132928986878
0.000351386648361582
0.000342144273165375
0.000323863890455697
0.000321294188880603
0.000285607868127788
0.000237127136899475
0.000159593881042532
0.000114457332014647
0.000154950566373976
0.00012139051988474
0.000120074322924772
6.65445730632263E-05
7.07257074154761E-05
9.16580872075585E-05
7.76056017579063E-05
3.33726788749478E-06
4.34615330152775E-05
9.20428970743154E-05
0.000118975080948805
0.000152772944068008
0.000154648755670688
0.000112743693216276
0.000124749941003052
0.000197636917004819
0.000213654338621931
0.00027633733775391
0.000214691885841011
0.000235451313427982
0.000298083581734262
0.000267471615696312
0.000202622962197957
0.000159314746609781
0.00011917772789877
0.000135961467682101
6.90940960171896E-05
2.05653692375915E-05
5.38076406907561E-05
0.000100318119482014
5.45522510927479E-05
5.21962329728762E-05
7.70743437590498E-05
0.000100903242037028
0.000121053442088581
8.95901523836413E-05
4.48256716257953E-06
7.24001223812567E-05
0.000125687737109017
5.20450179099653E-05
6.96118332973373E-05
-8.26909082333041E-06
4.65192133083128E-05
4.55392817411111E-05
2.48701139218978E-05
-6.36129138948352E-05
-1.18280169177586E-05
-2.35546459661715E-05
-6.17233629061493E-06
-3.64087400084231E-05
-2.68165472913667E-05
-1.02225176171916E-05
-6.66669461452242E-06
-0.000107609536782035
-0.000135966668623007
-0.000110365491391258
-7.21940894767387E-05
-5.56345983085071E-05
-0.000171948381386753
-0.000107676210147785
-6.44893476189608E-05
2.07915948479731E-05
7.50961600536367E-05
0.000116018639970655
-2.177070168471E-06
4.90619048347937E-05
3.60155032776464E-05
9.62168448276153E-05
-7.07722514011881E-07
-4.18695218195721E-05
-0.000154868743475214
-8.3504415096953E-05
-7.20252918538681E-06
-5.15504972466452E-05
-5.23119946977219E-05
-3.15414026883028E-05
-2.05141226343537E-05
-9.27906618419326E-06
1.29188574014934E-05
-7.33843633915102E-05
-1.93955420822221E-05
-7.35477690247172E-06
-1.64748010930038E-05
-6.03014895215799E-05
-2.06235070398031E-06
-5.16630043137207E-08
3.59845233165973E-05
-6.67809161066165E-07
3.14062948332317E-05
6.57589346334382E-05
5.69297587154354E-05
-4.51553831895206E-06
6.14517502835018E-06
-1.80457816867564E-05
-2.3183299876758E-06
-6.35348818648064E-05
-5.64520957741186E-05
-1.99678624545017E-05
-3.75320045640516E-06
-2.41601660348702E-06
4.35418506189953E-05
1.36653237176066E-05
2.10988335950054E-06
-8.77415662024848E-06
1.39005530122813E-05
-4.85465461679267E-06
-2.34847998341726E-05
-5.26452696912211E-05
-4.93994912872668E-05
-5.27000855850219E-05
-5.92822385854512E-05
-3.8047170756816E-05
-1.83638259956318E-05
-1.7463038044059E-05
-3.15072804255989E-05
-6.7273725136873E-06
5.78138642925619E-05
6.91365617762545E-05
2.43176373067437E-06
-2.64877749498917E-05
-6.90052243316199E-06
1.53286778408106E-05
-5.34514886849158E-05
-0.000139151490222305
-0.000140584476597593
-0.000142250750007864
-7.94175416032382E-05
-0.000112663045347446
-0.000157296463272784
-0.000135218481340372
-9.01390237354105E-05
-0.000106237862222858
-6.04618683713911E-05
-0.000123878839698754
-0.000149620684843504
-0.000111664883568603
-6.78491453332493E-05
-0.000115896122889306
-0.000108076063885627
-6.67185457535231E-05
-4.50918618356923E-05
-1.66727472497059E-05
4.18851429415437E-05
5.53154896694099E-05
0.00011880427633005
0.00011935174053976
6.35863255331931E-05
7.38801343958749E-05
9.15497572804394E-05
-1.13886591023406E-05
4.63970857818555E-05
9.62845521268224E-07
-3.20883420280668E-05
-3.65895511261179E-05
-1.57774234502625E-06
2.8721479406797E-05
0.000112727396618503
2.61318962470478E-05
5.55642701222886E-05
1.50827804449099E-05
7.83900781666563E-05
3.5152452211343E-05
-2.00637130958293E-05
-8.49490322817327E-05
-4.47952287776511E-05
5.62981183242193E-05
0.000132950216071415
5.40066102017906E-05
7.76639784120538E-05
0.000143853894302037
0.000143059205663046
7.52824190151839E-05
-9.43493907585617E-06
3.13743445449625E-05
-1.8753620252006E-06
5.50305787888741E-06
-5.98332335276186E-05
-1.58795880149153E-05
-1.18738282044038E-05
-7.24579381214632E-05
-7.01581773533172E-05
-1.79882198610247E-05
-8.36429012882975E-05
-6.11793605059146E-05
-0.000136870153328214
-0.000155484302488127
-0.000138868971826343
-0.000181942038607259
-0.000259650012929793
-0.000209546124788386
-0.000196925741516973
-0.000116406062422711
-0.000126460313247428
-0.000129256342288321
-0.000137090203889899
-9.36533016418452E-05
-0.0001008407578369
-0.000100309929993533
-0.00011327118647527
-8.8347886919974E-05
-0.000162291533322966
-0.000184725735718005
-0.000162235070210582
-0.000158754942211087
-0.00021192491717193
-0.000317271784161568
-0.000311357007695938
-0.000226823111579233
-0.000252650634601149
-0.00025726463186222
-0.000246123804584447
-0.000210898184625456
-0.000159235935176661
-0.00011548203069509
-0.000169868998933349
-0.000135432655885452
-0.000110130713003008
-0.000150412734296226
-0.000159816911801104
-0.00011674553012397
-0.000128914633608499
-8.40948102512142E-05
-7.35325747088306E-05
-7.97204148227968E-05
-6.16985729529115E-05
9.73690632696265E-06
1.85575068133529E-05
2.04727772583125E-05
0.000117386480952245
0.000157617105758391
0.000175682993034043
0.000160855732174627
0.000143082968849657
0.000143125558139405
0.000128879077485837
4.40642913305794E-05
-2.24421145061047E-05
-5.79052436494019E-05
-2.83912889253528E-05
-0.000104860477267286
-0.000127234665168977
-8.20221369336107E-05
-3.69559529946235E-05
-4.5673518104727E-06
-5.14931853573805E-05
-5.77496965115376E-05
-3.7971993139113E-05
-3.3681365480219E-06
-0.000151048826989793
-0.000204637966618703
-0.000200874156020247
-0.000134306708120692
-0.000183022541242156
-0.000195340075112412
-0.000213511263929651
-0.000110144422409131
-8.80622026324111E-05
-8.11426025636305E-05
-0.00019013970654819
-0.000250134328114268
-0.00025358356045017
-0.000274214418539053
-0.00025065307049931
-0.000270936179850002
-0.000303957962668314
-0.000243539025423667
-0.000161301816411585
-0.000121742467767846
-0.000141078250915882
-0.000146311008926146
-7.84521176106905E-05
-0.000118569890271459
-5.67444590002719E-05
-3.86174503125017E-05
-6.04767457131449E-05
-7.96368846539593E-06
-2.22317901542963E-05
-6.60707193618102E-05
7.89937362025498E-06
-3.95084917581132E-06
-7.33509381848337E-05
-4.31493346549736E-05
-0.000102960492522642
-0.000104580907518928
-0.000115659882597087
-0.000138155846378261
-0.000125883313331575
-0.000109322951650159
-0.000111556720762533
-0.000109189317511113
-6.6777271500061E-05
-3.21317900255137E-07
-1.83436465210438E-05
-4.93420269992647E-05
-4.99230806565406E-05
-7.30150712606958E-05
-5.39251520721506E-06
-2.44263236704165E-05
-0.000158890073970019
-0.000108376297210037
-0.000142732280424026
-8.33872284806468E-05
-9.02922400605863E-05
-0.000150888683506263
-0.000171511865850391
-9.83622895779034E-05
-0.000187130275967402
-0.000166060446995674
-0.000210282738801759
-0.000174293022507519
-0.00015260532018633
-0.000165014560966675
-0.000176278437180579
-9.23243328363179E-05
-0.000189744003663719
-0.000149343751735136
-0.000198576880066734
-0.000241897780624436
-0.000289887753375329
-0.000382370023863296
-0.000363650213547325
-0.000280606708777534
-0.000282002093749307
-0.000297448697798015
-0.000261837932946203
-0.000238076778097038
-0.00015441722242912
-0.000185294748454357
-0.000172998271003837
-0.000171103857298798
-0.000165528765037934
-0.000153865663767142
-0.000151683455818806
-0.000121317456226763
-0.000116457358675906
-9.49013628196108E-05
-0.000108230826262905
-5.87148768433164E-05
-0.000161405310017078
-0.000119016503882654
-0.000143674492294237
-0.000201114441421132
-0.000207218212174749
-0.000216381717554604
-0.000232752573837037
-0.000148386971782078
-0.000202773462367397
-0.000166866798029046
-0.000158917443966328
-0.000165096097262033
-0.000173868618777492
-0.000195546998552084
-0.0002497900370323
-0.000249028079708941
-0.000285495593835373
-0.0002826628263199
-0.00030441827710913
-0.000266633394764188
-0.000214141003495783
-6.83086659713347E-05
-2.77910651731452E-05
-6.18303397023242E-05
-6.56516048057892E-05
-5.62415141777107E-05
-9.69023968730526E-05
-0.000142575294731786
-0.000249831081354418
-0.000247027393463353
-0.000215600575888293
-0.000174651061077808
-0.000140712447689587
-0.000123646543916575
-0.000189785780574177
-0.000162631527868243
-0.000155012380554393
-0.000192558879937736
-0.000218476689581498
-0.00022077110250998
-0.000103652177381201
-4.42037525104494E-05
-6.42368883130111E-05
-0.000164014536250809
-0.00013963857904428
-0.000133772860642204
-0.000169118295831136
-0.000304693158599622
-0.000325978370681027
-0.000321048955329976
-0.000229209372951165
-0.000236332826118454
-0.000257738355379395
-0.00027153776066821
-0.00026207401515179
-0.000270506345172447
-0.000257431223115991
-0.000194651364372255
-0.000246980116373581
-0.000237333265474939
-0.000232846178749101
-0.000222295198311213
-0.000177381959613718
-0.000184539937457629
-0.000257258472617479
-0.000193947716776436
-0.00013826884431249
-0.000114252531929855
-0.000157057216353739
-0.000133676947575952
-0.000141575913084266
-0.00014251733085301
-0.0001292968136908
-0.000175985547231656
-0.000173522700608036
-0.000142511053949311
-0.0001004032709609
-0.000113195705582094
-8.43286759986173E-05
-6.4010115108234E-05
-5.85619339944067E-05
-6.94745798139589E-05
-1.24170991125225E-06
3.09049270575546E-05
8.75348275598698E-05
3.60225398101018E-05
-1.98948017048392E-05
-2.72194746813621E-06
4.41004490533581E-05
-3.5990463992681E-06
-0.000111194223935304
-0.00016006345502027
-0.000110505976392718
-5.60303270233226E-05
-4.86282751673462E-05
-9.45208859506872E-05
-8.11943544672359E-05
-4.37488747972521E-05
-2.9285399812441E-05
-5.1444992367255E-05
-3.90219545954618E-05
-6.52666399911146E-05
-9.5275345866249E-05
-0.000127995487609213
-0.00011616110571195
-0.000130659730966697
-0.000107860881266749
-0.000172341038492101
-0.000202633185281765
-0.000185214434369553
-0.00023699678219837
-0.000276963273185597
-0.000239500013724358
-0.000280189873015589
-0.000242393354509318
-0.000215626202831781
-0.000204318078967113
-0.000168112463053713
-0.000163438553079948
-0.000214670213044324
-0.000238295818127321
-0.000244862978356325
-0.000198795532329896
-0.00014321838501663
-0.000122779132469468
-6.38139585543478E-05
5.97495973845609E-06
9.76237985254642E-05
7.62604039486761E-05
4.64091861405225E-05
1.49287046318783E-05
4.94972510752944E-06
-5.8197227356848E-05
-2.45939365839757E-05
-6.75420529733919E-05
-4.79907370723607E-05
-9.82079860787148E-05
-6.26959129463746E-05
-2.92000698933403E-05
3.52220031138763E-05
-5.51830895219516E-05
-7.58417597884725E-05
-7.30576707813801E-05
-3.11391824726652E-05
-0.000151164059784836
-0.000152671347848518
-0.000251939044821336
-0.000215521113406616
-0.000235960267739186
-0.000236057226996139
-0.000235437722889539
-0.000190780541766865
-0.000207881476420764
-0.000139615361404862
-0.00017133172491116
-0.000165966817546234
-0.000227518672267736
-0.000230174887219489
-0.000189806619206608
-0.000156121501927325
-0.000263185995695404
-0.000282279779315653
-0.000319004847217587
-0.000243262186255227
-0.000259212501640329
-0.000313600254644711
-0.000330806458765155
-0.000289100659926185
-0.000230137634094262
-0.000148676592647952
-0.000186391352495995
-0.00012035825852202
-0.000146981913995677
-0.000199595821558246
-0.00023653587864962
-0.000299774861908793
-0.000377213384644912
-0.000404682591287626
-0.000473595791858768
-0.000408897104060281
-0.000368445277963947
-0.000308637187507885
-0.000278003303571764
-0.000189424139983825
-0.000108046217609285
4.30104876754824E-05
7.26087119430963E-05
0.000113789787970556
0.000124891100520714
0.000152905143788019
0.000193807238473696
0.000186745704841966
0.000123883217398132
0.00010974884505084
0.000107070296884369
0.00019521041415143
0.000188895515189301
0.00011782680964749
0.000136205547517412
0.000116876593714823
0.000142368857189299
0.000112396121909823
5.10317933848432E-05
8.35772114307553E-05
4.50669143656958E-05
1.83145092827669E-05
-8.72449227354243E-05
-7.2624950850888E-05
-5.95681953729037E-05
-6.27023975180398E-05
-2.66632422962227E-05
2.81188529137018E-05
1.3226393904391E-05
9.32094192242129E-05
0.000141932259091439
9.31868917313146E-05
3.3915978350782E-05
-7.17701486826411E-05
-8.763449265561E-05
-6.99659259999749E-05
-4.69802926680458E-06
-7.18578738698606E-05
-2.41058560554088E-05
1.5058348010505E-05
3.25387003518355E-05
9.05006658462982E-05
0.000123694378970802
0.000107434959738764
7.98146701630119E-05
0.00011801592354127
0.00010596311274155
0.000150342992305291
0.000129200284750964
9.90251043668987E-05
7.4687561938282E-05
2.81901246301441E-05
6.85828819234066E-05
0.000207617386023122
0.000186803652321516
0.000201413426453151
0.000228515523529695
0.000216477861967372
0.000300016137741212
0.000234676763708359
0.000163971019710868
0.000153685020381376
0.000154545177367009
0.000134618732180383
0.000123980220689456
0.000148084702600948
9.53142323167784E-05
8.63704810584539E-05
0.000101575040636107
8.48313558065573E-05
0.000126164212172703
0.000120249729211178
4.43698002883627E-05
7.5191048315549E-05
0.000225854522980154
0.000159828915183805
0.000130483517649254
0.000123916810785654
0.000127960005275157
0.000143643881953046
0.000145712108480297
-4.97713225153395E-05
4.28569481528559E-05
7.89457403736488E-05
2.25676159268535E-05
5.92312314796275E-06
2.40947622520025E-05
1.70675382828332E-08
3.13806169966111E-05
2.94235146764074E-05
-1.26802568955268E-05
2.27741394539974E-05
3.33682182651245E-05
3.73790904454677E-05
8.2936231677372E-05
6.39802941666494E-05
1.46600958231158E-05
2.3278734142161E-05
1.35915150642134E-05
3.76325526922928E-05
8.39504495293234E-05
5.3729204975979E-05
4.49203078428092E-05
0.0001382501274703
0.000154276617111128
0.000157732180794466
0.000173330788428796
7.82237493010994E-05
0.000122220890190466
0.000129286690483666
8.17391750065144E-05
2.07764390748852E-05
1.45921888132483E-05
2.80553484218229E-05
5.91547431710363E-05
2.87495326451254E-05
-5.53802566358142E-06
-1.28829965164783E-06
5.80962159092196E-05
4.10432253531038E-05
-4.39586183932037E-06
-1.80480700975162E-05
-4.897255437281E-05
-4.52061656938967E-05
-7.9111535016927E-06
-5.09546823378889E-05
-9.97790412812608E-05
-5.86017861063205E-05
-2.04411025517325E-05
2.55387672190183E-05
3.53167801759814E-05
-3.90572603241591E-05
1.48320781827583E-05
6.58964927801159E-05
3.96732991085591E-05
2.9222707991314E-05
3.80761298179174E-05
0.000115911234674431
0.000127048061056219
0.000186188078852393
0.000151691976738254
0.000149825036814099
0.000108199279603069
8.44199193155553E-05
4.7835550626154E-05
5.60914924692461E-05
2.48837223484555E-05
7.89186071679285E-05
8.05914469505896E-05
0.000119939884922142
0.000124376561355305
0.000115789626660259
0.000110789687871363
8.90073391258689E-05
0.000153102292695674
0.000144581280794787
0.000130858283757382
0.000120638193623317
0.000102803983172626
5.788607632497E-05
2.67964067282101E-05
5.0652239527744E-05
9.63238276558166E-05
5.83564446694705E-05
4.34571412890026E-05
4.7735252011751E-05
0.000117672070255081
0.000125702109911384
2.43548708495184E-05
-1.61879992612071E-05
-1.28049715018663E-05
-1.74016989252728E-05
1.96473061357673E-05
-1.36776696117484E-05
-5.49977761908923E-05
-8.33067758663631E-05
-0.000111633303172537
-4.26668988729373E-05
8.12295094886238E-06
5.30403712501448E-06
5.60713340658391E-05
0.000103606534031367
0.000162084667165289
0.000165993270408845
0.00016429605740172
0.000160696350305537
9.91368484014826E-05
6.47028869282651E-05
4.490160519491E-05
2.44023257225517E-05
3.44521317377794E-05
1.72711660413606E-06
-1.1450699837772E-05
5.6106617736259E-05
1.90241278434599E-06
1.82552511189271E-05
-3.9396541059309E-05
-2.55342394008169E-05
-2.83974669548814E-06
4.55926036284634E-05
6.93051943342397E-05
0.000100335997754592
5.45764548209184E-05
0.000141563352589773
0.000142432924340487
0.000289509756881948
0.000203706378760744
0.00014717481320859
0.000150495956665494
0.000217387205093919
0.000166249514396832
0.000168665721522137
3.21898930218547E-05
8.23514254588271E-05
1.68156220127834E-05
8.72387064288811E-06
-5.77961582431899E-05
-0.000136931165607888
-0.000198584857366029
-0.00016359686463071
-0.000112469367652632
-9.08100158768945E-05
-7.20566044638974E-05
-4.76441233278431E-05
7.5159332953444E-05
0.00010988746656035
1.44768131063945E-05
-6.15162163518041E-05
8.11096431896438E-05
7.50030401449513E-05
0.000108536703463207
0.000130136972762707
0.000121717315160555
0.000113392052304907
9.35569246727919E-05
-2.71296265668436E-07
-1.51222918122341E-06
-1.17830295218185E-05
-7.27636889287983E-05
-9.20175540335982E-05
-4.06073863379646E-05
-4.14079035587523E-05
-2.11015362263998E-05
-2.70832468356595E-06
1.29826442881453E-05
1.24153782301078E-05
4.07708123102055E-05
2.20664928792691E-05
9.76200749207016E-05
0.000131459513503623
7.52800296060593E-05
4.43891611793015E-05
2.05881716525637E-05
2.50102070593094E-05
3.93068730478462E-05
-2.00602408234645E-06
-1.80989453681252E-05
8.26619796343668E-06
1.7598402727911E-05
6.63890905127002E-05
4.8678630742008E-05
4.80387367048036E-05
8.73801358062474E-05
3.52921701855939E-05
1.5788513016693E-05
-2.82508663139047E-05
-3.42309929661562E-05
8.89643871616301E-07
-3.01501468244097E-06
-6.47552287392458E-05
-5.93696079995936E-05
-6.21285287023009E-06
5.44248452852559E-05
3.77077534807401E-05
7.0000862865425E-05
6.96251665402733E-05
9.49882494518069E-05
0.000125349670710749
0.000144467315832381
9.34191624281991E-05
6.8902918800634E-05
-9.42535736925592E-06
2.92821612225436E-05
5.64779519882678E-05
-5.30677967752156E-06
-6.59497095384244E-05
-3.82904325571496E-05
-1.24009213691269E-05
-3.88163132839843E-06
-9.95253120247967E-05
-6.16044556012645E-05
-1.82220653590137E-05
8.55913036626876E-05
3.65654304272003E-05
1.99287038524714E-05
3.6567875292879E-06
2.5114793569957E-05
-4.62230817634363E-05
-3.98619721213433E-05
-0.00012257972860585
-5.88433993294754E-05
-8.5041575108421E-05
-7.97826925038603E-05
-8.39177648642046E-05
-6.12662330244969E-05
-5.74749797687566E-05
-8.69238854806357E-05
-3.80933331381767E-05
-4.2595826888655E-05
5.85432354245275E-05
4.57368249007978E-05
7.41224094002597E-06
-5.00909527590685E-06
7.20103500364462E-06
-6.90716115162104E-05
-2.10529264843467E-05
-8.37821325888824E-05
-1.06916599548247E-05
-1.9110640455346E-05
-3.91976738758201E-05
-4.22631198367181E-05
-4.52456813928759E-05
-6.71581866680126E-05
-4.38809664480312E-05
-0.000119614735778076
-8.71110578827232E-05
-8.89941487442182E-05
-7.22672113654333E-05
-6.09064911227091E-05
-7.05956392975015E-05
-0.000127790780659082
3.23422590149186E-06
-5.93671899153876E-05
-6.20427528319149E-06
-1.08380846427036E-05
1.7667365418345E-05
5.70583916442423E-05
6.06841899818425E-05
-3.44739902715022E-05
-4.24934197253189E-05
-0.000103621438395591
-0.000115273046657559
-0.000121703836540528
-0.000137843679788828
-9.18821952470687E-05
-7.47405775480151E-05
-2.5753581079648E-05
-4.0880807539978E-05
-1.91328748017955E-05
-7.08808110062377E-05
-0.0001037429323654
-0.000174631878314397
-0.000182606722141387
-0.000191017794905582
-0.000129880454682844
-0.000122983620030442
-6.94875118052099E-05
-7.54262334994452E-05
-2.79712009362455E-05
8.89491248485487E-07
8.12023655567843E-06
1.27496975259358E-05
-3.04920737402797E-05
-4.99094744861931E-06
5.44988207231859E-05
5.88998004823977E-05
1.40035595939205E-05
5.18744718131704E-05
6.18373789792433E-05
7.1770866453932E-05
5.81129529599875E-05
1.87730133681312E-05
6.1303218622745E-06
6.16489980137322E-05
2.18623674330869E-05
-1.72556785102222E-05
2.06523764981559E-05
-1.87517780251691E-05
1.56099299702078E-06
0.000133591709879015
4.92847879496242E-05
1.17305672035397E-05
-1.27662833267561E-05
-4.47906760501512E-05
1.92632895891125E-05
-9.88834603502256E-06
-0.000124964563519308
-2.0535147793179E-05
3.21692298220654E-05
7.7163109954583E-05
0.000130341639148597
5.69661385973761E-05
0.000131834042320069
9.51574383711989E-05
3.46316070600677E-05
4.13615572552371E-05
4.70455588118108E-05
1.63032958509838E-05
6.67634586838329E-05
1.08049729806325E-05
2.89926506840016E-05
3.26924356657817E-05
4.69749006596819E-05
9.48552380508043E-05
7.55203536933877E-05
4.92947269770705E-05
0.000136098466292606
0.00020613489307404
0.000221437245515862
0.000235360993278376
0.000231327158163042
0.000292330795302391
0.000343443825317185
0.000337521375969244
0.000365722338798278
0.000428379255984103
0.000427398423346494
0.000408187054035948
0.00040577938657213
0.000399768288441329
0.000415342444951047
0.000371434423099194
0.000337738508976636
0.000442094284002916
0.000439068239672615
0.000396740114739326
0.000378243985869813
0.000403981441127806
0.000433990914498409
0.000424849094620506
0.000239539119095688
0.000195609937910011
0.000271167937062139
0.000296463320234314
0.000221424186569983
0.000268271778237717
0.00027083377549388
0.000370086323669425
0.000406580537067917
0.000341423682589164
0.000336070699350436
0.000290968072633141
0.000213836343351052
0.000202349094917434
0.000131525529668669
0.000129842784885448
0.000160512889164458
0.000128886254381121
0.000197640376040859
0.000160459471175721
0.000190985370699695
0.000227754295974098
0.000238282397372652
0.000223197100281128
0.0002292910417488
0.00012984676845029
0.000110953594073166
7.48261191558487E-05
1.64963701880587E-05
-1.20966986661708E-06
4.2952426963731E-06
7.47893280278466E-05
0.000162095250285203
0.000195170807690016
0.000186761235463596
0.000233451019993012
0.000283820240139264
0.00021971792008093
0.000165817650339259
0.000111691989947162
0.00016599391230862
0.000202360962273189
0.000152713281702999
8.25264915970606E-05
0.000121318561241169
8.69347379870298E-05
0.00012037062694947
6.05847988212495E-05
-9.2182420894964E-07
3.96090587880468E-05
6.3650205820635E-05
9.69046640475301E-05
8.85432734165694E-05
6.57751800199626E-05
6.02634063530529E-05
0.000100904688576286
0.000192903443846702
0.00015359705656595
0.000111672759382456
8.76191990045021E-05
9.64533661084107E-05
0.000119972519586586
8.1331070996511E-05
-0.000119008501669384
-0.000108086345275644
-0.000110814412818588
-5.62572231007193E-05
-3.9935206898599E-05
-0.000112329772795824
-9.95865905362438E-05
1.08686117576644E-06
-3.10528137037448E-05
-7.2660539790057E-06
-7.33417277773724E-05
-0.000115650657766791
-6.72936641439524E-05
-0.000164349703130567
-0.000177341433512872
-0.000199647887077234
-0.000189098625925226
-9.94716499482113E-05
-0.000126344664583281
-8.54105353973414E-05
-5.19020539201379E-05
-4.21251555412931E-05
-2.61183639467476E-05
-6.7956639323811E-05
-0.000115186111972986
-4.33680291107476E-05
-9.29629701399439E-05
-3.73740796687284E-05
-8.54822571321834E-05
-5.48780149808147E-05
-2.07681602443136E-05
-3.83413434898098E-05
-8.71565877329257E-05
-6.21414208260634E-05
-5.65782079260344E-05
-6.4628714418766E-06
3.68443428084224E-05
9.482892935591E-07
1.60342560439847E-05
3.67109052443279E-05
-1.02826132838621E-05
1.0428253020238E-05
3.9934658166929E-05
1.84648114316558E-05
4.77283870678806E-05
0.000101690989645564
9.50074148859611E-05
0.000117029010755352
0.00011450274635738
8.11131200358946E-05
6.25469878656909E-05
2.88741948513786E-05
-3.83966003491664E-05
-4.51897693200741E-06
-1.60911785685683E-05
-2.87053636159431E-05
-1.55131660804825E-05
-3.799151239459E-05
1.37659669409155E-05
-5.92189714551191E-06
1.97473265582066E-06
0.000130355605176743
0.000103394770404231
0.000114159107660497
0.000156599094122916
8.91130228071455E-05
0.000110902154298638
6.08596448834253E-05
-5.68452537355571E-05
-3.25430241679762E-05
2.9864952809518E-05
-2.35537464251519E-05
1.46633112960935E-06
1.02870340459575E-06
2.31068057873383E-05
4.86982241042377E-05
4.31428273640168E-05
9.5118212616028E-06
5.32416708054868E-05
6.45123460723234E-05
8.20437546732997E-05
6.58355089358391E-05
8.81208245743768E-05
9.50861552166612E-05
6.65395669354434E-05
5.27958184113622E-05
8.28127000346452E-05
5.21588863613672E-05
7.50386828466211E-05
-7.85499782874518E-06
-4.88246101732781E-06
-2.78775200097805E-05
-3.72212723757623E-05
-8.48959187176841E-05
-4.21259313516839E-05
-5.3030958351359E-05
-2.29860834098934E-06
-3.38145555612199E-05
1.58072471438935E-05
1.63807365384352E-05
3.08838779600573E-05
2.53695911364768E-05
6.83389009063107E-05
5.58737322920606E-05
0.000159501333948929
0.000104085445527519
0.00010111539004099
0.000110485462826053
8.65182576123686E-05
-2.87240142065919E-05
-3.664259970719E-05
-0.000106079967687684
-0.000107348707174672
-7.3068563832986E-05
-5.848531712225E-05
-6.16315467363595E-05
1.84620375419448E-05
4.6633445700019E-05
3.48865314107517E-05
4.47034797475183E-05
2.82526291448424E-05
3.96362676522878E-05
4.18744201462538E-05
3.29137696736331E-06
-5.71052813523815E-06
-7.98641328192523E-06
2.13418990217357E-05
4.63465908825355E-05
9.93400938721807E-06
2.6083846953087E-05
4.8387470458917E-05
2.26252917382988E-05
-4.58793649937708E-06
-3.84362293074861E-05
-6.27244916586629E-05
-7.9353949899395E-05
-8.65030329769419E-05
-5.19066871234084E-05
-3.01961865026227E-05
5.5720721494114E-05
5.15149693958211E-05
5.33683490721355E-05
9.6599857161433E-05
8.98399079560164E-05
8.98019224325158E-05
7.13261902572443E-05
6.32703130294023E-05
0.000120113699545933
0.000201448368699108
0.000162173567855651
0.000161386828398099
0.00012760167786186
0.000190008234842405
0.00014013473398896
4.05855858172092E-05
-3.81445979863542E-05
-1.42241970463714E-05
5.99777952235509E-05
6.01747539871348E-05
1.3808363665787E-05
3.53879510254755E-05
7.27452779780515E-05
8.48770326350625E-05
7.12899260139353E-05
-2.3674822522374E-06
-8.75271791630527E-06
-8.3134223880539E-06
-4.92793945531698E-05
-4.32918722472106E-05
3.9630606399166E-05
3.83959705979291E-05
3.50637185168097E-05
9.45426942966887E-05
9.28707237888726E-05
0.00013102542692072
9.61314261570086E-05
1.91586237899836E-06
3.54999102273029E-06
4.0622055469458E-05
8.00397142582713E-06
5.51833900409535E-05
2.95556945473951E-05
8.0831096265159E-05
5.56138595398658E-05
7.09502241255255E-05
8.1425248338137E-05
7.02181637782699E-05
1.56290032720507E-05
0.000110416717709866
0.00015546161097725
0.000178366344255199
0.000191546184885639
0.000214523435860871
0.00017042966800322
0.000182194063910106
0.000132051810672839
0.000101568330378353
2.34530191799461E-05
4.74688533039435E-05
-1.76899087736521E-05
4.57031914560264E-05
4.62429641674949E-05
2.64173456992457E-05
-2.05904677816592E-06
0.000105559384817597
9.60865914392258E-05
0.000131258521425694
0.000126161409237153
0.000127848101518777
0.0001233892450339
0.000156808408620548
0.000101604488674896
7.54592590906422E-05
3.46712956752164E-05
1.38730632682143E-06
-8.49612378788283E-06
1.06858510861292E-05
7.37880932419112E-06
4.93748080333803E-05
3.51257834639592E-06
2.17073454621999E-05
8.67307317303173E-05
0.000115795011341272
0.000107632512256863
0.000151276962053369
8.57517361669894E-05
0.000149739534044279
0.000158838383042169
0.000142169402911215
0.000121870913430803
6.60843080538548E-05
3.84101536294553E-05
7.0571856577819E-05
6.39981192897826E-05
2.79860728667073E-05
5.3388434459663E-05
9.04639609057825E-05
0.000138818633139631
0.000122784230817301
0.000151910481319323
0.000120238594136935
0.000115133324958445
9.50074971684348E-05
0.000105403302211772
8.89158547868358E-05
6.9706170076474E-05
6.1805008042194E-05
6.84994241314407E-05
6.29370098446703E-05
6.88613253450183E-05
1.33279889794455E-06
1.18597925822494E-05
6.78771891065998E-06
-7.83800116454076E-06
-8.38327314607919E-07
2.61942551580045E-05
-1.80044788166662E-05
5.18507008330898E-06
3.35873462552051E-06
-4.81702308356036E-05
-1.48472269848753E-05
-1.54268325764881E-05
-1.42758818105228E-05
-9.95913237740276E-06
-2.81197713957933E-05
-3.51855144551526E-05
3.71862858574466E-05
-3.46028204524023E-06
-1.0957451698129E-05
2.09116278610839E-05
1.73484068144713E-05
2.65266955546282E-05
7.17562023673315E-05
4.27643214648793E-05
0.000112436806364151
0.000152325735345926
0.000118979239191382
9.43667389240664E-05
0.000108533975495376
0.000150806224327391
0.000157793508467051
7.05141476033198E-05
2.85593107123528E-05
7.82770058438083E-05
8.79632521809303E-05
8.90746460610512E-05
-2.27211577435454E-05
3.60251486918693E-05
7.96865563427294E-05
6.87470633264531E-05
-1.49263506386849E-05
-5.62164478781724E-06
1.33053905520527E-05
8.67671944509316E-05
-1.98247035540339E-06
-3.72409168264131E-05
1.85497702771142E-06
3.88604785371681E-05
6.54605640690323E-05
3.77182428573057E-05
5.35358976731821E-05
3.81074665831387E-05
5.19712385152904E-05
1.91952542270109E-05
2.06508414952952E-05
1.02789858997998E-05
2.1998235260638E-05
-4.47467400788545E-06
-9.45030354830809E-07
6.63958436221614E-06
2.46548707086718E-05
4.73264224032371E-05
2.50766718035679E-05
-6.70430179907165E-05
-0.000129482363942301
-2.87421455079254E-05
-3.40000640579826E-05
-2.66868179025572E-07
-3.21505109465264E-06
-3.55551552235854E-06
9.62702085536372E-05
0.000148067570201713
0.000141978557641451
0.000175959764925303
0.000150318926255674
6.11899748892091E-05
7.24158065939799E-05
4.67909891997639E-05
3.64410316317505E-06
-1.423836291604E-05
-3.6874749449739E-05
-5.5607676588065E-05
1.77329738117817E-05
4.31277250741367E-05
5.50667481817243E-05
9.2396735270094E-05
9.77969924815187E-05
7.81322306722277E-05
2.79367521295921E-05
-3.00976542749848E-05
-5.37950591592171E-05
-4.81182518067732E-05
-6.15228549067909E-05
-9.92607067011321E-05
-8.3813502016622E-05
-1.70223469526001E-05
4.15836372653003E-05
1.01512512775248E-05
-5.86436200064689E-06
-6.3895571169053E-06
5.80695597279986E-06
5.52013064250788E-05
6.75792250877385E-05
-2.6567147461178E-05
3.94960451664919E-05
4.33601483480671E-06
4.1992158644624E-05
2.8924204198335E-05
-4.13854095224828E-05
-7.95845221646712E-05
-5.31921928163288E-08
-9.70824014183396E-06
7.06047439821288E-05
4.24003550953734E-05
8.25281094523572E-05
0.000174888831452782
0.000268062962064235
0.000263902198760659
0.000207638694887239
0.000135599766943972
0.00014709390394251
0.000104515549585092
2.22226927813142E-05
-8.38312201560958E-05
-5.19005881781819E-05
-2.05898573224995E-05
-4.27450100043066E-05
-1.51724695211294E-05
1.20093540551135E-05
3.33812927693496E-05
8.97245681325947E-05
7.92393811355824E-05
8.86798354478362E-05
0.000124270009920677
6.65310919042111E-05
8.90224662552569E-05
7.67127339236242E-05
6.56498917618932E-05
9.38647272974446E-05
0.000123972771537377
0.00014327056674328
0.000127576795752343
0.000143459029914962
0.000149145762373345
0.000116402173381948
0.000131276985550072
0.000113836989635597
0.000113377107877885
0.000135263381400881
0.000100390440901393
0.00011883812868685
0.000149305111353634
0.000144874803946259
0.000102981423998062
0.000122885335151774
0.000125769247752623
0.000120912853937117
0.000118734077584753
0.00013460659775378
0.000145631921313233
0.000236730859533765
0.000250132130746606
0.000231523468081152
0.000282144756086447
0.000304129007993358
0.000318953359114094
0.000269227487663159
0.000244291500482236
0.000269746200762707
0.00030727931058183
0.000296398987509969
0.000255442060181178
0.000233579666481072
0.00026567394577175
0.000218739650443587
0.000173239163590536
0.000223785605246727
0.000142385778687384
0.000214716678661488
0.000186856434694576
0.000178928575890769
0.000182036117588161
0.000192645410546394
0.000161545198350727
0.000189466680075791
0.000140793689193607
0.000143252028764445
0.000158838283224449
0.000105671705165718
8.1536774273642E-05
4.37334514332078E-05
3.85310230387476E-05
-1.93702076778844E-05
-3.66002217038446E-06
7.20299134969481E-06
3.09921044962891E-05
5.08656472732175E-05
3.31447256785167E-05
6.24560863707987E-05
0.000112025670058924
9.20299287550594E-05
7.40369783517958E-05
0.000109648819876826
0.000167267767897475
0.000216220715911466
0.000110984540969644
0.000151886881124421
0.000127446808690428
8.8743488535279E-05
6.32304295140938E-05
-5.04098732625343E-06
-7.77894824029087E-06
6.24003684757672E-05
-2.70435741057978E-05
1.20324651960296E-05
2.80087713913764E-05
6.73864973551584E-05
8.41517036175727E-05
6.6064543392857E-05
0.000100328259596755
0.000131288662937038
0.000112165006883679
6.57110851423234E-05
8.28425472603045E-05
7.78025461320241E-05
5.48366291883866E-05
3.11232080391452E-05
6.68969100668793E-05
5.98152855715302E-05
0.000134923813957016
7.68479350474175E-05
9.3754357162566E-05
0.0001202061174509
9.58283030112523E-05
6.60618966505365E-05
0.00013181826451391
8.24848368917896E-05
0.000109848229111679
5.64378609207085E-05
1.2580536396951E-05
2.97191160766579E-05
5.6942853513409E-05
-4.90164839516242E-06
-1.28089864592817E-05
-3.39750889770497E-06
1.50034991475972E-05
7.04350105684346E-05
4.50085448070913E-05
3.9389725444015E-05
5.59391725291488E-05
8.85736952969407E-05
3.24329806828338E-05
4.56704055011674E-05
4.22304582191665E-05
2.3058317889854E-05
5.23527323972978E-05
5.50720005547504E-05
1.67374144360644E-05
7.49154431518079E-05
0.00010204905712542
1.868188218206E-05
6.84368250066883E-05
3.58794935999492E-05
-1.51137496749835E-05
6.91056742834222E-06
-5.67538911379276E-05
-0.000111226274417484
-2.3096401398208E-05
-5.14775415113789E-05
-3.73149505894804E-05
-3.83716845649906E-05
-2.11796990984335E-05
4.41461101820445E-05
2.46773139162656E-05
-5.19626594444896E-06
4.21878056176816E-05
1.00446596716205E-05
4.22983702842398E-05
5.12690848281685E-05
1.65291470545474E-05
0.000125937877385628
9.61356488837692E-05
9.56212129192689E-05
0.000101728244400674
8.47037069439812E-05
5.64075191159279E-05
0.000114636427987453
4.47512167155883E-05
6.67504078404274E-05
6.20739659203559E-05
4.93436852304116E-05
0.000115229380012836
8.45891489157179E-05
6.85562239433849E-05
4.30395481974603E-05
2.01757682658028E-05
-3.67176918916162E-05
5.73355595248117E-06
8.59048444670074E-06
4.11730598976272E-05
-2.33263244874471E-06
3.11144390185046E-05
7.17525671737897E-05
0.000125748366054416
4.77962889011099E-05
2.38883340476735E-05
5.26539155337957E-05
5.26103757637272E-05
3.10836188429933E-06
2.50366892500077E-06
-6.1069951451447E-05
-5.93003734103493E-05
-7.65952758529366E-05
-0.000110628232827206
-0.00015979316025744
-0.000114855391492489
-0.00010478791238193
-2.73126686812706E-05
-9.1793854160942E-06
-2.77958482058766E-05
-1.49284128178567E-05
1.46598601538879E-05
-1.18305448329475E-05
-0.000112429434967142
-9.28670323418947E-05
-6.73981746651226E-05
-7.28244136508796E-05
-8.68353968618311E-05
-8.3250083057696E-05
-4.33812493517833E-05
3.35591122979017E-05
2.5246682499805E-05
-2.00195179680193E-05
-3.22206940448266E-05
1.31886648284508E-05
-2.34210679240847E-05
-9.62417958754184E-05
-0.000136155244433392
-0.000202221781875548
-0.000144517433681582
-0.000156337707866455
-0.000190837705336403
-0.000129488343072896
-8.23263175164346E-05
-5.20336372682541E-05
-7.48251300255131E-05
-0.000158130663775793
-0.000209898096000444
-0.000183877659764646
-0.000160591810933071
-0.000167501272565086
-0.000174850794460585
-0.000129205029599712
-8.88635710996221E-05
2.3620703207287E-05
-1.75909470476397E-06
-0.000135423446159952
-0.000151096049060576
-0.000112239498693464
-9.07144442699188E-05
-9.61646870278847E-05
-0.000118398818579076
-0.000152782156796539
-3.62075583664658E-05
-2.60439911270208E-05
-3.20787701334394E-05
-8.46567093812401E-05
-0.000182071913713022
-0.000180084582296051
-0.000122099508675012
-0.000129032350765782
-0.000182976367459623
-0.000189870392723353
-8.68017006660291E-05
2.92780162968588E-05
-1.88371380148329E-05
-5.84646712018452E-05
-4.95443386446141E-05
6.95407983595183E-05
7.83819597823587E-05
-2.4186720467416E-05
-0.000130274514774696
-1.70767762083015E-05
3.26063673117763E-05
3.47941830589771E-05
-1.52572288527033E-05
-5.71251821727833E-05
-5.76734257167357E-06
5.23214276819787E-05
-3.74280005479768E-05
-8.65812440441282E-05
-0.000131902505338027
-0.000147750919376501
-0.000118494073532692
-0.000101214860214956
-4.74090225015582E-05
1.57381557148247E-07
-1.02709865397473E-05
2.0522064944374E-05
-3.2848376520006E-05
-1.85419401382353E-05
-4.99596876614511E-05
-6.04462189039698E-05
-0.000122562626326876
-7.19984837534551E-05
-8.87610467492407E-05
-1.20668332301954E-05
-2.17221856257074E-05
3.07061171026544E-06
-2.98452424563735E-05
1.13353260600548E-06
-1.97714779401248E-05
-4.9318219180878E-05
-5.12028346221457E-05
-4.31164569191217E-05
-8.98977495014961E-05
-1.06096735732655E-05
-3.48319962328379E-05
-0.000145130930246798
-0.000107159752093821
-0.000135421467453485
-0.000103347462121353
-8.48807218460235E-05
-0.000171223941121612
-0.000146431370537862
-4.25226886669205E-05
-7.52664030256491E-05
-5.26540207337318E-05
-0.000110338110209188
-0.000174600660876365
-0.000161662484548189
-0.000218218500965102
-0.000224411531205261
-0.000150441819842642
-0.000182383952805542
-0.000269611265741314
-0.000141987028412496
-0.000120716823455338
-7.80858468017265E-05
-0.000105434535914083
-0.000163529340658569
-0.000157954161168582
-7.96178147833142E-05
-0.000143978813598724
-0.000137683791701257
-0.000148203455256029
-0.00015448662301041
-0.000137578755217025
-0.000127780541364944
-0.00012377365960408
-0.000138639250435224
-0.000145464106336126
-0.000125088122544394
-7.51437745467585E-05
-7.20009955807724E-05
-8.51437910474428E-05
-9.54338228984627E-05
-7.27466842766407E-05
-3.99729371380272E-05
5.77750874613046E-05
8.92654319185252E-06
2.37709014933238E-05
3.85923459120711E-05
6.15561358109008E-05
7.21200342879791E-05
0.000169942680116897
-1.39757523037939E-05
2.77207944122206E-06
2.25006347047262E-05
3.36696927188346E-05
3.59773131655878E-05
2.84105731033811E-05
-8.11198569351281E-05
-5.66668281889178E-06
4.96433087886567E-06
7.18019926421348E-06
1.01421759360796E-05
-3.63940833033352E-05
-5.62790840110917E-05
-5.96867690198851E-05
-3.29688502668061E-05
-4.33340411428548E-05
-9.3777244799701E-05
-0.000117174415266231
-7.22438007223684E-05
5.70969319722035E-06
-3.5599263521707E-05
-5.45328858909604E-05
-3.88707057048209E-05
-3.38880025421213E-05
-2.1394779878061E-05
-3.66549397409947E-05
-9.56968364994834E-05
-2.6050426648726E-05
-5.4210202927105E-05
-6.83582547619695E-05
-7.37596345850896E-05
-7.07302474973792E-05
-6.90962646524101E-05
-7.69052750228622E-05
-0.000123858442511088
-4.11899516261579E-05
-2.46792144750555E-05
-1.72003358292382E-06
-6.33203591551242E-06
1.15112550051764E-05
-3.16531563292134E-05
-1.42789653846804E-05
-4.37283299145579E-05
-4.37283299145579E-05
3.55597120419472E-05
4.20986472678737E-05
1.21215248545313E-05
2.47432369088788E-05
1.26537968035195E-05
2.37845942317902E-05
4.59575582115445E-06
-0.000151604629765028
-0.000103984716794851
-4.5619323985166E-05
-1.24821138900006E-05
1.88052603133972E-06
3.98270497390783E-05
8.6193737277086E-05
0.000118919648184441
5.27401276958912E-05
5.88596266592586E-05
5.55239532670404E-05
5.10865689586487E-05
-1.93032499268416E-05
-3.19765607194055E-05
1.21024705155098E-05
1.17728266228399E-05
-2.2365888388368E-05
1.89817361735561E-05
2.77467891798386E-05
8.80807914719497E-05
7.38167803529698E-05
7.21117920685193E-05
6.20428404451471E-05
5.34731293222211E-05
1.39966853173018E-05
-1.64866411473136E-06
-4.58800977846309E-05
-5.04607169113785E-05
-3.46832052733291E-05
3.47081824783321E-05
6.05007355008581E-05
0.000107105624108578
9.20002267476604E-05
7.79903458096046E-05
0.00012142274998735
0.000152205526929442
9.40465031407774E-05
4.22897396135855E-05
2.8480156022309E-05
7.74097744204241E-05
0.000108758768882188
6.15582587741515E-05
7.79001767032952E-05
0.000121589653091579
0.000217154710886746
0.000194321191783186
0.000155956931223994
6.43431879904728E-05
0.000123776492355361
0.000131829795170258
0.000127589204829368
5.10443152807129E-05
8.79391414950476E-05
0.000105269164630156
0.000210004827629602
0.000194333897138705
0.000105110641805552
0.000106845717325065
0.000102935046092469
5.29282649915947E-05
7.87443721548652E-05
6.27673965869666E-05
3.68823124335303E-05
9.47751003151075E-05
7.06350809381539E-05
0.000135850621520672
0.000155028563951993
0.000134341682631968
0.000146181623068705
0.000138904621401105
0.000175895638014137
0.000215097641162712
0.000135554274469713
0.00013458560702256
0.000130664710472488
0.000100178725737165
0.00013026046995212
9.44578086653877E-05
9.32316169853528E-05
0.000230523612018407
0.000106473666895607
0.000115548617197303
0.000137809447633876
6.50508836845836E-05
2.68341679925247E-05
1.54430895866176E-05
-4.18480074992956E-05
9.27580925192315E-05
0.000107771032940312
0.000106727018865181
0.000159090963202769
0.000173120858143362
5.81714130067867E-05
5.08257181938421E-05
3.0325530597282E-05
3.93798238270831E-05
7.98444343813158E-06
1.58379978393251E-05
1.0710668697956E-05
0.000117861975421615
7.77900501073653E-05
9.23516154936889E-05
8.23484042245444E-05
8.85192700728213E-05
5.20034784121476E-05
7.77858498533376E-05
6.72640412751523E-05
9.96820599241111E-05
0.000119255128827145
0.000102845804715691
0.000115283114508251
0.000158851957273194
0.000124226770222937
0.00012629416826916
0.000117474168646292
0.000108887055000011
0.000103423124280466
7.17555463183449E-05
8.3188471953667E-05
0.000104541704135466
0.000102207823072725
0.000134476799618593
0.000144375657035164
0.000215195093647825
0.000250900998560671
0.000239176610863713
0.000243650770486923
0.000230326433837515
0.000152699072241643
0.000130551112158232
9.64609092301479E-05
0.00010235379118626
8.95760505478343E-05
6.91083674001704E-05
0.000102939125256034
0.000107968154662665
9.99540239697881E-05
6.67406705248361E-05
7.19449145692028E-05
9.07221346140781E-05
3.82242317626408E-05
2.70161804821298E-05
8.26886311629678E-05
6.57464584946943E-05
6.0825309826001E-05
7.47233890068637E-06
-9.4102805789831E-07
5.97092528056431E-05
7.03004219632554E-05
4.17488040001181E-05
5.46620040069763E-05
8.07513640711782E-05
0.000134340179440503
0.000103813640406919
0.00010277975927238
8.79803932875831E-05
0.000104926048382423
9.97578375403842E-05
5.65686081369408E-05
3.18153813701619E-05
9.4311650381382E-05
9.73968658683217E-05
4.06241029039932E-05
4.52542138660817E-05
0.000103169388878786
8.33504195336756E-05
0.000160512663614178
0.00013549214855925
0.000112118476959536
0.00019488771532565
0.000191499134430056
7.59618856260205E-05
0.000142921492154722
0.000101889000402242
0.00012883833406641
0.000138640964926169
9.73330545361526E-05
0.00010733446230306
0.000179858045648798
0.000155836336924423
0.000137310703306603
9.72098122202031E-05
0.000114143524858909
0.000130134709322585
0.00013038019983182
0.000135157774659046
0.000150613459937258
0.000165623984525598
0.000190917918999034
0.00016355953620206
0.000180340218408903
0.000153287593267067
0.000183515764291801
0.000169309658841999
0.000118832584092393
9.74272536185576E-05
8.92649940249552E-05
9.11128698723695E-05
0.00015612894735436
0.000103929022119174
0.000110022593896523
0.000120649202330463
0.000109302719142824
0.000127512117045096
8.29982371249027E-05
-1.33608805007604E-05
2.46627172881356E-05
2.42977795193602E-05
4.58299986259618E-05
7.73225442929308E-05
0.000152205209603872
0.00017069020537456
0.00018792926868477
0.000154094721484329
0.000131680960437081
0.000142202417915381
0.000134174625566256
6.62385423775275E-05
0.00010135582551181
0.000129209463704642
0.000145343584780254
0.000205535710571108
0.000248607500956474
0.000216369917914515
0.000213450385447221
0.000202586924475345
0.000196340830694913
0.000173159899366484
0.000172226793222617
0.000100395631731302
0.00011917624510938
0.000121987053568463
9.81656206251052E-05
0.000112857956551379
0.000189905519442797
0.000151503134621851
0.000145906835265377
0.000135132401241648
6.29807137695826E-05
0.000100586943537451
0.000121352020364808
7.20764981922655E-05
8.00145413367164E-05
0.000135397694580463
0.000218053476759477
0.000317707932363693
0.000304635145678821
0.000267096040404191
0.000239480530989842
0.00018734861072354
0.000146668868040481
0.000111572575804615
8.99512484130362E-05
0.000116040201767286
0.00013361746928753
0.000143425485848226
0.000198589479001493
0.000150232729477758
0.000137649417405307
0.00010879575148443
5.96646334091403E-05
4.48634252341018E-05
3.03842080304052E-05
5.18323292625372E-05
5.68051535879032E-05
6.22138559149946E-06
6.19728353861902E-05
5.62357378741389E-05
4.69023557739943E-05
6.45094069370948E-05
7.07044305063953E-05
0.000134199506433407
0.000142622960033168
0.000101528410586693
0.000125629869377476
8.54981669943426E-05
0.000107488292527845
4.43755021834424E-05
4.54314799354856E-05
7.79600668701219E-05
8.88581835621315E-05
0.000101080100045071
0.000163744600509659
0.000152534651836665
0.00018280403752513
0.000196879474391679
0.000142521414863715
0.000138917256462858
0.00011785318753581
0.000104382009129364
7.27694929158155E-05
5.94909733999839E-05
4.63691884801855E-05
5.31502598977904E-05
4.27712983561117E-05
4.63307081328704E-05
1.70292616919188E-05
0.000134436684404588
0.000144389406414921
0.000124528311198067
0.00013737427622841
0.000125382134325892
0.000116723958050282
9.47674092321664E-05
-2.37690795468568E-05
-9.39504609763771E-06
-2.86644103322135E-05
-8.02842899411157E-05
-8.32944530454606E-05
-8.43434066285774E-05
-6.28625308025009E-05
-4.5498672747649E-05
-0.000106027747048838
-8.98803402148502E-05
-2.18763979915979E-05
-9.58349137236559E-06
1.93156767285052E-05
3.47255237207802E-05
4.00117678227901E-05
4.76078832607414E-05
9.07353990332029E-05
0.000116990650322612
0.000116414433755593
8.66187505263499E-05
5.15309423304775E-05
2.53236605138571E-05
7.8388857690363E-05
3.57867864173359E-05
1.47950882028885E-05
1.46298753601229E-05
-1.01236097318765E-05
4.59752108106149E-05
7.68005173648745E-05
2.75592471761142E-05
4.18823575610141E-05
3.752965997964E-05
6.06961971162669E-05
8.3945560935871E-05
8.43699427792901E-05
0.000110518943946528
0.00015011399905635
0.000227534219589524
0.000204260062833886
0.00018312198316702
0.000158630142983335
0.000159300924484013
0.000130218039822305
9.51259476823073E-05
3.65196397166766E-05
7.65741092846985E-05
6.9985448947795E-05
8.16011101224048E-05
3.39499951523214E-05
2.3690408913005E-05
4.55890222256789E-05
7.64984393534724E-05
1.41220242978103E-05
4.16718070414246E-05
6.69223320831351E-05
9.9929567050266E-05
0.000130695974133397
0.000138849991824414
9.91132417790678E-05
0.000153602636993376
0.000145789061664794
0.000155829454171548
0.00018490385442615
0.000173736055755042
0.000177661210798909
0.000127857734284834
0.000127536909919161
0.000181476415166828
0.000167126232428963
0.000124190043131608
0.000126626608542751
0.000154200140532718
0.000208645950789563
0.000211860469536246
0.000209341973129027
0.000192104708169789
0.000228106711872286
0.000284127387127932
0.000203692415340947
0.000173910902058064
0.000235526340132639
0.000227080513684793
0.000263444350372576
0.000282270685925294
0.00026361033271465
0.000291108981553922
0.000326969562414602
0.000250909077763808
0.000241882243861987
0.000249130719577009
0.000232103675097376
0.000143444117983171
0.000121743057524594
0.000137586126613814
0.000136727891010279
0.000108173652053298
9.02665330987258E-05
0.000104818682303127
0.000168134302342349
0.00022743535389431
0.000170977751883894
0.000192227007779058
0.000230676712710539
0.000226453263806205
0.000212187294382325
0.000204240897415663
0.000184966612631168
0.000242423391261878
0.000244257312438702
0.000256890922672341
0.000261344941507012
0.000233179288825126
0.000229435740670397
0.000255907109693923
0.000215926822740247
0.00020404905632201
0.000137423181787175
9.6933751839246E-05
0.000138074522081129
0.000188682183968856
0.000189175232736009
0.000189861914026179
0.000187826520381117
0.00014720253303143
0.000283573989057219
0.000249405768022256
0.000173225788837445
0.000171269876633283
9.25025480319174E-05
0.000100219516673477
9.56296322650544E-05
-2.42923661268244E-05
-3.53513886525139E-06
-3.03398255849285E-05
-5.90018379666093E-05
2.40548084714154E-05
-7.73854526696131E-05
-4.01433173130559E-05
-1.84409115116923E-05
-3.87267711664556E-05
8.48177320242683E-06
-2.24972606510394E-05
-6.10416564516088E-05
1.62273605052205E-05
3.81926283448018E-06
-8.52459224888265E-06
2.84204070578391E-06
-1.2549617496657E-05
4.63185389410212E-05
7.35174484061619E-05
9.88980828182543E-05
0.000164211202974019
0.000167159443467032
0.000130406640104715
0.000140902228052156
0.000104948304902373
0.000125217641358031
0.000114348468254423
6.56050452615247E-05
2.20911968254216E-05
5.92380545651482E-05
2.43579994419669E-05
5.69684259974215E-05
8.55607265884728E-05
8.94415641617644E-05
0.000143076160127819
0.00018588254728877
0.000186434834071271
0.000297522753646722
0.000302558765980792
0.000273618743251701
0.000258593799186996
0.000223543602939613
0.000246268156999827
0.000231257169899122
0.000185504537555517
0.000125493164595123
0.000140528706281766
0.00013954842621679
0.000135426704320097
0.000184358791939036
0.00020008577455258
0.000198481153347266
0.000261319701091333
0.000210716753654475
0.000223815849394661
0.000212775049140621
0.000140293777410328
0.000166163172220138
0.000109676327586625
7.99229396030381E-05
0.000132886809065902
0.00010503597277328
0.000136509683497271
0.000141867898392007
7.49540433816937E-05
0.000142415837657673
0.000161473614918366
0.000139966565320078
0.000158907499022204
0.000192949920843071
0.00020936928489925
0.00022655470373328
0.000240493133244201
0.000229581575802733
0.000271115613841299
0.000283617896777257
0.000272243811139115
0.000218042107499073
0.000230179204587459
0.000220926219293121
0.000285569465749166
0.000279622244270968
0.0002996756413198
0.000271029263604867
0.000322334756615135
0.000407419619963824
0.00037296874363402
0.000328546311102467
0.000273328965715326
0.000206003289681562
0.000187554706227419
0.000159123199082521
4.94741661921204E-05
8.86521406566883E-05
5.68112104072451E-05
8.42923023716191E-05
0.000113327368508708
0.000120053679094678
7.09031751419404E-05
0.000127756178742268
4.96393973894987E-05
4.09487470836466E-05
-1.10159529403334E-05
-1.07139321340522E-05
-7.99211682017179E-05
-2.15203365093041E-05
-4.34349671885753E-05
-1.63156076222596E-05
1.09669582244598E-05
6.41068100726942E-05
8.43659054361518E-05
0.000161586442283519
0.000117159548568637
0.000100400287546691
0.000112155491295963
0.00010427202651151
7.78796600466955E-05
9.39564104430461E-05
7.76936937815873E-05
0.000167432045640675
0.00023394255928941
0.000232198514007315
0.000246538651532963
0.000303498087525122
0.00030700597479765
0.000310632488122188
0.000291275290827691
0.000221768373168624
0.000210775855899725
0.000195415660165145
0.000210581380372039
0.000180163793071773
0.000203488562273195
0.000191216966060752
0.000202451917370889
0.000192732731250395
0.000178366757237161
0.000174718641223598
0.000159549122326699
0.000147766951827277
0.00014719691454531
0.000134266468800156
0.000180034850901637
0.000210804667507407
0.000140300780231177
0.000200790595736105
0.000230336949800338
0.000191371522853095
0.000202080880917895
0.000144225698942064
0.000166789315937239
0.000196299578536255
0.000135785727484516
0.000111520562554101
0.000154209998488544
0.000122021044052027
0.000124760784552121
9.73586744225449E-05
0.000120545649697032
0.000125970193867121
7.43973650150922E-05
4.63464398936429E-05
5.6687010945386E-05
0.000101236359877684
7.51150692907898E-05
5.65883020894531E-05
6.47654433020622E-05
0.000171407134822919
0.000195769730342468
0.000260547077532588
0.000205692952058041
0.000154782650350495
0.000138494613578331
2.82570082934684E-05
-8.21572111345632E-05
-9.97061703615499E-05
-0.000179120546278584
-0.000106510841117553
-8.16532845165545E-05
-6.09841963250793E-05
-5.2886483155455E-06
2.3957777757509E-05
4.33480161314174E-05
7.51359747922408E-05
9.32714296097289E-05
0.000147760897774245
9.30388466510115E-05
0.000138733302443338
0.000161590768351101
0.000126688443635444
6.7195481648124E-05
-3.81248647431527E-05
-9.06517729800196E-05
-0.000138722348117454
-0.000141600709762052
-0.000152081326583447
-0.000160237329145993
-0.000129067988655374
-0.000104271053610019
-9.61562086025856E-05
-3.71504712438171E-05
-8.45155936625137E-05
-8.01187046292219E-05
-7.90079152963053E-05
-5.64656837777314E-05
-5.05772766220554E-05
-8.81911867216545E-05
-0.000170376714415126
-0.000130912919637634
-0.000143460189161089
-0.000151358860537496
-0.000100617299942993
-0.000136713137715778
-0.000113857389300237
-7.46443601260198E-05
-0.000212943477932482
-0.000319938993182127
-0.000280141571852279
-0.000306755949775767
-0.00033176445006061
-0.000377677201382618
-0.000370234454464824
-0.000238632717454944
-0.000188064065459368
-0.00027372830070723
-0.000358064451789283
-0.000339633652500888
-0.000315771084412921
-0.000340816071208738
-0.000366112422175125
-0.000349712436948917
-0.000312716115678706
-0.000278068066858414
-0.000262760129001985
-0.000227871039837456
-0.000179726365410814
-0.000177903172881476
-0.000161609493665743
-7.93008356117109E-05
-6.54702665484038E-05
-7.61831930415633E-05
-6.27712562922519E-05
-4.48934344222321E-05
-1.94848423874175E-05
-1.33229106055656E-05
-9.16478540476508E-05
-0.000114152314432067
-5.69945940430828E-05
-5.72445743185261E-05
-7.11002938474123E-05
-5.46934653384676E-05
4.99097261598486E-05
7.80249722757089E-05
0.000111887973611555
4.8999733181704E-05
6.01774786468405E-05
5.94686296328031E-05
4.1985413583531E-05
-8.22461308336963E-05
-0.000147305355742208
-0.000130223177749278
-0.000190448299932852
-0.000286573434985804
-0.000260052927659384
-0.000241068812410467
-0.000273356568207019
-0.000200454646542218
-0.000359621500059083
-0.000254896819042754
-0.000115017368258311
-0.000149051118824987
-0.000165750597561293
-0.000118747106061831
-0.000169923801361177
-5.26873811424199E-05
-0.000109663680147613
-0.000192211813077815
-0.00018289166743437
-0.000227508176390765
-0.000164882371038853
-0.000130670798096018
-9.98486313190538E-05
-1.53348549279051E-05
-4.77106020094228E-07
-2.17808867498541E-05
5.29767611871332E-05
-1.67966974703832E-05
-4.57933416244704E-05
-8.89331850839202E-05
-0.000119194345964977
-5.30403458552721E-05
-3.20149633327811E-05
-2.98798990453566E-05
6.89920297290017E-06
5.15511777293681E-05
3.87263869997049E-05
7.50376213179705E-06
-1.98145806142789E-05
1.46208460741793E-05
-5.09604036243451E-05
-9.16835795245757E-05
-0.000184510705868293
-0.000126294827668324
-0.000109657414454526
-0.000131103551221165
-0.000132424809429202
-8.6564124420365E-05
-5.38673074825749E-05
8.49530395004087E-05
4.36632927066391E-05
7.84758032471509E-05
2.609679302902E-05
-1.90918288745111E-05
1.58295565091327E-05
6.904598862594E-05
1.94892380910173E-05
4.70105810238365E-05
4.3514193441797E-05
0.00011057726235366
0.000120196890310465
8.30044637245661E-05
3.47691035966138E-05
3.68628301074994E-05
-2.26581467603173E-05
-2.19251883106601E-05
-5.04004994850825E-05
-1.08243491081191E-05
-5.31020128019388E-05
-2.30690834130506E-05
3.49823460865165E-05
5.94875167144775E-05
6.7608706287423E-05
0.000145564730518085
0.000197685153305103
0.000162806362690059
0.000171370394371056
0.000150783270070559
0.000197347903916172
0.000195257321395206
0.000150273840167076
9.69486290749027E-05
0.000196073630554939
0.00018041488894528
0.000151935975494734
0.000179183012943286
0.000176722413144636
0.000180173514179384
0.000193928166645608
0.000242036545053939
0.000213453784946026
0.000270152600100218
0.000212871249147056
0.000230297085776554
0.000191353829780738
0.000182155729792958
0.000158426245002762
0.000145619153647846
0.000145985962375534
0.000183867464660724
0.000179683990403927
0.000211574775699236
0.000204133197549487
0.000201221944729199
0.000234607540296446
0.000198685394861778
0.000210652580988289
0.000210616343466438
0.000162932452164606
0.000107031393120667
0.000104833985279358
9.9583319410368E-05
0.000126795212088999
0.000112729240659276
0.000126458884575901
0.000166417959716261
0.000261534873450889
0.000263327836668399
0.000296758505786162
0.000299884508541816
0.000259645383242271
0.000279630682072966
0.000331470199295256
0.000298770956868535
0.000344996461358415
0.000363989599205732
0.000352857366746217
0.000509445241015482
0.000469575970718671
0.000459091760584834
0.000497570470012874
0.000393232144662683
0.000407386826011536
0.000340850415673262
0.000162465996249201
0.000197605512846273
0.000210125427306119
0.000178980112211159
0.000204492941725279
8.76352908284807E-05
0.000146540414479981
0.000205786770990194
0.000155312598840785
0.000134565730103281
0.000150320550831403
0.00019902032397905
0.000277075202465997
0.000258665386931118
0.000280390263554579
0.000323672876583021
0.000277978865998807
0.000306197304197962
0.000257105502712558
0.000219549085356347
0.000175865120386591
0.000107222009494231
5.1558776074495E-05
0.000137566386007521
8.04556491147479E-05
0.0001036011729793
0.000122690634378585
0.000156522979881781
0.000221382636258599
0.000235569177258518
0.00014620232947156
0.000121677254627918
0.000141180578372305
0.00014687877537771
0.000170390457330137
8.01993414764949E-05
6.90583425027792E-05
7.92176716266969E-05
8.77177045439375E-05
6.13607178592348E-05
0.000100149825904878
0.000101804803731794
0.000176515687895458
0.000172108322159
0.000157333194924976
0.000162839453430265
0.000188039271430995
0.000127688606462802
7.91548370645305E-05
8.75771053884124E-05
3.76719515082008E-05
5.43056796767357E-05
7.61427212653558E-05
-3.52620756983648E-05
-0.000124826070726813
-8.64458627844599E-05
-6.65583235325403E-05
1.59183384539624E-06
-1.97549329520997E-05
-5.92547133778454E-05
2.17829763986549E-05
0.000125356843563225
8.47827591209842E-05
8.68363403544959E-05
9.90155071622232E-06
5.5812315814415E-05
7.32472311691978E-05
8.41749219579086E-05
9.75766051926641E-05
8.02598773180089E-05
6.7309544204188E-05
0.000152275195549653
6.42932798579432E-05
2.11741056131174E-05
1.50858996220675E-06
3.38951632541209E-05
6.64611070085624E-05
3.34770020503428E-05
2.06281859495428E-05
4.37918509267928E-05
5.64659532235646E-05
3.62799510119907E-05
-3.27540750740389E-05
-2.14748941692271E-05
-1.1516171711541E-05
3.46742904230793E-05
8.92329478251763E-05
7.45901827575025E-05
0.000124479594592212
0.000112562794847913
7.66314035382602E-05
4.49038206374476E-05
-1.12273214973641E-06
-1.76015372066221E-06
3.04025463505722E-05
-2.13263052833578E-05
2.9245206017833E-05
4.06001825045001E-05
4.54967628540655E-05
0.00010904913401281
0.000114908330391812
0.000162641168558317
0.000173429010753705
0.000123029108988203
0.000139468442269113
0.000204296721822249
0.000164985061769452
0.00014022962221513
0.000102516987609966
9.47367006985912E-05
0.000155541661363521
0.000152947507885299
0.000134058374437192
0.000217053461088618
0.00026105613825949
0.000276191028955878
0.00026570652481244
0.000268767429433871
0.000308809038718211
0.000319172517160497
0.00019951151937804
0.000173185524210692
0.000203961981541911
0.000268406622386253
0.000249013861957727
0.000227478768385045
0.000233218358019514
0.00024770888069334
0.000258436421317002
0.000239765534126644
0.000254195347192815
0.000181919738336645
0.000215305546174605
0.000230325141299754
0.000208738805816574
0.000221445166599741
0.000227697468133632
0.000240006958919298
0.000285356024739079
0.000246679989197721
0.000245108316715095
0.000314790176222006
0.000283196245211096
0.000241330794391611
0.00023161928249174
0.000281003824888346
0.00034625566806119
0.000303433939369136
0.000284689963438752
0.000357389757156972
0.000428831056911088
0.000428149008045467
0.000435032880634449
0.000300537088543401
0.00023020458708585
0.00027706788087173
0.000271392468408791
0.000237745901974805
0.000269140345924544
0.000264253344696818
0.000324281308422182
0.000488138177506871
0.000398653803428244
0.000375030460781915
0.000367050736412004
0.000290055844586989
0.000320028816456911
0.000324518823365091
0.000217851276863284
0.000235734326271584
0.000233344686156414
0.000240205357507544
0.000224376129081271
0.000195280244887603
0.000212711922559474
0.000258745302459012
0.000192056164098819
0.000170242639025643
0.000137050950693967
0.000167479801416035
0.000135529081812889
0.000121211068933548
8.51730464129646E-05
0.000214134465643216
0.000244938303624654
0.000331362802768531
0.000294076521420611
0.000249578564288048
0.000229391780220407
0.000282564262635029
0.000299263002191678
0.000268990216449626
0.000185359347662113
0.00021355982736586
0.000235118667043207
0.000323425097007102
0.000289980092469475
0.000172720258070151
0.00013038606614532
0.000149877937756429
0.000172447006420034
0.000247107928197918
0.000210083834213964
0.000223032523363145
0.000287537439846992
0.000289484000964255
0.000280042024168309
0.000295149223065491
0.000213670611738546
0.000229389147581078
0.000168138274039139
0.000200459243913115
0.00018270712491188
0.000222473430130857
0.000164442121469872
0.000220971506157663
0.000235784145468922
0.000179978736930836
0.000143162152695571
0.00017032174969355
5.82004558943744E-05
7.01485726148859E-05
2.48839357566463E-05
-3.40890514994574E-05
5.80544044151634E-05
5.59673048240493E-05
0.00015204135506172
0.000211478019230295
0.000294628327105968
0.000324308699596116
0.000326483718025648
0.000340631801699807
0.000317291715566417
0.000281552359337801
0.000318773015880857
0.000252081679115237
0.000246392933183735
0.000256049779160204
0.000222698979349322
0.000237993630097044
0.000192520439633213
0.000171494263866847
0.00015261214183568
8.35376046298484E-05
7.20048250318769E-05
8.42926971085551E-05
7.92411830836055E-05
-3.49245896711715E-05
-7.14491830274946E-05
-7.71197054850982E-05
-5.20820204210183E-05
-2.68866156406739E-05
-5.0619687793522E-05
-3.59954790157445E-05
5.94878362728076E-05
-3.88272107747017E-05
-6.87094376215468E-06
1.85592273828882E-05
-2.90874198638343E-05
-7.0619020268048E-05
-0.000184535138416217
-0.000172634559842192
-8.66137714713838E-05
-0.00012215962164804
-0.000181501593198271
-0.000161254795947471
-0.000110037542383417
-3.74200484470528E-05
-7.81717558395707E-05
-4.82409115420888E-05
-3.83886288065981E-05
-1.6869637223387E-05
-5.23525696004984E-05
-6.93535777779649E-05
-5.9326632143969E-05
-4.99074340264539E-05
-0.0001256815350836
-0.000216089138909432
-0.000217859848774774
-0.000288267672155687
-0.000217837256107464
-0.000224856854332176
-0.000200781198449745
-0.000141075869820208
-7.56995984426187E-05
3.3231043586654E-06
5.78901032186004E-05
-9.6203531119216E-05
-0.000195813066234738
-0.000171173967619102
-0.000221645664143888
-0.000164940765206224
-0.000226299877786562
-0.000225380424567628
-0.000127276250646879
-0.000101872467320568
-0.000138427132016382
-0.000133342281683622
-0.000207487950195005
-0.000213994032256511
-0.000201076304935046
-0.000184961525353612
-8.18582739569697E-05
-8.77008670260565E-05
7.24052347426037E-05
6.4201109695149E-05
0.000128784397675801
0.00019109861172391
0.000165308428595475
0.000193501314063725
0.000204835666108013
9.13526521674077E-05
0.000110228301554873
0.000173508359843048
0.000157870063507352
0.000187855886469218
0.000143866034667351
0.000185891013464904
0.000230016762222864
0.000269717958600993
0.000194430164618493
0.000215463678937615
0.000171958201632172
0.00020359124312839
0.000209610208418687
0.000146522666691484
0.000134541073487273
9.50395340455515E-05
8.85987851177312E-05
0.000119589727668037
7.57187434753545E-05
5.54226782629217E-05
9.93647182674258E-05
0.000110213292267663
0.000143196591493038
8.94800176865979E-05
6.35175433166545E-05
9.20161169600281E-05
8.1767163469916E-05
7.22695983516983E-05
9.6142795660297E-05
8.58046766655698E-05
0.000221646963666571
0.000253295959955097
0.000204074672096415
6.12822821184668E-05
4.37511720367166E-05
-4.62820182699916E-05
-7.18997530828226E-05
-0.000197137782124914
-0.000149834277779751
-0.00013669053551978
1.94832557309513E-06
-3.85174942810744E-05
6.74178038165353E-05
6.96425328631662E-05
8.04347711072642E-05
5.93466311178441E-05
0.000145390392543807
0.000122084249257153
0.000219793036048151
0.000155229495614486
0.000209918534978414
0.000273097643447543
0.000278859053016112
0.00019665234597688
0.000247205325872274
0.000200440611677064
0.000228070902617191
0.000218103395508327
0.000135040133279514
0.000101749672277581
0.000104088130546677
7.96307965134655E-05
0.000118692609649056
8.92342920565223E-05
6.93298377716798E-05
0.000145138532455258
0.000114499583341559
0.00016743225496194
0.00023029635032302
0.000219610656029673
0.000247174319567489
0.000247883260845796
0.000225748089921805
0.000270237077634796
0.000285289408781902
0.000236561641625915
0.000231254726491807
0.000262143903415446
0.000271405298332896
0.00024473202805167
0.000241419588238112
0.000222987119871458
0.000238788931663622
0.000163405451381173
0.000141476997116367
0.00014465920541996
0.00015314447489727
9.94912493877507E-05
9.43099733765839E-05
0.000117302235567933
7.33825157207884E-05
9.06872855898174E-05
5.89071699328629E-05
7.62601787160283E-05
0.000128618456356997
0.000117366431946292
6.21629532561032E-05
0.000228181945232872
0.000184523884119573
0.000188999688804591
0.000197928094827111
0.000200171362935768
0.00018101740084864
0.000139399539051267
8.19490861875721E-05
0.000112015133529064
0.000159675104303617
9.13076587662895E-05
0.000101971493777045
5.12558263936772E-05
8.28719186101346E-05
0.000134002449817069
0.000108278142118474
9.69615085286763E-05
0.000104656371642849
0.000111280131444616
0.00015232428483538
0.000147467093814279
7.073806341755E-05
9.59112042970272E-05
-1.61412286618702E-05
-5.11178068565322E-05
-5.12029072666084E-05
-3.78348100721244E-05
-5.54158153015741E-05
-5.71973325272764E-05
-3.74833790953779E-05
5.58044282264985E-05
0.000108192345742838
0.00010824283866777
9.29199868563465E-05
0.000169697994557542
0.000183634118717387
0.000185863185590069
7.39290688408256E-05
6.04916068337864E-05
3.58084656037788E-05
6.35296038310624E-05
-1.2785459189091E-05
6.05832557188933E-06
2.9813451979421E-05
2.50088297436013E-05
8.56120219856558E-05
0.000106085115855383
6.70810204707465E-05
0.000173689271756906
0.000161055648442158
0.000111180984000239
0.000176131956284149
0.00017981321472803
0.000135984962197563
0.000104153762382764
7.71051622699723E-05
0.000133537960617798
0.000167405121677444
0.000185210726844131
0.000193132243781277
0.000226838287746921
0.000304944527690147
0.000278021794107262
0.000264717928804696
0.00024854480616998
0.000237707376472419
0.000198830910441291
0.000191992808026855
0.000192619885671782
0.00017439824152652
0.000243904719042096
0.000212313873766494
0.000254131302804889
0.000284673857359803
0.000333947563796789
0.000363085552205626
0.000341091053046365
0.000239532439831733
0.000218542301566949
0.000301018642372801
0.000252981178410023
0.000196661070121169
0.000123786659684682
0.000107469534646832
0.00014222770222571
0.000202078288320253
0.000191120294514255
0.000214865576702829
0.000245946852137372
0.000201926280372578
0.000256771487708391
0.000219164896084394
0.000208056142757566
0.000132728167936009
0.000173644531309633
0.000142551636439499
0.00018853559506756
0.000198867094425436
0.000233894286001323
0.000247546150734795
0.00033162904516763
0.00027641539047671
0.000282915285025317
0.000327332703866666
0.000323885293512562
0.00032847196819625
0.000331004546610316
0.000239063493307756
0.000257780682605553
0.000303883144156166
0.000293575303635651
0.000251996899843707
0.000220440620134327
0.000289203371905007
0.000317292813224417
0.000317904269401505
0.000246242396578163
0.000233310249713314
0.000233322789907516
0.000239897996959144
0.000183677701238476
0.000213370510293188
0.000180059157191737
0.000147844996838131
0.000255859656956619
0.000302720875318619
0.000354492469793984
0.000308334934370742
0.000305122307483109
0.000274607904399988
0.000440556692979556
0.000349552226249687
0.000279576663514314
0.000267814930732229
0.000254141632859796
0.00024022812980475
0.000268204960301665
0.000210557422179844
0.000206046586992864
0.000310684568006453
0.000301947174848222
0.000277853135850965
0.000333774015498832
0.000373589034402894
0.000343441992444229
0.000328750834918977
0.000295731110678583
0.000280250921490268
0.00033851190915986
0.000305019403901222
0.000283591043694947
0.000238937810132281
0.000281071080256498
0.000289646279562858
0.000308984995835072
0.000290506147950153
0.00021456386831641
0.000189175189135487
0.000199536909089268
0.000198934711269951
0.000155744021236817
0.000104570464778658
0.000153463133219711
0.000157953448421489
0.000212842766391884
0.00013466329533648
0.000115834641048169
9.41761115870994E-05
0.00013251738116024
-4.01584453084747E-06
-1.8390565308995E-05
-4.07177690058181E-05
7.70077279573716E-05
5.90879647450265E-05
7.41434455568257E-05
8.51970974792906E-05
7.34451074242059E-05
3.1738063295914E-05
-7.81888187163742E-05
-0.000111048689400249
-0.000194199311590451
-0.000164287691255437
-0.000223514070941136
-0.000152303961557258
-9.2683361953808E-05
-8.11579081339032E-05
-9.71129451733377E-05
-9.36045672641239E-05
-0.000150138071466938
-0.000276154590197255
-0.000233166331822493
-0.000398421386906172
-0.000327577033609756
-0.000378788886349411
-0.000350545546861589
-0.000384023153227352
-0.000371554601025624
-0.000434045443075346
-0.000359582916118251
-0.00046510962166096
-0.000438651013909961
-0.000487019348936696
-0.000571196698518446
-0.000578917557590913
-0.000664178021361188
-0.000665449282743536
-0.000604898238813713
-0.000556316469331826
-0.000595353027969074
-0.000528589775043741
-0.000437551341861074
-0.000418926282054398
-0.00037568007665416
-0.000372183936365772
-0.000545198716025201
-0.000504148463141377
-0.000510309043133054
-0.000537613381219717
-0.000530556416514421
-0.000592714246330232
-0.000624318510149891
-0.000556567664405662
-0.000515143043833156
-0.000477356312206373
-0.000550901212504743
-0.000680526247515634
-0.000637977442170825
-0.000653921058206322
-0.000688147746377322
-0.000947767202331067
-0.00107184489921741
-0.00104325688803652
-0.000960320566892027
-0.00110057715925616
-0.00120958567631437
-0.00123842783437336
-0.00106151066087088
-0.0011180211457052
-0.00113866769017362
-0.00108300119959856
-0.00104785193204907
-0.00103472800951223
-0.00102376320470919
-0.00107599802318975
-0.000937103910617855
-0.000734734142462082
-0.000792109146533916
-0.000796643688768354
-0.000728233080230871
-0.000777485136587451
-0.000668582344972177
-0.000816698483970804
-0.000998135826976016
-0.000969546311066192
-0.00093651566363941
-0.00084593571036168
-0.000748095050323601
-0.000740068034893558
-0.000612389771266692
-0.00049570235435832
-0.000326236775249272
-0.000185646974130694
-0.000257517158540819
-0.000224321763801405
-0.000129507715086687
2.95869407802527E-05
-3.78238495475923E-05
-0.000123391891644948
-0.000127128526898353
-0.000177028884136635
-0.000114713178022228
-0.000131717515708807
-0.000199782571870223
-0.000193151282861094
-0.00015434641781537
-0.000178371007692865
-5.64277720508552E-06
1.9889646306026E-05
-0.00010910982936207
-6.52811878615951E-05
-1.95167974405195E-05
-4.81705442795215E-06
-1.89823972618585E-06
2.92867586360854E-05
6.26561696285137E-05
0.000229528323086415
0.000149675555499692
0.000158523532063965
0.000185857593430102
0.000226215181729246
0.000178566784705035
0.000180518800173455
0.000191880212119296
0.00037320124220944
0.000497780441208296
0.000588971913632382
0.000619008396362152
0.000750499390002714
0.000827655431750699
0.000861356169088011
0.000820088875432925
0.000781202527592179
0.00074275839358747
0.000921491312082914
0.000957462582525452
0.00101378293761408
0.0011229055719637
0.00120751051760405
0.00122290311655066
0.00132977311593079
0.00126351879880104
0.00130167225757507
0.00129157659272093
0.0011928955527716
0.00123078408332314
0.00130373618846097
0.00125022236801287
0.00139038228068942
0.00146595097473854
0.0015031191053801
0.00157565884251711
0.00154865049135352
0.00161662732097961
0.00161207175878758
0.00153272350377966
0.00142499453450654
0.00143217669377077
0.00135175441172435
0.00146484729804486
0.00142511092501926
0.00137639089077488
0.00135059830077744
0.00130561507676673
0.0011819952323536
0.00117531218126245
0.00101066014084927
0.000937267985439264
0.000910814694624813
0.000868013796816334
0.000824950231448637
0.00076308550606773
0.000869509041486058
0.000812821751154539
0.000762842553613769
0.00082408903542266
0.00074849019064442
0.000757681520546986
0.000744615785009722
0.000645011650025169
0.00061291182235006
0.000607306994685333
0.000537286339649647
0.0005805957473082
0.000489963567927854
0.000520133427647134
0.000431242179390349
0.000413056068242338
0.00034430776793255
0.000266007145710913
0.000205731831106356
0.000256941816840072
0.000195236229607791
0.000234138917275771
0.000233135141973201
0.000179272953459622
0.000174010924385357
0.00020287637479988
0.00018973380248323
0.000244851641100817
0.000224253187162484
0.000225162825318301
0.000241074998936353
0.000364000453848668
0.000205785066921396
0.000208012627227476
0.000120217338865718
8.34258925884011E-05
7.96761407934529E-05
0.000131046210444397
1.97515128396903E-05
0.000113356875221954
6.79599268752618E-05
0.000125790139697647
0.000106545397379228
1.38364133839585E-05
3.06287071290048E-05
7.42238116862746E-05
5.67218605657507E-05
4.72518173766133E-05
8.19530592994894E-05
0.000117809459389751
0.000217054509771901
0.00013559960635907
2.61023880839499E-05
8.16155408119141E-05
7.16093347349606E-05
-1.11369110470826E-05
2.82460957715314E-05
-5.93486644000318E-05
-1.45955170350944E-05
3.65642213030664E-05
-8.76120242917444E-05
-9.3803328318295E-05
-0.000125674119343233
-0.000168138726666347
-9.90556713611111E-05
-5.39128215725578E-05
-1.54089761497343E-05
0.000112782282462267
9.08125797395295E-05
0.000137130454049546
0.000122416429997715
8.96704453814886E-05
2.42282117275172E-05
-2.55692219603734E-05
-8.42563686534115E-05
-6.89726464653448E-05
-9.77676290208875E-05
-0.000158004931350282
-0.000138435429321117
-0.000165425891329213
-8.47315752042479E-05
-0.000107328821192456
-0.000138489195076208
-0.000157731303846505
-0.000122425892328612
-0.000167268711782629
-7.86756224181081E-05
-0.000202506698922708
-0.000191613779273159
-0.000171951319972119
-0.000160184476129556
-0.000184378193396256
-0.000128235622902069
-0.000194382873311834
-0.000135744504162741
-0.00017543146530357
-0.00017771442243381
-0.000138798776212273
-0.000194901609549419
-0.00026088697912035
-0.000411647077726031
-0.000396368627152424
-0.000428258025160396
-0.000493391042215713
-0.000559657752984533
-0.000503531947684502
-0.000581989462824366
-0.000539476902715126
-0.000579746602141079
-0.000583184560560047
-0.000528009101255023
-0.000553688243571506
-0.000489898474262388
-0.00039308163627529
-0.000272288118537488
-0.000226483335487374
-0.000187584981329859
-0.000176211705681332
-0.000225366191966307
-0.000258543470750884
-0.000221244651709194
-0.000212312428605261
-0.000278947247652352
-0.000186515957170657
-0.000143145631896607
-2.37523361436256E-05
4.64085552326705E-05
-4.42899778944813E-05
5.54968519183056E-05
0.000139612196342388
7.09271523487686E-05
6.97390145640001E-05
9.53829707483796E-05
4.08424493070007E-05
8.19181204130427E-05
-4.50705172223218E-05
-7.76592544957434E-05
-4.84833097565794E-05
-4.47620114460771E-05
-4.16224582889535E-05
-4.10201667160758E-05
4.22102941931124E-05
4.96283035135181E-05
8.99082895877251E-06
7.7410644742462E-05
4.02430273962668E-05
5.72866762483147E-05
0.000114002204800468
0.000105327468163422
0.000200843843260038
0.000228759729424794
0.000144112553368165
0.000146938647798414
9.21532443983661E-05
4.78428880978316E-05
4.68367186325056E-05
3.84894965004073E-05
4.77840195484108E-05
5.0957221054069E-05
0.000174229589960408
0.000234818381408036
0.000217330047807952
0.000210785874123711
0.00014524943853878
0.000250873262818922
0.000270271812429296
0.000197930720350743
0.000183631495106331
0.000134059411626148
0.000139781379866551
0.000164308031209232
5.60491704487362E-05
8.08962047639749E-05
6.92423380661648E-05
7.34003358408591E-05
0.000171308413171381
0.000126659846202833
0.000164544584467713
0.00014338968972426
1.69131676560446E-05
4.0574813628721E-05
4.4746142511343E-05
-2.29108210925293E-05
7.79572091441174E-05
4.26228519932416E-06
-3.3049352658451E-05
-6.87281430191207E-06
1.31385095068231E-05
-4.37801270209633E-05
-4.56655441354648E-05
-5.67400292778324E-05
-2.98003407018495E-05
3.17585610583528E-06
7.43719402143021E-05
-1.23094267045048E-05
-3.04836848221563E-05
-4.42708362130513E-05
-0.000105928621290625
-0.00014598062771997
-0.000119195728843801
-0.000111623077765807
-6.51767609432965E-05
7.94189491976612E-05
9.86944458300705E-05
7.12950131280009E-05
7.79435317089625E-05
4.98023728716832E-05
4.53638190580843E-05
7.49076014631608E-05
-2.20943495152164E-05
2.72166473079299E-05
2.52826919444488E-06
-2.28903091618659E-05
1.53671199366351E-05
2.83912857964154E-05
4.01439468740545E-05
3.48570854076405E-05
3.572296188449E-05
-8.16280100916453E-06
2.26043431416914E-05
3.78253622520618E-05
-1.04139951521469E-05
-5.90116555184894E-05
-8.06096133676297E-05
-0.000117296820589432
-8.90994969474361E-05
-0.000145554919736505
-0.000159787370654936
-0.000113227128313406
-0.000129757408661823
-0.000103524848620461
-8.763947414273E-05
-9.06717896301307E-05
-6.71896796153755E-06
0.000122490895642815
0.000156003629149819
0.000272247251382938
0.000397771781776776
0.000386731923690855
0.000448000156173725
0.000428112339955946
0.000292761425016191
0.000226043000316095
0.000118502486861303
-1.13853148383068E-06
0
0
0
0
0
0
0
0
0
0
0
0
0
0
0
0
0
0
0
0
0
0
0
0
0
0
0
0
0
0
0
0
0
0
0
0
0
0
0
0
0
0
0
0
0
0
0
0
0
0
0
0
0
0
0
0
0
0
0
0
0
0
0
0
0
0
0
0
0
0
0
0
0
0
0
0
0
0
0
0
0
0
0
0
0
0
0
0
0
0
0
0
0
0
0
0
0
0
0
0
0
0
0
0
0
0
0
0
0
0
0
0
0
