0
0
0
0.00651604953747292
0.00429102976988624
0.00475528897034805
0.00278613947874126
0.00202838190208933
0.0021765446485076
0.00221009755428172
0.00228585989772189
0.00270960378987229
0.00201691649529983
0.00182494882840785
0.00212343923445653
0.00218758545954165
0.0019495038403496
0.00185238993335796
0.00169718412017832
0.00197539897747643
0.0017206754141321
0.00160787932248885
0.00173822381996728
0.00194848018226128
0.00164648914531579
0.00195385533052181
0.00154573221192217
0.00175236460522384
0.00273805999393104
0.0019587511952329
0.00339141046255706
0.00279480825175656
0.00223019079772803
0.00174723107844959
0.00190029323970666
0.00213949306569422
0.00169799020581276
0.00220747200490174
0.00198437477552778
0.00307215690406187
0.00190073479409185
0.00156974759209796
0.0016493825538686
0.00186446058396731
0.0014855013085117
0.00171623212689488
0.00155853822925726
0.00144156819502947
0.00160740632971242
0.00129941623931848
0.00207297441527237
0.00132326636508933
0.00132357361853046
0.00198337176038715
0.00131860418931003
0.00152007628356369
0.00167073437284954
0.00161818593452972
0.00115276025400108
0.00300906451457786
0.00176961119208504
0.00136308927929574
0.00142456237685892
0.0015700792915103
0.00140497218574299
0.00233860401997554
0.00133745605450661
0.00229059671881467
0.00157725443053281
0.00167151236089501
0.00165960974138961
0.00172341510549416
0.0013919258702727
0.00152288006336546
0.00152651256722232
0.00166232251223578
0.00192285911696823
0.00148950834007564
0.00152602876150797
0.00143733029524586
0.00141290357898184
0.00151864298428536
0.00190898310999883
0.0017894157852373
0.00140839896211823
0.00170031517679026
0.00159051165191906
0.00140456893527373
0.00143241731065311
0.00195807458562365
0.00134757556298564
0.00149515959428754
0.00158017141948117
0.00149259823493958
0.00138543031192161
0.0016672280370438
0.0015741369706289
0.00147176139355045
0.00175925841594768
0.00127087547218108
0.00138374495079439
0.00158401667619328
0.00138999279146121
0.00161603228040741
0.00127363470486031
0.00129778181321583
0.00137419481643986
0.00136323932602204
0.00135793658489714
0.00113013037725957
0.00238939986454114
0.00189903587877739
0.00161758235008656
0.00146756957467667
0.00161773578160996
0.0014518365873066
0.00130850660221892
0.00122982038034151
0.00177817847197714
0.00149787120062679
0.00145506692482797
0.00163474301816612
0.00120193309619992
0.00139065081976801
0.00105803890873921
0.00126550583359466
0.0014079217903742
0.00125324871903418
0.00104232933332599
0.00176857900713916
0.00137285220667641
0.00116360944663287
0.00127324159823577
0.00138445613431436
0.00126255359025532
0.00129569380067142
0.00214540295846037
0.00149912233664712
0.00134236272997112
0.00123309631634423
0.00117719122887312
0.00134785210976386
0.00125609472312173
0.0013325236534824
0.00176514280712614
0.00127172950752321
0.00139731208287059
0.00122192726349809
0.0012554025623018
0.00118290963512077
0.00108893221109022
0.00125194521860505
0.00119975782131644
0.00125905465018373
0.00111390966543265
0.00143475628520447
0.00121776248393234
0.00115449815342186
0.00119739579937698
0.00137332427326002
0.00133689550982782
0.00115585345143889
0.0011761478022071
0.00133237834614366
0.00132647346775826
0.0018453620549849
0.00117773609721824
0.00136290226300125
0.00167497268295157
0.00126572951891782
0.00104485027412989
0.00127412315321835
0.00133627750477527
0
0.001606611976231
0.00125665157674739
0.001307516701119
0.00130535186390807
0.00129089929434087
0.00122379952144228
0.00127136665549323
0.00127184897768251
0.00194535962091729
0
0
0
0.00182047068308365
0.00125642492578641
0
0.00161491492131468
0.00134929297307914
0.0011350958386049
0.0012597809709606
0.00122189349429391
0.00164092974685686
0.00158133679789073
0.00121405860320492
0.00123481697075715
0.00136578324704483
0.00115578065239516
0.00124661231308332
0
0.00155468398216661
0.00114230073043812
0.00146989157063761
0.00112769164967337
0.00131444982738341
0.0012385382648057
0.00120246029489631
0.00118195107573655
0.00114976227148879
0.0013532648573435
0.00106745786700325
0.00130103294240797
0.00115223470994197
0.00125612560949693
0.00116381276182646
0.00116316374159935
0.00120401654559141
0.00124412725394361
0.00111902716863296
0.00125617622956747
0.00127537151069341
0.00108681792760757
0.00119268716695078
0.00108202356356111
0.00145278535323775
0.00129453562563883
0.00156413444950445
0.00122462873334408
0.00118043459405747
0.00108791269635084
0.00103880068696672
0.00108782039212115
0.00127665212824336
0.00107327089583959
0.00126613975823879
0.00108166030885115
0.00121466248617812
0.00106698938852996
0.00110369064962179
0.00131892929009366
0.00135202593750603
0.00114405071799212
0.00125278795686327
0.0012060158781056
0.00118902657888014
0.00112005403364077
0.00112738715912148
0.00103386179976717
0.0011705841544225
0.00121379170215136
0.00101881610519295
0.00108172712979385
0.00104566160682822
0.00107752917728884
0.00118341501787936
0.00102549139238126
0.00108873312982949
0.00105602847309567
0.0011966171647369
0.00104234983584857
0.0010074015812953
0.00098216317255712
0.00104405764122244
0.00109782845645862
0.00128677548478704
0.00152374792758808
0.0010802268201281
0.00112793421529943
0.00108860258871196
0.00118166113192386
0.00195699364183604
0.00110406327063709
0.00157856590535594
0.00114404711578213
0.00107562179547544
0.00177124844137506
0.00126846222943265
0.00105839438964863
0.00119097659129372
0.00165492087877856
0.00100168505689316
0.00117107340135796
0.00108192695041702
0.00116370231664093
0.00107189580010549
0.00119828848500694
0.00130042686333584
0.00118036846779018
0.00113297237649287
0.00123654761494073
0.00126417114873477
0.00123974566166618
0.00113830964302959
0.00132954539594238
0.00118906350416726
0.0012124691792101
0.00126096475924376
0.00126590160895164
0.0010584383070499
0.00107599061441014
0.00130837374577468
0.00111787933619856
0.00122121957572129
0.00134450909530913
0.00114360416723883
0.0012706541776955
0.00108966225324968
0.00144532841660125
0.00173365258785815
0.00128490834716673
0.00100241278967215
0.0011795438504514
0.00118581280780851
0.00112223350060103
0.00101734496976326
0.00104014298961558
0.00108994997048146
0.00122159984775016
0.00127610468719945
0.00136772980304412
0.00118336181984591
0.00104915569816774
0.00116639162024543
0.00100378824843923
0.0012767786075576
0.00108112220008124
0.00116037759779344
0.00118404497498665
0.00110220722570892
0.00127751365323731
0.00115833648598615
0.00114786302544057
0.000949873438328286
0.00112286546495596
0.00155725487697907
0.00161046103553436
0.0013474623258198
0.00130355520422369
0.00148639937624832
0.00129472305410562
0.00113217310839515
0.00107375700842356
0.00118850273537932
0.00101432059802381
0.00114846048420753
0.000974931323149516
0.000971204091808034
0.00101524010149212
0.00101483348255342
0.00114925375636664
0.00121654706417317
0.000889001094777971
0.00119360190230133
0.0010327360263182
0.00115281419884543
0.000986609400668855
0.00107351668307045
0.0011050918991897
0.00116705538012032
0.00127138309696763
0.00174420511597953
0.00123786924897309
0.00106830657869391
0.00105794941835502
0.00113822440162656
0.0011890377297141
0.000945247131021671
0.00111249185868444
0.00123913808672113
0.00122258172953814
0.00112957011570173
0.000975167537045554
0.0011043119794978
0.00110548891363817
0.00111287569068431
0.00120780075481674
0.00103900949415763
0.00102330563839645
0.00109319393431148
0.00104680205127136
0.00104706197456981
0.00091665767677156
0.00113530436550442
0.00110034188562815
0.00101230165688887
0.0011865134031791
0.00099651766705882
0.00104797026803967
0.00107608553409544
0.00136926320190683
0.00149857029415276
0.00119652799092511
0.00124239837967661
0.00119278636680307
0.00111836214457071
0.00127853291406853
0.00118343643181489
0.0011041490364213
0.0010532171959199
0.00114991209063377
0.00113825945194146
0.00105215401273822
0.00110219358184424
0.000952499544794439
0.00116149518275898
0.00105234597688941
0.00103784963710681
0.000994049981439824
0.000965189950604082
0.000976705906567637
0.00115632700457002
0.000891061247001319
0.00100624192889304
0.00115707406524293
0.000994226142641126
0.000983620004769263
0.00109049546032967
0.00105052128344382
0.00101479577540763
0.00130292989841468
0.0010358699297457
0.00115993764846005
0.0012955462079345
0.00102667252493989
0.0011002635359723
0.00110015898061307
0.00103451114264201
0.00112465847120525
0.00107037732588379
0.00111880928219321
0.000963351781908108
0.00100522331150861
0.000910774718251094
0.00104408311420431
0.00105389806194677
0.00111527549781185
0.00103387297311391
0.00103874279606246
0.000949805195595697
0.000979719339289782
0.00108345484280267
0.00119262411790195
0.00109577436739152
0.00115760685141064
0.00115406279245928
0.00108807598583048
0.000979003906022201
0.00111737596418137
0.00099477384176603
0.00112309333850474
0.00124002212369243
0.00110395285180871
0.00115820657679911
0.00111854546990887
0.00108958751131137
0.00113820768609975
0.00107093879773268
0.00123785242525294
0.00109197213263814
0.0009967951680799
0.000938097773899469
0.000942436555075106
0.00118852139089059
0.00119464730370704
0.00104678281444729
0.00101448036811798
0.000976801595941514
0.00123555426985876
0.00113482514894405
0.00112072701204383
0.000985164903979737
0.00111548553978854
0.00124617672183143
0.00100975950298815
0.00110000601320049
0.00101857856147078
0.00107827425047186
0.00128174713842612
0.00111565872397736
0.00106170225263341
0.000989572916455813
0.00111268296440162
0.00114663481629719
0.00109472397039072
0.00108434028332804
0.00121162742188566
0.000995976735143508
0.00107167981325831
0.00115602321543734
0.00116024848111902
0.00130705849868119
0.000968475785353594
0.00107677176197033
0.000984933123189176
0.000968357289575711
0.00103759498846342
0.00108038603517902
0.00110553385098703
0.00109973323927853
0.00103973886464634
0.00101935005705743
0.00120081999608475
0.000974328531080756
0.000983071369091887
0.000876823466307775
0.000972708299634733
0.00099547974731977
0.00102353459772051
0.00100887223851673
0.000805350114628861
0.000962391355433592
0.00103653670812771
0.000811843700522744
0.000969405594476579
0.000991753344221059
0.00117014162377637
0.000795301777741642
0.0010591512524593
0.00106376847837135
0.00131756787118882
0.00124789088634606
0.00104825957186658
0.00097607189191359
0.000883904334597809
0.000952270071698232
0.00113435699359199
0.000921016373411979
0.000892651640701828
0.00101077683320422
0.00115925426077685
0.00103972203370014
0.0012950036131221
0.000980531811805482
0.00150271525429847
0.000964449127230988
0.000985465728600676
0.00102637765966017
0.00115579278842546
0.00109710280659646
0.000912077437212766
0.000966934342917356
0.000964630983394654
0.000822627258156535
0.000836788422580618
0.00119832318337974
0.00103895626941532
0.000853099611217311
0.000912998665363323
0.00108550880510265
0.00096297592107266
0.000947028440104488
0.00104194275599005
0.00103020943143159
0.000966315666171337
0.00099587402272286
0.000926290787630781
0.000950809009420822
0.00114487610563499
0.00092707821394397
0.000977378383274244
0.00118824600362599
0.000958482082673502
0.000969084650128616
0.000968548154107153
0.00096864705676185
0.00108131519133667
0.000980287613867646
0.000976229916983032
0.00108945422850489
0.00100855484214828
0.000835429751166853
0.000944049122924868
0.000891325561610687
0.00109172573416657
0.000845594080197306
0.000987263557756034
0.000944505084557742
0.00103567096587658
0.0009750922060657
0.000936047486790223
0.00101336113318903
0.000945692519894022
0.000823502444570567
0.000900883334827517
0.000934863609671598
0.000996935585136753
0.000950177453530119
0.00096565006094705
0.000965516181078022
0.000865046306223865
0.000871832566408166
0.000883356739031174
0.000906240988570262
0.000900385009794104
0.000963910858319887
0.00106063998192543
0.00104383574444702
0.000939183723267548
0.000907297675264176
0.000961760590885599
0.000937704783345368
0.000992429107483628
0.000983462336271202
0.000866138242561309
0.000928514465649487
0.00104926584984837
0.00123697637692109
0.000866956334105184
0.000944023738224349
0.000925314372032061
0.00103779144303012
0.000887626358260812
0.000982163379307711
0.000997745078117032
0.00090713147494241
0.000988997712607964
0.00108687898262636
0.000942193784471353
0.00104412219114435
0.000995108302293447
0.000988470137421125
0.00103498996117549
0.000941986161121449
0.000977392449465691
0.000859920354321502
0.000987482612642578
0.00105659461310034
0.000900149594750991
0.000967061106817738
0.00096785674126538
0.00101862559969712
0.00102427133604481
0.00105682876239071
0.000980586872402367
0.00103466519608518
0.000981256040270067
0.000992109346649126
0.00090724034824697
0.00110201508347379
0.000935961609809629
0.000927297218239847
0.00103365246117214
0.000855548268575691
0.00101953505048732
0.000869709700093065
0.000998853949604232
0.000915235923928806
0.000871735330332276
0.000846810826804426
0.000906567727134353
0.000901365197935886
0.0010261979490949
0.000986777851358453
0.00105378418338039
0.000842420605471262
0.000879282090001061
0.000993147963033953
0.000946127912287178
0.000970242328654953
0.00105465582776185
0.00105290422704701
0.0011387255867434
0.0009950488355298
0.000884449635310204
0.00085762839474389
0.00090819251668832
0.000974619077985134
0.00090099855997638
0.00100444360979368
0.000885582614219732
0.00129560743533132
0.00100682711547369
0.000899979268075448
0.00098343204436873
0.00100400517245079
0.000969929225311332
0.000821261489398565
0.00111189413613654
0.000964837030076845
0.000956339494627411
0.00109456759950874
0.000955632351504973
0.000987315179528731
0.000888459242170355
0.000911833082372387
0.00105957499187516
0.000973568529514137
0.000970994069445386
0.000781905773811005
0.00096065556343055
0.000845623110197687
0.000884631809081419
0.000867859464740926
0.000876190327079381
0.00117417853538148
0.00188280525501174
0.000967344863642171
0.000940688344670474
0.000904216169582526
0.000894185546056477
0.000868253849944746
0.000917226218305143
0.00101589928630866
0.000851305918387653
0.000946563222525342
0.000887487748355169
0.000896133097479649
0.000961115343834974
0.000920436632346662
0.000965862502389547
0.000891037052554887
0.000843116639463474
0.000860057170703523
0.000853352658437902
0.000946818651082009
0.00101067157011099
0.00117468601208296
0.00103107336461549
0.000975795726039809
0.000964843093108756
0.000943738661407558
0.00103916215919021
0.000984424093664058
0.00105903706183443
0.000954191550234331
0.000971856513181203
0.000884950692225085
0.000907699730076241
0.00101735225936513
0.000966568834117976
0.000911224246731521
0.000984586320425232
0.000857860121984067
0.00101562257523083
0.00101099690578632
0.000993802234251023
0.000953787371952687
0.000923163799680551
0.000959078145135577
0.000985436399274108
0.000900316900872572
0.000867451417087661
0.000882555140529551
0.00103507823105813
0.000951164422459409
0.00102316745323314
0.00115883213391872
0.000880187848958149
0.00091794404376652
0.000953149348554055
0.000812567278740416
0.000890504721965891
0.00092306722968678
0.0010125374608294
0.00084619495720519
0.000951999460417032
0.000945983579554074
0.000986491901471665
0.00103483568222081
0.00101916410630479
0.000898982708427228
0.000908277996736518
0.000917724802747802
0.0010356860541603
0.00097744001182357
0.00103999892160137
0.000939327486375242
0.000943431083316537
0.00078391882855225
0.00085915239897857
0.000868992412757036
0.00110652615563594
0.0009002506251021
0.000889459471109528
0.000856975002313142
0.000889135103774233
0.000902217899247259
0.000902449375582225
0.00100288737475339
0.00093051640137197
0.000889372021980956
0.000990243842862827
0.000850208555334605
0.000927657431219862
0.000855539177377358
0.000966087994251205
0.000857288144009834
0.000875314837000897
0.000971337298051299
0.000913333637045707
0.00107469885682146
0.000872829431710586
0.000951002270451648
0.000990175055676127
0.000929968156709937
0.000941161631074303
0.00082566094742771
0.000967275314768527
0.000858141218527781
0.000885480597962977
0.000854685966388799
0.000967343490881429
0.000858351261294811
0.000874598916797948
0.00105282522142627
0.000901142217090934
0.00079863133567016
0.000903552611092274
0.00109664540178147
0.000884825210792524
0.000844994719758654
0.00089369307484107
0.000851641406352533
0.000785799384219392
0.000938663715041093
0.0010011779934208
0.000832436737974849
0.000934294087990938
0.00108792312620801
0.000915409347872871
0.000852742529748721
0.000775570174114262
0.000879059115883034
0.00088575048253423
0.000958785140333425
0.00119544149746934
0.000841799112984634
0.000731893964550614
0.00111439149958727
0.00100116191048697
0.000966194891344846
0.000865947715328583
0.000886962372464261
0.000847076123773337
0.000772761105718623
0.000944893000004252
0.000939609093333268
0.000874075537404012
0.00102166001860291
0.00097186010194306
0.000841879837909638
0.000881744006351392
0.000735429231549418
0.000888612496705464
0.000953151714079174
0.000867371514755183
0.000850163759717758
0.000913469833045166
0.000969461120908174
0.000773814337080135
0.000978679285092616
0.000871218797118466
0.000935525474421682
0.000865016300702325
0.00108979275368084
0.00119702899601071
0.00114244204123644
0.000851466306852024
0.000921359293716207
0.000921612329761089
0.000991963568270833
0.000896852184092937
0.000828414162209595
0.000767542241748357
0.000953538450153033
0.000913901302437737
0.000841541933848244
0.000880316917876687
0.000926370671428906
0.000847122744296589
0.00104539837001846
0.000830652857477366
0.000888582482443988
0.000841743395637207
0.000780972502878758
0.000776025930262628
0.000800937835967614
0.000754707703855943
0.000970120126036939
0.000861954472345128
0.000774995790022167
0.000832554285887924
0.000733911167668188
0.000814960258797196
0.000724353517615352
0.000777250412630496
0.000663709877928697
0.000908739832451222
0.000786335506782578
0.000828926115973674
0.000937030312662376
0.000869647050101527
0.000907787428297116
0.000860312956737196
0.000881577823869429
0.00127796290484248
0.000960088476186306
0.000921226287093463
0.00103760357239954
0.00105605870054092
0.00081217945217644
0.000904772767448136
0.000798365083868271
0.000915526653405995
0.00115352804047383
0.00121139741889766
0.000938310665086777
0.000837239293890593
0.000949763664733698
0.000830833023773967
0.000885606751191551
0.000898544037492884
0.000817459357957524
0.000798215967619761
0.000719488676611976
0.000829213882385206
0.000880113210341478
0.000773595181891946
0.000835142667149172
0.000748820767588372
0.000860152502163902
0.000935895832201152
0.000860583777540336
0.000800860292845325
0.000847355567843175
0.000892615708872405
0.000884148783956272
0.000820740745651217
0.00106627549037053
0.000822030872760919
0.000838678916854372
0.000853951253656828
0.000833573832576155
0.000876825844518357
0.00117215697674559
0.000824849887205623
0.00079544771803049
0.000794010167512859
0.00102284134216703
0.000876186091978445
0.000837814682973977
0.000988167045291865
0.000868247818868389
0.00115586336535154
0.00102573877452041
0.000809546270094395
0.000989128676232371
0.00101692386966767
0.000861992223875128
0.000828906124684925
0.000934369498145858
0.00101811828496836
0.000881758961791036
0.000829192109850707
0.000746094728040258
0.000944156281078837
0.00103885064281337
0.000803104417273598
0.00086516913538734
0.00110084711028371
0.000860832932999048
0.000817220239716993
0.000850862327871859
0.000809153050094269
0.000930044242173813
0.000952068622633502
0.000898286921218707
0.000845159584705317
0.000968391473310719
0.000841667936952944
0.000855354327488
0.000880462017968377
0.0011028567740754
0.000964805752627066
0.000884459852165817
0.000716307720843663
0.000866200344149905
0.00111647188866094
0.000733936109238924
0.000908907302494304
0.00111907334412184
0.00107091702521021
0.000927775101859839
0.000873637461415191
0.000745060493290722
0.000824346536796925
0.000973553951169996
0.000802768395784012
0.000873841177331615
0.000907269322577217
0.000850286472791739
0.000885808276163738
0.000871340957443502
0.000890254738045021
0.000956203940849646
0.000871029419102055
0.000851098493571852
0.000874154972709304
0.00102872286552207
0.00103059303597884
0.000862654376108939
0.000951330348822267
0.00101818166613889
0.000874666212886932
0.000847080792899199
0.000905479836425874
0.00092617265456374
0.00092248935615866
0.00083664061377794
0.000948922240291117
0.000961617866833711
0.00101378341404804
0.000822594247526425
0.000857438880875775
0.000772824587704733
0.000773996006630915
0.000867071866567119
0.000853086463222248
0.000848620880819495
0.000948120377807513
0.000813895770017388
0.0008215934236019
0.000976783519210225
0.000803466951541735
0.000899765658081789
0.000770565175584513
0.000897338072750952
0.000868231854443485
0.000908827500083864
0.000769029891530013
0.00087045071821942
0.000803515520153255
0.000891192427652697
0.000859995744665488
0.000880238178166545
0.000861587856257354
0.00100891290535661
0.000880639949639966
0.000720324822010539
0.000754504439672436
0.000819511127052874
0.000757092943949497
0.000830407045251796
0.000788108811159269
0.00080819479292926
0.000812548471680695
0.000800363762040169
0.000755372359462821
0.00083126878849
0.000759765929755314
0.000871179889844563
0.000789155620860584
0.000850462260703097
0.000836282593434738
0.000819293616010826
0.000834265705797264
0.000962819424998378
0.000683435869843253
0.000960744681083216
0.000817470956018192
0.000748748371676954
0.00116297565576876
0.000846931523683732
0.000765092002142189
0.000945735535969768
0.00088038742144726
0.000890500729433913
0.00114849735031095
0.000802079432236446
0.000911263760621035
0.000816692033364296
0.000768941139666893
0.00077249021570618
0.000768099653381711
0.000828797719320026
0.000720737948244119
0.000981612632668209
0.000835113626847089
0.000972938066418056
0.000827128238248239
0.000813394560830762
0.000810985440303834
0.000855577293891787
0.000919200050858109
0.000959236827478786
0.000818995412326606
0.000818405112055198
0.000861709163737504
0.000795807592710507
0.000853409427541321
0.000870177339978355
0.000776186561749839
0.000743552878374524
0.000961433543731394
0.000816941919551759
0.000843805891189035
0.00088470557735997
0.00100905183689464
0.00123959907890044
0.000952706298733846
0.00088442177030235
0.000766216317373292
0.000780340154677437
0.000871636792435511
0.000906393231625058
0.000855278495030105
0.000871607665732591
0.00132512513159871
0.000803276840650301
0.000906460099829584
0.000716791663065024
0.000796649147911877
0.000782688653131319
0.00089868896316478
0.000788712655516758
0.000789347702540806
0.000903576032224041
0.000667866190966876
0.000747093068149401
0.000864530586274868
0.000810905420542152
0.000742299657471969
0.000723556395358396
0.000774516597011357
0.000826297679443619
0.0008414291375196
0.00102607747047321
0.00087710887491265
0.00106658972905541
0.000865714426058991
0.000995012352389665
0.000804457006462044
0.000898531370457358
0.000839805658769944
0.000726270242501596
0.000815064641186965
0.000891209555621473
0.000779666980455966
0.000874667106035395
0.000793576017644458
0.000893870161757889
0.000772646551668955
0.0007883220689646
0.000856640023227993
0.000804618462271634
0.000825715452133952
0.000902317904587508
0.00087207642161455
0.000934912911149914
0.000975157332989684
0.000804118068694809
0.000885750154332634
0.000923659391452245
0.000790541106716573
0.000775300778906037
0.000914246291827886
0.000812222912550713
0.000701173437784957
0.00090214526346016
0.000789544945389895
0.00085167736825569
0.000838338420634932
0.000936721468663039
0.000922025777267497
0.000740022191956196
0.000932053391868671
0.00100812837434014
0.000798347844679112
0.000951188210676263
0.000994895496066737
0.000858975935420204
0.000790509283180432
0.000939191964448141
0.00090707027939226
0.00086663478568139
0.000891877450953677
0.000859280240524462
0.00075487370689081
0.000854615985824524
0.00086343285947142
0.000830570887078446
0.000885371989312308
0.000894424042906584
0.000855374571799189
0.00084991724259028
0.0008477309094303
0.000751096629870597
0.000773893995283595
0.00080436874512461
0.000779521432876861
0.000773223668936714
0.000917029594933335
0.000905939854814044
0.000868213399462413
0.000749725205400201
0.000831783391831394
0.000778405749530898
0.000831255482477279
0.000835615160523268
0.000939140859002444
0.000769214630052514
0.000867521760666044
0.000760529616077357
0.000827998469870391
0.000726530602262818
0.000865304382612292
0.000790459252728538
0.00081018353770534
0.000794650148253713
0.00090998201985302
0.000901914374059278
0.000720949043312428
0.000825975932601886
0.000854300215076424
0.00078091084042691
0.000883059979545867
0.000926020978047721
0.000913581738454513
0.000865326217414904
0.000830485988163479
0.00109712910953821
0.000898817336593258
0.000825523196582522
0.000870499017622037
0.000809632280003336
0.000931882534801541
0.000788614428018127
0.000843666148150609
0.000821705435752528
0.000819479103516679
0.000780194563345896
0.000835075312080656
0.000797122006010996
0.000967909690982229
0.000892114640753063
0.00111853755018253
0.00120360670247057
0.000846833472718803
0.000853469847733781
0.00088010868792845
0.000802418595792731
0.000833761333509657
0.000812850052382832
0.000909760643358585
0.000882712888357624
0.000976321919133559
0.000887578196275747
0.000762988498046929
0.000855781487188536
0.000907848772972765
0.000844726536443881
0.000893585247222494
0.000788953308841354
0.000729020657860603
0.000893835695776607
0.000830146098064848
0.000803017341497458
0.000891239975399082
0.000784210316426839
0.000756512006409812
0.00073309301001643
0.00086399552641292
0.000827713119623897
0.000908574674214616
0.000854438045753151
0.0009066556749233
0.000879425150968613
0.00070576111668617
0.000781584322677198
0.000967467175039858
0.000952668996450454
0.0010174460649648
0.00090412256113686
0.00095562703623465
0.000671821964426387
0.000831298603258191
0.000780831566895412
0.000772271205219013
0.000844636162735985
0.000688661414795863
0.000677879875245216
0.000793323070972651
0.000842378720262172
0.000804172908882438
0.000734013479253481
0.00086248994171787
0.00088870896769087
0.000857844994201195
0.000793713310942186
0.000958094050474154
0.000770744342636017
0.000831463418250656
0.000747680155485717
0.000842319427164421
0.00085918260608976
0.000933812314876309
0.000801616956757381
0.000813541127174853
0.000860034293416409
0.000884357003222189
0.0008346727644034
0.000794996968199564
0.000830602961447691
0.000785889537996035
0.00080705902279801
0.000716735345441498
0.000951848775365115
0.000789245969516966
0.000732596145826502
0.00100412272885218
0.000731943279366334
0.000751435906143041
0.000815546417797644
0.000828128650110872
0.000699561985728587
0.000952969901899743
0.00078776921134533
0.00101400578711258
0.000914838388358591
0.000861929173648987
0.000722408131407841
0.000868452857902008
0.000898186276575524
0.00084894407466878
0.000770843168006092
0.000902117299077951
0.000832744854260078
0.000991013068501551
0.00086016810142438
0.000930412727885706
0.000958369071886129
0.000972818364670977
0.000891296788433328
0.000828813482372595
0.000855888455605156
0.000768622467141395
0.000707309469694691
0.000708095462959033
0.000725615602106014
0.00073597038688904
0.000830609976469513
0.000755886647696231
0.000746739280543328
0.000897813574758172
0.000809084795545727
0.000994561393854874
0.000715557215425222
0.000770258081621457
0.000822692503287195
0.000825687989645743
0.000736316458736502
0.000807760296226497
0.000752845130251516
0.000880471765120729
0.000703102435000462
0.000891771410217283
0.000792494384857139
0.000788445391539818
0.00093735049847844
0.000878742579953547
0.000892382109113442
0.000760458535372189
0.000802708263481401
0.000820570667488596
0.000759601535692292
0.000810920940731
0.000970479395541835
0.000873196036358016
0.000734379940700464
0.000792677958273384
0.00081070875751181
0.000662676816077905
0.000764655979035384
0.000840069468035158
0.00081868312080838
0.000965220933560064
0.000686059617363388
0.000846756773785783
0.00119413946777565
0.000759435305090199
0.000806043977576283
0.000947229335082004
0.00080466297856626
0.000733018294027377
0.000812383431185709
0.000839314101996872
0.000998317828331561
0.000766830328841157
0.000925179218697538
0.000838712546061296
0.000920083126098085
0.000879066412661248
0.00112529790565013
0.000854966565761331
0.000856709881498341
0.000641083608234387
0.000798187783768189
0.000774898406596242
0.000932749167354792
0.000697487719906104
0.00079493212336318
0.000935117014130324
0.000793411566535719
0.000882596414320565
0.000777736930869171
0.000705951888089204
0.000710489229036103
0.000857185929592164
0.00082609591442891
0.000778663140315219
0.000707467046827445
0.000842804685697524
0.000808777742178484
0.000780949455965131
0.000741077406550136
0.000949275186907284
0.000742949825741653
0.000699611593865417
0.00082064105842069
0.000738064614147226
0.000856495886646671
0.000935664994299977
0.000830340099135419
0.000727914911960843
0.000871174167234213
0.000843666820466367
0.000797132654337054
0.000917924923026669
0.000772793821126158
0.000821314497215454
0.000708603316127605
0.000863815678403268
0.000694573448895777
0.000836069909685847
0.00108758014447805
0.000893064277502136
0.000785438460066278
0.000823756840172074
0.000779060544733856
0.000734048956528288
0.00100431952925957
0.000911089945821931
0.00075826012491288
0.000912954790265869
0.000759256494178014
0.000829326149803752
0.000762094168930158
0.000868358486686146
0.000858410173273019
0.000832273552371383
0.000719237701479694
0.000985333511837981
0.000859180173302428
0.000790518088954415
0.000770540128189989
0.000765374322852739
0.000764182749237925
0.000809721869915118
0.000771337955072715
0.000844650158521214
0.00065834790229867
0.000873244328891815
0.000779236272102701
0.000766261408897472
0.000723002493716683
0.00080115458260033
0.00102585449252937
0.000777072461614034
0.000863230380979342
0.000971352951878656
0.000730519754593188
0.00100848577472023
0.000753971555441549
0.000671675468849973
0.000812042825005327
0.000751389278429735
0.000867524007307233
0.000744750693187571
0.000663336593977236
0.000767162220377618
0.000780983066013871
0.000796659361609351
0.0008522501520611
0.000808140033464352
0.000764150158682941
0.000739354388975643
0.000835002941601892
0.000869259796889735
0.000702509995672409
0.000948603382638265
0.000825965091243375
0.000808943577107115
0.000934401487375641
0.000877630250978576
0.000854987680379419
0.000853069205201683
0.000831472350345145
0.00080928466835908
0.000889034717676349
0.000910582949568912
0.000829707599098925
0.000852760502680502
0.000898210606943003
0.000980542417221069
0.000842791287300163
0.000846747337631742
0.00081773209665882
0.000811078484826671
0.000857931393772071
0.000752463508344211
0.000847252330605385
0.000711071691591431
0.000686260660772065
0.000850548779789805
0.000810964486951515
0.000796898061845093
0.000671035902162839
0.000801832273244955
0.000795006724153619
0.000791619495666178
0.000816763479414072
0.000772094456910018
0.000783931678115252
0.000906778815602057
0.000742693082890591
0.000827958746163317
0.000756256414444453
0.00082060362586519
0.00082791727385992
0.00076118025147343
0.000799271314243913
0.000943048431183542
0.000916474193749959
0.000855995408485301
0.000832061462764966
0.00079911914401464
0.000797080190255103
0.000911827138773915
0.00077064729069862
0.000710903676502759
0.000840161407819632
0.00078856561377934
0.000720980148493405
0.000802339046905351
0.00080327381326399
0.000886397012666919
0.000870891193332619
0.00102982414861109
0.000745393039749923
0.000860495038712322
0.000825615122064272
0.000968763856317614
0.000768798267054598
0.000828270706630057
0.000945769483351686
0.000884338784388652
0.000725127962142699
0.000962807555256078
0.000835446784535836
0.000841591322015392
0.000781504610517291
0.000922288612583503
0.000820776833669015
0.000859349499737441
0.000849669081082003
0.000857889363735815
0.000778542122258565
0.0008338264692312
0.000738623435113862
0.00065264292088628
0.00078705642179528
0.000771955130152516
0.000872493183644668
0.000725573933956861
0.000669813006885295
0.000750448810901177
0.000718712545899406
0.000760593637952121
0.000825304196886057
0.000777726106271313
0.0008078768791539
0.000813669482919466
0.000832151124195096
0.000729260183559384
0.000727527201215341
0.000734028824191308
0.000765763794551303
0.000893862587803898
0.000760667161886994
0.000829365604985881
0.000823450576555097
0.000730640493094202
0.000872537923258106
0.000902619568788324
0.000811981180740628
0.000878216426804087
0.000669726543333615
0.00076449456545989
0.00103183348298496
0.000818109224021482
0.000821395111950583
0.00087034129162817
0.000750451155566959
0.00082864374588962
0.000813337356724094
0.000878100725297167
0.000813785655017474
0.00110616697213013
0.000896297072363188
0.000996585122377986
0.000891793033214387
0.000835977284997087
0.00103270532181194
0.000943134400732415
0.000878654513029251
0.000735113620828899
0.000816860905296779
0.000737978668306367
0.000806348218004739
0.000808849017595351
0.000704366867766674
0.000771322131746544
0.000698945643593694
0.000768102302324869
0.000838892692196181
0.000760854156054399
0.000725984572047208
0.000861214897562518
0.000745571059740657
0.000644424697089536
0.000767032310336951
0.000743511924225296
0.000825314510729358
0.00073763578156202
0.000773762485834633
0.000731920478012891
0.00140252674242946
0.000764310103278095
0.000799838771325698
0.000904680331584315
0.000891622180668161
0.000719198807855668
0.000919997610997475
0.000907259785429983
0.000810886955917324
0.000943835368842976
0.000912477408552414
0.000859425223866983
0.000829495193625074
0.000893514955107821
0.000834710117160479
0.000888947520990662
0.000791344376359951
0.00097559434848147
0.000768680200162961
0.000736826548353383
0.000721689146922532
0.000773818845338445
0.00117477342318094
0.000766985588112251
0.000865436715793683
0.000891347397148692
0.000844856763037512
0.000813665797436713
0.00128921724605662
0.000892026082951583
0.000772133636243656
0.000707634586070888
0.000716532292639
0.000994338383006355
0.00078666547458931
0.000892913995528798
0.000773634163028631
0.000764963924326347
0.000835379599959572
0.00100423951649775
0.000812046400985989
0.000708229623490702
0.000779004068758122
0.000782577729556138
0.000747010605044533
0.000783808639106294
0.000831926423551214
0.000716979154035768
0.000766427516981777
0.000992635636117559
0.00085006501543528
0.00071233369380794
0.000831779483739382
0.000802402496505094
0.000870530650359136
0.000686720047136982
0.000797108554177291
0.000996575957561178
0.000846609160805111
0.000719205354104828
0.000700701104206665
0.000889443152864834
0.000736791330163666
0.000847820717805903
0.000920293915269721
0.000811788203286877
0.000760868081538443
0.000862991874606255
0.000841909309688806
0.000759354273693236
0.0007923988319434
0.000793495413281862
0.000869647453106954
0.000781284058831921
0.000814105602730557
0.000948439086075689
0.000846967418464483
0.000858892433516723
0.0010226651123582
0.000933074248309915
0.000785172140623203
0.000831843620431045
0.000941896100908154
0.000730162763807099
0.000754948132059966
0.00080324795487763
0.000751586271351002
0.000796101130995265
0.000850395194464307
0.000791420492650868
0.000835760185530328
0.000735893913349442
0.000882621216047441
0.000810183786537238
0.0007391686896132
0.000812251034159356
0.000697199602869941
0.000777278871555343
0.000758359155228009
0.000810799476498565
0.000774970066795028
0.000864767026513609
0.00096925855720501
0.000887527787962967
0.000692798118598815
0.000739908225786949
0.000721930685930114
0.000744711164881847
0.000861378148676841
0.000784082408219701
0.000807233591913542
0.000778835924703793
0.000842459648981553
0.000771381948392008
0.000768507870174761
0.000743249547519905
0.000695399485624364
0.000823627009711526
0.000778675472255562
0.000768175274529208
0.000994696398327765
0.000738100596434448
0.000790503975331355
0.000873295209424617
0.000881045725438739
0.000854217913147564
0.000760411528750566
0.000727246194059205
0.000885341745331799
0.000695947647471387
0.000738945613083057
0.000688612349193773
0.000748186183535784
0.000721300585754111
0.000720237276821187
0.000738805049058062
0.000810838227239198
0.000850016016866546
0.00083687150351107
0.000787798807341753
0.000827769592261195
0.000858257417622082
0.000802991343261784
0.000736657828043106
0.000719437900608171
0.000728343305582789
0.000691582124293741
0.000754367157904385
0.000765663977474145
0.000893721690300453
0.00084828418298219
0.000726992990462921
0.000775361796550681
0.000812189247426748
0.000778674839525019
0.00102391184294221
0.000907543531247196
0.000849716376210375
0.000908745586961775
0.000809392219945326
0.000807231508577172
0.000852983917565107
0.000846846467949274
0.000785958342962586
0.000776550841139201
0.000836390227340247
0.000713296198496018
0.000692561331211114
0.0008269731227218
0.000762589880724104
0.000783076075081618
0.000713065446358316
0.000682883267672338
0.000855429235418226
0.000642610366925844
0.000888298978415058
0.000855604467089607
0.000768016421897403
0.00075196942834813
0.000812907646553477
0.000757590164795824
0.0010181601782957
0.000779035395269963
0.000835987946377241
0.000741223384038623
0.000701031829779894
0.000679515696541974
0.000636534908914671
0.000721736273064955
0.000722875432345845
0.000725808051533124
0.000707737496051404
0.000828085797286331
0.000712898675699387
0.000789354058707172
0.000716674601570866
0.000878935142660855
0.000802962033954559
0.000778704466092478
0.000818191078879685
0.000737962025627822
0.000770235242439807
0.000618980891596859
0.000917679853079812
0.000743645245963505
0.000838425700606423
0.00075719195290356
0.00065047733739917
0.000812754366608596
0.000798477108525697
0.000801862495396229
0.000689731805728586
0.000837126003629162
0.000763353884595481
0.000678722007863816
0.000836582204186249
0.000908777926784087
0.000918420486577903
0.000846136462238372
0.000741044653406418
0.00101155322004592
0.000967952234613014
0.000796073871924681
0.000781496561150875
0.000809314983057225
0.00075568805717079
0.000921062917691076
0.000812683228006117
0.000723368562246443
0.000786142801342173
0.000765931483120391
0.000710231914741676
0.000985541212227355
0.000800088444097919
0.000763810524112816
0.000796326086887624
0.000681405957215467
0.000780242540933835
0.000843506057926619
0.000779790194100091
0.000766625029234984
0.000681435940254058
0.000793933468612652
0.000734951142615218
0.000711561190206214
0.000721764973945338
0.000795707733158195
0.000750467875461872
0.000761940027732885
0.000800725993332143
0.000814860882479866
0.000786714298207474
0.000840635194408045
0.000839793846884545
0.000721150241445499
0.000667761651377235
0.000779127779991967
0.000789165608657264
0.00098909673708114
0.000808444943072926
0.000751859399093549
0.000717884273876211
0.000659527716472755
0.000730393622510769
0.000709195144625334
0.000683216343606555
0.000704223939554362
0.00137252087811434
0.00075125041242754
0.000853406275342163
0.000807657341779814
0.000825824816265346
0.000770037198309113
0.000920657953491082
0.000851722837442716
0.000694615253636574
0.000954858576576608
0.000794959161247203
0.00067714891615735
0.00074045948547883
0.000708180768236755
0.000775625159287607
0.000896396695881989
0.000776111414779598
0.000807664577056933
0.000786662300613118
0.000796691309723116
0.000739500070459902
0.000741821173208648
0.000634596508824692
0.000764082833729676
0.000746936757189718
0.000809341020642557
0.000750262274785879
0.000750929503033853
0.000729617188820609
0.000748709776959873
0.000677067322142642
0.000738582538255899
0.000735169565621364
0.000703650673719306
0.000677598564246374
0.000691924443204857
0.000705814561078601
0.000716253216771446
0.000801768194347579
0.000811769252681914
0.00070210192428551
0.000675098850010993
0.000747101815793115
0.000823872859220073
0.000833470701709151
0.000758877357216179
0.000794850588150525
0.000796088091535862
0.000742091781347023
0.000685288539860379
0.00075355446031973
0.000797268983115083
0.000834980389694364
0.000737282981859354
0.000696738383876646
0.000780834710488805
0.000723538634653001
0.00079246769745324
0.000777777852417917
0.00073078463134432
0.000892299386386633
0.000758269115873623
0.000689928078904357
0.000616802161756113
0.000684604730675882
0.00072756509300011
0.000855940636729628
0.000878851269093381
0.000684677300112577
0.000718260971318128
0.000712242192692765
0.000756378685121585
0.00162512674272487
0.000803985384120456
0.000952654329227717
0.00086836912734739
0.000815010386189533
0.000798344585771063
0.000618221548854689
0.000745452962804837
0.000935371824455038
0.001314705823152
0.000904491181217933
0.000963596854480241
0.000766888955033224
0.000851398753594649
0.000743377318732005
0.000834602821533375
0.00106566958014623
0.000844696556028475
0.000763849560136132
0.000870457400188167
0.000767946516366433
0.000761038189220692
0.000676613915084909
0.000733176592266286
0.000735001456495658
0.000683581494068398
0.000688272407490223
0.000819219646150263
0
0.000859478315934868
0.000757618130243601
0.000843270482463186
0
0.000939636759810104
0
0.000925591495968988
0
0.00093518933659341
0
0.000927881914050172
0
0.001048352340387
0
0.000827012816139712
0.000670073469533633
0.000746557054775775
0.000752468647373934
0.000713478916250151
0.000813890190889274
0.000761342772840539
0.000718583735176493
0.000726132260341437
0.000696690271361442
0.000766780759116293
0.000675157108548193
0.000627149607286691
0.000827484084580991
0.000656810013205815
0.000636248985596157
0.000604721606292872
0.000688182616712737
0.000682483093450301
0.000822309003001134
0.000710780871049639
0.000796300012449167
0.000791765203710406
0.00074101908056343
0.000764498528376069
0.000954031021565451
0.00073201293906851
0.000723648514659
0.000770415925637631
0.00073651511436671
0.000603845109822977
0.000636244869439394
0.000864506080749105
0.000718009253680146
0.00079685338824269
0.000671253364913002
0.000932231341070116
0.000740109122455666
0.000760431623045949
0.000689004172344683
0.000756524026335916
0.000703212499337359
0.000696781725648786
0.000712892896854301
0.000725601200410762
0.00082117324494572
0.000695706333694271
0.000857894122192293
0.000794102918802914
0.000749022891071385
0.000716269367610245
0.000716769528487942
0.000784228015275682
0.000745446194100865
0.000811573886912603
0.000702334577595533
0.000758830464785726
0.000648192366184459
0.000752803316046542
0.000671608131584463
0.000723365533811107
0.000717310270677729
0.000834889837285552
0.000778974250588089
0.000724680638900019
0.000689996996158034
0.000718414452973633
0.000805325432404855
0.000674492477408851
0.000661111591890573
0.000692918528222647
0.000672423736823159
0.000703627891464768
0.000756201650729895
0.000746938614862308
0.000648380987640358
0.000785796107120939
0.000690924614623946
0.000738062625118894
0.000772867449023946
0.000693323333665597
0.00074450435658454
0.000636253926111028
0.000702694434289372
0.000693592574975993
0.000864881875611105
0.000657587025437544
0.00079483479166068
0.000678243454783086
0.000998645697902722
0.000860236046951727
0.000775912784152105
0.000631975449130592
0.000792787278675342
0.000639061650665491
0.000764146313166835
0.000753166803378809
0.000790860432957479
0.000729431793586237
0.00072912501763838
0.000788121738210039
0.000603479166948026
0.000744693955758205
0.000825168188531225
0.000794806831481784
0.000628421830745415
0.000708444020573691
0.000725564047354301
0.000775477334448964
0.000803428579544889
0.0008703500135304
0.000753552391623334
0.000826054600110465
0.000738603221494358
0.000667862855948609
0.000638718540024179
0.000704750164841545
0.000663556080449859
0.000664914318577433
0.000686584716624525
0.000701667330856966
0.00085237836261718
0.000782880312922947
0.000650715374327715
0.000882516578816488
0.000819274690773061
0.000752627797119109
0.000772636967163253
0.000773148346026733
0.000705209655431733
0.000732003454415739
0.000832989359595384
0.000677069358417047
0.000897757815074125
0.000733863887534454
0.000757301602802029
0.000870244772917516
0.000730385493778578
0.000793473081529423
0.00073818449814601
0.000592839423092902
0.000749801543195033
0.000643468166986774
0.000758099614163779
0.000677206612151392
0.000595094190682171
0.000633829881556117
0.000661340620042575
0.000645497014916383
0.000661170719371372
0.000659696486580338
0.000600530291712042
0.000729196881669917
0.000674698870971366
0.000782011259425849
0.000755325312150699
0.000669658511801673
0.000689652883605956
0.000827531945457531
0.000769544226628915
0.000708870697367297
0.00062445202062671
0.000734032785291527
0.000641755151764867
0.000656504438838101
0.000618902689971118
0.000694866847283022
0.000755860252124487
0.000655574456768152
0.000672315181926794
0.000724552379549653
0.000763350274816498
0.000743792258744293
0.00068575579308142
0.000730771264212489
0.000690443608700995
0.000819728790935306
0.00064845610046169
0.000942785879517928
0.00067035733446144
0.000736082601794382
0.000699380073764479
0.000845774487598665
0.00079261271469359
0.000899630777291477
0.000759594062421966
0.00097526300107388
0.000695101965520936
0.000684239696247131
0.000664800845591273
0.000686673724422343
0.000707128120418601
0.00105792762844041
0.000866792796361317
0.000819956400898402
0.000717824453762474
0.000639542910371885
0.00064582356091606
0.000740912040703888
0.000856602656258069
0.000708242563286609
0.000775746630920297
0.000620242119316978
0.000710636776796339
0.000851714789578207
0.000808343872775775
0.000676013915853996
0.000660237824793545
0.000739708668351616
0.000653712758163056
0.000745052443702816
0.000780108680650768
0.000886152550346638
0.00072225369106569
0.000790097436522353
0.000731511155580507
0.000801232791313116
0.000730749967965663
0.000621902242426436
0.000795668962321558
0.00087167210702489
0.000638366080238925
0.000761467726402644
0.000876964619371894
0.000764372765554852
0.000882169788412931
0.000746713696805232
0.000763823355078934
0.000656293242435636
0.00079939719082457
0.000762533797579082
0.00097572780818763
0.000795858085028776
0.000716111234607826
0.000649067710703986
0.000821289048770112
0.000749499920638152
0.000795817523970586
0.000715897885498151
0.000754612650250772
0.000792325467672167
0.000770974573805137
0.000841472061192547
0.000648197686720896
0.000699366802107732
0.00065851642861828
0.000760145998349708
0.0006143320927336
0.000782455461251997
0.000816690628244294
0.000696718676910569
0.000714738657151106
0.000671206793330922
0.000709408467204043
0.000739891391560839
0.000651737225104269
0.000741694086387695
0.000706180251788883
0.000672153644373961
0.000773134757635665
0.000659091416720415
0.000818335883403868
0.000661480971060473
0.000721395637581047
0.000796771460926151
0.000553139149764569
0.000700020222778978
0.000731975928499967
0.000713016719457808
0.000677052466560343
0.000686098581886794
0.000575375618554571
0.000751496440903406
0.000713100662908505
0.000701816487942838
0.000632349538513298
0.000798796216168244
0.00065024079442075
0.000679489612442008
0.000661679546598355
0.000587712878395064
0.000760893906199517
0.000696656900178287
0.000677748713018002
0.000722537268876447
0.000678703910880305
0.00072271838796533
0.000715313252894738
0.000767050406925917
0.000730410528622044
0.000756816437852119
0.000790655669265012
0.00064395874336543
0.000706828710368321
0.000690395707369118
0.000659308304403845
0.000687807751476036
0.000674567999168683
0.000532826591358006
0.000700903845714886
0.000750000733021504
0.000735210255340435
0.000688172017834558
0.000654392075534692
0.000742860613787145
0.000657745128013642
0.000722640326367287
0.000752842510825994
0.000653812057250079
0.000653403611640686
0.000783937628775672
0.000692012196325204
0.000679759110726986
0.000630018879528627
0.000671664419345813
0.000660034852490921
0.000744885508638317
0.000700202529422705
0.000612530984814655
0.000690028744666139
0.000702252032018353
0.000640338501995767
0.000705055471443586
0.000576432593072122
0.000761513921333933
0.000815520555239791
0.000697159708361284
0.000676365610010901
0.000665226270139279
0.000693754962119973
0.000763660192827143
0.000780917753108451
0.000717637085874853
0.000744491066087241
0.000708929433298424
0.000764429988940053
0.000705222889370795
0.000792565920605007
0.000955006560888885
0.000725908284035252
0.000612903088618368
0.000743491636775014
0.000737757275068981
0.000609593051671999
0.000754025380516132
0.000647429225680362
0.000713202780716521
0.00074225167478081
0.000853174095747346
0.000738743778346823
0.000726707633768639
0.000685017277523893
0.000711719908817649
0.000696280202560785
0.000693361373523023
0.00070387420269332
0.000767675173532684
0.000657930850610292
0.000759486629602708
0.000635096641886947
0.000654805793354778
0.000632391463680476
0.000700134809567792
0.000718237482234218
0.000689727567950624
0.000635511394618329
0.000597045492251229
0.000653340764505186
0.000731452058361639
0.000723138508240885
0.000603500211931508
0.000709871215284593
0.000596263915705278
0.000685872435825325
0.000720914165414497
0.000740733631081815
0.000773114053986723
0.000737505492837512
0.000796535206186885
0.000668209271678626
0.000739971309483751
0.000753490678237533
0.000729444316272196
0.000740282814021314
0.000755878779665966
0.000748369926632995
0.000693047947707295
0.000675415700376921
0.00062460427572984
0.00066791758153588
0.000608260771582166
0.000798020903528848
0.00071297707661578
0.000765573661644841
0.000691420448268067
0.000678165286812211
0.000809786925173662
0.000694384949305071
0.000670412497502661
0.000599135955172393
0.000744709734112342
0.000627856924479143
0.000568487164925878
0.000673145268391044
0.000805909736093293
0.000687090128685887
0.000669203718793765
0.000710939409646262
0.000884093478365983
0.000705232043376097
0.000868736021738303
0.000574661568464155
0.000624841335898524
0.000735544805088136
0.000705283348055745
0.000713463423639922
0.000762947612634495
0.000683258716411794
0.000892526687772051
0.000648075578122082
0.000751729743499157
0.000707685308335903
0.000684298745466091
0.000784892607693891
0.000640856299403348
0.000765086770028258
0.00066853126263084
0.00069861834925601
0.000658166626868521
0.000733775676454997
0.000719575152358741
0.000628833972126931
0.000876288580603081
0.000729180725974433
0.00064802646333695
0.000730011101953737
0.000826409611980262
0.000866936615968933
0.000662260721874851
0.000692868963032927
0.000733489302606067
0.000642788028024296
0.0008012821418072
0.000882599256364154
0.000783481327290484
0.000638346119981704
0.000698838600138161
0.000684464023798503
0.000675445115519359
0.000711200991767689
0.000705898537667048
0.000692276886202308
0.000806697248951314
0.000690530498606139
0.000760516509385703
0.000823500726042648
0.000677606794977129
0.000787441395616139
0.000681810542671998
0.000606011568241839
0.000685551410497987
0.000740774204092033
0.000855151244174841
0.00065267774382127
0.00073275785875385
0.000745238750536806
0.000609273610223733
0.00060597219249356
0.000807849255716206
0.000680671442289091
0.000679333551493194
0.0006577728780168
0.00089476944492815
0.000755078867548583
0.000638032324693298
0.000723527994221726
0.00078443838962653
0.000706352249222221
0.000855989947740133
0.000750952548438451
0.000662078724598224
0.000747618492159684
0.000756306506620408
0.00067181389706871
0.000760326084217165
0.000672634379923397
0.000779024780838465
0.000871217400190884
0.000735999379166977
0.000679029470675061
0.00075364190741039
0.000710992736154636
0.000611693968688971
0.000791221606015958
0.000811445418939917
0.000779847634110855
0.000795063685070942
0.000911134076885038
0.000716120124360164
0.000616062008547257
0.000641602892857058
0.000595143910594318
0.000606893948517755
0.000686663158434135
0.000787058233128632
0.0006940218865339
0.00072196337565248
0.000793095926236789
0.000785098935541679
0.0007347551555926
0.00061599501116278
0.000697949027842367
0.000729599564389701
0.00061194365825589
0.000666672794871817
0.000628595204633842
0.000757922167493192
0.000777461353704051
0.000792370317737404
0.000693139615446035
0.000650939270858644
0.000637850359285655
0.000598766568072671
0.000683405878454693
0.000784533255254139
0.000666221777172625
0.000654872897594439
0.000709220556147937
0.00060238375560491
0.000734600985188288
0.00068970070483762
0.000788619874693505
0.000854596432758117
0.000649276395315573
0.000726151523296847
0.000715593027283978
0.000699589133552652
0.000779245044118996
0.00078297730195202
0.000688481397711185
0.000733890409705277
0.000664693577797164
0.000625111161768932
0.000640363009930096
0.00075449422379478
0.000719467862698141
0.00071565601330662
0.000623319774236019
0.000821110797641523
0.000641992487719569
0.000693309869826682
0.000794094907018197
0.000686670949946051
0.000734558712154958
0.000661490470294819
0.000722309565836033
0.000765299527839088
0.000659513009927928
0.000693714026380573
0.000809085719620314
0.000696437239299255
0.000835885766280997
0.000723195962053847
0.000711367687334982
0.000714011066534855
0.00061485913680325
0.000812670128386046
0.000632352821241972
0.000600793253255609
0.000791159653657838
0.000753720918316666
0.000634315999579961
0.000656158026337939
0.000649414349599529
0.000725295262028615
0.000710930207237363
0.000678054533116178
0.00076919332981253
0.000658095588750782
0.000601849374402707
0.000689965923662604
0.000608268869026923
0.000596523292361133
0.000705496064826896
0.000838367205928201
0.000615939926845868
0.000683083488647595
0.000585981711574521
0.000758942321983485
0.000724816853192488
0.00073289519966822
0.000636988503302469
0.000674872800255906
0.000684348638257507
0.000736191573075161
0.000783960228845515
0.000609881659927767
0.000767706138623211
0.000644332449753825
0.00064306107466378
0.00065991791197204
0.000707205241307309
0.000789184854082245
0.000636007632959153
0.000642184402004325
0.000632012453107866
0.000730769516753469
0.000690035170964218
0.000706080719017225
0.000828014489630881
0.000731031261434188
0.000679786922376269
0.000719104914575438
0.000614359754526553
0.000771289623917067
0.000738868780982661
0.000739800802199042
0.000677095942712275
0.000812116355355948
0.00064194958375124
0.00079176221221896
0.000701025432311783
0.000736481541864178
0.000637085415410333
0.000767055885393135
0
0.000849293088155768
0.000595258752164042
0.000617335535161516
0.00064161752714022
0.0006157969863407
0.000767570170389402
0.000700963437379037
0.000692053083474397
0.000694981872253791
0.000691747382532541
0.000672904285143738
0.000704682481643022
0.000752483301398492
0.000713022251468741
0.000641019606497599
0.000632804434958296
0.000700944838770543
0.000763058546154735
0.000685883687262207
0.000685964722126172
0.000710148840617683
0.000650829358929316
0.000700959683706906
0.00069595384677991
0.000831918621351068
0.000698060340226691
0.000728899131170905
0.000652773292143436
0.000717330566180929
0.000723121379652859
0.000625063776694479
0.000666205436058391
0.000708471731223243
0.000736628252189069
0.000724419300138463
0.000729058046049933
0.00069671631594416
0.000669074693618921
0.000679459586391663
0.000601013027904702
0.000712941914685779
0.000686910336526147
0.000710320841911024
0.000669672001393331
0.000688896187054979
0.000736407492226483
0.000787904007407079
0.00063234645645158
0.000818283627171808
0.000882414131831049
0.000723418111463186
0.000705598095767137
0.000672251135069577
0.000703951413983768
0.000656506616761558
0.000681340050741898
0.000678692417306723
0.000809489183427552
0.000734479255828985
0.00107982502016122
0.000884978993818308
0.000841953385213494
0.00066691961178981
0.000763295797995134
0.000698920598851106
0.000726733782281465
0.000704884637135756
0.000659379375911439
0.000759150990290867
0.000818057261948016
0.000650973443192321
0.000739049156726994
0.000679394629710351
0.000668824683816792
0.000627581161194302
0.000706593689851361
0.000699036335801608
0.000657108326422798
0.000655883263267761
0.000720072614649283
0.000672849548396827
0.000718908940612404
0.000753341740723223
0.000620759163562763
0.000656863319541275
0.000681331973465903
0.000654323630212702
0.000749992636629653
0.000670157524828349
0.000819984133037343
0.000622913407603392
0.000708023690496102
0.000714708067866191
0.00064288258727219
0.000628152585632322
0.000743445275577979
0.000754951631629706
0.000615486462475354
0.000677914593727677
0.00070980489448314
0.000732889378350669
0.000765945548519349
0.000686683817078451
0.000609807052613513
0.000679684292289022
0.000730815698412584
0.000711480913878768
0.000816364592335569
0.000746117598388846
0.000679146712887729
0.000605975331642343
0.000813270317643879
0.000738851418220448
0.000723353097743875
0.000693571112469542
0.000652186844811392
0.000650584932815963
0.000792353663032674
0.000840219391520593
0.000745587515091646
0.000648581156409389
0.000828826523873327
0.000835316538811994
0.000710318390807928
0.000640049669312929
0.00079190109977762
0.000632990848245668
0.000704911818806876
0.000763706307486748
0.000765386355081371
0.000655232639435585
0.000728288481297427
0.000677560050688437
0.000768599759665607
0.000740196560299768
0.000738117490274876
0.00068032531938173
0.000811348671760237
0.000651304106086736
0.000842643558275532
0.000746915194331364
0.00060149816085225
0.0007379002656908
0.00076109846631679
0.000825145570547037
0.000842218131229482
0.000821586998468985
0.000651418220127384
0.000716584205839719
0.000815726458909122
0.000671604475073383
0.000774243948827441
0.000777502469023465
0.000769763092587577
0.000672716908715796
0.000775133033049167
0.000764251862159988
0.000741744084838611
0.000835922232493257
0.000755173617569132
0.000779110268745442
0.000661140289187697
0.000665420829117296
0.000660441292391511
0.000739431176369778
0.000614862161941051
0.000709505847012277
0.000743434075410151
0.000737468370686366
0.000870044341651238
0.000713009131868141
0.000785948751392468
0.000759315234633564
0.000790437049207473
0.000760895853863726
0.000710462033611518
0.000798044874610304
0.000708013428276219
0.000717355983489822
0.000623747528316431
0.000740762572167387
0.000684556460433746
0.000695528833573919
0.0006871115810726
0.000759453885184534
0.000888064255337894
0.000727667562705833
0.000803392178324331
0.000741295546194774
0.000657711107983756
0.000811353902398631
0.000629262198953162
0.000607112853673145
0.000689100143145161
0.000675671512824016
0.000674285964450821
0.000655556931414734
0.000689075899333658
0.000705588062904884
0.000678893254143465
0.000693232872738456
0.000609744672334565
0.000597346521165442
0.00063728814675507
0.000659245632467144
0.000671777307853468
0.000604351779647885
0.000684799116308158
0.00071362625685653
0.000812667483797178
0.000607034887694327
0.00061810453079742
0.000787177782962851
0.000726362508014536
0.00077559432839293
0.000636466776651432
0.000681870363198131
0.000606400439081807
0.000627325110597956
0.00082142135574563
0.000824035073389517
0.000821000502389096
0.000748455179325786
0.00062072968565574
0.00069755891690465
0.000699734312476703
0.000717205750739497
0.000651023036635607
0.000745897965812677
0.000687959279533473
0.000694128195475772
0.000771300787573851
0.000806938799926303
0.000730130524654908
0.000688350637165674
0.00086944932502651
0.000789521302421353
0.0010512148211737
0.000868777374975061
0.000725777601582297
0.000702355720979564
0.000694643653831602
0.000769661755571199
0.000759563907384028
0.000663631970349822
0.00060557103135282
0.000679293267092625
0.000704753148592465
0.000682115107654595
0.000692868473409826
0.000636310006853005
0.000674524703919198
0.000689552193703286
0.000767429626562633
0.000670516144160736
0.000659582846526612
0.000819409778411899
0.000736503426555175
0.000905002023937124
0.000949999802295031
0.000767820045667288
0.000640723608392218
0.000690972069759506
0.000704647655606644
0.000810673183286989
0.00076465007237535
0.000619791053495574
0.000631723468465275
0.000634155540199404
0.000630755697506705
0.000636988424445687
0.000605996969673408
0.000877258867658493
0.000731975077279167
0.000681322768985364
0.000724510175760192
0.000671622264162791
0.000781122981301293
0.00062491088914193
0.000689175148629017
0.000702776810973129
0.000745357995327687
0.000655601246962232
0.000791750135610808
0.000688484231495695
0.000655673146559099
0.000744927959755764
0.000713195244731298
0.000782326131908395
0.000687063461163097
0.000643534179100419
0.000725029490181856
0.000676918678172924
0.000711441985841828
0.000818870024289796
0.000747411470679368
0.00076729946302966
0.000663994649590777
0.000699860657801359
0.00064479285921903
0.000648456343928962
0.000653526959233145
0.000629724515937223
0.000589848519262897
0.000606053612995371
0.000729761573104107
0.000704958434783113
0.000756512841256763
0.000709974946373955
0.00072369973976695
0.000771016581559917
0.00072270411754118
0.000751952865562377
0.000657741669202509
0.000766929601595105
0.000837487139001681
0.000780512907674466
0.000754749243814968
0.000774744666735762
0.000721560262841868
0.000710774238018733
0.000781213193412598
0.000656557555357368
0.000637073519337269
0.000688232277378538
0.000746367093219832
0.000604508405212082
0.00072861801085489
0.000735928583394392
0.000737335903124803
0.000698264264066425
0.000742867751790792
0.000600457489067201
0.000700877503063384
0.000771708834838315
0.00069234243792275
0.000826904391040988
0.000742833759926293
0.000787856572803528
0.000603374685025605
0.000802403304521722
0.000773282612010469
0.000763874892857305
0.000711528818014729
0.000811576638331035
0.000617277676747175
0.000816462016943011
0.000779757039193883
0.000656562717138386
0.000710183065642398
0.000675473846580733
0.000566723422021933
0.000609795939130788
0.000759857581676074
0.000651902707682709
0.000655703602099769
0.000691104844417743
0.000745711200248872
0.000720257669915679
0.000790125445667172
0.000756782257251696
0.000707538105978747
0.000741860008013385
0.000756743655549291
0.000665644650753755
0.00066819967060182
0.000820507156866929
0.00081524504043938
0.00079256402523383
0.00080175751451861
0.000717031318469692
0.000693917806429027
0.000700554219195981
0.000784438313228006
0.000722572439856439
0.000684640915863879
0.000807397216334095
0.000739252591913907
0.000761370598087001
0.0007942075306097
0.00068385731406069
0.000769246094712839
0.000671199401624522
0.000813549239140396
0.000850245464040753
0.000664100496921594
0.000714200458108883
0.000644094571033389
0.000831987931291764
0.000723586831327758
0.00081722152442138
0.000881562977602361
0.000733611724199771
0.000676263570913254
0.000780337714815975
0.000657226519671874
0.000660825530883237
0.000676284976908394
0.000839686743672356
0.00066461460976995
0.000847805322405939
0.000790163348120187
0.000702696043853639
0.000734493220241971
0.000738355734331436
0.000868171694516012
0.000638223394534608
0.000814823433528229
0.000627792714485353
0.000790765210774576
0.000799030824587769
0.000728081914201847
0.000853835706522578
0.000817623304129597
0.000975035502133912
0.000781885342677574
0.000777746887505798
0.000778051415765856
0.000807639546755074
0.000799342827964249
0.000784872764632097
0.000780723993976312
0.000720032566397923
0.000808115228085497
0.000726093282025049
0.000889830456638646
0.000797887807739987
0.00107000458075952
0.000700191305835035
0.000802175352295183
0.000910253946313789
0.000793859029729112
0.000730295379272435
0.000826900659942688
0.000765261034413492
0.000941931979136115
0.000940481332025474
0.000793858626381325
0.000752996017592734
0.000780704094118131
0.000879095637120696
0.000856416120323943
0.000839683362761342
0.000752966372200782
0.000878729649978176
0.000831915717151817
0.000793926818472816
0.000906116491247979
0.000737132514845406
0.00076248975438238
0.000982235330767502
0.000810683182389719
0.000792590166044204
0.000902532028169791
0.000769429304233575
0.000947428466739425
0.000835457496111931
0.000796403995669245
0.000798436568596449
0.000876535466830894
0.000844647720730216
0.000788313419097565
0.000635411377596138
0.000777312497288258
0.000752397944481825
0.000770157310914187
0.000669189518267121
0.00074113902389131
0.000695795959091604
0.000685741917272055
0.000830264963076075
0.00082013448673668
0.000727271117504496
0.000786017555811838
0.000760826339585697
0.000684457364688276
0.000692814202313458
0.000632065014284601
0.000780525437584561
0.00078179455020308
0.000741965977621747
0.000804564247924925
0.000769933482115846
0.00076382103537291
0.000764267697001225
0.000819578493982924
0.000710383562506553
0.000752157043638785
0.000921274210433122
0.000719151610447054
0.000752104495645242
0.000734724500415227
0.000782535105155457
0.000685789716697518
0.000821559727832104
0.000705322986912762
0.000757852855387221
0.000804181844457699
0.000782122401532195
0.000758811862670647
0.000702339732208351
0.000738304669491572
0.000673383952800002
0.00086177889821613
0.000785971795156093
0.000740516484633381
0.000702303134486791
0.000741801173014868
0.000774716151771844
0.000754317538338235
0.000766232298461677
0.000785970667600635
0.000706205060745664
0.0007885428585836
0.000852406532705364
0.000674339346520357
0.00079812797573341
0.000668764226906771
0.00073282602461838
0.000789759271438077
0.0007917581637214
0.000779607604261646
0.000682534283420698
0.000743504983010748
0.000710721669967846
0.000810461998340035
0.000786572981416909
0.000715809341705083
0.000741547979585048
0.000706772005952378
0.000655840816783189
0.0007908331571175
0.000870470918058901
0.000766878664139679
0.000733728163053058
0.000758827855149199
0.000681988113928787
0.000775798187619427
0.00061460650332368
0.000810239144646838
0.000935990612017176
0.000790921368399606
0.000700001946450018
0.000857273232548242
0.000775009309610053
0.000859317837524359
0.000783657981054289
0.000885578892297396
0.000775401170742096
0.000831311654467881
0.000767377031663178
0.000780960774703481
0.000922833658664246
0.000846415539911171
0.000930174114694308
0.000758663248417361
0.000789465090509952
0.000740666812260442
0.000812598568257705
0.000709455677104178
0.000820390611866475
0.000774921914287616
0.000662407298280818
0.000841167042278816
0.000784545451994752
0.000695220093638307
0.000866491114307148
0.000701830504231918
0.000732534373890044
0.000836097595428848
0.000735895551918157
0.000849445151667903
0.000804360358115345
0.00073482862812616
0.000869397301323966
0.000715080892920033
0.000804608482655465
0.000795469878686351
0.000726090976409921
0.00103140816843837
0.000792128888820765
0.000841608006529987
0.000868491909029534
0.000832760361406238
0.000706570290716419
0.000750336843368914
0.000821792246762401
0.000916963249725186
0.000863036547585099
0.000693437731363025
0.00078829412945251
0.000981056074350912
0.0007358186411196
0.000828655212863956
0.000971652465753446
0.000824700609701491
0.000802658114869884
0.000868129381238599
0.000669946856031116
0.000707240456821848
0.000738078947354797
0.000785586625714357
0.000694646732756485
0.00069352950260456
0.000613083672665942
0.00085282750319895
0.000912716142432753
0.000771604005586042
0.000753847747256655
0.000716300740984086
0.000797629408824872
0.000827805264866619
0.000888738005601601
0.000875046641663892
0.000848357138393847
0.00076053931588918
0.000790009014898097
0.000785176979998171
0.000667824225409539
0.00074052278700282
0.000765522707575091
0.000743342064321162
0.000819357960116428
0.000787693666308727
0.000743077627876482
0.000705271149747597
0.000659485150118179
0.000754375138388
0.000854083184916165
0.00077282272779574
0.000848003904141205
0.000828718307739332
0.000862000081096226
0.000875041584296672
0.000926746450727281
0.000907774228848872
0.000703660579149365
0.000854270119045267
0.000802920150606658
0.000718990412609843
0.000869499192120947
0.000753374949831192
0.000770480191364631
0.000942934153676792
0.000778641420927737
0.000757264374414969
0.000832059917016735
0.000819393515431175
0.000819639015154783
0.00068593250854209
0.000933444917171324
0.000737108319058578
0.000999071126691126
0.000763980922982185
0.000783713051134662
0.000762473777748744
0.000850686555556584
0.000917284425984224
0.000891440662388914
0.000918561951663894
0.000680862651237633
0.000673849405751875
0.00077134382905639
0.000799451317958407
0.000851132972760907
0.000736205144709168
0.000775986562197742
0.000910451736672391
0.000848615899449021
0.000922939872046822
0.000767119688918655
0.000747247930104499
0.000730409121013351
0.000932002445503318
0.000787357319458812
0.00088829779285997
0.000902274249288091
0.00086947007974808
0.000818471973515182
0.000741853782441538
0.000869450616351821
0.000772252939056112
0.000684865569233836
0.000751897815222907
0.000799445120929664
0.000743092486340765
0.000806156514595238
0.000759411926312893
0.000735716769763584
0.000783841225578718
0.000739391083063602
0.000746918167625636
0.000693315482568614
0.000885089826874987
0.000844040848604465
0.000775092810459888
0.000762015667880868
0.000678085437651116
0.000710786527259902
0.000927513974350316
0.000779908679367421
0.000754492531239369
0.000783095208048507
0.000673651149951618
0.000878277143430448
0.000859220191434992
0.000710336788643095
0.000794920765571151
0.000887219523927626
0.000847356128468974
0.000856266997167396
0.000874196013247112
0.000860433004312913
0.000836583135790826
0.000761450542072876
0.000731027256565642
0.000845290076154311
0.000773713970710057
0.000728498650933076
0.000792924990853843
0.000799189701772729
0.000765563222448761
0.00083748497148859
0.000917852711669328
0.000766242970004086
0.000979462744144387
0.00095271768362179
0.000828896863549425
0.000911316003886389
0.000975903528510387
0.000917609190704683
0.000718699083901448
0.000899249027754561
0.000764649538978231
0.000738513823942241
0.000878116194092752
0.000910470333184201
0.00100488796075968
0.00100581242581398
0.000888336239879693
0.000850096149239956
0.000816528894729579
0.000926253174654306
0.00088797137663959
0.000715228265945746
0.000838840824987611
0.000726678480635941
0.000717454675496709
0.000879343892164865
0.000669429457161174
0.000787600399918324
0.000760765043108247
0.000803945104772191
0.000828589638225575
0.000804247962943464
0.000947937109712621
0.000827093541154672
0.000848367411390693
0.000727954640137886
0.000763399437658874
0.000827433667558333
0.000912960362624817
0.00103587052815704
0.000799204076474899
0.000703330485073863
0.000797112219474042
0.000766815044276355
0.000860827523348687
0.000781372980047888
0.000875067914115352
0.000759873094407132
0.000789689624584516
0.000810281103622594
0.000761081614325275
0.000875877690239466
0.000868591783290639
0.000749195190593389
0.000891467407587617
0.000798910431572868
0.000742248214264502
0.00080952171326714
0.000837871524389992
0.000706924213449412
0.000743085565346119
0.000844583768094428
0.000754955334779026
0.000842625886103969
0.000738758331158301
0.000883292062311509
0.00082869387958293
0.00104950182948155
0.000789607880615989
0.000791133589134709
0.000813255088695729
0.000820390759555637
0.000726407141929714
0.000795876324581221
0.00078781323177151
0.000839841436697734
0.000832197924836801
0.000816818506650971
0.000788737307073679
0.000668403928517224
0.00079238657272166
0.000931479298741197
0.000850990485389444
0.000797545886622002
0.000808770212987361
0.000811651044488249
0.00091430991285677
0.00128358204407837
0.000722446693634364
0.000830485911566549
0.000949194010245015
0.000871174201221364
0.000765016933905427
0.000815823022414393
0.000672567744239928
0.000884497149914245
0.000727530857167109
0.000722043772083816
0.000746312528158155
0.000745647912707079
0.000757251363557683
0.000929150878559817
0.000832275784411856
0.000861507491141757
0.000769299388347821
0.000941868829753033
0.000950541421626552
0.000778209065320075
0.00074908909333733
0.000718724165488409
0.000738371509534187
0.000786006548393974
0.000803478916447794
0.000832288451118027
0.000691373502461943
0.000870317903569362
0.000812537993873381
0.000769045473222045
0.000705231579292981
0.000830926155028211
0.000777780884165481
0.000855849321134516
0.000783783482023567
0.00072576221581465
0.000804357005950905
0.000907572752272021
0.000825378408942345
0.000775455174866755
0.000789990424481908
0.000653729546754522
0.000826518038248718
0.000961005288845947
0.000965187460500115
0.000764289160512929
0.000814336082459156
0.000813736521796558
0.000856172789616621
0.000738610318834199
0.000901696530723342
0.000780203242891966
0.000801962727745206
0.000809162604780957
0.000724675181847303
0.000883461015559629
0.000794231676705864
0.000684105722989226
0.000880386862161393
0.000787781827015025
0.000798712247123234
0.000731562678528856
0.000645078243554219
0.000805378270532659
0.000792125665717939
0.000825851345161857
0.000865729974599175
0.000814320360784369
0.000794376232422424
0.000925278925390838
0.000828290639770405
0.000809488109472113
0.00081984504117674
0.00079967256600372
0.000770984095982805
0.000750298951915427
0.000732725388852526
0.00081881913946674
0.000829271014482564
0.000890772710658233
0.000857522136321515
0.000809230161808676
0.000826870394456385
0.000896950270185608
0.000997283419037318
0.000756583841678438
0.000876307298072942
0.000837311151298248
0.000770305092585198
0.000794039889050338
0.00075180045239286
0.000897201544244477
0.00080446431970525
0.000784629929150958
0.000872431746203632
0.00101417728573193
0.000947135771653749
0.000849330415939191
0.000854478717699313
0.00077337970419681
0.000810567055965437
0.000768699100906469
0.000822379508919218
0.000764513844777692
0.000874331056105676
0.000738328084717249
0.000810689467362552
0.000836802406887323
0.000721676835390447
0.000712363648873976
0.000780708481676888
0.000919548352503668
0.000820543822141414
0.000913069623499302
0.000776466187368634
0.000918956071557081
0.000846530702790541
0.000744420165510323
0.000752915716617212
0.000691812855635295
0.000781945312698763
0.000913204660241895
0.000799572440627804
0.000798393373658394
0.000937327765909403
0.000935724072724719
0.000873684087727071
0.000811929517360412
0.000935785569746965
0.000726274706515778
0.000880358667967001
0.000765428180007909
0.000831210600912314
0.000675028601645911
0.000820725815922884
0.000799388926404682
0.000839104355929291
0.000799305526642418
0.000875849976824381
0.000826206176431375
0.000798896218694954
0.000852444014125454
0.00091896014141586
0.00087627415811143
0.000845198622135417
0.000876384365871965
0.000868723237125004
0.00095632033457477
0.000896939261180775
0.000809712302760243
0.000991330631544822
0.000899171103710077
0.000839858984853745
0.000779983829187448
0.000775837546095376
0.000756821268816632
0.000802667254625206
0.000812010930100165
0.000890911414617957
0.000877579279465292
0.000815516075199793
0.00083803894040287
0.00090259990033994
0.000688096743063529
0.000933448842796832
0.000863968978349948
0.000843943194194223
0.000828150008523584
0.000762101321323736
0.000708098777711244
0.0008543717156784
0.000687688165262948
0.000812770023050218
0.000821226414526868
0.000704739862505842
0.000759443748496619
0.000836913626338593
0.00080235824091378
0.000769386788428764
0.000757449584971059
0.000776762380008662
0.00084780639098693
0.000793543328930482
0.000780162071171632
0.000772260681897979
0.000792301683690895
0.000849697287103786
0.000794040589100659
0.000716360439623044
0.000799235334192409
0.000773916867458598
0.000911098376728108
0.000816270081218901
0.000771772279470597
0.000966557878377427
0.000769537193601687
0.00080512705954275
0.000734906107807523
0.000832349754096864
0.000729046976787881
0.000771846199395219
0.00078160771079709
0.000801496184076652
0.000877380103869404
0.000797524596474727
0.000781239070253361
0.000795038412921506
0.000727879861590872
0.000808746417047955
0.000860781777199951
0.000824111377017442
0.000810913742102158
0.000708016741740932
0.000797570641318541
0.000860026350209122
0.000735433848722452
0.00076567518710707
0.000760363787099463
0.000751317218499828
0.000789471655380712
0.000802490429928618
0.00076037553123419
0.000934226664724597
0.000789648898625102
0.000675354115127313
0.000910540423692413
0.000723288100113487
0.000806223026970813
0.000718662608719457
0.000723551295501419
0.000883650228726662
0.000719100712696706
0.000749751633089405
0.000897595546630333
0.000867692219001516
0.00097179720962815
0.000805103199228856
0.000848119695140736
0.000776275609325697
0.000763292463964808
0.000783045786018129
0.000867710547048403
0.000715686027195179
0.000795740427715885
0.000796515015622416
0.000873202337141942
0.000795753022130158
0.000924534925152727
0.0007851705014997
0.000790858701315442
0.000826455574506006
0.00079838723500109
0.000777332662259256
0.000704056451596572
0.000828402704599215
0.00077014599920319
0.000848450594834687
0.000790743541438246
0.00069875893297853
0.000937255874493967
0.000872737582306432
0.00071493545782246
0.000785596439509637
0.000772274229488278
0.000822077920797895
0.00080836724016673
0.000758461190527853
0.000766588363852307
0.000823808467291651
0.000880750445099935
0.000866627621561747
0.000930989937293928
0.000762460427689343
0.000762615452080096
0.000760460028822137
0.000712279052500765
0.000890016766700068
0.000761365054536707
0.000691465331377196
0.000779292879225275
0.00093115369340025
0.000766432255463036
0.000802357903829666
0.000823875561738615
0.000788544745108379
0.000784495680403822
0.00080254415412529
0.000849718529987091
0.000757409284419563
0.000842641072192315
0.000849520567254013
0.000812668227620632
0.000898922436437097
0.000805723857231246
0.000895607458850312
0.000800879985734889
0.000935303372980264
0.000799932980655816
0.000786579144470322
0.000736002661696503
0.00102786665427276
0.000770743721600649
0.000736622008643952
0.000933816650455338
0.000781794767092344
0.000882193716712738
0.000785158683960236
0.000846343059489162
0.000810025091325116
0.000811398091901884
0.000965948517708456
0.000726361134626266
0.000777068389415702
0.000882037866394539
0.000767454804461179
0.0006976169386758
0.000706025413360498
0.00080749953652305
0.000781962110645405
0.000747617095934871
0.000839506668317211
0.000831516460790784
0.000881475877406427
0.000852673480500191
0.000822820554776451
0.000836029682051149
0.00075661758443329
0.0007778337644695
0.00082367006831597
0.000905266394876264
0.000864453983719663
0.00087378964867015
0.000793925908552156
0.000742236777045211
0.000881732158695118
0.000785367081662844
0.000891348893325209
0.000815774967079795
0.000734160815970673
0.000892652769979428
0.000765916634554489
0.000770938840689992
0.000747233137029936
0.00079143320846132
0.000696214930454643
0.000798614591397017
0.000758436116678031
0.000820899814700232
0.000867179773768356
0.000824373233264986
0.000822448018356099
0.000910765980102976
0.000747859981206617
0.000877442342460715
0.00088028537080666
0.000871403513490952
0.000782384029161754
0.000866859646433558
0.000797786980263016
0.000856215300227431
0.000826142490794412
0.000794756176602771
0.000841254145562887
0.000832177031243765
0.000841067649720596
0.00090370564014238
0.000774660903297364
0.00087539248643532
0.000844059101335617
0.000818912531359635
0.000770493719293643
0.000768232367087209
0.000786169895479116
0.000932991805184708
0.00070526704031846
0.000858877770819288
0.00104186329494535
0.000953650047598235
0.000843342035566391
0.000889047445004543
0.00086108802733057
0.000911769934340888
0.000824259438202785
0.000828291430549703
0.00105987306779074
0.00102302244617553
0.000851547127409471
0.000859809721193201
0.000761149924417544
0.00123320053565335
0.000870322600264021
0.000751811063527375
0.000831115722942107
0.000818896025366764
0.000765273964811634
0.000946502254961396
0.000744635201530165
0.000870034262279221
0.00097774642312497
0.000842533030082598
0.000779689550358048
0.000751754085227218
0.000836010380638926
0.000870299902483909
0.000841954604341348
0.000747790740591987
0.000844911492735252
0.000881924117756293
0.000733255347713925
0.000941818823342407
0.000868189861749231
0.000812861091328961
0.00095480048899743
0.000890453847883388
0.000834187470317942
0.000955185008155329
0.000839749914597195
0.000840394736287941
0.000858796565668544
0.000920892428900008
0.000955190518777462
0.000928338552326523
0.000868075855269136
0.00119627854812987
0.000992419595845057
0.000987455640014908
0.000955049085370997
0.000719632455904356
0.000876213804728744
0.000857229395782031
0.000800945278919668
0.00078557367919942
0.000869315243432138
0.000922647598405085
0.000813297671068989
0.000778808208710127
0.000798127446775083
0.000794923516614755
0.000960678524274966
0.00110656604227172
0.000871026297702146
0.000856171921019633
0.000962832884874774
0.000838742464228094
0.00097612205284155
0.000844683639802217
0.000827981152346351
0.000846970691159066
0.000843794517991747
0.00103280913632913
0.000993020350732457
0.00100039950841188
0.00100218877430477
0.000868642996970748
0.000798420953507891
0.000860394505567385
0.000952605088890616
0.000987108872528154
0.000906027489229879
0.000851183236056085
0.000946598229456359
0.000789882041587832
0.00080568923535912
0.00106208569467591
0.000871890223705054
0.000983144661636623
0.000999603176175553
0.000977342288002442
0.000977426211231933
0.000911300952409896
0.000873343782209042
0.00100170931176905
0.000836764881811828
0.000926734795119269
0.000873953487049512
0.000878007718286231
0.00091734927621222
0.000915979308750849
0.000972866952492312
0.00107218202967993
0.000969632707076336
0.000946438570085922
0.00107903054355319
0.00104344263705746
0.000888934453620447
0.00105939038467868
0.00112151479372891
0.0010245766907372
0.000959057371117106
0.00099322403154026
0.000935709310348404
0.000995748088478178
0.000948043455981292
0.00117466759755513
0.000958545735734796
0.000991006897433991
0.00103187268163348
0.000988531065363028
0.000954847865944658
0.00103827414991241
0.000987872436279192
0.000997413329904755
0.00105134376091852
0.00111165290452661
0.00102755749736731
0.00123850044122362
0.000903891414502959
0.00111113653334727
0.000874945789052195
0.0009592582016379
0.000994869290811458
0.00100541020716816
0.00117159386207429
0.00100424171570664
0.000913863171620684
0.00109644115058751
0.00099170511638114
0.000956331369250825
0.000976051552328501
0.00108688414691041
0.00129775155758045
0.00123452395154017
0.00111446129707262
0.00118449480886716
0.00116073614874633
0.00134901707214484
0.00102869763944351
0.00102740555710902
0.00115171948055386
0.00113840874148138
0.00126084322344783
0.00122883817491261
0.00113694187628436
0.00115545389655197
0.00127658221199671
0.00121674944591967
0.00114585868688768
0.00111397669236901
0.00103790237599722
0.00135973259188652
0.00102894843833805
0.0014360828074716
0.0013405297101218
0.00121837892425193
0.00109347594446337
0.00128285739666198
0.00117811683014441
0.0012664346916242
0.00120481375543748
0.00119540117548543
0.0012761599590592
0.00120135309377288
0.00134476002123929
0.00135511502525966
0.00127729495997789
0.0018394810679447
0.00125447695142873
0.0014577341857661
0.00133991669639273
0.00125979967386684
0.00135303679212266
0.00137707074674142
0.00126533368887392
0.00138455328008764
0.00131544238850104
0.00146099240246593
0.00141630712016303
0.00145434415044623
0.00136000457104572
0.00129348792593246
0.00115636783412554
0.00137710678530124
0.00127284444823127
0.00129442698940331
0.00139726514191595
0.00127426241481129
0.0013323712614595
0.00138981667210872
0.00135881401208506
0.0015083371469831
0.00150676470807564
0.00150846086468853
0.00149179805593243
0.00141213745275394
0.00166160914535168
0.00157235945419988
0.00160572258016013
0.00150157925391583
0.00155176885840461
0.00164781676712925
0.00151829046636967
0.00148689593141245
0.00138052331281078
0.00163443213259685
0.00164570588649837
0.00150451282967416
0.0014659443314609
0.0014184044487516
0.00146610497319954
0.00143637021170869
0.00142193972681945
0.00146008076802651
0.00136724096120362
0.0014859535390485
0.00155515429454693
0.00130610228962241
0.00146023297524428
0.00153983377892125
0.00154910959929838
0.00151450663712847
0.00141301258273389
0.00134780451592226
0.00144246088013259
0.0013440329784034
0.00134443482715596
0.0015761412555885
0.00140433854026283
0.00133919162561125
0.00129978807348965
0.00121480112066207
0.00136607387501792
0.0013633095166576
0.00122971034957825
0.00117764942817081
0.00124016412326683
0.00119719900200777
0.0012831960942797
0.00144521803374305
0.00136475658554854
0.00130913223985242
0.00128003314371251
0.00113855904430274
0.00136334560820749
0.00123236540884888
0.00104715507199126
0.00110895288525403
0.0011949553772849
0.00128478945838737
0.00112694363839654
0.00113787636093606
0.00127695175527095
0.00113476905041419
0.00124927752006516
0.00113976484452462
0.00126664548696376
0.00120699044948453
0.00110346400373129
0.00119682215775127
0.00106880183774837
0.00114697425238488
0.00126670420951783
0.00122125513959706
0.00117624217985241
0.00107787820835903
0.00114370369825303
0.00119975491558664
0.00118612411730435
0.00109522461959416
0.00118897006724749
0.00111895191537018
0.00108408137524311
0.00100006393847298
0.00109756007293425
0.00117117488100447
0.00109760387100283
0.00118614286096155
0.0010909966158518
0.00102611426166054
0.00108007272073306
0.00107056797390057
0.00124558582149423
0.00103037588234278
0.00101838201931467
0.00108287064199286
0.00109006226787535
0.00108309236988378
0.00106043997319328
0.00103807576830447
0.00108906363545835
0.00108643845910501
0.00115239014234391
0.00109068013259422
0.0010343633250493
0.00105390233355335
0.000990545060690505
0.000987392271166384
0.000976197626342934
0.00104615633416879
0.00103906971823235
0.000896099467045394
0.000936246857213736
0.000973371207992341
0.00109112825879581
0.00118273306903239
0.00101257362792235
0.00110327071468208
0.000971260683279032
0.000996573476622165
0.000982229993311464
0.00105124656054376
0.00104917518524411
0.00110513434619601
0.00105794476200071
0.0010326906401333
0.00113472662757194
0.00113308228768704
0.00117859142910335
0.000988856369903747
0.00106244576079976
0.0011247724632213
0.00121980857681326
0.00114996841354258
0.00116940304723269
0.00110014214104215
0.00117714676642385
0.00108932258452414
0.00115283406304269
0.00110953920308093
0.00103378718513667
0.000991971217464131
0.00109860691481629
0.00114281804993893
0.00119684425967213
0.00115818696358214
0.00113512376763385
0.00120805816082716
0.00112001974288333
0.00115760274330742
0.00125589636397484
0.00117547469086512
0.00120486878641714
0.00142001383858013
0.00118112550622708
0.00143250282850785
0.00115224236859047
0.00128999064766667
0.00128998435228832
0.00123357570026851
0.00134927160363178
0.00118632264318534
0.00116526554863717
0.00116323036040888
0.00117975936843816
0.00130930016808848
0.00132163051793046
0.00116426940056896
0.00121579509512453
0.00138666291414372
0.00150268005640046
0.0011746667664882
0.00113840752881351
0.00118232300771263
0.00126001029190745
0.00128146077319772
0.0011972897082634
0.00115700668835664
0.00121811772145481
0.00127211247307594
0.00134113477254543
0.00125818115144025
0.00116173001142964
0.00115871277095552
0.00112700835446699
0.00122858056407603
0.00122249998111492
0.00107442266354445
0.00112801793026802
0.00111327507771177
0.00107518302779007
0.00118708964679005
0.00124224149889302
0.000999985017654256
0.00114377518083461
0.00110566654848056
0.0011873740135653
0.001084385763035
0.00113057228870295
0.00108786907607074
0.00108044980878043
0.0016418627148963
0.00136791046859164
0.00116592258632378
0.00112562012698401
0.00105243112895211
0.00126474474174947
0.00104303936965419
0.00103727652297975
0.0010716361749027
0.00111965276238571
0.00107008949869775
0.00124371704128649
0.00116313327718067
0.0010675502265251
0.00119887964594912
0.001064085709142
0.00104925963271143
0.00106288787775326
0.00100918659808543
0.00111698183596061
0.00122711931042072
0.000931266824452199
0.00127989072043456
0.00121476026117596
0.00119671771915133
0.00115052755006526
0.0011451566402512
0.0011942788010841
0.0011980508169746
0.00105225055949956
0.00109344311977494
0.00105392275585216
0.000982605293743173
0.00104386918349497
0.000968894554501235
0.00114338285643173
0.000910309252117469
0.00105423571653968
0.000976355839619852
0.00115496858824502
0.00123696363117165
0.00113971899402741
0.00100489877390945
0.00107101684777025
0.00101649543110877
0.00118824338365737
0.00101932749587763
0.000976164101707679
0.000937587417567427
0.00110631056504579
0.00104073577948556
0.00105747639718359
0.00111963237994216
0.00104389934826508
0.00106083681237503
0.00117008759803563
0.000912324143160781
0.00115411037318714
0.00132780953808335
0.00105837346812004
0.000979260587457134
0.00111695896415677
0.00108477641044536
0.00109468061633134
0.00139463913357342
0.00114962480352555
0.00106483795077588
0.00111139724899084
0.00130210800390591
0.00116233823380808
0.00103348793379307
0.00115213347325682
0.00109556867223595
0.00124080891782003
0.00123803759266841
0.000997361613021051
0.00122223547668234
0.00218984086285136
0.00109801282712496
0.00111837938527288
0.00126439645331085
0.00117029224548071
0.00115140785184262
0.00109465465969852
0.00118327520725856
0.00117097167857039
0.0012955874312814
0.00113973279337949
0.00124148746722876
0.00130426139491487
0.00119108361155058
0.00121347378461813
0.00108545355852797
0.00106797684026478
0.00121351372479909
0.00130169771151501
0.00115322975744694
0.00115464518013437
0.0011375167826973
0.0012898616127915
0.0011340375794967
0.00097939377203055
0.00123545570852984
0.0011674283553264
0.00102311916263196
0.00110214664563565
0.00119016900725075
0.00100068861553968
0.000979412652550056
0.00114186769429277
0.00097268169886386
0.00129949664811526
0.00108533082162833
0.00113958425066206
0.00115068451017437
0.000996030650046776
0.00118827308041506
0.00104023084717069
0.0010307007894901
0.00129416689025811
0.00118174516489382
0.00107778147974481
0.00102862224150376
0.00101221878920043
0.00131168847070987
0.00139491746952837
0.00101497317996387
0.00104975775151494
0.00112002287990794
0.00110668573075295
0.00111306533031565
0.00101702402306991
0.00111135887960943
0.0010895984198174
0.00102107228231817
0.00105452150131363
0.00113992724866788
0.00117941883872618
0.00104549457538917
0.00120346856160128
0.00123150845757298
0.00124130189767672
0.00118602204804049
0.0014934943931162
0.00106870119864624
0.00116896357498871
0.00113633833210884
0.000992557880449911
0.00105467697348413
0.00108566150178515
0.00124298000857661
0.000975237832879344
0.00114499177216644
0.00122384189342597
0.00117079962331754
0.00107672163618846
0.00103388868077909
0.00102860941160837
0.00118854272216757
0.00130916395460031
0.00119843440905846
0.0011641955430787
0.00107672326896116
0.00106806596002967
0.00123426638748565
0.00116238691116222
0.00121211683643997
0.00106264418277168
0.00113502110056483
0.00117954560539043
0.0011648568462981
0.00116148285379193
0.00112798753162687
0.00128905401936328
0.00117422311787738
0.00113830647984732
0.00110543686760257
0.00115545791106041
0.000998893879692496
0.00130133132120293
0.00112523239588719
0.000983342208657917
0.00115285093112945
0.00124952814430751
0.00116512503585602
0.00109088164371153
0.00129808485647928
0.00111287379550972
0.00104597427497333
0.00112522822561861
0.00126052112927565
0.0012238733123261
0.00105368496123501
0.00112588631339889
0.00121668256084386
0.00118605691631829
0.00114360178228214
0.00127301758390801
0.00112633386639695
0.0011795622291774
0.00124853445687715
0.00110815057750147
0.00110774122806864
0.00103318078436817
0.00117989832384674
0.00117898831138017
0.0012363427228776
0.00106922085471149
0.00111564041078612
0.00106013067724449
0.00104729258999511
0.00119232390829758
0.00113583514150225
0.00118951827207375
0.00119172969615444
0.00144011649959379
0.00129054546771051
0.00127159193368454
0.00121863287599186
0.00119561215131638
0.00125846758105586
0.00126171687731068
0.00132655557103159
0.00121554530736197
0.00108144065609167
0.00135798075924697
0.00112181764240032
0.00131518092206426
0.000993288803487658
0.00120018397469566
0.00103389995254888
0.00111768181801222
0.00112021144205946
0.000996554805049264
0.00100896879960197
0.00119946303334942
0.00116326042922037
0.00113233803265083
0.00125427089089327
0.00113723966214444
0.00111798721098008
0.00123753168888233
0.00121688804746683
0.00109533428392087
0.00131274808109239
0.00134671106502145
0.00124113908684496
0.00124665260584181
0.00120227735168358
0.00103936038630394
0.00109475413779323
0.00112143402753433
0.00169746189170673
0.00175898959799671
0.00117233709572677
0.00111702508538246
0.00117940072831197
0.00123691053715367
0.00112213337098059
0.0011259718779703
0.00103477489072631
0.0010795811246487
0.00112587395551543
0.00110968826590793
0.00115348875538801
0.00106139881485742
0.000992123102541123
0.00114725088061265
0.00126573408923992
0.00121286024762271
0.00133458220730376
0.00125193635875707
0.0012945125119092
0.00123082853663654
0.00136858050518123
0.0011743806541046
0.00115903558219821
0.00115151952972799
0.00143499987644484
0.00130004211023329
0.00162735781867055
0.00153463589865472
0.00114336132707742
0.00117709956057667
0.00152102929613061
0.00124979473984914
0.00131046632229812
0.00140041160957875
0.00126267164272992
0.00132677870622574
0.00112125219403932
0.001291756039535
0.00155833205139837
0.00123647135543158
0.00135020972508468
0.00129349560460183
0.00134499850079805
0.0015327463621985
0.00132334182360486
0.00153426112287522
0.00110906793911792
0.00130145873701487
0.0012574082576977
0.00130152157885894
0.00125150525269522
0.00137957097496146
0.00149568907161645
0.00159419890888587
0.00183170812024692
0.00148139278370774
0.00205012573386474
0.00210170915927971
0.00149119270496039
0.00169048352383975
0.00178624654834069
0.00188829319518712
0.00176438050227357
0
0
0
0
0
0
0
0
0
0
0
0
0
0
0
0
0
0
0
0
0
0
0
0
0
0
0
0
0
0
0
0
0
0
0
0
0
0
0
0
0
0
0
0
0
0
0
0
0
0
0
0
0
0
0
0
0
0
0
0
0
0
0
0
0
0
0
0
0
0
0
0
0
0
0
0
0
0
0
0
0
0
0
0
0
0
0
0
0
0
0
0
0
0
0
0
0
0
0
0
0
0
0
0
0
0
0
0
0
0
0
0
0
0
0
0
0
0
0
