0
0.00121796586141981
0
0
0.00109774030554459
0.00064247414318844
0.000766099629513556
0.000877722575604539
0.000912122846264102
0.000763447042736147
0.000833363756759434
0.000974501710833322
0.000768392289160709
0.000832174265865221
0.000863869094042118
0.000967103710384439
0.000915144793557815
0.000759476370410144
0.0008474610157715
0.000876907651980859
0.000791550320094315
0.000872937008935392
0.000880646662273049
0.000885640615889602
0.000739229968495191
0.000872415118529184
0.000916508843882837
0.000802875132145584
0.000714542122173631
0.000839897659504597
0.00084290932971462
0.000959795828359147
0.000890048053956065
0.000934954649749634
0.000939019298518958
0.000892896148997964
0.00100388409158928
0.000893409419757304
0.000902166770594992
0.00084330327709378
0.000869198766736991
0.000841709866430438
0.000930221425081561
0.000919845950749232
0.000959397374718688
0.000810367924094677
0.000733712300336697
0.000848581596117351
0.000866546366937114
0.000776499911543709
0.000894985573006917
0.000918421280683916
0.000941781518134278
0.000828774839767548
0.000926410793848854
0.00104252279290899
0.00108223106251982
0.000839924862162037
0.000801075877570854
0.000835307692583812
0.000791701831447103
0.000816858031633134
0.000957390948682282
0.000735699120354806
0.000919812013243349
0.000882053588832246
0.0008240526666879
0.000814198868034492
0.000823631364798717
0.00082771341560751
0.000821770454167092
0.000936299970281736
0.000932335591199091
0.000939074567880838
0.00104635486587841
0.000955175322571446
0.000905912375716541
0.00100649479347778
0.000866951878271149
0.000877338244935156
0.000836049443473153
0.000904444866673384
0.00097561966295237
0.000872758076468805
0.000835367839595363
0.000975728729754887
0.000927294028142356
0.000825426749919923
0.00092465446623422
0.00081703080615786
0.000800388319455546
0.000739837412351085
0.000919902298456664
0.000880080055484431
0.000802612855589682
0.000877105721155712
0.000752747251086887
0.000878673270106949
0.000840386347978374
0.000890103308760093
0.000896138684080928
0.000746167112469367
0.00100041062846453
0.000845986187390336
0.000792331276087324
0.000797686326116886
0.000886567357046064
0.000774321607957374
0.000854875195810214
0.000841634269395284
0.000754346317032363
0.00070693680483087
0.000869751027244942
0.000785280995737516
0.000826946517856456
0.000865963885079868
0.000730514011736791
0.000743123050854842
0.000749804617884585
0.000799857482296316
0.000869860835521887
0.000850825236156609
0.000791171196648506
0.000830683666080359
0.000696625702845373
0.000824756728705861
0.000976962171604719
0.00081708814462828
0.000805324416722051
0.00083644568641813
0.000868441578125673
0.000897413931869041
0.000893160802153834
0.000830753325402749
0.000931750129327969
0.000857774258649435
0.000900370768089752
0.000966584117950377
0.000902944137093219
0.00111239156480516
0.000836667267164725
0.000683485834757862
0.000825987491247219
0.000958474113542646
0.000802533048155421
0.00087180610664864
0.000842362967473348
0.000926767798991809
0.00074540946316731
0.00081817725623091
0.000888389530834421
0.000841145663954909
0.000761942126227045
0.000825221126868498
0.000809070292202809
0.00104264781288789
0.000906526319402238
0.000781286159093349
0.000878379709355757
0.000799920699791387
0.00093112283401822
0.000837627457364147
0.000829133169972468
0.000918183694632883
0.0007828585873083
0.000783397187132726
0.000813782726761006
0.000803020910231859
0.000831363405566015
0.000893336170012882
0.000812648065473382
0.000872815097292345
0.000803788037983327
0.000893055663402432
0.000836573453177371
0.000813965272849507
0.00101175009336127
0.000766028035251281
0.00101920873959152
0.000691439247254336
0.000739930651493792
0.000760222615338821
0.000919832990390008
0.000878845013037333
0.000864205125864273
0.000821292012493049
0.000946794308399647
0.000877055823757339
0.000956376828321912
0.000855037031029763
0.000749114794546058
0.000828786738625758
0.00080280700067738
0.000845604843165414
0.000914641825606746
0.000989062993044487
0.00114314230279091
0.00097524276536043
0.000824114923293302
0.000878214107235451
0.000962754909245602
0.000875250337605288
0.00081088558823744
0.000770926175577455
0.000949430612697772
0.000886157118507219
0.000845874595559304
0.000931735684327004
0.000993890527209309
0.00083816284493649
0.000823186537909262
0.000990114370168615
0.000901884155451991
0.000764330621414943
0.000731203147800136
0.000807876211959058
0.000974117599389968
0.000847208208083071
0.000968110762888351
0.000792051930616783
0.00108078231062138
0.000914822167231196
0.000939375789735451
0.00088788379418413
0.000977821193438585
0.00084421629145722
0.000896528174481283
0.000750730168179903
0.000865321386528187
0.000837300840760171
0.000898507646288175
0.000937946856647928
0.000868047844420529
0.000913504133039807
0.000750541883948339
0.000848442038205886
0.000810239171256845
0.000840770230645507
0.000850600866366377
0.000861531989564482
0.000779810964242993
0.000963841182111165
0.000886672924438364
0.000875941048468396
0.000895802606194107
0.000935609703421206
0.000770246343064624
0.000856803772504934
0.000774516282270701
0.000864277458562872
0.000907092926083338
0.000810457235284527
0.000872376100124564
0.00083292490491108
0.000985600280015139
0.00076095103730087
0.000806128375719449
0.000873835417111764
0.000810415777246901
0.000811464725243962
0.000764184791460145
0.000786992575952611
0.000872449077089425
0.00094771235022145
0.000896893255273517
0.000906046773309009
0.000919211804577047
0.000987951261341581
0.000874085418198973
0.000840024638784682
0.000881293625581457
0.000751599335644536
0.000814462684873628
0.000880571413291821
0.000938679992896522
0.000881643528858964
0.000883900964861715
0.000892830227939265
0.00082167072153718
0.000875722826968007
0.000882932200228339
0.000868808629083669
0.00078225308195385
0.000788932295354862
0.000896041701668075
0.000773365510792857
0.00083561573489814
0.000869516404956162
0.000858374778695469
0.000816682560440433
0.000855420998223613
0.000903993522033616
0.00103177876802228
0.00079059093534547
0.00078762578084992
0.000811357436875593
0.000781312991511335
0.000855938888466312
0.000806944844139377
0.000880725879880299
0.000840999385222326
0.00082535975373071
0.000816217856424075
0.000963812137376881
0.000901934281884138
0.000807239947094607
0.000754056618531712
0.000847104044386792
0.000811403608685966
0.00080166111340866
0.000873300032431095
0.000845710108385504
0.000833769014931815
0.000898824574925965
0.000918240575452892
0.000692197233583426
0.000990567754634765
0.000771411255249983
0.000844361383209151
0.000901086156058693
0.000790172498972028
0.000735461816571518
0.000833643997250403
0.000868403537738197
0.000769407886749602
0.000760611772084881
0.000835457680844658
0.000751329308737417
0.000785614613433622
0.000881542582157796
0.000757928985721176
0.000797723644570851
0.000719750439331538
0.000835119363454963
0.000825841850889891
0.000732806676317768
0.000731187082194413
0.000777839330796926
0.000845647717236877
0.000843378878798397
0.000864178723863146
0.000827101341417504
0.000792115312481119
0.000848254074494535
0.000859437250180303
0.000749926760324983
0.000803502407968984
0.000870444765314974
0.00085212686523209
0.000786580253273831
0.000867997796899644
0.000832773438103032
0.000811989905824661
0.000755627231045814
0.000868411255685158
0.000900855468433732
0.000845650079999929
0.000750891328657746
0.000800642679436256
0.000790365775040327
0.00084265534822481
0.000785896158723473
0.000747333133467637
0.000816715415839036
0.000826275575288165
0.00106951124381294
0.00110103845266482
0.000937708247068562
0.000934931049582488
0.000766697607056627
0.000841868290821977
0.000851593372114399
0.000822255484885468
0.000837912393653982
0.000817530092977168
0.000835433201863415
0.000822187313114381
0.000815252719656618
0.00085180579408085
0.000825847800254805
0.000820840324644456
0.000801571927357991
0.000864109085898947
0.000890292948483213
0.000817002654307043
0.000749159839255228
0.000827929859198319
0.000778402248452875
0.00120735553139855
0.000740777716844284
0.000787949265820895
0.000934871913980598
0.000964129552453431
0.000795062978615417
0.000844835218494691
0.000820309971905376
0.000836492792122149
0.000890400813819691
0.000814128542971074
0.000704442235387125
0.000805782009757562
0.000788346649470433
0.000916477372415461
0.000863599164274472
0.000727266221734706
0.000788180608281157
0.000818692352136002
0.000759745348732933
0.000779603431559826
0.000892773337446114
0.00088608433658989
0.000975511088201329
0.000918139388205856
0.000917543049017584
0.000825158657035411
0.000839283905468398
0.000929548665736447
0.000880572710221801
0.000717385373736342
0.000907604359995255
0.000781193542832615
0.000882743550586551
0.000972565483638837
0.00087719769688616
0.000866388643820908
0.000993524671166462
0.000886535932938875
0.000932446324959728
0.000926846083247413
0.000859127572904596
0.000998068192187622
0.000907872988448671
0.000874084137590897
0.000787867875698642
0.000740411325767461
0.000760427282307762
0.000813569267762519
0.000845740840267174
0.000794517806271635
0.00119011226358547
0.000758276839658087
0.000912283269370013
0.000910486385080152
0.000823009132106856
0.000755635948235826
0.000872367238537361
0.000858462400837051
0.000861534971109662
0.000780737746856316
0.000716234414215395
0.000752516937447722
0.000807306969576875
0.000792382715140914
0.000889887407479829
0.000816711720417103
0.000795491156716559
0.000786998732731168
0.000923229904130025
0.00091599866179645
0.000837029673441401
0.000865924840380468
0.000769308518687767
0.000872994140643099
0.000768373495755417
0.000842384424854125
0.000821849655790953
0.000832080984399815
0.000724877508479612
0.000823310079463585
0.00081262228485748
0.00083463625078066
0.000675889571313695
0.000842940559944604
0.000789717854990717
0.00080146216147226
0.000799222955752782
0.000873659191006285
0.000819511515920745
0.000741856754844341
0.000714866424362761
0.000826589052242563
0.000742868581305157
0.00106085136792197
0.000844083581296644
0.000828587641848873
0.000933084930043478
0.00104083292821424
0.00100200613806919
0.000904514180566155
0.00101218780938299
0.000856272097573726
0.000743443996058634
0.000808793057134235
0.000875538383491885
0.000847993956185985
0.00111226829218647
0.000888562029242388
0.000876410023576311
0.000817490957694696
0.000741977962857442
0.000855777514597817
0.000713860949263415
0.00092389660664881
0.000845143928854104
0.000956739906706623
0.000864679226498633
0.000850985625269547
0.000964404929827439
0.000852806329958
0.000889456440307026
0.000777745407641614
0.000835860953065064
0.000784902944335049
0.00075255437970499
0.000878243238540386
0.000824094164859846
0.00099081158690306
0.000628139455164449
0.000816777409227722
0.000930883431373385
0.000910111395408004
0.000828923141904777
0.000905152370815449
0.000696216387092201
0.000910604709647594
0.000840019641693829
0.000637712958406608
0.00073888763759398
0.000726296350787721
0.000856271270182396
0.000865442913944881
0.00080478447804941
0.000907476075782623
0.00075445432349987
0.000929363425076847
0.0008717596269702
0.0008759394107961
0.000670924837084084
0.000805406383429892
0.000717330569516146
0.000835890780380514
0.000856326761739075
0.000861590343893069
0.000752949021441449
0.00079134665716153
0.00082601718787709
0.000879078366395599
0.000795698188740923
0.000842814567424144
0.000842758896910362
0.000822092981227926
0.000858267093896
0.000956353646390312
0.00064621774927706
0.000809363148312773
0.000945492461957151
0.00085571107188389
0.00096575777778982
0.000879904027940126
0.000913325208931024
0.000867335084869537
0.000762575305295067
0.000764116592491863
0.00083235926439938
0.000830328196211291
0.000686590918325158
0.000919868341014046
0.000818562667611686
0.000769049235413357
0.000711483189280133
0.000832256530844519
0.000741746316308719
0.000709079926852054
0.000716052837685381
0.000835651148843884
0.000710795585527576
0.000856867030369103
0.000701849695843728
0.000787868861954609
0.000741301384005747
0.000757978428402782
0.000796806520632426
0.000771070193463069
0.000779765667008039
0.000816883871701409
0.00080624345380354
0.000756547724754099
0.0008728158871765
0.000723184765192097
0.000793953868890498
0.000848737478235142
0.000829841845335234
0.000723600142426696
0.000874696216226529
0.000917273282652399
0.000733263882411497
0.000747400793938568
0.000930666460831113
0.000813057568828473
0.000860416914483714
0.000856325283476367
0.000788270973510364
0.00082482876205814
0.000812726890454073
0.000747644925386507
0.000627403970760057
0.000804825041307536
0.00072664797325108
0.000874700975457544
0.000850805260793316
0.000828706477619548
0.000736322531373075
0.000686952108873967
0.000814856858130121
0.000740281237656153
0.000843263964504472
0.000887685824692664
0.000885376689472352
0.000962581557936314
0.000840452113967041
0.000775535579240708
0.000815903633440558
0.000765088579850334
0.000778786459670689
0.000862370158932747
0.000913187035266611
0.0007028115482426
0.000707033853452524
0.000829157277681801
0.000796909579359775
0.000757406087910046
0.000751456552006337
0.000790540171946905
0.000823550378645423
0.000736434761301023
0.00085643537873354
0.000734021924879534
0.000742297667899257
0.000836554534375234
0.000825951362192955
0.000779847684299191
0.000824523136253464
0.000733716474410462
0.000710083360380659
0.000830670854370993
0.000864985904332853
0.000858425398538775
0.000664408858818452
0.000732724019700727
0.00101477648377842
0.000946772680423363
0.000715690629936051
0.000741621033886334
0.000813647021536566
0.000868980153329056
0.000817456724580332
0.000763631410410352
0.000814478756266466
0.000864849703642728
0.000809108570150495
0.000765316501901558
0.000687248463479841
0.000726082344873532
0.000671841765494779
0.000688735714234037
0.000767862382504362
0.000757129171218372
0.000781719440112209
0.00079003916764348
0.000623906820409213
0.000767191729311512
0.000717857408169428
0.000713628497316579
0.000657268412006956
0.000792873500006243
0.000784258342973372
0.00090494849328886
0.000860650968503792
0.000917133480615358
0.000738804212211455
0.00078846979460938
0.000862064934286654
0.000829156304149495
0.000743638210140123
0.000755641020620654
0.000876277374703453
0.000761313038069267
0.000810544189541389
0.000871590709837723
0.000973675309844497
0.00073409383717685
0.000810889568679748
0.000889304431555867
0.000802290613682197
0.000840271079418468
0.000723359634686205
0.00068420908026954
0.000706780204120198
0.000825046434934556
0.000796698204756469
0.000888893224155567
0.000805862831883616
0.000901529958600036
0.000658978168506382
0.000923631980629744
0.000671698206739846
0.000848467143455761
0.000778770445736396
0.000750517473639369
0.000748701255947437
0.000775055896443648
0.000758311980388389
0.000767130708654383
0.000818495697568924
0.000784473923010974
0.000910932004561341
0.000810083567263731
0.000638384676603061
0.000752883502729224
0.000784053311927269
0.000782647156078007
0.000844646231392907
0.000774168200304374
0.000702148568853956
0.000989490748348729
0.000790985339087802
0.000842555421093641
0.000675706925953446
0.000918637011093044
0.000818118453811124
0.000906374738131158
0.000682496657109838
0.000842521447740316
0.000794320372975518
0.000737282959063195
0.000703229526435575
0.000803825960527666
0.000741370169225517
0.000702568333498497
0.00079408830247506
0.000823171549623442
0.000742883404102098
0.000708923822621974
0.000701263517977462
0.000793407109942391
0.000739896670093515
0.000768066290514906
0.000698052237182898
0.000818676981980068
0.000846451923739613
0.000781036123394963
0.000783588774564087
0.000824752564241219
0.000825842979968701
0.000818462458894826
0.00083716754046986
0.000836791530279485
0.000787029282301322
0.000750598762939797
0.000841925716201919
0.000710826780180764
0.000815750548496678
0.000737757002476469
0.000814393591014757
0.000859167847842713
0.000802137510197642
0.000749711692763601
0.000737511801734924
0.000741774225916153
0.000731814678105143
0.00074841271849702
0.000649789279354187
0.000659073826434376
0.00071690427230248
0.000699990612398468
0.000741266859553165
0.000791945963696999
0.000787057962468434
0.000835497958409909
0.000853558446209504
0.000792686755499414
0.00085734088182444
0.000769863065704707
0.000847808832302485
0.000764687497166659
0.000831284421586763
0.000739224148449809
0.000762546010585857
0.000693721904161312
0.000733783393510832
0.000868945236498374
0.000664829869922591
0.000821788851653681
0.000850860771388595
0.000780441691502149
0.000771939159856046
0.000945968327515879
0.000790747520989048
0.000756826440567384
0.000867561868134028
0.00084629526342733
0.000808136609149763
0.000786626692769925
0.000839797806014228
0.000815854509673482
0.000905640847192633
0.000778233367779735
0.00081733717787121
0.000834057420502801
0.000896200298224193
0.000857678697087435
0.000774200293976024
0.00078911076399279
0.00085218334724858
0.000830333796107528
0.000757491891875035
0.00086673810906684
0.000825132353058364
0.000774362007798856
0.000691478566907323
0.00073006399310421
0.000772799352443421
0.000805827762609802
0.000796512662010055
0.000726974156385097
0.000735067613792331
0.000974050804210236
0.000772302808436858
0.000719638270347721
0.000690294083803615
0.000827606957228982
0.000921666684663675
0.000819114409527438
0.000795007019935488
0.000747527060176751
0.000792275833150685
0.000778451639942396
0.000779048369294085
0.000714424571984022
0.0008307583469326
0.00074889833179566
0.000826218533096801
0.000742436168123294
0.000722190320145247
0.000754927587038262
0.000759014781958976
0.000783473602442795
0.000831850927353783
0.000808372467867416
0.000836173628494562
0.00076656951140581
0.000951103166751236
0.000904959680192635
0.000734512887582857
0.000744663257207097
0.000768584372817349
0.000668817211286941
0.000761437954998735
0.000711666916815881
0.000804379608043984
0.00077669740950004
0.000787685842621376
0.000825182736251228
0.000878239241367919
0.000979312546671548
0.000841556867839974
0.000746743829423632
0.00070121979857096
0.0007607425462677
0.000946844155480556
0.000878554521367098
0.000783716028676687
0.000779681393917444
0.000812945500883679
0.000692794550899683
0.00105737931836623
0.000819648603556062
0.000792947967899627
0.000822324671216827
0.000725240521818817
0.000869261355975073
0.000903201582308499
0.000781035016011567
0.000796744423221737
0.000690976698942913
0.000859171962474262
0.000794813286806539
0.000807395656907323
0.000910491542528338
0.000640530134070445
0.00070804395326469
0.000793284841824811
0.000781001880750328
0.000843290105284128
0.000804869721297627
0.000809297962663079
0.000903318132604252
0.000774816527746952
0.000861474426349816
0.000742163286901657
0.000750989521157248
0.000753827417096633
0.000820924163337178
0.000901392876084571
0.000824346768839327
0.000751053333776505
0.0007865295364206
0.000817170289287746
0.000691306537166551
0.000790592665269518
0.000775553227034379
0.000744114411421132
0.000848808071785407
0.000861422523804435
0.000673523090765683
0.000814646293113996
0.00072409443823735
0.000746415346703265
0.000909982777789404
0.000746894564876607
0.000823031203068512
0.000890734072536375
0.000671093171060261
0.000749276408508847
0.000738507931622593
0.0010792820896275
0.000755064873832728
0.000717793049199725
0.000818108568683371
0.000955123371081236
0.000796418110952025
0.000766681795823741
0.000811626074092266
0.000758585803257505
0.000726841449629817
0.000756674668003325
0.000813692861469802
0.000810473524010235
0.000751858795696712
0.000814725016448557
0.000739326305469313
0.000801135596408587
0.000747829708962042
0.000838624071889518
0.00132548184616262
0.000819180940157
0.000859650699995371
0.000760813085290079
0.000799737940081517
0.000893490497648818
0.000853650711660803
0.000890091507300542
0.000868189826127655
0.000806861459562332
0.000922326808798461
0.000752602053255189
0.000751374388407874
0.000760749644732736
0.000778030651120399
0.000783991755219866
0.000867008576988574
0.000939369386025027
0.000783259854189535
0.000936017655775383
0.000751592669325161
0.000808360716200253
0.000903320667339391
0.000849518735045819
0.000789234710041549
0.0010802825775969
0.000788238481508569
0.000725537433222402
0.000829307393327636
0.000735161759135125
0.000714836169551643
0.000741959469277117
0.000786449230962757
0.000806231510921495
0.000826517032351505
0.000997565488313138
0.000837009251527003
0.00074823828452735
0.000895329178706626
0.000763720054294806
0.000751291803340347
0.000620597943774242
0.000750056188933093
0.00088219468947504
0.000770620046050501
0.000810319182943341
0.000802051879458909
0.000814350977466449
0.000737820950660703
0.000923449179627405
0.000778474642758642
0.000826089136750966
0.000810564591303938
0.000715860962920336
0.000837989815161837
0.000722650948642549
0.000810978267469351
0.000841896140445692
0.000765619041114242
0.000853747801757968
0.000757727721562805
0.00090414895009397
0.000753052643211833
0.000802242232532893
0.000991673611518747
0.00077251556726436
0.000721886664971351
0.000729035073845098
0.000828422195931214
0.000814723289121188
0.000773392626717749
0.000766974013074427
0.000788210824133323
0.000809262300142393
0.000831189385007553
0.000723624869286861
0.000858252274249055
0.000814198328521085
0.000820556189065896
0.000732197411016225
0.000866152105757178
0.000789396327827949
0.000819367899326377
0.000706533910137045
0.000741311879634435
0.000698910850597282
0.000731692901486375
0.000647399579803347
0.000707523394058719
0.000729760302391011
0.000792474811730268
0.000763347474084576
0.000692276823515587
0.0010392424516876
0.00083767348488371
0.00076233385062882
0.000659401221037339
0.000830311012682036
0.000932904893537756
0.000720304252326078
0.000743765847851649
0.000819180589015335
0.00070266563349659
0.000757201456321601
0.00086973852239921
0.000918092908447337
0.000831256782369436
0.0010470970526269
0.000652257637870782
0.000808007931890872
0.000794959118037485
0.000867515199415761
0.000775833714580288
0.000892703884836359
0.000704816442586015
0.000756274073570076
0.000748682551287062
0.000717037053003165
0.000694239803964973
0.000905162433525724
0.000704609400817267
0.000831144403668988
0.000767212080589092
0.000740923064080726
0.000795570992185658
0.000849962142951471
0.000844150446266971
0.000872575583168168
0.00075871842451434
0.000841121041224531
0.000636650933436546
0.000797198917739927
0.000830927336124274
0.000885483125838187
0.000760619326524137
0.000791588445243235
0.000706724050513224
0.000806377783415663
0.000958971191838393
0.000751247596080068
0.000786469618848816
0.000732642609573492
0.000754165857565607
0.000699004756449138
0.00079277907642044
0.000774489738373754
0.00067057543823658
0.000789791985619575
0.000714221191299328
0.000664867492737969
0.0007347619366539
0.00075192287784469
0.000798609935125769
0.000757549591308804
0.000769337667608805
0.000750792913089656
0.000896187631611666
0.0008639830600749
0.00095419743590644
0.000688097949216831
0.000746588785350582
0.000730756978298211
0.000756881080169391
0.000832344296617254
0.000788494335868557
0.00077861426003746
0.000704584115580815
0.000815192986851815
0.000755957555604044
0.000914479573409127
0.000794860104050833
0.000832457054720643
0.000730584845022342
0.00073488022853555
0.000696142675014568
0.000826388659260451
0.000730074492860639
0.000757430759480687
0.000756957692179762
0.000691130957463202
0.000732760160057112
0.000816412974304608
0.00080512634282503
0.000856811571169957
0.000680642580346066
0.000788346855628102
0.000767398826523215
0.00074739340426371
0.000707436424029403
0.000749950880845899
0.000718243247336976
0.000931709470774035
0.000807382793481439
0.000739749177925167
0.000834107183007387
0.000681698598362352
0.000770150356685491
0.000660620407341823
0.000760751832600593
0.000679504056164691
0.000668433900979143
0.000772821309333841
0.000899238418472738
0.000794277449442581
0.000832976355100582
0.000781585070817566
0.00067594564876586
0.00074169030531019
0.000780537699159312
0.000783942628230343
0.000766864476286957
0.000704437704748748
0.000784708037378872
0.000697705743657023
0.000765188974221383
0.000717154171487526
0.000727042116674423
0.000716928083659246
0.000857073677576838
0.000685478570887939
0.000720404941144359
0.000661893083902618
0.000658306151054849
0.00071590797739172
0.000617463477780432
0.000850582560401301
0.00075084230219055
0.000959204850292049
0.00081084993297338
0.000802028940454828
0.000796291778236749
0.000702851625605502
0.000806804814503857
0.00075302085234369
0.000784069695031145
0.000696702878893081
0.000648482228832942
0.000704204055538105
0.000692637598723175
0.000889899971637223
0.000694295457698141
0.000854304983754296
0.000791584241427392
0.000736457683663001
0.000686172299922949
0.00060721020302654
0.000707592842883524
0.000777191876455249
0.000689310009971779
0.00072699761311204
0.000683607709729988
0.000810713874096426
0.000687036329418472
0.000760695361687653
0.000757523860019393
0.000715440532008329
0.000850276513023281
0.000855459285582835
0.000823913946655013
0.000813402641780402
0.00072532033391504
0.00067722664603506
0.000755077771553928
0.000746765509463516
0.000605981982289116
0.000672211997805465
0.000674410025671672
0.000669799376556684
0.000761609837750198
0.000680597715606477
0.000737076305576816
0.000601929915025337
0.000818861337142946
0.000708125927675814
0.000752435822734707
0.000691413608277047
0.000823732661714042
0.000818490694915716
0.000761952862819233
0.000718817698178483
0.000733371516626039
0.000833162152693802
0.000663615216517604
0.000686355612404627
0.000763097683003523
0.0007781697928308
0.000766263231974769
0.00074671902699049
0.000688139730460607
0.000837381322564447
0.000760956076534486
0.000772545439673938
0.000665751415371292
0.00075823892596247
0.000745349970751696
0.000688244834615644
0.000682945847169225
0.00068358904650038
0.000679449933266303
0.000721387034859813
0.000780939158105164
0.000589853569984089
0.00069300683908265
0.000814765661976107
0.000676289825668768
0.000737206605504141
0.000818886412077517
0.000770059712453893
0.000934068520767026
0.00075360316575848
0.000760307937579583
0.00070968203874956
0.000702115684791859
0.000597130923780268
0.000703436482052545
0.000668919219761472
0.000619766390876115
0.000638057977495105
0.000776231059571235
0.000752000831419239
0.000690082969417774
0.000637804139981735
0.000637957569656091
0.000798601471090858
0.000686682713811269
0.000717847495247948
0.000601613900628707
0.000708603491262079
0.000779732327321066
0.000795843701024963
0.000751107809731232
0.00071359656297623
0.00077757166890891
0.000627391240950052
0.000722046845004963
0.000794781934954973
0.000828611342421462
0.000674964749410682
0.000714992813905894
0.000654707628067168
0.00080821372290236
0.000827781896992117
0.000665374307929329
0.000730628257789703
0.00072905177028105
0.000710933975423625
0.000760636519884371
0.00075647596727063
0.000692778814662021
0.000712161032146675
0.000971914189406295
0.000723397504317475
0.000862045193070039
0.000673394791612729
0.000763607186010327
0.000658955930968886
0.000597341667223864
0.000629531289886697
0.000648642981775857
0.000738577055663188
0.000658375337050859
0.000732426974585611
0.000777599656244335
0.000797158617349486
0.000612739306872039
0.000712997142594875
0.000649285443413228
0.000633139482850907
0.000740967072457305
0.000747342856252753
0.000696440014950989
0.000752322906771267
0.000769118728417008
0.000713869542441878
0.000625675188897586
0.000773412770015543
0.000776151341131318
0.000689159500621145
0.000736165378882462
0.000881054994972568
0.00068195648215193
0.000740909139252643
0.000831464456247565
0.00077981138628868
0.000826720175377576
0.000819212686544813
0.000759865061580549
0.000732251160997202
0.000687072426183351
0.00065761729985842
0.000552544095406965
0.000631101915848973
0.000754799361120873
0.000633075386118386
0.000706274626686571
0.000744472828481148
0.000707431022946138
0.000666493517080495
0.000711133322435144
0.000735826366049482
0.000778541089730456
0.000729919475353267
0.000772407512724535
0.000614333378134022
0.000686816782873575
0.000621824704290145
0.00068330625237385
0.000727231712732508
0.00070756668821791
0.000759322036777569
0.000721214193495203
0.000714775920450453
0.000641862512202305
0.000747527740635074
0.000793711028371558
0.000697045781614738
0.000684307340689563
0.000682906797332502
0.000628108516369404
0.000743397369610933
0.000724522859003228
0.000784556748017019
0.000728174060666425
0.000595162089550756
0.000695480208429782
0.00072283631191112
0.000603848409215977
0.000688555930759095
0.000634120070301476
0.000810522380269088
0.000675471096606113
0.000729123238162296
0.000668792894566088
0.000682745990525057
0.000703694784224548
0.000708464802622078
0.000675706494174933
0.00081824553279742
0.000785534352554409
0.000696016104185344
0.000666724811943926
0.000786381971992198
0.00077788678671373
0.000711418196079232
0.000833974112839102
0.000741278425778672
0.000755960460495852
0.000761663005237036
0.000699929147241318
0.000704844989271138
0.00058009968511513
0.000730436062446797
0.000734187591355501
0.000784550317477228
0.000655233861605581
0.000725266240695796
0.000675090720141384
0.000634322714428829
0.000713323281039107
0.00078090559001369
0.000743135286262838
0.000780161224980487
0.000646409840050596
0.000621366375878994
0.000692115210809238
0.00070359504931077
0.000649922166288728
0.000626504935766426
0.000649823454219034
0.000757359198923429
0.000588891369341432
0.000714568980013024
0.000721887619523382
0.000626227163500883
0.00082371440905581
0.000622763507285972
0.000738983642535007
0.000690353508281634
0.000665185887200024
0.000692173100535643
0.000708090647943326
0.000625232500452424
0.000558522629887842
0.000680231477022709
0.000662778307067001
0.000700873339283179
0.000835705612208265
0.000673017567269043
0.000820341904058088
0.000702144381254652
0.000804008746463235
0.000721693418158674
0.000712910468546685
0.000784523499275428
0.000731092503105143
0.000631076516208017
0.000683415232697688
0.000728857137738353
0.000537722298914989
0.000692917088098182
0.000638761988175858
0.000626506334525471
0.00068212863409266
0.000739605291148153
0.000736189963842086
0.000632383370653394
0.000655228403690417
0.00066917654961678
0.000651746765019401
0.000728967952068651
0.000607769229082705
0.000660416203421601
0.000680907700397256
0.00062240811974926
0.00065580861622926
0.000728969893005696
0.000676331961574689
0.000617101288521967
0.000747212945974046
0.000650035687716001
0.000673163325505757
0.000717158475961133
0.000611359736714604
0.000686826479133093
0.000807808971264247
0.000839871181706961
0.000699004277268335
0.000670673467283951
0.000673295726045733
0.000681337451925547
0.000763172800037756
0.000739377351671129
0.000663594314114388
0.000642179039276761
0.000784999327055984
0.000749620201224447
0.000628989654167537
0.000662020823181549
0.000661475983892674
0.000712426110816459
0.000652922817853222
0.000691401193963436
0.000723201224339088
0.000651217500562971
0.000597329604640867
0.000611660977567102
0.000660205976337927
0.000674147907339701
0.000619530045891691
0.000646538746261944
0.000634414005487627
0.000676079544652253
0.000634592085034618
0.000714098023288285
0.000738835111725169
0.000704020184985732
0.000715403880172383
0.00079481636849304
0.000658694247864149
0.000741952696298256
0.000700027535940528
0.000710018540054692
0.000689619735456288
0.000606365508679233
0.000637717760021558
0.000624541280814427
0.000647503188830516
0.000739057817253177
0.000688313055009039
0.000671521652070247
0.000626368764485236
0.00056859389986079
0.000609742464465785
0.000634931982377527
0.000641941790738855
0.000710124322203365
0.000566892449402247
0.000714380664768872
0.001351310858407
0.000956167838513732
0.000766445611174476
0.000714759315714144
0.000678919927836814
0.000747454803453463
0.000671972635489984
0.000649157501854756
0.000771881780795573
0.000574987463865854
0.000729930916342691
0.000633542309781546
0.000641228080868231
0.000737954295927176
0.000746350035256955
0.000818023531171111
0.000665981260159074
0.000666612711064096
0.00073232711074323
0.000686818717907323
0.000676829706709035
0.000612857163583828
0.000722517436397708
0.000655550161597625
0.000577995411152986
0.000699793662373606
0.00070017740578978
0.000745991453818358
0.000723385282502151
0.000641367027592045
0.000740823181769011
0.000745167895335122
0.000625236781733893
0.00073658488453642
0.000671151941271043
0.000893134688690217
0.000793724597216661
0.000665167932918557
0.000636958644173508
0.000644893532261517
0.000789154132348648
0.000706736361020712
0.00069621792058398
0.000702655819906908
0.000761080670511619
0.00073589394851921
0.000771992769506386
0.000715071728809232
0.000805122461141705
0.000696645650553929
0.00066305437866681
0.000931289487083504
0.000665634568210549
0.000701252370371277
0.000851970502816194
0.00061500588469479
0.000616458417174281
0.000708022668288178
0.000694164895932884
0.000702237585961859
0.00069192695733354
0.000640185947623253
0.000764537456290449
0.000642271284401251
0.000709997181173695
0.000699896022812164
0.000721025422040498
0.000674673267283384
0.000687802692535876
0.000686458150236657
0.000693423893899929
0.000743069191964496
0.000693883547115027
0.000761179380178874
0.000690958879119516
0.00069291324112176
0.000669904228815568
0.000621289895007193
0.000641732911193315
0.000716405865323936
0.000782889124682976
0.000815226381125405
0.000579063867708385
0.000689118238259531
0.000574680084871878
0.00071692081481465
0.000591172486593715
0.00071333875319895
0.00067266168789371
0.000606809322812993
0.000792036541185077
0.000611136828970016
0.000687515342171779
0.000577254906711722
0.000618367778502949
0.000720819244899353
0.000679348768971088
0.000696142586568904
0.000650512718400182
0.000697895353989928
0.000716167789598138
0.000750784746774457
0.000772074634651781
0.000842083553358
0.000705965008585995
0.00061445088062188
0.000632727481809783
0.000685702023284132
0.000647364542786058
0.000631952877937988
0.000706161985137822
0.000745624012530122
0.000684020343039069
0.000597886234314245
0.00075775961370238
0.000807306572373263
0.000727785943691372
0.000683377668166081
0.000723469908524621
0.000638389715360428
0.000581224812894075
0.00063630527663984
0.000747173504230409
0.000630695203955645
0.000548880734502885
0.00066137431718957
0.000743668453100281
0.000654307445679185
0.00068327924063191
0.000691385101468504
0.000651320271963594
0.000669112601888957
0.000631935120263199
0.000673037421246406
0.000628004208503654
0.000656634702671618
0.000577286847011732
0.000702480286870345
0.000610304079665519
0.000671434976554831
0.000681605615791531
0.000744372298481831
0.000739966929594281
0.000594759751864788
0.000680591464503502
0.000744238937720297
0.000641987661943418
0.00065376123170313
0.000613943035809046
0.00061539954047265
0.00067817676303878
0.000666249805714881
0.000694131720958236
0.000601915862798337
0.000734187089157091
0.000645919808452924
0.000635055845693042
0.000636382859705082
0.000557223715505821
0.000608843068180133
0.000689509929795784
0.000604427507737561
0.000636439564423411
0.000683357426472507
0.00060941037531464
0.000754971232297857
0.00074354048762791
0.000657999783083121
0.000584281351611532
0.00066074120287586
0.000609892325272305
0.000657884019488718
0.000768805408748556
0.000809423057735667
0.000673753438570424
0.000757617595622465
0.000712735500165549
0.00088599742180286
0.00073441925345199
0.000725129417421432
0.000672605040241355
0.000682665568465637
0.000654461306525679
0.000598026377304742
0.000730453443340329
0.000802922579780429
0.000678320459179487
0.000757180135562984
0.000790668163883984
0.000690813793882247
0.000659544806831113
0.000680041642964277
0.000622773947039594
0.000626006421773907
0.000672998160159264
0.00053265842841411
0.000652764064667679
0.000563227809198758
0.000752189605416326
0.00070681682082488
0.000655460717278744
0.000740028507370511
0.000741197095134218
0.000641775640882214
0.00069287399214016
0.000672944411206251
0.000758327554458803
0.000766622771356776
0.000757561795357752
0.000693031358473865
0.000648019313971348
0.000715455405867696
0.000663445706799753
0.000722389776862358
0.000581928143089903
0.000636463041903322
0.000594670841105054
0.000612976304039718
0.000616027684822854
0.000891927512449394
0.000672088276576314
0.000612461082633534
0.000704255759622871
0.000690207460590512
0.00087211396144143
0.000597109277871499
0.000689010202748202
0.00063184967645171
0.000569562532147256
0.000794631611211123
0.000697024130522433
0.000662927769981369
0.000839637915418722
0.000738122041327938
0.000748118864390969
0.000705784845766152
0.000721900801546155
0.000696442976148057
0.000618458909690642
0.000726564879503491
0.000803651328500205
0.000783859473009392
0.000701511674295576
0.000750396508845535
0.000692431010392314
0.000651702449599107
0.000572436878710759
0.000624959782566092
0.000695033097705829
0.000630341904851302
0.000701339526575898
0.000694199686924043
0.000736946508928242
0.000562999238299459
0.000654076213726943
0.000718658732529154
0.000620223176291381
0.000713487318969893
0.000659254900907354
0.000667371661492482
0.000671425914788564
0.000649888965283992
0.000675042192839843
0.000641818198565264
0.000654974353623667
0.000671568756872952
0.000606415017509708
0.000599399786595756
0.000586354402323942
0.000688558434115766
0.000558158862220442
0.000609067862803728
0.000604081403306421
0.000571451009417605
0.000663771950181473
0.000591380236003153
0.000619046979560433
0.000597992772685925
0.000725721442593604
0.000657280970996638
0.000533895354414709
0.000754676699406895
0.000582455120442075
0.000721888410639313
0.000815991043183124
0.000590297986732249
0.000640920211313866
0.000833260410401085
0.000694108932802252
0.000649213121325349
0.000726112952085328
0.000671711933459699
0.000815087280818583
0.000896272952679582
0.000543772505252404
0.000723663403702842
0.000756862292513589
0.000645795122867995
0.000705937916429124
0.000808129353362873
0.00059675328923206
0.000731048996429698
0.000691855204608122
0.000613218004237935
0.000581154402845103
0.000745521901945977
0.000639193255887984
0.000619045460694456
0.000754772299022063
0.000628658040600729
0.000556063670075681
0.000669729007186569
0.000761698422020566
0.000666614436075905
0.000662552043171174
0.000813294582182428
0.000644056985469248
0.00062960877450012
0.000677744986690547
0.000759170642680285
0.000574419104314654
0.000673721531976274
0.000593841730710523
0.000659073227799051
0.00071201038868427
0.000794716102417697
0.00077582362377812
0.00071501536042298
0.0007446194398899
0.000618493117633702
0.00064526759648373
0.000631382107494092
0.000621298011158773
0.000652939466400176
0.000705070601927713
0.000653845625875283
0.000650094952212728
0.000555365631403046
0.00068221523499574
0.000716635827730685
0.000672212461770937
0.000733998021423112
0.000577356631585594
0.000608662425979318
0.000971119163288397
0.000782345568184583
0.000658633113847437
0.000653345517833371
0.0006642068068133
0.000643608204313024
0.000715767729007661
0.000870358733126047
0.000663393231683721
0.000650861992442783
0.00068601044259584
0.000801916375919736
0.000697018352413245
0.000624917493925533
0.000658992141706958
0.000695856854961056
0.000673886979190436
0.000675861850165342
0.000746567842421133
0.000684929737007159
0.000545742334851248
0.000613966597387135
0.000659030477287122
0.000648073177113243
0.000752694711220434
0.000630735556347641
0.000563004606643231
0.00055761768673737
0.000846397071763708
0.000728721800786174
0.00135142109590168
0.000731616038196365
0.000659760221544235
0.000728684564028376
0.000795154781928548
0.000911326339539227
0.000848229284027858
0.000621525044735221
0.000706340635818318
0.000599207173498161
0.000750313472710915
0.00066630699863508
0.000737547552944222
0.000711011703432062
0.000760327462608022
0.000684178614250059
0.000721635492878642
0.000626404440482528
0.000690078924377485
0.000672243779287517
0.000838363959759873
0.000675519761308331
0.000755314418050842
0.000697788282170892
0.000944665806760775
0.00072060323602883
0.000642328272685426
0.000672197708201584
0.000802725396499099
0.000698622432489916
0.00062046103000916
0.000679524270840666
0.000655323857326758
0.00073435156601854
0.000670905019358572
0.000766720206366856
0.000628775841037129
0.000761780485771529
0.000663094691015481
0.000646329917734024
0.000625297569671614
0.000753904162380646
0.000786072701559531
0.000724257149218337
0.000659823263363294
0.000741676922071135
0.00063591494126568
0.000576639624398928
0.0007477038448387
0.000639392475942302
0.000729613250054122
0.000839231726126151
0.000610655381710146
0.000651144915592707
0.00067957359299148
0.000760956988313348
0.000741830462997936
0.000709303859860331
0.0007166723045175
0.000670535531653699
0.000638249893217007
0.000621030660775976
0.000581261266865876
0.000638100163867863
0.000683990726238258
0.000617326980849373
0.000616930317283424
0.000645393582573039
0.000642391523627455
0.000776164189178681
0.000636479172023713
0.000667014801276418
0.000704850422958036
0.000753230770799563
0.000629705300045793
0.000658964790591644
0.00066062607423396
0.000777849932243845
0.000641007547039245
0.000642298152313308
0.000608863274907492
0.000721798088754202
0.000525467562897816
0.000780291516231258
0.000653497259214316
0.000749758450969464
0.00061860030652237
0.000687467053535888
0.000668351236268415
0.000605525670187457
0.000868692498089562
0.000775910218342666
0.000609434919064465
0.000679471856142481
0.000682157824785451
0.000645808090281959
0.000657893921355472
0.000831386936857302
0.000683534904819429
0.000591525168628168
0.000812709721779495
0.000628452484234423
0.000844586786011188
0.000824597753381177
0.000750828061382291
0.000938043728091715
0.000625739778650809
0.000593417919380599
0.000499656450578692
0.000689836416621906
0.000604640399776782
0.000572521208982517
0.000869403069957354
0.000714659332234227
0.000651501268345625
0.000703145455971564
0.000699116731197327
0.000763657051548113
0.000852629867509357
0.000639662877968244
0.000617936943210313
0.00112957983045309
0.000670210933512027
0.000734380772904225
0.000728045686407531
0.000762600302881913
0.000698622882331184
0.000683268576986378
0.000823657262013586
0.000741795206641665
0.000737711272678833
0.000617028294126406
0.000718044616217995
0.000623059779146361
0.000675589975713836
0.000744141341603801
0.000729377371634002
0.000675646131590479
0.000587741066308712
0.000585416452229482
0.0007274951398727
0.000736574414907936
0.00070789752381531
0.000807110776989376
0.000700549887686804
0.000845431090249447
0.000628022267260215
0.000560462911894867
0.000750064597516626
0.00074222703593242
0.00063401566040849
0.000788507223612756
0.000710693622206771
0.000804463594788726
0.000653958072287767
0.000711679560726623
0.000892313474219582
0.000658429406838922
0.00062950863750482
0.000697876459641633
0.000736319569457731
0.000611535883098145
0.000650109129863402
0.000749299477437823
0.000669797631369816
0.000582514087347055
0.000719525497368231
0.000697836158813904
0.00068252788428763
0.000716917894427341
0.000663157291402094
0.000661983542027461
0.000681405470532825
0.000599270109340059
0.000808397470894798
0.000746798779578594
0.000666236051440003
0.000725840578298668
0.000759262331648416
0.000697578411454258
0.000643767559936886
0.000584641643531263
0.000722879298475237
0.000592158301239741
0.000809914242203671
0.000667585986474581
0.0007096774164851
0.000671710364971655
0.000621133821326056
0.000599902278360321
0.00068039758493684
0.000628235317708334
0.000591053680532652
0.000594934275265679
0.000651581892708196
0.000709656825798604
0.000761570859433104
0.00066495547179722
0.000759899212188828
0.000672162484156848
0.000702017407639233
0.000677199962321807
0.00068575378834535
0.000657760668107763
0.000565886121398194
0.000570308667504614
0.000662028857244802
0.000711792704496452
0.000676495862533962
0.000622679156689359
0.000690176790727821
0.00065633391546193
0.000626658931484892
0.000761005377001217
0.000652191562381182
0.000626594134893558
0.000680986521387736
0.000516197222152684
0.000589408493498762
0.000665385918567071
0.000656911760547828
0.000654710130316312
0.000655643646832999
0.000849980927628495
0.000816773846044945
0.000603157411476236
0.000646895054778427
0.000684582287761048
0.000733048004856987
0.0007340804980622
0.000760055997575333
0.000635769389718249
0.000647727014435632
0.00056794429573198
0.000647032179913513
0.000630119930417736
0.000656293016253531
0.00074582061141747
0.000534803333820692
0.000717783300878868
0.000624068057499723
0.000600036688619283
0.000739979305682062
0.000596398374290533
0.00069403613226377
0.000631884808959131
0.00075809398138718
0.00069277407667913
0.000673534013903806
0.000696668144837292
0.000707464448960348
0.000687382408922296
0.000834801521552003
0.000691979229068021
0.000666143721694383
0.000673944750022069
0.000688288201410258
0.000619504624182805
0.000652838169067981
0.000785101073431779
0.000694208964477797
0.000722744198166242
0.00075282957645133
0.000766155898360717
0.000658591577638974
0.000811228715412925
0.000718534311636103
0.000771206948227076
0.000610017171265413
0.000672154688442452
0.000722210372448054
0.000602327260069932
0.000679655255079782
0.000643888886065701
0.000701555246407541
0.000670964711080067
0.000723456773982141
0.000627093107658965
0.00075887546750445
0.000631073828765474
0.000661991141294969
0.00073112007601037
0.000646924501560472
0.000574708022649899
0.000678513174045619
0.000604684333512265
0.000651692839986086
0.000669759328895479
0.000635577902909014
0.000620636354892392
0.000702536154936295
0.000652030766996287
0.000740302108673725
0.000653195845483355
0.000649526672595324
0.000632678656085894
0.000643281151350913
0.00074867375849066
0.000707926429178255
0.000874829348921434
0.000737185831736765
0.000664790334139307
0.000790887036879381
0.00068603397455549
0.000676753382876473
0.000650749379232356
0.000610183388078007
0.000595021415483342
0.000710485358553332
0.000704820068927506
0.000728891491266716
0.00076269604584388
0.00061023551840613
0.000681966410417593
0.000876218366181457
0.000750861453512668
0.000731356014133914
0.000728222026772805
0.00079314045096867
0.000643889572453995
0.000748321172240799
0.000636646035622754
0.000805649214924453
0.000715157679354453
0.000666746454389548
0.000745978328005614
0.000654418236334628
0.000718152460557552
0.000716536206910222
0.000710247507544111
0.000752339658583315
0.000591769469586252
0.000757474357737958
0.000631525283689572
0.000617282978521169
0.000726854288608721
0.000657087889545606
0.000679448934028704
0.000805363772781901
0.000704656531128869
0.000631993751099576
0.000738908928680062
0.000740107624779808
0.00081514174126669
0.000764846688551821
0.000653054863116287
0.000655787216224309
0.000656224096285548
0.000663612969991448
0.000587121890919943
0.000681316853906941
0.000555259236658068
0.000770583482550214
0.000653403899123665
0.000670741813746917
0.000657288584830568
0.000764885691270687
0.000619907694467451
0.000750688615258828
0.00063793975394619
0.00068718728120107
0.00071406764120921
0.000677727558221971
0.000586981872712862
0.000694426107134668
0.000594577270544581
0.000763278189645666
0.000693210840875515
0.00069155258179289
0.000737253668160861
0.000933803199069572
0.000719288591814535
0.000731796328206643
0.000655385105605839
0.000582845722230668
0.00127899954779678
0.000687024983395978
0.000780547506080041
0.000675101358033397
0.000742637589917677
0.000685848601243826
0.000766321464725249
0.000615113238113313
0.00064912905385953
0.000759475326478415
0.000665520263312895
0.000656313623277728
0.000721511316955137
0.000617165474344898
0.000684862166367265
0.00137228841348263
0.000687256580103888
0.000825297518349285
0.000654249522541735
0.000741635937028337
0.000822719965961963
0.000765353798920118
0.000722234964322357
0.000911228430170599
0.00078016894313528
0.000740186166829649
0.000674090632269826
0.000789804798037048
0.000711163656149072
0.000932116874916915
0.000782279080160705
0.000723231518398436
0.000671138258407039
0.000873829220447067
0.000753935492902791
0.000834296938267809
0.000713112795532768
0.00071368744865598
0.000702582547226973
0.000659405287011883
0.000763716262249681
0.000710449062512504
0.000724296765316765
0.00139051272206822
0.000710233153407279
0.000707372566532541
0.000638598154837399
0.000728048434014985
0.000667053110657076
0.000706809749296271
0.000647176877074124
0.000775733662422568
0.000594311212238806
0.000664781748219154
0.000695968740473739
0.000693421858554516
0.000743491425654577
0.000615004811538754
0.000655457946504755
0.000662565492239739
0.000729540084528908
0.000730636077444879
0.000601568994083325
0.00075130897409634
0.000821927457343835
0.000612145045066604
0.000690615482196544
0.00066648455913342
0.000673090914930018
0.000627212925737545
0.000625692813163197
0.00068176071063235
0.000613577928307926
0.000714659193492275
0.000702886171760604
0.000719566292938734
0.000598763250592415
0.000762733943378251
0.000566579666372324
0.000607303739509084
0.000717455050977042
0.000684532356631417
0.000704852429818599
0.000607034234150655
0.000686090681774155
0.000684007712727983
0.000754657507649183
0.000769951753723368
0.000632501730059649
0.000671279515298501
0.000735904919486631
0.0012908654124346
0.000763683796164755
0.000783645673417827
0.000795485399221426
0.000767221461830142
0.000798766399562125
0.000746888786305859
0.000818435728415003
0.000824710577559013
0.000800445461316464
0.000667215779206767
0.000803287240586947
0.00071702036320239
0.00081440294888168
0.000875769182564002
0.000814129369421334
0.000795648963808648
0.000730484791056671
0.000743833041017786
0.000756561493192655
0.000736342045903607
0.000647171372665661
0.000720580044228118
0.000716077314165117
0.00077282037242644
0.000828258159132623
0.000670945732147775
0.000631944181703132
0.00081903376766115
0.000733783153591081
0.000611646899061601
0.000791422697978478
0.000738055866650137
0.000828297222979608
0.000708073986830901
0.000714845108432389
0.000617932966608163
0.000707520713867266
0.000802560287429913
0.000625587245920243
0.000762641984220027
0.000708138510971017
0.00073427058360493
0.000698573753443822
0.000811228009566395
0.00072742317377741
0.000680347369006307
0.000813356207559882
0.000664798185769723
0.000724155262410875
0.000626383933448937
0.000775425734899894
0.000728309451177797
0.000832705269446458
0.00076089249401101
0.00076701626330589
0.000685943596499611
0.000772180003494599
0.000691165649346354
0.000746465361124852
0.000760651505996924
0.000768883212208138
0.000693098133863841
0.000679678512594827
0.000683960942046524
0.000717966021722302
0.000660293062095085
0.000920423379428793
0.00119109189775579
0.000760069265492001
0.000730134550889316
0.000806858014936106
0.000677421806414346
0.000855447418112936
0.000826967567464305
0.000899628927085055
0.000748827898501349
0.000831204600702797
0.000848307478880347
0.000646283738939569
0.000819114023638268
0.000811025827864968
0.00068101079690023
0.000732552965693285
0.000739097096653036
0.000703677275366944
0.000707411489242518
0.00069601216183187
0.00067768760981887
0.000727668176525161
0.000642926451324976
0.000719872919738414
0.000727012272362146
0.000674400171725983
0.000808207524004063
0.000711822204955521
0.000703141590917153
0.000744895225102231
0.000741421025008433
0.000731771948483757
0.000642893137778612
0.000764451952123063
0.000732029856137075
0.000722697136879426
0.000725232522007659
0.000648601882997531
0.00074708175674961
0.000735413435455853
0.000763196985228433
0.000686190148026109
0.000710474493843639
0.000672614991492749
0.000691730986446917
0.000765580467939125
0.000866708053691254
0.000707550656641589
0.000723153432842583
0.000847096855375125
0.000773012119956326
0.000630204518339359
0.000750799459706815
0.000730702777413205
0.000634222647362629
0.000688291596064857
0.000699177131080215
0.00061440725523107
0.000680951437256219
0.000680076859602669
0.000732661744240373
0.000829376451715502
0.000658203928046061
0.000670201423620059
0.000694445393118724
0.000685060439163513
0.000794208419408061
0.00059941465188442
0.000668766210919566
0.000696647112340777
0.000827567943119636
0.000580692141383037
0.000671117062733976
0.000720054689804457
0.000799289130172984
0.00070917744593179
0.000689590392981315
0.000727211609917383
0.000711512268684787
0.000694794838144002
0.000762680889872625
0.000682539070489802
0.000729726717952286
0.000624516258933623
0.000664211791450512
0.000663408090013175
0.000724203964114523
0.000689081576001306
0.000641054580319291
0.000727863450765147
0.000784184112340474
0.00074274391272886
0.000690777306247968
0.000603242678547429
0.000675650099018409
0.000640862154772223
0.000698226127740839
0.000717675689044303
0.000726565212614408
0.000714773962090565
0.000612619202781381
0.000746246808843313
0.000652527520152874
0.000699547622815152
0.000773496341579102
0.000585756888018499
0.000729200288311297
0.000760985355040723
0.000799062026242378
0.000700229662224358
0.000715833012342491
0.00078130708310177
0.000718561931447031
0.000864851729937071
0.000733538081809678
0.000749112745740918
0.00074054128024185
0.000679994425696599
0.000635450505452151
0.000676402549905287
0.000722712541139753
0.000679829049843375
0.000598137937532303
0.000598265010520142
0.00069655005531051
0.000745236015995222
0.000686075420701388
0.000751875926329978
0.000693035436661436
0.000686323031689048
0.00072859083888446
0.000717439024780669
0.000709180095533662
0.000650085390781247
0.00064494021468343
0.000659513163691071
0.000747819684098762
0.000679935859415009
0.000806969360580675
0.000759429630222163
0.000725840304213675
0.000791450834688888
0.000783892598132111
0.00074931599740278
0.000884779951315902
0.000704481502188052
0.000762015960352839
0.000856009261163928
0.000673989851928468
0.000721603276373064
0.000860081437548334
0.000720114942032604
0.000716428248292436
0.000658214227237839
0.00074477742463363
0.000778671548244178
0.000705983825587461
0.000643312818296969
0.000693928172462753
0.000673503009514752
0.000630792136189692
0.000636982432015655
0.000754631451962265
0.000688244400432638
0.00073374630795884
0.000785773320427766
0.000737134973800308
0.000798125495662646
0.000772906830709483
0.000661314547785886
0.000824485510031824
0.000681941812002841
0.000689832315301917
0.00070286375254342
0.000721370304307865
0.000763011375834523
0.000682550475757489
0.000664916910166273
0.000561696613817079
0.000675273757648761
0.000700365199079341
0.000602024477466916
0.000581384982981431
0.000726670221098152
0.000635025631611593
0.000685953643118738
0.00070092355253118
0.000759504257935788
0.000709987704293397
0.000687866307107729
0.000721385608259842
0.000590225243134111
0.000816942940581159
0.000636964665129876
0.00074691719449484
0.00061915586652365
0.000648656031680041
0.000682440314166793
0.00081869113208049
0.000673000890170231
0.000764747211310508
0.00065531649068064
0.000676155663395415
0.000695869737192244
0.000708317416722056
0.000708341647359048
0.000651542175651238
0.000693377600941501
0.00060161091162663
0.000673124524678636
0.000736883125563121
0.00076675080002037
0.000653234994426603
0.000663449799915433
0.000742107387000145
0.000902715107804577
0.000681445539422333
0.000740702359489323
0.000721758137949549
0.000721667054056737
0.000798645326693371
0.000656161867823525
0.000725747531607896
0.000675280419482842
0.000753135941805523
0.000673483792509
0.000637941330975704
0.000705727054478075
0.000770101901066672
0.000829484975297427
0.000675411469313947
0.000752946831920652
0.000738369616821138
0.000657422838550281
0.000644272026068332
0.000684661973305907
0.000762393164974534
0.000664962624796858
0.000768101058614269
0.000712022613666145
0.000791178567075089
0.000811058937041248
0.000760508610330898
0.000758556953201361
0.000779194471918103
0.000788314132490895
0.000833269767532276
0.000744894552143095
0.000701001481441157
0.000769501450365851
0.00066693022456101
0.000713740372520786
0.00071838509261112
0.000842268267810798
0.000706141392412796
0.000748168552755231
0.000655448343603973
0.000827576808429523
0.000642552914710015
0.00069477758233152
0.000738157083916045
0.000677335678481256
0.000863745011400172
0.000689266592774275
0.000799223849032451
0.000669431502713603
0.00075006466303158
0.000771253191362425
0.000766826528630099
0.000701406917550322
0.000747382989429739
0.000802826526632266
0.000642796024729233
0.000718522130279766
0.0009109100191221
0.000769900955802716
0.000721305484977227
0.000707673067790998
0.000876714372899738
0.00071113293024352
0.000768257215784281
0.000708408088563465
0.000628525770003924
0.000690488694164367
0.000978583408262677
0.000724121374733154
0.000714905244710113
0.000840633466755712
0.000721809929940843
0.000918494563019018
0.000728508178161354
0.000760981079512929
0.000733973261607042
0.000653142083419517
0.000674299621186745
0.000646913062917206
0.000761122131737419
0.000702688554820117
0.000828372357941947
0.000741971473715921
0.000752646344042775
0.000711899601979817
0.000662772888420869
0.00073616655542976
0.000725188376644702
0.000806902610127314
0.000843854244523371
0.000830626601905823
0.000768739558119376
0.000838636074486439
0.000653289955493836
0.000710650668050984
0.000698755205124799
0.000803267867988829
0.000736245633347533
0.000790169405615425
0.000686945853887526
0.000846542018387304
0.000684607327364853
0.000781507230314903
0.000753278120068709
0.000764798824551691
0.000784439753624658
0.000654895906795112
0.000856332507956181
0.000816945571917327
0.000742114662350136
0.000639006346175244
0.000730250493607956
0.000687177816896671
0.000761526978990903
0.00068986810222544
0.000785856926600583
0.000703716228135045
0.000659533340359667
0.000775747330562539
0.000732011261512503
0.000780538269711225
0.000813062116070296
0.000759989630698738
0.000807775590838328
0.000686810743786541
0.000598125337309858
0.000740939188392619
0.000781107529131026
0.000789628274904707
0.000711679705758255
0.000818835552083323
0.000712682365504019
0.000819282759972509
0.000855990317922446
0.000648579736098129
0.00062792884205188
0.000724144890915639
0.000812070083359745
0.00065437499853255
0.000711186935836764
0.000726697081609124
0.000730847981664094
0.000884394335382509
0.000694288861693623
0.000717748705235887
0.000712551879841269
0.000826438921534133
0.000740144432692031
0.000644184687052713
0.000682948033320125
0.000622484491642196
0.000710261152189159
0.000816942976321041
0.000706972953942878
0.000765284718674419
0.000801069208795588
0.000755195473570403
0.00065618604164598
0.000727502058167336
0.000698467461815755
0.000721135559435298
0.000678194512833992
0.000884079435003293
0.000760529876800104
0.000631545059249483
0.000677297294110855
0.000694246393604444
0.000726760001402597
0.000787224233489471
0.000736501671907049
0.000648741665483855
0.000702365976983224
0.000897503059168682
0.000750357089849622
0.000813383598180603
0.000711793266593238
0.000764410665296076
0.0007066588010547
0.000689681851594326
0.000724043922226925
0.000659470217552613
0.000777143116185719
0.000662304055166635
0.000711978018257088
0.000755143445157268
0.00072179052904291
0.000744332260870011
0.000703236124324134
0.000726492854095287
0.00078011017133067
0.00067769399782285
0.000745661390238267
0.00067970565966101
0.000666217039424956
0.000794124980947502
0.000668384165679541
0.000757606879067826
0.000729084038203351
0.00077395559792421
0.000721722878904824
0.000672885928273135
0.000821055091445674
0.000693885733344978
0.000922123462664512
0.000766977274002775
0.000752946062248483
0.000726681942968981
0.00071564170613932
0.000749350666000183
0.000678349307942057
0.000782683873367645
0.00073562082367664
0.000788849930793023
0.000807997974129144
0.000719094713291352
0.000720929765952106
0.000730770149503262
0.000650948921315595
0.000802964487990791
0.0007109298234271
0.000758862837933732
0.000842244017755413
0.00079443937312985
0.000720754501475289
0.000688736929204547
0.000725211412013825
0.000603316244477373
0.000677680563868202
0.000722621424524569
0.000741144965463633
0.000696331101656855
0.000613312516759038
0.000707797590496667
0.00081047266945727
0.000734017938166879
0.000704001969764619
0.000840412655162186
0.000724072867455269
0.00077073797586352
0.000760567070266046
0.000844527548237429
0.000871093080497616
0.000777736334680685
0.000778345565032296
0.000729628319946731
0.000733599630503972
0.000714751244815992
0.000758895434006509
0.000704470040137623
0.000796577164112586
0.000772830633918323
0.000730992938111768
0.000744917491902479
0.000763693762929166
0.000657053738922144
0.000678855908002078
0.000700244882131659
0.000675388177582505
0.000781847497331008
0.000865761527383761
0.000695112783704012
0.000705007618525613
0.000877315596866972
0.000788554489596549
0.00068524710936224
0.000781942870595121
0.000780979084806807
0.000862546188578271
0.000742606417377335
0.000781068984626305
0.000731222500069188
0.000931531672543727
0.00072014663219612
0.000803045974343323
0.000686453674458185
0.000819531107987726
0.000641316236454076
0.000721801243271841
0.000773917205943494
0.000759751009088992
0.000746830481576124
0.000863972554482862
0.000877211057755616
0.000716926176338043
0.000710275007714956
0.000643620935677807
0.000693509929848277
0.00071961468315784
0.000677153903629086
0.000735862589725769
0.000704203592487466
0.000643159865165914
0.000750406243487905
0.000711426736916441
0.000770606096796558
0.000663857744530293
0.000759423997138237
0.000719490023312778
0.000692245437135346
0.000673776832058603
0.000604599357092934
0.000770642487749206
0.000737425551399927
0.000729348683495811
0.000749194454333681
0.000656095270495069
0.000658220517737431
0.000794794703936363
0.000766636606312288
0.000694800150116624
0.000748414496032503
0.000639794528109197
0.000802508078739834
0.000823946059243176
0.000934479933587015
0.000736446386597522
0.00078539512060838
0.00102178394593767
0.000722416150220623
0.000694583632523685
0.00070310970132908
0.000640681686948986
0.000731633972259427
0.000766813025693828
0.000821832747799871
0.000792947363646033
0.00075115612093386
0.000771008577674072
0.000682710619665128
0.000697140174796563
0.000900743912075096
0.000803895261371546
0.00068408121724419
0.000734879556115906
0.00071911041452095
0.000700261984133716
0.000753120175988103
0.000704288194717832
0.000725031937008148
0.000814054157501302
0.000786306126223314
0.000725569455525911
0.000823349290565397
0.000741998048310678
0.00094348787314279
0.0007371883819664
0.000751340594363182
0.000820001512675379
0.000698868295079475
0.000872373388151752
0.000858301210819379
0.000827845412969536
0.000797160203617335
0.000801694560937836
0.000732738055247938
0.000850243863797381
0.000770715387643438
0.000633553517543928
0.000903982768429784
0.000863560186999791
0.000750173983107689
0.000719834748396253
0.000759793468306526
0.000617321531718504
0.000735888065689818
0.000732439411557285
0.000801924352612015
0.000697147757350145
0.000861824330097799
0.000788420299080719
0.000733453689646954
0.0007887013769407
0.000847354127042639
0.000789418032764763
0.0007277099602987
0.000806554084786987
0.00074497588478647
0.000903498550791169
0.00073151806595387
0.000689641258744887
0.000785017164342979
0.000721345334047245
0.000982292726847817
0.000747803285362844
0.000769184564818271
0.000819436491204626
0.00088035249201109
0.0008082802671206
0.000828266435253789
0.000789183837049222
0.000796614692934302
0.000724023109166959
0.000803554684775228
0.000809646211359058
0.000758881612972928
0.000760716340034034
0.00083645093503089
0.000685124255994344
0.000812940395427337
0.000734805592165064
0.000780445262943214
0.000700550437542222
0.000897999432373678
0.000721414665060054
0.00067022175917755
0.00077947567304199
0.000807646498899342
0.000756956819628878
0.000788628579468292
0.000907537745563704
0.000894349065860393
0.000800575731757825
0.000741646052326114
0.00083207572048904
0.000856875853558628
0.000801171582571115
0.000873104089574183
0.000823721087235689
0.000810369603384691
0.000700934319163275
0.00074893765504036
0.000855910029963649
0.000849534850004745
0.000673691969302998
0.000737430308141569
0.000732345821633359
0.000661849392377122
0.000810536963431861
0.000720819634602001
0.000679668617592133
0.000696684592521937
0.00073094811207788
0.000834861107537623
0.000771858097138176
0.000800352069048388
0.0006997373590443
0.000730041563330761
0.00075273217838814
0.000817574959082011
0.000837765833248235
0.00078565349728181
0.000755249967433532
0.000803302067019386
0.000780921587853563
0.000798055271692643
0.000726665852905197
0.000718483846243948
0.000774362672402174
0.000695884452885529
0.000659351602772799
0.000643051742727591
0.000757413055351841
0.00074375181137428
0.000714619345691936
0.000779137775409468
0.000877080326694842
0.0008832824259957
0.00085622337354528
0.000881402276256926
0.000710426653807941
0.000916275929849326
0.000861223603104331
0.000744902302982129
0.000778189470448911
0.000720825872117151
0.000722012610586962
0.000747827181874763
0.000786823548549271
0.00072553525152565
0.000694045718335879
0.000712536272189793
0.000690347352383685
0.000722135175066215
0.000818953205700004
0.000766870201255897
0.000700581857023799
0.000662965982611989
0.000702461412102796
0.000741721995979055
0.000758634266396212
0.000659086938635141
0.000804404838247744
0.000710549287896702
0.000670259285987177
0.000676323579301853
0.000736737181372966
0.000719154920455276
0.000723132198374584
0.000762927123759862
0.000784375778947734
0.000933769491037991
0.000824042451104162
0.0008495713416436
0.00080430274442155
0.000729420050482868
0.000751710355120537
0.000848811738372258
0.000826358606278111
0.000921543982815339
0.000721655652960542
0.000795968726792705
0.000725941840034472
0.000780493760715364
0.00084971410256244
0.000798986737992091
0.00130544594731059
0.000772418291490528
0.000709450008796609
0.000711201709121134
0.000639623789195906
0.000764708202096728
0.000699780765968099
0.000765798718711882
0.00072959616632005
0.000729398359917626
0.000757087860198046
0.000791482156442081
0.000814120544519248
0.000734536669110798
0.000768784957009688
0.000795947179432472
0.000720268775356977
0.000849032459462352
0.000768850558463174
0.000773610842722335
0.000921521161590927
0.000727022631136979
0.000709751464480613
0.000866118338971512
0.00125213631676056
0.000678106921982461
0.000935630105542539
0.000796561060811347
0.000852997703046099
0.000758592010271058
0.000828721617997166
0.00086799509416804
0.000698169854186696
0.000793468074786821
0.000826197098911485
0.000716891174851794
0.000873816991536031
0.00069184352096613
0.000786194231053799
0.000855257390530925
0.000713349361383268
0.000796140163739449
0.000893480959547034
0.000749440058747293
0.000620334020347042
0.000838181698662644
0.000814526231275586
0.000718442665042196
0.000755139917062155
0.00081853809255774
0.000950370435014919
0.000747702979209541
0.00072671230994356
0.00072923814329223
0.000725885129124111
0.000688217099076861
0.000811400644086741
0.000771167350850688
0.000824113022125804
0.000689189194785302
0.000812502935163745
0.000796136940866279
0.000766029863036299
0.000641807801492948
0.000768550308575482
0.000707173656322558
0.000710554710738501
0.000742960027936664
0.000764908354369657
0.000692367347407233
0.000723639711541372
0.000697270515553478
0.000736448033038446
0.000619200946961479
0.000737365914560791
0.000795449943761841
0.00078999495400759
0.000881311364310809
0.000661725885110091
0.000708228487430511
0.000770465473002569
0.000640631365638095
0.000755387115336947
0.000738895631469963
0.000903268080919567
0.000813898467304059
0.0013847387825399
0.000738931494704948
0.000673626766468314
0.000760333628060632
0.000786698209968599
0.000822379751524945
0.000769710804402645
0.000810121256554084
0.000862667973655748
0.000748124901751267
0.000729455021907938
0.000929146309887417
0.000841313998389212
0.000800762561055006
0.00083807508759349
0.000720389878524015
0.000812043318688551
0.000710627546407021
0.000745651608069535
0.000780608939088657
0.000822028200162797
0.000759676490079415
0.000812049323694953
0.000780135177835093
0.000765677453809135
0.000754083480870076
0.000777650476033215
0.00090032421237259
0.000710912196009429
0.000754810870659117
0.00080532753568657
0.000832811871950742
0.000778556317720558
0.000668489154215626
0.000785981932707891
0.000710153043282298
0.000743809297040477
0.000755147230293499
0.000746928318082328
0.000704343791642519
0.000825072165248823
0.000951020492205237
0.000803702833714684
0.000795328279054627
0.000828301407808861
0.000752982108763831
0.000810229625725112
0.000788581544348948
0.000875477454556205
0.000932618382908301
0.000779852612757125
0.00076059360426671
0.00074706544304329
0.000744149338970061
0.000861855659597539
0.000750947462024251
0.000782455881660384
0.000763603022786597
0.000754155404296444
0.000682144430789998
0.000776996953763768
0.000738683095192437
0.000650608147777448
0.000767837590019737
0.000724420664219073
0.000872621183275472
0.000800913426062678
0.000845812866791536
0.000703640471077629
0.000960915941522287
0.000772224450485706
0.000864860171509456
0.000705784040561345
0.000812752456036011
0.000726713252710249
0.000775511870736666
0.000806359288679604
0.000791554777560943
0.000808243438248262
0.000819631312589447
0.000752653727551723
0.000843554282021567
0.000693214991570179
0.000887137346321368
0.000784684185764238
0.000840125649352266
0.000797658880074355
0.000793832912339623
0.000729553845839862
0.000789694875226657
0.000754754131196076
0.000716690969672156
0.000811421590380501
0.00073384005174254
0.000928037595860805
0.000849578388689635
0.000759616241885484
0.000843464260985155
0.000851775564192195
0.000811872583918777
0.000829724909172704
0.000661607149428845
0.000791247801408984
0.000727580327076003
0.000768145187589185
0.000840743323756449
0.000826811454188349
0.000846768647577511
0.000791925165711541
0.000696818554291724
0.000842612456937252
0.00080184665247301
0.000762456912220843
0.000732533196020649
0.000651556906822836
0.000701691219978787
0.000683180905881718
0.000720294763589114
0.000721769825537279
0.000814812460562521
0.000744201501011776
0.000837747961886932
0.000783389619536464
0.000713356487149758
0.000698295795450799
0.000749422923716824
0.000830486122478926
0.000834642294110281
0.000853518679579755
0.000720331171114116
0.000914529361664286
0.000719072019281397
0.000894189058503283
0.000746237885490824
0.000904232418973536
0.000854783142742906
0.000731137958646108
0.000758227793836349
0.000886304291576454
0.000790700533468029
0.0011025073478632
0.000819215254892109
0.000840078789831638
0.000908662603761113
0.000708983210336918
0.000791490953477229
0.000721355262117766
0.000767089805218442
0.000728985881792164
0.000729635909354993
0.000790786221723078
0.000735352795298705
0.000721522467113235
0.000781503111293747
0.000691711302780651
0.000831577046167993
0.000700690897891872
0.000824414488510152
0.000785537262193652
0.00080821311676506
0.000823947311396877
0.000832366759681855
0.000826347784224191
0.000731449841850184
0.000836347700689453
0.000819162109443209
0.000833699284468453
0.000959223912344717
0.000729224276474414
0.000771566189900798
0.000784057765999421
0.000836420806951002
0.000765814612383768
0.000975433580814104
0.000747354199424004
0.000786436021910432
0.000782182621195041
0.000784391275406074
0.000807714201674324
0.000684519989593013
0.000947369414658084
0.000779375134341475
0.000975802447738114
0.000744508083628696
0.000646920916234636
0.000957782737512228
0.000890380474596949
0.000770830266174364
0.000885829304926163
0.000747768901576703
0.000826341072747653
0.000764839102958987
0.000889421726036853
0.000801465391138389
0.000815492574819968
0.000772101306431297
0.000867805419363779
0.000826990307733164
0.000908829849086866
0.000903516515302338
0.000855652800409273
0.00076106041473101
0.000791429313030999
0.00082954259868226
0.000687500554520516
0.000783026420826675
0.000698095072046793
0.000814484364155538
0.000769461886230522
0.000808679199028228
0.000760298965533057
0.000744645210497713
0.00081640426876691
0.000788411149250552
0.000790754466088802
0.000820154962177052
0.000833360438027973
0.000864959129763261
0.000786799545299808
0.000829897582468622
0.000764680337132123
0.000833702205971782
0.000764041366069839
0.000807829295986055
0.000927793390535715
0.000776849660535471
0.000740383539221818
0.000774935979739933
0.00077666748252659
0.000700260394894584
0.000782235619986049
0.000818654981866207
0.000781319379998031
0.00072423705796806
0.000700572435710876
0.000729169723237144
0.000775720512596285
0.000789204292271
0.000781151306665211
0.000827823332811561
0.00078351210937118
0.000785570977180368
0.000728653028670167
0.000755421446798791
0.000734563371047299
0.00072336506230154
0.000734502646481676
0.00081988284508774
0.000823382916811349
0.000832806164202813
0.000889716429119916
0.000809566227353482
0.000926084203127497
0.00078223605817789
0.000825577622560143
0.000715470230556224
0.00072749867377858
0.00080955500550319
0.00080066088341508
0.000770561589740843
0.000808069256714923
0.000826363147652685
0.000864003938235482
0.000809415872197087
0.000830550253958211
0.00082341888968894
0.000770583215420801
0.000828929081186161
0.000844170266704385
0.000789204945269
0.000804594910437345
0.000886665460966987
0.000769642560420942
0.000863111821839114
0.000768242374719503
0.000751539760859028
0.00091636151593692
0.000762075704788373
0.000973649830927726
0.000916918943068376
0.000772129402857528
0.000884331742053781
0.000745163477344229
0.000795227149615232
0.000749367705636244
0.00076163650636282
0.000835819199332798
0.00090187728611919
0.000782476243985497
0.000680015267566322
0.000873093311137009
0.000857430846609216
0.000757791455705474
0.000747092078735412
0.000749304997000012
0.000739130268609362
0.0008565290740953
0.000847039442634988
0.000787404662410499
0.000834946675427105
0.000885721898044011
0.000923704243074793
0.000711627348320124
0.00075994829138729
0.00074453051987696
0.000798674736472866
0.000814385906727548
0.000855329159814721
0.000901270137271151
0.000771869933653754
0.000867652310070413
0.0007627632684934
0.000917244925967252
0.000751669358305056
0.000753443648568632
0.000791524930741471
0.000771756629538677
0.000676178820105538
0.000816669502576578
0.000891458162670441
0.000858209787072743
0.000751805858753833
0.000859396162014906
0.000844591993852294
0.000804373135349393
0.000824190899798804
0.000825434595569048
0.000786772702070533
0.000793509794803967
0.000771434075788869
0.000862888627579341
0.000811824977495991
0.000775121270212856
0.000901923183444665
0.000972649975818515
0.000810837230456546
0.000838117457093127
0.000829047624341324
0.000770393908873603
0.000775301038547014
0.000847669296697454
0.000799927714108416
0.000785968093165718
0.000861312986163106
0.000738293319621726
0.000752006427751812
0.000749813771166603
0.00079090197930859
0.000903222477476336
0.000816939865453653
0.000744373757946212
0.000770457865561935
0.00081120306761275
0.000826789498507307
0.000870939060387506
0.000790222034665519
0.000713089617845902
0.000756744420043221
0.000759913560591006
0.000830746798886301
0.000770526734235097
0.000813716819521011
0.000857334574061253
0.000836615991493671
0.000775467397673123
0.000809837662003228
0.000738857273636934
0.000761997429379806
0.000745708675628835
0.000853172618354097
0.000931481503236625
0.000815297602721236
0.000799643536846274
0.000814262522858184
0.000721322759318069
0.000886775179369515
0.000745139209591683
0.000825148745960804
0.000828116502470975
0.000830848604666201
0.000682949346995299
0.000793618298170381
0.00079040227279012
0.00083532626704395
0.000890282399550229
0.000742808877968556
0.000853544305184619
0.000898464510578365
0.000857131939146402
0.000779996926560077
0.000818432347494097
0.000828239311760116
0.000843247442918807
0.000783596378491596
0.000817894668214551
0.000858345874598856
0.000790628166248515
0.000757715162176869
0.0008319540312372
0.000844414963232941
0.000742106813942895
0.00080312795324087
0.000812677913379339
0.000857843495459749
0.000746259167813639
0.000758731301468141
0.000712596834520215
0.000759559312155517
0.000813879807347832
0.000814089496075737
0.000865826642301979
0.000861636116335755
0.000827212159060986
0.000865586807976659
0.00085269128793853
0.000733709541956935
0.000756301913621005
0.000805072690871338
0.000756114071980352
0.000789099382530074
0.000753470087402623
0.00079338583604928
0.000819711475849076
0.000907183204718419
0.000887543269237922
0.000867710300655808
0.000726079453603205
0.0008466683333738
0.000916256634601738
0.000817765331632386
0.000826871774989663
0.000756339127295982
0.000865821311503622
0.000743949830404498
0.000913768469811619
0.000759976222587713
0.000790257268920116
0.000875998696704835
0.000841762402677666
0.000811525048674076
0.000844637621333976
0.000845513992467513
0.000811190936869981
0.000884625409890085
0.000770594292666086
0.000826132335385339
0.000813154780041063
0.00072022237678839
0.000708844706770568
0.000731974699618078
0.000776141772752864
0.000778731742418944
0.000827282777346952
0.000881573416112343
0.000764603038006757
0.000853443771622243
0.000911310347290318
0.000773567514182071
0.000799448183599106
0.000818626295530946
0.000822161783226406
0.000764101849022072
0.000771833657674296
0.000815301635997514
0.000915700250818094
0.000806383192298413
0.000859368014175495
0.0008246426617129
0.000828875747995045
0.00086297310812671
0.000736221858490456
0.000810555045120625
0.000832196806454201
0.000872975839761276
0.000797118410797666
0.000853772954044614
0.000833457237105193
0.000775937827765911
0.000871531334163554
0.000895186677007928
0.000938731289039437
0.000815070958419433
0.000865525812964062
0.000841684057723378
0.000853285702090386
0.000818234749510615
0.000793958341798365
0.000761368212566242
0.000887405203621484
0.000960925052944333
0.000840862682661962
0.000811178699449956
0.000677846565113116
0.000819038765596818
0.000975821562753154
0.000839448861981588
0.000937502762343497
0.00090157011243956
0.000821664986036006
0.00082384725295567
0.000992319585917048
0.000871003857663182
0.000926306527124929
0.000748221494394788
0.000836598588666604
0.000804576481591229
0.000905601971772727
0.000832640079356481
0.000935334322334999
0.000866280439649789
0.000846468093276218
0.000906910528852418
0.000855873398070684
0.000826555620188687
0.000881639545240871
0.000889672970162756
0.000784965681899749
0.000847212366192006
0.00083956317574346
0.000775194353192595
0.000818728214613772
0.000758006810496851
0.000791472351910522
0.000734136825942503
0.000818821216743339
0.000914373714026696
0.000804023913174974
0.000768524153105318
0.000928674623644556
0.00092860680878404
0.000769835406294628
0.000883174230440002
0.000733127615857754
0.000817708285501659
0.000889853999878054
0.000841332285591784
0.000729409954848831
0.000837871314761995
0.000964042162526146
0.000773346869065071
0.000926880110023538
0.000785913152092591
0.00084773461921578
0.000749787092846028
0.000745304007286288
0.000913721659248909
0.000853062146604621
0.000862244102039846
0.000773462403233152
0.00081814016866304
0.000844629867436456
0.00101901327944642
0.000917281228410347
0.00086532926902988
0.000764713701546188
0.000906156003907549
0.000901034637358776
0.000919831685857753
0.000836749743619946
0.000905980110704122
0.000889136280532381
0.000843260158939116
0.000765710886059871
0.00088236985315666
0.000796269596238104
0.000793143392612934
0.000780873331559502
0.000885026579555263
0.000826209126687477
0.00107223679406359
0.000853271631029006
0.000806551010181235
0.000876340692586869
0.000858547629655669
0.00078403166521258
0.000808074528014033
0.000782148576491743
0.00078414139586909
0.000741418961618934
0.000816054488881264
0.000838526898652555
0.000758658589100622
0.000865304742332467
0.000757490564123839
0.000906460125331251
0.000820336056151719
0.000869216569301247
0.000876427491781631
0.000792232972353839
0.00078421885798036
0.000764786993315829
0.000866641112281097
0.000782366936043668
0.000844911564802036
0.000890002992128976
0.000838084144635658
0.000885805430850732
0.00078433900671182
0.000745991763123827
0.000922323173828537
0.000861616747110082
0.000733886486581826
0.00071372809608709
0.000898708665119089
0.000814808600015434
0.000791551636222287
0.000867590943755883
0.000878879604395621
0.000799337484671158
0.000857975905304392
0.00090600629757341
0.000865048721016708
0.000938352490444015
0.000864132721105402
0.00092295715547035
0.000828042764353222
0.000837769408989828
0.000919124901852493
0.000814609021897037
0.000845811162046651
0.00089764277190192
0.000840065091039743
0.000772136884831057
0.00085523232610091
0.000866158839783675
0.000766607172733716
0.0010040609902311
0.00091628657899648
0.000791067901214531
0.000923372901515159
0.000939334842844552
0.000924002458765074
0.000908565515749956
0.000982171046071387
0.000817725310972036
0.000950193164287656
0.000953661803795256
0.000759778448362582
0.000741936460884815
0.000777532606024801
0.000986582890006563
0.000960848484792313
0.000878516576658441
0.00099080243580515
0.000976857710768094
0.000909645630197958
0.000836987944063009
0.000824641490210297
0.000869901722369635
0.00103230385344035
0.000815374257179223
0.000899001680689898
0.000893049290969378
0.000985973874879042
0.00111645068931172
0.000968863310235211
0.000806699708994324
0.000940172211864886
0.00101188378399183
0.000958812395815163
0.000938528828032022
0.000902092609941934
0.000857375856101118
0.000924489282706202
0.000908048981579049
0.000864271938659881
0.000890393444800965
0.00115174425767201
0.000923480473587725
0.00092790950096403
0.00104352464567943
0.000908186095775656
0.00090547856139237
0.000920774823983981
0.000897478898923022
0.000890176693238627
0.000851719330875202
0.000939300729374264
0.000826335849738224
0.000906072425666281
0.000931973004240508
0.000868011699010088
0.000923050680063964
0.00089106677755941
0.000936794847042056
0.000931482340864664
0.000795238899032753
0.000951509308411669
0.000893484907645727
0.000969230211068274
0.000858787397161751
0.000923365541668262
0.000953634368996137
0.000817449404721979
0.000842765513883608
0.000858510569219985
0.000875943710193792
0.000778942270571628
0.00103824128841228
0.000866272217556489
0.000960962068243564
0.000862626774032365
0.000814122426420993
0.00093320194058093
0.00107262669195914
0.00092280546023134
0.000909828776441815
0.000915341456798873
0.000856623201177164
0.000943951828707549
0.00111665596540912
0.00104775137021024
0.000950755826284274
0.000941612078059102
0.00102457912951855
0.00101597599265869
0.00105086430529587
0.000921299385966111
0.000971482193065315
0.00102539391518613
0.000914523125881634
0.00104342000872375
0.00100773188085023
0.00102009017853702
0.000901150436525536
0.00120208321403857
0.000993449889707
0.000994256997993446
0.00108694907866833
0.00116433851618177
0.00108519170901584
0.00119352504034294
0.00109131358378064
0.00114226781797805
0.0012372433987319
0.00110944171695628
0.00110054793002139
0.00132564328946515
0.0013554992817786
0.00140522066758598
0.000767390225678473
0
0
0
0
0
0
0
0
0
0
0
0
0
0
0
0
0
0
0
0
0
0
0
0
0
0
0
0
0
0
0
0
0
0
0
0
0
0
0
0
0
0
0
0
0
0
0
0
0
0
0
0
0
0
0
0
0
0
0
0
0
0
0
0
0
0
0
0
0
0
0
0
0
0
0
0
0
0
0
0
0
0
0
0
0
0
0
0
0
0
0
0
0
0
0
0
0
0
0
0
0
0
0
0
0
0
0
0
0
0
0
0
0
0
0
0
0
0
