0
0
0
0
0
0
0
0.000320086695850791
0.000297712281855349
0.00020409440376837
0.000141939774298547
-4.71897888282028E-06
-0.00014018414204435
-9.08859084948563E-05
-8.30939397295247E-05
-0.000132379760575184
-0.000180784865720943
-0.000195917947105522
-0.000128619726286669
-5.50712798056291E-05
-9.18706478698791E-05
-0.000104576087552154
-1.38166615409071E-05
7.01503246059236E-06
-2.67150553837486E-05
-0.000115184733969966
-0.000203639732245631
-0.000190603769673743
-0.000195017158322624
-0.000221733831740831
-0.000233658118789727
-0.000216746283770437
-9.78008999955994E-05
7.35483136335192E-06
9.26356436621753E-06
0.000102709608311964
8.97031095609933E-05
9.80918126322147E-05
5.14415735219519E-05
-6.55206887148018E-06
1.10200044329487E-06
-3.38612800623165E-05
-0.000103909778817775
-0.000126821508944229
-0.000249507820118073
-0.000173149774318187
-0.00023517144320853
-0.000291090105169468
-0.000262955214192243
-0.000228219656677129
-0.000199846021820838
-6.51802264361171E-05
-9.89761115029942E-05
-5.44688497172804E-05
-7.12839913341802E-05
-1.19340741679082E-05
6.11395019588877E-06
-1.55864962712738E-05
-2.1766785158387E-05
2.54012930615419E-05
-3.71552471285831E-05
3.85521801643095E-05
3.43931476561934E-05
-8.03803579513847E-07
-6.8728319899173E-06
-3.50633114549303E-05
-9.65522586289299E-05
-2.10051634596285E-05
-6.18310084677985E-05
-5.14898503903678E-05
-5.98509996314147E-05
-2.86840808495466E-05
3.24853395907969E-05
2.64245292486422E-05
-1.84124989134422E-05
6.67112886126095E-07
-6.36515675839178E-05
-4.13215654223083E-06
2.32632470829904E-06
-4.88268764864926E-05
-1.5051580674848E-05
-6.04388250721085E-06
-1.09094616510156E-05
2.04199445772543E-05
2.61565737354496E-06
2.72862549681671E-05
3.06290510457036E-05
3.4982605553983E-06
5.26657162784294E-05
7.89383627970481E-05
8.6252504767263E-05
9.21889180299465E-05
8.25037919182516E-05
6.77164130900183E-05
7.84172260610497E-05
7.72169091400265E-05
2.7617955624336E-05
2.52127108178264E-05
3.48846360901731E-05
4.41284394864968E-05
3.25099059751392E-05
3.54270788033764E-05
3.22004706445815E-05
6.58158459411795E-05
9.02894304543306E-05
8.05476764781584E-05
3.798578058875E-05
6.66936038283985E-05
5.73155986299755E-05
2.50779198911367E-05
1.54473920898726E-05
-2.73508448097945E-05
-8.45164438428931E-05
-8.80116417333942E-05
-4.74533487924578E-05
-3.65819249622005E-05
-3.79652884668955E-05
-7.56419802783246E-05
-0.000117820271517899
-3.37557463921436E-05
-5.92013194447102E-05
-0.000131400836550586
-0.000177093915339975
-0.00022024523087244
-0.000276564628629501
-0.000303478198243678
-0.000398044433959047
-0.000416081030067146
-0.000460008703000564
-0.000505163256631333
-0.000583501211740358
-0.000621106069494917
-0.000623938002434395
-0.000655492274212895
-0.000672725987833246
-0.000653436541112387
-0.000635736553580321
-0.000601366954038484
-0.000524679701729297
-0.000561606096593884
-0.000560641752248602
-0.00052936387432053
-0.000531280656043814
-0.000505634098878821
-0.000476637451929382
-0.00052184323695362
-0.000550047423436838
-0.000563075506506258
-0.000608854772121662
-0.000572581838406905
-0.000620028856398475
-0.000669228667737247
-0.000663021436098051
-0.000579086785400587
-0.000539966731897925
-0.000518930599202613
-0.000569760609957657
-0.000511425170677718
-0.000471007443861492
-0.000425098082410676
-0.000435422686386891
-0.000426914936444689
-0.000467077168930933
-0.000442069752850014
-0.000423550779128831
-0.00041793010821098
-0.000405587569300679
-0.000338798186788946
-0.000285779603179001
-0.000175217729608904
-0.000146306551343142
-0.000205310224299319
-0.000174442411599659
-0.000121501108439243
-0.000124058595763881
-0.000192317218478495
-0.000202121766006532
-0.000183281984977507
-0.000140882771102951
-0.000121168153488326
-0.000175143821388681
-0.000225927333848875
-0.000216179294137824
-0.000245796388149654
-0.000254069441191471
-0.000294131173421405
-0.00034461186571061
-0.000312436855963532
-0.000264080634997111
-0.000240283024530278
-0.000245480385910704
-0.000258153783157584
-0.000282646621332962
-0.000282395222987473
-0.000294262078355359
-0.000370062109864906
-0.000430138449140483
-0.000496153221990752
-0.000553603760219155
-0.000526936641057507
-0.000542602369592382
-0.000679971654717054
-0.000677672282944058
-0.000719814617207428
-0.000694936462074448
-0.000665122909164987
-0.000637351156881514
-0.000647692164255592
-0.000526455115466242
-0.000467845395993395
-0.000378994854610551
-0.000352442250231409
-0.000313042388605575
-0.000294821267686478
-0.000234421287191793
-0.000227060858746774
-0.000208036884339828
-0.000227105910094294
-0.000238830095592021
-0.000290315057554771
-0.000320478103853041
-0.000331246286041754
-0.000349978966630311
-0.000352314896872796
-0.000300166804219068
-0.000250704795067066
-0.00015280970754859
-0.000104617096108049
-0.000114357687913575
-5.8020645491838E-05
-6.17941114816169E-05
-1.73420049966068E-05
-2.29039817727558E-05
-8.6821938674789E-05
-0.000110243142994781
-9.42161828677091E-05
-8.65335917060421E-05
-8.45505896905656E-05
-0.000111452608322439
-9.82685694515347E-05
-5.65613517226185E-05
-2.83608909079105E-05
4.64325472808154E-07
-4.17847015368017E-05
-6.88094985807899E-06
-1.48320965960187E-05
1.40096480162529E-05
-5.28598522274668E-06
2.14371683102962E-05
4.66860362172317E-05
7.56251141173013E-05
0.000110163009529302
0.00014864522839481
0.000155949297316238
0.000198465813584477
0.000217303880318586
0.000184133342552256
0.000182073935248521
0.000120242509405745
5.50219171054904E-05
6.90977729817804E-05
4.40844077127042E-05
1.53680403369214E-05
4.44548392725869E-05
4.33909782569094E-05
5.21669318313335E-05
9.9822613140211E-05
2.08311075254444E-05
5.45910734280018E-06
1.96289064527379E-05
3.56790419109421E-06
-3.95137825635609E-05
-4.10125219342777E-05
-7.69990769548598E-05
2.94675974169048E-05
5.56890954124454E-05
3.54214646761355E-05
5.32836454638269E-05
5.73434199163777E-05
7.22340908878314E-05
9.53410369590874E-06
-2.36464798441332E-05
-1.99806078422538E-06
-3.94240583035439E-05
-3.5948141558319E-05
-2.0323304187706E-05
-5.04287156627309E-05
-1.94665155021667E-05
-1.56735109833333E-05
-8.13515072382489E-05
-5.59563126729945E-05
-7.24712937663923E-05
-9.93336626562975E-05
-7.28334835806317E-05
-2.15471704506853E-05
-7.61970137258719E-05
-6.97392250816652E-05
-5.60799140570203E-05
-0.000105298675016893
-4.98612974841652E-05
-6.0094983175188E-05
-0.00011986315117815
-0.000124438085364527
-7.42170947506912E-05
-9.7122450951135E-05
-5.08945402062378E-05
-5.02831961159914E-05
-3.53064269249267E-05
-2.45813678445683E-05
-1.05799687428996E-05
-3.10663865488042E-05
-1.42046672446969E-05
-2.3163466472222E-05
-1.06283704198411E-05
-3.70222561464204E-05
2.00298027321317E-05
3.46501299678943E-05
3.70699467036179E-05
3.94583776603109E-05
5.59342423200838E-05
7.09584835050146E-06
3.76986373608878E-05
5.97197389910597E-07
9.35453252106688E-06
-1.75810894984578E-05
1.44921759942063E-05
-2.88547604412258E-05
-3.74214179300899E-05
-4.683747328052E-05
-6.11781911052245E-05
-7.43600389186761E-05
-4.67209274101556E-05
-0.000104847089582295
-5.25999755661296E-05
-1.55731133969848E-05
-1.83529769201658E-05
8.60992167033748E-06
5.89954245477626E-05
5.33489342695202E-05
3.52283735349116E-05
4.75512604904385E-06
7.80297274685203E-06
3.46463115743102E-05
4.22577025256288E-05
-2.68644115729313E-05
-5.79640632606941E-05
-7.42098669545608E-05
-2.91303596697781E-05
-3.92503513100614E-05
-5.59625754425878E-05
-1.36522698528951E-05
-2.90724513718843E-06
5.36781862135903E-05
7.00073314666805E-05
3.47023178710343E-05
7.90495905418173E-05
8.31934791199645E-05
6.47973585550347E-06
2.69290477728635E-05
-1.10271111953277E-05
2.20392544764182E-05
3.87273877610573E-05
-2.0838713512841E-05
-7.63345251769705E-05
-2.80635962721037E-05
-3.67151593906637E-05
2.40006469735E-05
3.38313391987054E-05
1.65525971376138E-05
3.42539705445349E-05
0.000111014458568217
7.61904938987661E-05
5.61645167387473E-05
5.79697585439415E-05
4.53043487128014E-05
-4.29691298342565E-06
2.94871179343559E-05
-3.58662549871853E-05
3.43016526542495E-05
2.93428684838121E-05
-3.66017686382157E-05
-2.93233670592597E-05
5.89766096866264E-05
2.38523867892796E-05
7.07656490270212E-05
2.77237428779538E-05
9.10250626599419E-05
0.000107279338491609
0.000146270242952796
0.000143986441018671
0.000178175952994091
0.000208837322332309
0.000271722187167843
0.000242064815595365
0.0003140619168146
0.000364180541660473
0.000352065675135798
0.000347173122441931
0.000308638005599066
0.000281567365415597
0.000334297688358426
0.00024857725900106
0.000223660059636909
0.000193930439648888
0.000182066495011581
0.00023548292654663
0.000211411408343621
0.000182033363426815
0.000181972806989437
0.000164294582093791
0.000171169921210085
0.00019833662519776
0.000151352428301025
0.000133753811529129
0.000124175239535714
0.000147990603328501
0.000114083546065414
0.000113185602628277
9.58772707114407E-05
8.43791093135479E-05
7.97782383358977E-05
9.64055071504826E-05
6.31392359241568E-05
7.92622807998464E-05
9.17574598600863E-05
7.70079887057688E-05
8.66706832263256E-05
0.000117912461081676
0.00010730887013416
0.000139701382879753
0.000144876244743333
0.000156142604139948
0.000186675995472116
0.000163330650170971
0.000102868759807499
0.000122988533365756
0.000145573264113664
0.000119997143482076
8.42200272246628E-05
1.66611487797121E-05
-3.69894834232149E-05
-3.53670055312394E-05
-7.24083931625198E-05
-8.5620503341473E-05
-0.000135515883277161
-0.000158032980238071
-0.00010828503419705
-6.7027526583777E-05
-3.89335554563415E-05
-7.12307374869625E-05
-9.29154696344869E-05
-2.62934392706866E-05
3.19181278579421E-06
-2.55777870801302E-05
-4.38606800962438E-05
-3.58215458934187E-05
-3.94156967497367E-05
-4.88971029143575E-05
-8.6534392340724E-05
-7.42514240685657E-05
-6.23366698306003E-05
-5.18434993596006E-05
-2.85264413410046E-05
-2.07767105325003E-05
-2.8206358059019E-05
-4.51020808218334E-06
-3.31991978894817E-05
-5.13911697046455E-05
-4.43866471200162E-06
-5.69364218073704E-05
-5.19488988426252E-05
-3.73466040284728E-05
-3.50846351250154E-05
1.5288823221048E-05
2.60050095031441E-05
3.10045309083151E-05
5.09893525337442E-05
7.48537183739237E-05
8.49400715372954E-05
2.37371527632549E-05
5.69302080678808E-06
4.16376492906334E-05
3.45216906343695E-05
2.83154611547194E-06
2.44882187590993E-05
1.25891566212509E-05
7.39806127815265E-05
7.95725528977583E-05
5.66048955475376E-05
3.67010032908162E-05
4.47752630750207E-05
5.9797658254744E-06
3.91784209852384E-05
5.55099200396274E-05
7.37708843491919E-05
7.74127218189842E-05
6.53142792512918E-05
6.96049202423194E-05
6.51816463963107E-05
8.19702036993366E-05
7.37712928289068E-05
1.25577545155624E-05
4.48704332582428E-06
3.28558797619058E-05
-3.82540054064722E-05
-4.29886684611458E-05
-6.02279951690734E-05
-9.67292065898952E-05
-7.61118301085889E-05
-9.261936034709E-05
-8.65553374702182E-05
-9.28324984075002E-06
-1.43215915407408E-05
-4.39230339280521E-05
-9.86463323095258E-06
-2.75144392806789E-05
-6.3514529746603E-05
-9.37707175970841E-05
-9.45399779094771E-05
-9.44290295038004E-05
-5.78065319030774E-05
-0.000123686204825789
-0.000113786593229229
-0.000118708456941774
-0.000127780561487606
-0.000126111816159933
-0.000122984002000191
-0.000187442109559125
-0.000190622989086008
-0.000186321624041822
-0.000178246942967571
-0.000187464155488184
-0.000195064304834357
-0.000188100683257196
-0.000159774906188244
-9.8275861902702E-05
-0.000100794615417586
-0.000103916258916576
-0.000106295062106333
-0.000117133374565919
-0.000138020752550401
-0.000159803461907441
-0.0001729121753615
-0.000171323099674671
-0.00014219539265877
-0.000150375266279444
-0.000129856912526504
-8.1675743765697E-05
-8.01307843050296E-05
-6.35885495020706E-05
-6.3274846691431E-05
-5.06186615848702E-05
8.99079599007581E-06
1.41360614826507E-05
-1.7459778621819E-05
0.000140484765740488
7.91808488669398E-05
9.91482986624407E-05
8.3949792851969E-05
6.60861118583369E-05
5.06381873354199E-05
3.83740686592233E-05
-9.30616334647591E-05
-4.57164201188031E-05
-5.35823137029719E-05
-2.87358900013622E-05
-3.32565031006524E-05
-8.72301023217455E-06
8.52423996842147E-06
-1.69126583383237E-06
8.55255495434562E-06
-1.89979470117427E-07
2.90464552103835E-06
2.62279673040313E-05
5.25038512139208E-06
-9.58070742939747E-06
1.40732764772764E-05
4.15595738583344E-05
8.437268912839E-05
7.57777568748025E-05
5.52793370609232E-05
8.90255743500468E-05
7.90649104768214E-05
0.000102476510239719
4.14877414778043E-05
1.46373473130011E-05
-5.63958965281777E-06
-2.23350609354271E-05
-3.3047869343515E-05
-5.51824272355027E-06
-3.28107547351123E-05
7.10081822107967E-06
-1.66588179515795E-05
-1.38995043098512E-05
1.43182786686123E-05
2.59156292080236E-05
3.28047595359548E-05
-1.60147853102316E-05
-3.7463548992631E-05
8.84314011317557E-06
1.76397532287309E-05
2.98226545878996E-05
1.23653661514842E-05
1.71780832810841E-06
2.83471452415924E-05
-2.37593130577195E-06
-1.70238994588001E-05
-1.41572091491764E-05
-4.06176227030704E-05
-7.24744713873626E-05
-9.77404508152384E-05
-6.15608906971227E-05
-8.56042014965797E-06
8.9377016269736E-06
-1.22973361894357E-05
-1.98649981263932E-05
3.23753392033781E-05
7.02423609825775E-05
3.70491627525035E-05
9.79997219045645E-06
2.91792775647414E-06
1.72851935021117E-05
3.51360830256863E-05
2.11994782376498E-07
1.18032708665529E-05
1.8052877555573E-05
1.41276201439985E-05
-2.81677775311946E-05
-4.2464120444202E-05
-5.71435783207261E-05
-2.76856705612533E-05
-5.01701342466686E-05
-5.54749205625599E-05
-2.23724809599498E-05
-2.63919960178922E-05
6.30030165837999E-05
3.39582500880199E-05
-5.18074133891346E-06
-5.22200227231319E-06
-2.70375094493508E-05
-5.60658944954359E-05
-5.67700131817048E-06
-0.000101274542569199
-5.36075563786826E-05
-2.94470887628705E-05
-5.61182867251964E-05
-6.33080899635069E-05
-4.52857558138615E-05
-7.31966158771932E-05
-6.58196428795773E-05
-8.18359044520173E-05
-8.1514014012394E-05
-6.83595528877577E-05
-2.65447272092257E-05
-1.26042753940063E-05
-2.58817369581545E-05
-2.10745163114744E-05
-6.14736924177316E-05
-6.23384048389762E-05
-4.16526061525979E-05
-4.57342864500979E-05
-4.61398626487033E-05
-7.00091301025808E-05
-7.66196130659941E-05
-4.50742942992945E-05
-5.3094014579455E-05
-5.40911190845087E-05
-6.2267378606023E-05
-5.95951264681181E-05
-8.31696099030718E-05
-9.30728831890176E-05
-4.95859799807051E-05
-3.67642620593E-05
-0.000107595540342116
-0.000126632161960601
-0.00013176839834954
-0.000103994338561019
-7.64637380018854E-05
-0.000139094676475804
-0.000200345482125744
-0.000100933886868178
-6.64416315531372E-05
-7.17791884495378E-05
-3.17075834864065E-05
-3.20638955798563E-05
-7.60631460502173E-06
2.91656284548534E-05
-1.29006129393334E-05
-3.02226801750167E-05
-3.90253405232182E-05
-3.74221297201515E-05
-3.79646880478047E-05
-5.53198149115454E-05
-4.34362803107331E-05
-2.38379722858275E-05
5.0527803696304E-06
0.000112446475775161
8.68209713027367E-05
6.54890086552569E-05
0.000107718366700196
5.85753201353688E-05
1.76111527805301E-05
-1.04802142090892E-05
-0.000126676570153868
-0.000115438071326912
-0.000112055379085216
-0.000144746384618973
-8.95954842440455E-05
-6.16527169256871E-05
-7.53952249453936E-05
-6.08238570446457E-05
-6.45472091800535E-05
-5.15778172806419E-05
-4.59188887267114E-05
-2.61067137854E-05
-1.81857264390331E-05
2.43971502413284E-05
-1.77433716391227E-05
-2.56287781812227E-05
-4.42110694394578E-05
-4.21299760793398E-05
-5.77308712456357E-05
-6.82304646831025E-05
-7.81552524315302E-05
-6.43355101172776E-05
-5.72032148828216E-05
-2.35942637732676E-05
-2.98147225166996E-05
-5.59090442923554E-05
-4.39814651979435E-05
-7.40705490750874E-05
-8.89393978491143E-05
-9.08590728927431E-05
-0.000131633037490258
-9.22558393890173E-05
-5.62233420187376E-05
-0.00012105581083805
-0.000123165259896725
-7.57828128626222E-05
-6.80972303328658E-05
-6.88952610015059E-05
-0.000128044185075895
-0.00015092693508393
-9.73946940201407E-05
-6.29153972205695E-05
-5.22040736343326E-05
-5.47123554499929E-05
-2.88481591928824E-05
-6.08810833985604E-06
-5.89133813725693E-05
-3.01040903546636E-05
-4.7645599281265E-05
-9.79158745811487E-05
-9.98264732055617E-05
-0.000125259929359355
-9.86735140267266E-05
-3.11564317213683E-05
-8.18266013801333E-05
-7.36934527635463E-05
-3.41089028255988E-05
-5.7319218307228E-06
2.25232813643068E-06
-1.9214882781816E-05
-1.60177062670205E-05
-3.04813759591583E-05
-3.12568175537027E-05
-6.67094441513216E-05
-6.83159623480088E-05
-0.000126697208726696
-8.62714493729507E-05
-0.000105148164040428
-8.24049622619902E-05
-7.96441112821057E-05
-3.58509118530403E-05
1.95950200727147E-06
6.73931198961184E-05
3.24219227028285E-05
5.93492332230705E-05
8.06047127387043E-05
5.19466031228596E-05
2.15205658546378E-05
-5.91042831829059E-05
-2.67660827643843E-05
-1.64918939557241E-05
-8.24827284593523E-05
-6.85822382299299E-05
-5.11738980803203E-05
-8.30412864870378E-05
-5.01434552537915E-05
-7.90525536928812E-05
-9.67277991691341E-05
-7.12666953728621E-05
-0.000114981084151437
-0.000138417095836851
-0.000128485110220365
-0.000150548860236271
-0.000136327300519733
-0.000106562060090988
-9.07404373281283E-05
-8.04285913183148E-05
-6.26265665445475E-05
-3.03512835625114E-05
-6.71229170760017E-05
-8.35853620588481E-05
-0.000113030697362125
-0.000140769030654982
-0.000254676202337545
-0.000267133545783192
-0.000288817382052735
-0.000256804257256552
-0.000276635151773656
-0.000306725754790774
-0.000310623524464834
-0.000161459670167631
-0.00014341637338383
-0.000182451092078516
-0.000255128446626412
-0.000245731443606333
-0.000183857367265156
-0.000175618525349098
-0.00020959154359304
-0.000224392969627016
-0.000138013173025738
-6.80771024381183E-05
-8.13842894098657E-05
-0.000148424271168382
-0.000126638875479682
-0.000108092666724719
-9.59681236833526E-05
-0.000137225210983708
-0.000128213549976497
-7.7552146610703E-05
-2.65528381449394E-05
5.60325587526934E-06
9.10092750819239E-06
5.68742848961995E-05
6.28288985558194E-05
5.51080790645753E-05
6.66547435137629E-05
3.28749766273037E-05
7.87468766820239E-06
-1.53298034851564E-05
-6.05072762110866E-05
-6.57715349631322E-05
-3.82792228999324E-05
-6.60359784219409E-05
-8.43052334861919E-05
-9.38351721636891E-05
-7.57412189793331E-05
-8.4499960147012E-05
-8.41187296855273E-05
-0.000109384401178884
-9.80767301781789E-05
3.88353462823602E-05
4.14672320422106E-05
2.29197797959801E-05
3.34342205311366E-05
5.73149054603757E-05
3.48727101578189E-05
3.35152571197779E-05
-6.64944399824004E-05
-3.76957901998924E-05
-3.51316129175345E-05
-9.37317362161497E-05
-0.000136475752041251
-0.000131999476622113
-0.000188375315397714
-0.000206838146292387
-0.000236153306772791
-0.000180835139362534
-0.000130863640613085
-0.000122037907112511
-0.000102890550803635
-6.52858130020636E-05
-2.37208173448548E-05
4.76864105816826E-06
-1.57185048464604E-05
-1.5662117346055E-05
-2.68397053004338E-05
-2.56276493818688E-07
1.44106737281086E-05
-2.47693373942468E-05
-4.15858471165809E-05
-7.17162492922951E-05
-7.51413544487028E-05
-6.96712936999483E-06
-5.84409342614841E-05
-0.000114926388583891
-0.000119895070572003
-0.000129836690335137
-9.62349919045034E-05
-0.000129527740126765
-9.01077619766295E-05
-6.74598442204088E-05
-3.45591794762982E-05
-2.47076222146579E-05
-2.08698380811896E-05
-6.22777637018137E-05
-4.15449464057376E-05
-0.000129200136131955
-0.000157924058975791
-0.000195285761280358
-0.000199986084569811
-0.000193765575086855
-0.000193809151213109
-0.000177892242429091
-0.000199964163250067
-0.000159469319967159
-7.63730339061284E-05
-4.89895842339976E-05
-4.02939592000453E-05
-1.52669477413373E-05
-4.89092810470285E-05
-2.47232241046639E-05
-5.74087519855863E-05
-0.000116317226523423
-0.000140861096423854
-0.000146763682936522
-0.000151332105980719
-0.000113425429312258
-0.000155621812151079
-0.000124881216230202
-9.4175760551386E-05
-5.50854535185795E-05
-7.83518822054226E-05
-9.17101781115921E-05
-0.000107327995699835
-4.21782183360323E-05
-7.13607835698366E-05
-8.89690485712945E-05
-0.000114620990620796
-3.24736969669839E-05
-3.80489614108738E-05
-3.04520021309603E-05
-3.51691604146856E-05
-4.14097463329377E-06
8.10533208769719E-06
-6.19630149567361E-05
-0.000115982970955081
-0.000122215864185094
-0.000117464957708618
-0.00014264264375448
-0.000158947351181145
-0.000165338472529935
-6.55182330762268E-05
-8.87643101585032E-05
-4.24919707324318E-05
-1.35704982360124E-05
1.3770490337132E-05
2.08171794518226E-05
2.34983707532427E-05
-6.01282358080647E-05
-5.25787337431461E-05
-7.83793234499486E-05
-8.35492681254598E-05
-0.000108968237175295
-9.56890893358298E-05
-8.72414069427343E-05
-6.90442287315919E-06
-3.70758718888011E-05
-5.21747437677569E-05
-5.32969555018768E-05
-3.66248776996682E-05
-6.55738100393021E-05
-9.36979042114801E-05
-7.31150606561849E-05
-7.70655753813838E-05
-4.90576335108553E-05
-5.62479481641873E-05
-5.91117521084487E-06
5.72229611449314E-05
8.71756445260262E-05
1.49310751576482E-05
5.26570373650859E-05
4.62650149436835E-05
2.93223305884485E-05
-0.000101830697265544
-0.000131903900183109
-0.000100998423120686
-6.63252486920559E-05
-4.44241841460512E-05
-4.42907149197324E-05
-2.91285084441919E-05
4.30360067546916E-05
3.4222512940001E-05
2.76799429529127E-05
3.73872812934285E-05
1.81720138686765E-05
1.07162968340614E-05
8.32915928496698E-06
1.72225537981304E-05
2.57428343342136E-05
-2.53488706536869E-05
-4.07736074259529E-05
-1.77937290149162E-05
-9.02587101366103E-06
-1.87663436409975E-05
-3.76366094692959E-06
2.85581087905813E-05
5.64848254544337E-05
5.54781076298147E-05
4.13295479663794E-05
6.67857062223064E-06
1.62973526451014E-05
-8.11681432842633E-06
-5.97050051196475E-05
-6.0905026363656E-05
-5.4126290877643E-05
-5.71080340321721E-05
-3.00422126322723E-05
1.56184212597365E-05
-4.08176061901977E-05
-1.68921973934528E-05
-5.21454855166765E-05
-3.17429131723778E-05
-4.01683560327563E-05
-2.95558312023723E-05
-9.87448757937146E-05
-5.98958598813328E-06
-3.63676144652637E-05
-1.99322752595628E-05
-4.69079940481694E-05
-6.59367908391534E-05
-7.84478268520544E-05
-3.1186850408577E-05
-5.27865739019968E-05
-1.75317041864624E-05
-4.72388557903291E-06
1.87796126920481E-05
1.78880426646299E-05
3.64508039497468E-05
-9.1821807223407E-06
-5.35016286771247E-06
-5.44604663187656E-05
-3.70170047963881E-05
-3.11070292210994E-05
9.56909570785454E-06
1.55753655667849E-05
3.33315818284975E-05
2.67440651034464E-06
-3.67363889132674E-06
-5.84604367833589E-05
-0.000128795878403784
-0.000168368695447659
-0.000202251354993856
-0.000216812799861773
-0.000173230656376685
-0.000176873054321615
-0.000168383107775739
-6.65221078782956E-05
-5.22345619119041E-05
-3.65749141454691E-05
2.06586982091216E-05
2.4305364790612E-05
8.78876624125807E-05
9.45224979940845E-05
4.8112762056727E-05
3.18033044528582E-05
3.30997536401489E-05
1.39651462546627E-05
-2.75596878221117E-06
-3.56364143862424E-05
1.73254223353349E-05
-3.24012926074712E-05
1.91090759797175E-05
2.03469498680922E-05
-1.46480064223711E-05
-5.63273158623796E-06
-1.67328865945347E-05
-6.30222551145792E-05
-9.57754492458687E-06
-1.06658067341474E-05
4.55375529206488E-06
3.23178600939421E-05
-1.92010362962124E-05
1.61624434503584E-06
2.94526209405869E-05
-4.12923857865584E-06
-3.21616033255746E-05
-6.64934378290946E-05
-0.000106494671492643
-6.6674385026986E-05
-8.11023762385691E-05
-6.59288661171591E-05
-6.23503140924672E-05
-6.48388054375313E-05
-6.81928547852152E-05
-6.92298285555176E-05
-1.36704441301514E-05
-3.45815919056718E-05
-9.08978016367264E-05
-4.90971002995487E-05
-4.71076034170834E-05
-3.92619328290871E-05
-8.95908363453879E-06
-5.69818278937393E-05
-5.88160644501579E-05
-8.74345808596997E-06
-4.2707730305318E-05
-3.01257949760604E-05
-3.32828891348215E-05
-6.01698255111602E-05
-8.44942291845713E-05
-3.87245286134553E-05
-5.20064325726202E-05
-5.75344960859342E-05
-8.92543958237971E-05
-7.78625788538697E-05
-3.41908852775306E-05
-3.99468095005388E-05
-3.50048556994746E-05
-5.31082864934342E-05
-4.48693388064553E-05
-1.2095009086542E-05
-4.27035291121551E-05
-4.5974661158592E-05
-2.83285409861018E-05
-2.32447847727261E-05
-2.42955662857406E-05
-2.51540632427859E-05
-6.39436442828456E-05
-4.08671112079212E-05
-5.9479547819448E-05
-0.000102324648521465
-0.000116015066775688
-9.81261904523597E-05
-6.28181454231919E-05
-2.6376288188972E-05
-8.04936763133435E-06
4.89394800846867E-06
3.04591371996193E-05
4.39803747675348E-05
-1.43748494721651E-05
-5.44553969241331E-05
-4.34239983297715E-05
-5.70698637193365E-05
-7.24690121806003E-05
-4.36848455634847E-05
-7.31818042031872E-05
1.37550237312348E-05
-8.34328355826917E-06
-8.09145403494612E-05
-6.3586817574127E-05
-5.96883692675594E-05
-0.000103424490565317
-5.13265269207867E-05
-8.23643394621358E-05
-7.55157394315529E-05
-2.9456560588835E-06
-2.92717886828263E-05
-1.94831966678275E-05
5.21330433507853E-06
-7.31971369181531E-05
-6.54446108727989E-05
-4.03323916171624E-05
-7.66679167582334E-05
-4.95748198637869E-05
-5.0083302675804E-05
-4.21833560551707E-05
-2.61827942288428E-05
-5.75189471752182E-05
-5.1492083974776E-05
-4.95576739711754E-05
-4.30410207289146E-05
-3.99849104101346E-05
-7.14733749580021E-05
-2.26376324125512E-05
6.29526003040688E-05
2.44194616270949E-05
4.27988889360617E-05
2.19952370819428E-05
3.18468532574626E-05
4.13773979288236E-05
4.93564955039135E-06
-2.19484235711429E-05
-4.89237344733294E-06
2.39214908172174E-06
2.9875618029624E-05
-4.4246436029063E-05
-3.48448569868001E-05
-1.88657885645858E-05
2.36111753973618E-06
-4.46304940052086E-06
1.37013643383448E-05
8.83488604080801E-06
4.12313194613365E-05
4.40180518963261E-05
7.35317802265429E-05
-3.30511615240489E-06
-1.75229140790165E-06
4.897519480953E-06
-1.57859476489187E-05
1.70871491025343E-06
1.12157463226243E-05
-5.09920922010769E-05
-4.98068265800535E-05
-4.14204814602785E-05
-0.000102437976380498
-0.000102836749056485
-0.000116336355699701
-0.000128697142191792
-9.48801140007596E-05
-7.26424755524181E-05
-4.90428016701826E-05
-2.69283565891456E-05
2.83866830937855E-06
7.56120542059651E-05
0.000106135582943632
9.63951517566753E-05
0.000141524099749948
0.00014082764097622
0.000102500844199151
8.52890359140284E-05
2.99411259410176E-05
-1.96090160863092E-05
8.30812524434334E-06
-3.91137284910176E-05
-4.39256442298694E-05
2.00470523575424E-05
2.72352906876474E-05
1.5445444592696E-05
8.29718858213953E-05
5.98797336810141E-05
6.06164738023416E-05
6.09753622198598E-05
7.95898362987236E-05
4.91707433734017E-05
4.92709825694425E-05
2.65898848438409E-05
4.10050572960311E-05
4.02503832159426E-05
2.1465763687667E-05
-4.78153089177465E-05
-7.04743515983309E-05
-9.01664090171278E-05
-8.88089566094699E-05
-9.11375512378118E-05
-6.16417824540295E-05
-8.3011658490525E-05
-4.98833208443124E-05
-2.77030458924966E-05
6.43316509944105E-07
-2.45091421474426E-05
-1.93775683571247E-05
-4.81084648935144E-05
6.94557219730845E-05
6.79893328290958E-05
3.34183091438843E-05
6.61566778295485E-05
9.39619568334807E-05
5.77635526708159E-05
7.54508116025623E-05
-2.15650625484138E-05
2.67116102691162E-05
6.0633521008677E-05
1.87265659309156E-05
4.7307577962363E-07
3.40092744822602E-05
1.22631788948048E-05
1.61272754209943E-05
-2.37736830417607E-05
-1.80062549248393E-05
9.19678939015242E-06
-1.86915352870435E-05
-1.66391393039501E-05
-1.54211232646635E-05
-2.27826121426973E-05
-2.07336154790689E-05
-9.32278631214428E-06
-5.02115486940724E-05
-4.87934758154608E-05
-8.54765010156565E-05
-5.31170031403729E-05
-2.04401048851512E-05
-2.08122443053472E-05
-1.82081596468225E-05
1.92957363275617E-05
2.91993998302478E-05
1.69085523663426E-05
-5.2367816553233E-06
-3.06372840287642E-05
-2.9846955111189E-05
-3.75240813885013E-05
-9.05088969384341E-05
-5.614237140808E-05
3.28560507556354E-05
4.17004840751894E-05
6.99971154798436E-05
8.78646035267772E-05
0.00012622754358408
0.000142280926130739
0.000141963132626447
9.596305134179E-05
0.000101211647405138
8.05367821879049E-05
1.35445188109691E-05
-5.55460742166639E-05
-1.5127443501276E-06
-5.38139109044176E-05
-4.71346426941837E-05
-4.49111247966203E-05
-4.10635525166894E-05
3.29037382473998E-05
6.35056342482272E-05
3.31061150325328E-05
6.30421167445919E-05
3.33641694569334E-05
4.03768299513407E-05
6.76541284619057E-05
1.65318568694321E-05
3.13598790912636E-05
2.13984199373617E-05
3.59624405817192E-05
3.63519695505955E-05
6.99904877170983E-06
8.43804957020381E-07
3.16914006845804E-05
3.67078041841474E-05
6.44728392298132E-05
4.42309750047357E-05
6.38210086812607E-05
7.86579617150543E-05
4.32500970584785E-05
1.29335739431658E-05
2.86160409626765E-05
2.34231348022488E-05
5.24504753267576E-05
2.29471767867099E-05
8.08858445397624E-06
4.43508607668069E-05
4.93207216695997E-05
1.43293313035514E-05
-3.13769739674818E-06
7.71833980635489E-06
2.28405262236361E-05
6.24951919861682E-05
9.76786202036268E-06
1.91602114565863E-05
1.24061402492615E-05
4.47293646042859E-06
-3.6997925071943E-05
-2.49719468060925E-05
-7.77196728623958E-05
-4.33141840270761E-05
-6.0627559346453E-05
-5.13940320016769E-05
-5.93384252216258E-06
1.79566096251183E-05
3.05964000389119E-05
5.47681381509044E-05
6.0095111975511E-05
6.20074094285639E-05
7.84642342286449E-05
4.11391050468228E-05
5.60366466894208E-05
3.35081229187961E-06
1.08790519265306E-05
-1.7087214440043E-05
-2.92068501706685E-05
-3.13326817263361E-05
-1.35149474873536E-05
-3.03494683609537E-05
1.01772429503379E-05
2.72178425084386E-05
6.96997478302642E-05
9.05721101374106E-05
7.33268287034925E-05
4.20322111647902E-05
1.85178382452324E-05
1.16869700933951E-05
-2.00561958594723E-05
-3.19174403803754E-05
-2.52426512925942E-05
-3.46660206014886E-05
-3.49595945452155E-05
-7.9638420117455E-07
-3.01935222311431E-05
-5.2219547750651E-05
-7.52511297391384E-05
-2.91438468158592E-05
-1.83984057148058E-05
-2.85620136708725E-05
-3.57918224237163E-05
-1.70736509029144E-05
-2.14714577260038E-05
-2.94307510939533E-05
-5.65189894006018E-05
-5.9326249306972E-05
-9.35455149751368E-07
-4.50679952909103E-05
-4.2911657044211E-06
2.94358916685712E-05
1.20838748921358E-05
-3.22504904443471E-05
-1.5413421127459E-05
-4.96529989678102E-05
1.07961105693667E-05
3.79619349733716E-07
-1.40644220777398E-06
3.78828645168992E-05
7.41503676909326E-05
8.27686311441704E-05
0.00013645671669493
0.000117402444909025
9.66486230472532E-05
7.93747699680337E-05
8.20682495468555E-05
8.88806877637589E-05
7.52846502927793E-05
2.39372943128941E-05
4.22088980179556E-05
3.05131382434419E-05
3.9654919452473E-06
-1.64797900572896E-05
-3.7652007910073E-05
-4.69520359013895E-05
-1.90177084800944E-05
-4.63679270478019E-05
-5.15669599068435E-05
-2.23099706401361E-05
6.62498398341225E-06
1.33804204428008E-05
4.46499485879934E-05
-1.06764292606644E-06
1.86828118622687E-05
4.11510850091426E-05
5.48758287313582E-05
7.453130640377E-05
5.47631442011943E-05
2.07818093512097E-05
5.64138579295574E-05
5.43766751606164E-05
4.79454670884775E-05
7.13854360581517E-05
5.27604213260504E-05
1.58882479393681E-05
1.46469210743164E-05
2.18082638754985E-06
-6.28822807873873E-07
-2.0520971363919E-05
-5.48823295101886E-05
-5.54558112578391E-05
5.86434112602431E-05
4.98755440298198E-05
4.18816824297801E-05
2.94211320292826E-05
6.26621215060473E-05
5.99112566823874E-05
5.50378495792435E-05
-2.34588524732846E-05
3.22093006928834E-05
2.00889684310514E-05
2.84203323857661E-05
4.40605843539924E-05
4.06922720259267E-05
-1.59949759209593E-05
-6.17837683112312E-06
-5.38033247836172E-05
-1.4890662230495E-05
-3.43220604869266E-06
-4.21274991257605E-06
3.02855565687944E-05
8.75932503253056E-05
0.000118643109800294
0.000161973153885196
0.00016892809105142
0.000160037078079646
0.00014611145938712
9.47746235988807E-05
0.000106391168944073
0.000104341367974032
7.64305029269353E-05
1.59168782039612E-05
-1.28264333258183E-05
2.02959335694668E-05
6.08197706804177E-05
6.46848795444667E-05
8.30394055457666E-05
8.47082564746298E-05
0.000114628701153629
0.000169714190239811
0.000230481642479947
0.000221024493269447
0.000195566161041294
0.000205686833832393
0.000170531377249095
0.000190491031900128
0.000154237265564993
6.37410676582297E-05
8.49140790385728E-05
0.000120578451061967
2.9379110741817E-05
6.07483196589287E-05
6.51974527801086E-05
9.54346507948056E-05
8.82286591262762E-05
0.000116612816593413
9.81552092479071E-05
9.71352121592801E-05
0.000119377436731723
6.76177869905846E-05
4.3894500871337E-05
7.08978200758965E-05
1.08042475496365E-05
-6.40375209710469E-06
8.92530682450345E-06
-3.64030758874818E-05
-4.1658323203769E-06
2.18959089697096E-05
-1.23491061641507E-05
1.12958230621272E-05
-6.26078220346373E-06
3.30797532137975E-05
6.26856547810831E-05
5.79190650164554E-05
3.93114666803743E-05
1.69139508814841E-05
-1.65950135299484E-06
2.44684213261579E-06
-2.01482174477132E-06
5.54454278582617E-05
5.69060721456145E-05
2.46375760475066E-05
4.01570733754858E-05
3.78416850917285E-05
3.70649106714252E-05
4.92922322080024E-05
-2.42428075412424E-05
-1.04845911702135E-05
-8.35095397995915E-06
-1.38281701117486E-05
-1.63195625808597E-05
1.77416388535858E-05
6.13186476278273E-06
-2.88947844276092E-06
-1.67989860680357E-05
-6.18145314215202E-05
-2.68436828407313E-05
-1.42133259972068E-05
-3.55981226376277E-05
-3.44417467340171E-05
-2.28889455612107E-05
-3.52648484246007E-05
1.89180515638129E-05
9.79624640814221E-06
2.11748343660279E-05
2.57588033169643E-05
-1.3642484280507E-05
1.59411620973723E-05
4.09624602208209E-05
1.6114083153904E-05
3.61712087732835E-05
4.88014013901119E-05
5.54433214397042E-05
5.20695684257523E-05
6.62927312931612E-05
5.21787276802769E-05
7.77107956678233E-05
5.22047317152636E-05
3.81161893550571E-05
6.56080454179076E-05
7.67352934720175E-05
1.944754832471E-05
-4.93707001760723E-07
2.49198041987347E-05
-5.96072921166697E-05
-1.83763608109131E-05
-7.39161721020704E-05
-4.59982782131101E-05
-3.19733273167735E-05
-2.00255559756789E-05
-1.34032238914954E-05
4.98209570573118E-05
-2.03241604921426E-05
-2.81898960806289E-06
1.503072096468E-05
3.47181490089504E-05
2.07479181946468E-05
-5.50288601433705E-06
4.25769209936237E-05
4.12016663633628E-05
4.83835168298012E-05
1.96058728741261E-05
3.13499730102875E-06
4.1793082734064E-05
4.06470508533929E-05
-3.31952285408864E-05
8.56594891536657E-06
1.9176599187414E-05
-4.03673729957986E-06
2.56907200232282E-06
3.0099272949329E-05
5.61039351345434E-05
0.000105377297466134
6.89346929859715E-05
2.17468993802607E-05
7.46878405686308E-05
5.06476422902479E-05
2.13408659737275E-05
4.4191800725412E-05
3.41484468003872E-05
1.22816366858978E-05
2.57747822141869E-05
8.19667209735809E-08
7.52984610406056E-06
-5.9309792373494E-06
-3.69188217928653E-05
-2.51222959815193E-05
-1.65293030219245E-05
1.88132253554564E-05
-1.18922275804086E-05
5.59905866697839E-06
1.26198051896333E-05
-8.29452141187699E-06
-1.45124026858714E-05
1.95771841440229E-05
-1.45749254506273E-06
4.54795593800338E-05
7.74721568223371E-06
9.87376911862226E-06
1.90222804750601E-05
1.91510896682179E-05
1.58487187527783E-05
1.4304589220634E-05
-2.17261873031802E-06
1.78007935791198E-05
6.70613035287692E-06
-2.45156457645507E-06
-1.65151104724265E-05
-2.04163000643803E-05
1.1263922838494E-05
-1.35375074439462E-05
-1.1501154840486E-05
4.98815998227607E-06
5.50543370599901E-06
1.36395343270104E-05
5.1913135853176E-06
-4.14588715536628E-05
2.75062530653957E-05
-9.89111295420537E-06
-3.92881678747675E-05
5.23751630994092E-06
1.90266286412027E-05
1.50107074683805E-05
4.2009072951534E-05
9.50169452622853E-06
2.85038622163236E-05
4.32399240602189E-05
2.95335779912003E-05
1.42893925959721E-05
2.67296816966673E-05
4.32280870862259E-05
3.06929970848664E-05
5.45617522610115E-05
3.48625350420641E-05
-4.51673614276602E-05
-6.41425428313725E-06
4.57350757262985E-06
-5.61550310406592E-06
-2.23825686290994E-05
-3.13060969668985E-05
5.55179438196651E-06
9.40024298991162E-05
6.06274850054677E-05
5.76321118891044E-05
5.46304876668232E-05
0.000100868891426043
8.4216851045254E-05
4.94185407704402E-05
1.72543480420832E-05
1.56605486278853E-05
8.1304957554976E-06
-3.5898994170961E-05
-5.51083677530784E-05
-1.16383760345459E-05
-4.35667274105462E-05
-9.21971296585794E-05
-2.35780842088263E-05
-5.12936724435694E-05
-1.79602019049327E-05
-4.63105180171592E-05
-5.42424667067254E-05
-5.82475152245553E-07
3.49354109659077E-05
-8.01978640791806E-05
-2.9767510108398E-05
8.27706755052214E-06
-1.30625259020774E-05
-4.03248567825122E-05
-2.56139970057113E-05
6.55146443974138E-07
5.77698081557565E-05
5.48945734218186E-05
4.39413766537884E-05
9.59631530135117E-05
0.000112671589942047
4.9128590975747E-05
4.17432645764718E-05
3.57658468550531E-06
-1.49940118308167E-05
1.90448075340902E-06
-8.28580930740998E-07
-2.20527069118974E-06
6.15413292328592E-05
6.66154045339944E-05
0.000104265152397387
0.000118329674200785
6.54711561679311E-05
4.64472918535623E-05
6.29111474041277E-05
4.35631878852052E-05
2.59943878424154E-05
-1.90006390035285E-05
-2.15731012195934E-05
-1.59421688809174E-05
1.53891625865397E-05
3.06822576115671E-05
6.37676115493609E-05
7.93882792935804E-05
0.00010811833992976
0.000103196247230399
0.000121185880463307
0.000103944812289387
5.33793706578671E-05
2.55874837758021E-05
2.58550274145731E-05
1.58081078971453E-05
-1.26750282989712E-05
-1.58495016831202E-05
-6.26025680140252E-05
-1.04670091809219E-05
-3.36015359939298E-05
-5.10025396353824E-05
-4.7821963031488E-05
-1.99171724483363E-05
-4.17901979591282E-05
1.78382862424522E-05
-3.34439482963747E-05
-4.22323952690554E-05
-1.17152810874711E-05
-7.04921162968609E-06
-4.12272215896795E-06
1.63652349155146E-05
1.19146080664468E-05
2.15153744012822E-05
7.2673276710753E-05
8.6669977667582E-05
0.000100363787419555
8.88724296381275E-05
6.69969545894729E-05
2.49471085693271E-05
4.65371052703211E-05
2.91569905243587E-05
-9.63261008089423E-06
-8.93989847095252E-06
-1.88998427506514E-05
3.98669914813652E-05
3.77111933908982E-05
2.45049785753358E-05
1.26998695246518E-05
4.36987193523532E-05
5.33565399025251E-05
9.45840967762653E-05
3.57098543883201E-05
5.17314143396963E-05
7.65575698262513E-05
6.08695228329666E-05
5.73565428935639E-05
4.35979373916638E-05
3.07642060073479E-05
5.13502501030574E-05
4.22482986017036E-05
5.06683004109543E-05
5.34418946536494E-05
-5.54460561434237E-06
1.88544160351486E-05
1.49292347047128E-05
7.79040036995548E-06
3.31855679096992E-05
-9.7488950026728E-06
1.80140588215649E-05
7.12062224354014E-05
6.86652665639817E-05
6.73767637627833E-05
8.70878759497344E-05
9.24505108463473E-05
0.000100253986584505
8.38721914027003E-05
4.1844395201862E-06
-2.30660409096915E-05
-3.07644621250604E-05
-6.10498613304055E-05
-5.54090775843553E-05
-2.30770813941969E-05
1.63816804630265E-06
0.000121579322585986
0.000128385831139433
0.000144864238480722
0.000146826719465877
0.000147534381848659
0.000124925874383172
0.000115417267899923
2.98769149985658E-05
2.2690149156735E-05
-2.61769885806199E-05
-4.05274552718714E-06
-1.97423647778287E-05
-8.57454609536215E-06
-8.34442030561143E-06
1.08144885233611E-05
3.48442712730451E-05
6.61183264926751E-05
2.47071577140075E-05
2.7632074214493E-05
2.39746205764608E-05
1.62376195778486E-05
2.51363685644225E-05
-1.7214572763616E-05
-4.76878463241515E-05
-6.87455920637864E-05
-5.57182269758245E-05
-6.70018062413148E-05
-5.60944075848975E-05
-9.78002456303849E-05
-0.000134754411705989
-0.000109416502463437
-6.547053923201E-05
-6.67169066331406E-05
-8.19569889970535E-05
-8.89732020012053E-05
-2.14082078135839E-05
6.71567091629485E-05
8.23151612539411E-05
6.6937853688302E-05
7.48527959177746E-05
0.000111241790392836
8.20460023037303E-05
3.66014296493863E-05
1.72698170244352E-05
-3.42210991823282E-05
-1.35549096976295E-05
9.02064280048434E-06
-3.60018880263997E-05
-2.26629640194237E-06
1.36586317166461E-05
7.15582371194971E-06
4.94971757695065E-05
1.96586881069386E-05
-1.58128363707695E-05
-9.23055307403687E-06
-1.40686163188534E-05
-1.5928242366365E-06
-1.53114467535348E-05
-2.99994253248823E-05
8.01443718638171E-06
-2.68198467181285E-06
3.77153120029384E-06
1.11206183816186E-05
-6.05723775938423E-05
-4.01809255015642E-05
-6.81307708797603E-05
-8.99906242717877E-05
-6.71987881004438E-05
-8.03370857085012E-05
-0.000114831595596095
-1.60824897277012E-05
-5.13072468725757E-05
1.8036012332489E-05
1.67758608363772E-05
2.53538826326362E-05
5.21976339973033E-05
7.92740812895449E-05
1.26770776451724E-05
3.78653360034643E-05
8.66173198249142E-05
9.42368916647421E-05
7.92238117642254E-05
4.64144782579396E-05
4.62845379775859E-06
3.73671350735251E-05
1.31037530464051E-05
-5.61457331129782E-05
-7.80767137242688E-05
-7.2185396176065E-05
-6.02581754704943E-05
-3.43475757706012E-05
-4.77834887805618E-05
-5.46438412534151E-05
-6.61316312844155E-05
-6.32388868310347E-05
-7.51825767652159E-05
-4.94330071328879E-05
-3.05280345447508E-05
-2.1830115476298E-05
1.8007588397764E-05
5.52338806948704E-05
7.43704876691034E-05
4.61075758628047E-05
4.37372062023778E-05
4.11441077249453E-05
2.64218301951747E-05
3.36670360277942E-05
-2.47657875211575E-05
-3.95630709618622E-05
-2.39513175759751E-05
-1.56323786011314E-05
-6.67740369830735E-06
2.5033286566225E-06
-3.52897711903265E-05
-3.9807986698377E-06
3.73770535729443E-05
2.52332513930568E-05
6.13774445760429E-06
3.51938906766782E-05
3.45782230544167E-05
5.8205458300285E-05
1.03575802593717E-07
-4.25060335145935E-05
-5.88121446514459E-06
1.83126543619706E-05
-3.50989216949597E-05
-2.68073589328632E-05
-2.06814354653897E-05
4.26908807362516E-07
2.32473142378918E-05
1.20002501576699E-05
-1.8282055285577E-05
-1.82656768747173E-05
-2.28349631992768E-05
-8.91520856977098E-06
2.23353217652953E-05
2.08234268320226E-05
6.97372283199191E-06
7.44337348941413E-06
5.23868684142264E-06
3.23353392388888E-05
1.77159100082574E-05
-2.07747430851498E-07
1.33147801814474E-05
4.41955769898865E-05
2.83847199367161E-05
7.33484506919112E-05
2.67574925857715E-05
7.8313229935099E-06
3.78545884699347E-05
1.33516487056476E-05
-3.24043785524737E-07
2.44758140627231E-05
-2.30177322642829E-05
1.36613483554925E-05
2.27571173221131E-05
-5.8149080516479E-06
0.000109729488199957
5.6929111484411E-05
8.01992340354803E-05
9.66687687616059E-05
8.12702645379444E-05
5.15648354807858E-05
7.41668474748324E-05
-3.62573070115834E-05
-7.13570630270356E-06
-5.57224652945034E-05
-3.77581013548643E-05
-5.16786801459645E-05
-6.58535460475896E-06
-2.6496068445371E-05
-4.00437991612918E-05
-2.82420011801086E-05
-2.1578462354014E-05
-3.37706840502356E-05
-4.19908405705908E-05
-0.000105834149230818
-9.60169365772937E-05
-8.30235685562304E-05
-4.72541646617762E-05
-1.97631492623445E-05
-4.13447674966099E-05
-1.76131034403318E-05
4.0086137379286E-05
2.72160139560113E-05
4.6105585278627E-05
2.0527988190777E-05
3.23541927465101E-05
2.41008171073469E-05
4.50898578940377E-05
3.70556367553605E-05
6.40863877297308E-05
5.10648140756362E-05
8.29346043944203E-06
-5.0203472865559E-06
-1.83288651039877E-05
-2.0451197239452E-05
4.92846236040158E-05
3.6625620678485E-05
4.4307661772635E-05
7.82479550789948E-05
3.56990030006303E-05
9.10359045753384E-05
1.58133485919279E-05
-2.52392238226354E-05
-4.76024454249552E-06
-1.84028051690257E-05
-4.95927977181746E-05
-1.97984825086563E-05
-4.70664540382582E-05
1.63704974182316E-05
1.43480474720157E-05
-3.07763561080016E-06
-2.96260427603459E-05
2.00266998474355E-05
2.55938394293343E-05
4.15964929348532E-05
5.98881250415092E-05
1.17049888272363E-05
1.25654016066122E-05
5.10413278460011E-05
6.99304921605147E-05
7.0378657725256E-05
4.96301137564126E-05
-3.9536724365739E-07
4.6386553276185E-05
4.15053042430199E-05
4.65283432947504E-05
4.55175325863797E-06
2.97356126224821E-06
3.42943424459485E-05
4.4867674766839E-05
2.3613289980425E-05
-3.57898506120388E-07
1.6636930680947E-05
2.06567709804154E-05
8.21388858723448E-05
3.51155051395831E-05
3.20553787379824E-05
-6.35058322805268E-08
2.82955090746621E-05
-5.11842274586518E-06
9.15239644071083E-06
-6.69710991579483E-05
-3.65152709268309E-05
-2.78251673537304E-08
-1.10734027106249E-07
-3.2236846976553E-06
-5.59999596419697E-06
-3.90264186447847E-05
-5.44272230932704E-05
-4.95005136629111E-05
-7.18094758616084E-05
-9.11092239762319E-06
-3.74919443212646E-05
-3.17114534546687E-05
-2.8560832980032E-06
3.67011180203283E-05
7.18233022857834E-05
8.41271431568492E-05
3.63333124164293E-05
8.72940471448914E-05
9.56461529795225E-05
0.0001166216926483
0.000121011074823782
9.42384892942995E-05
6.03284923521945E-05
8.26773786304955E-05
7.08328701537699E-05
3.49292254250268E-05
7.55548037839467E-06
2.03449480301016E-05
1.05024679734739E-05
3.46222168927149E-05
3.54327974575894E-05
5.83871086753126E-05
0.000100142829408879
7.05221173441216E-05
6.53840022348707E-05
5.74661604194666E-05
7.68343560751807E-05
8.15829083111966E-05
6.53282494298527E-05
4.59135838377236E-05
5.92850521275338E-05
5.65623510184214E-05
2.80329973081864E-05
-1.99393055092767E-05
-2.17008816919206E-05
-3.43178092286285E-05
-4.33623765511615E-05
-2.61502989598565E-05
-4.05989060667106E-05
2.87996345017597E-05
6.14601160275397E-05
6.55965320823103E-05
3.37169899817656E-06
4.39261335895004E-05
2.72631233214428E-05
4.73412580588256E-05
-1.02572509972795E-05
-3.92162121653823E-06
-3.22297371607026E-05
3.15286209610894E-05
6.97160238919504E-06
9.88837233563669E-06
-9.3735516872136E-06
-1.04748922783639E-05
-4.11006422065749E-06
-1.45291935128749E-05
-5.13386947571847E-06
3.1378729604159E-06
3.52747441436977E-07
8.5998575171256E-06
0.000102183275744482
8.78278397363535E-05
9.74420522248802E-05
7.54302521875265E-05
8.62774880639131E-05
0.000132111644151693
0.000133762181432309
4.74244812078547E-05
9.57027870616302E-06
-1.33179072282673E-05
-1.21670523197212E-06
-8.54010427314926E-06
-1.16491209396244E-05
-3.12189404603964E-05
-1.24644333191221E-05
6.52951312510415E-06
3.91813895956402E-05
4.88922698596678E-05
4.67521188860239E-05
3.18276930958642E-05
1.51962818464253E-05
2.32783485690647E-05
3.53985499715175E-05
-4.69264289980471E-06
-1.15976853799348E-05
-2.01880283553733E-05
-4.0591099579966E-05
-1.65279059654362E-05
-1.40750360053993E-05
2.57401496518424E-05
4.31845758119023E-05
3.74845943187338E-05
4.32727221424378E-05
1.16886504440899E-05
2.43976739171897E-05
1.16469144482435E-06
-2.40385531321926E-05
1.55060218770539E-05
-3.17599054844265E-05
-3.03099377841193E-05
7.76204786185773E-05
5.26658511292669E-05
6.25025585729311E-05
3.30536670284182E-05
8.10484882288428E-06
3.9714094454888E-05
-3.58461156362082E-05
-8.478228737915E-05
-8.3530129466788E-05
-4.26850959432188E-05
-3.94317132854512E-05
-3.42897789463588E-05
-2.03984022962142E-05
2.14620057468645E-05
2.59876602970117E-05
2.1938094595119E-05
-1.56428163882504E-05
-1.01841041173275E-06
-9.92905758468279E-06
-2.85471388049629E-05
9.70095345134572E-06
-1.20087635844077E-06
7.04352352748494E-07
8.88886737758685E-06
2.80725707960697E-05
3.23395722530938E-05
7.78218783049183E-05
4.39228501449803E-05
7.48973670698253E-06
1.26826839117211E-05
1.37806207940394E-05
-1.04032365875507E-06
1.65453800350009E-05
-2.25195747154488E-05
-2.78176565745231E-06
3.08784342097589E-05
3.51833433292669E-05
1.5411042054841E-05
-1.60098068462368E-05
2.20190203765909E-06
3.47847583278841E-05
4.32798219650315E-05
-1.11343411687714E-05
-9.66407240338715E-05
-5.58318147776078E-05
-3.60059022311297E-05
-7.12572598972365E-05
-9.20760008543039E-05
-8.05688161764129E-05
-4.39830784507508E-05
6.05555280438991E-05
1.9478757211893E-06
2.30514897878172E-05
1.98247454767624E-05
2.59712879907911E-05
-1.99446658010637E-06
1.08619162787363E-05
-1.06633018796758E-05
-9.73353700606526E-06
-6.26417452563724E-06
1.82557595820373E-05
2.05128944499035E-05
3.12347659989974E-05
1.40484033058815E-05
8.52397049540837E-06
3.02006713780371E-05
6.17042288044331E-06
-1.8115429246777E-05
-2.5343220019643E-05
-4.64391602541163E-05
-3.49077043304148E-05
-9.68798040450348E-06
-3.8745344965901E-05
-4.33583204089572E-05
-4.1918276357586E-06
-2.30255323456611E-05
-3.35875263693943E-05
-5.6897189725394E-05
-1.48488065207348E-05
1.07053803116476E-05
-5.02732547384013E-06
-2.95073339017248E-05
-1.52438075724361E-05
8.87734375072475E-07
3.06749297705375E-05
1.65393388748758E-06
2.09450540214787E-05
1.19063510926687E-05
1.0873051854213E-05
-8.99567490059875E-07
1.541332115792E-05
-6.40899712286052E-06
-6.70384712054049E-06
-3.1975142074693E-05
-4.3501103392187E-05
-6.20904316132167E-05
-4.48198311425738E-05
-4.71194314989172E-05
-3.05880419810799E-05
-7.24105324360069E-05
-7.07308862672721E-05
-1.30269260695662E-05
-3.30135174147676E-05
-8.8919540702118E-06
1.34517284963391E-05
2.00890803420719E-05
1.3158153609045E-05
1.77728248595683E-05
-8.89155020252307E-06
3.96393754941763E-05
1.51944023314529E-05
-2.64883305972226E-05
-3.52906099497097E-05
-3.40357057549744E-05
-4.48378026422595E-05
-2.51302539453574E-05
-4.22913477222604E-05
-4.32977999631847E-05
4.66757917867229E-06
-4.91784642856528E-05
-3.99352072817115E-05
-5.30722183023208E-05
-6.54786572106254E-05
-6.17483006102921E-05
-7.27800009565005E-05
-0.000127101056247931
-5.54291762349222E-05
-5.55870972297039E-05
-2.81036943320628E-05
-3.26705011193074E-05
-2.29182871237046E-05
-3.58950709705658E-05
-4.11822295172644E-05
-5.09614804591741E-05
-4.71809703267029E-05
-6.25269497655763E-05
-3.97766715775856E-05
-7.53549822348467E-05
-6.56256966757296E-05
-4.41215596849716E-05
-5.04758874195363E-05
-4.96969525233332E-05
-3.10772763784849E-05
-6.32399163173637E-05
-4.49891994030635E-05
-3.56761254431287E-05
-3.45810928528391E-05
-6.60164142694963E-05
-8.43445037148677E-05
-5.05713405619811E-05
-7.15184540055693E-05
-6.06677356495539E-05
-7.22997460160254E-05
-6.86180902603622E-05
-5.83049957945074E-05
-5.36700720362611E-05
-9.84225233412971E-05
-4.69503256138958E-06
-5.40419532467286E-05
-4.29880846599864E-05
-9.71430276236563E-05
-9.17365530628582E-05
-0.000105261333213392
-8.32128407517269E-05
-0.00014122201579562
-0.000114644874055932
-0.000119668793561399
-8.67598798560365E-05
-7.92790036128642E-05
-5.15813216988692E-05
-6.73162238174266E-05
-7.4153422469348E-05
-7.17104831547811E-05
-9.37874297630792E-05
-8.83878980041656E-05
-7.76990273013799E-05
-8.30170020841517E-05
-0.00012343649277676
-0.000120938561550793
-9.72368222011983E-05
-8.51353732649818E-05
-7.80202324552711E-05
-9.22072119630093E-05
-0.000107546391024016
-6.73517055532316E-05
-3.37440472352406E-05
-5.76887060197704E-05
-5.84116533355918E-05
-5.17461507148068E-05
-6.16859490545719E-05
-6.12219819597361E-05
-8.47849425842497E-05
-0.000124572002387588
-0.000101667615514645
-0.000100309579751775
-0.000151543758769278
-7.29896295054945E-05
-5.35697117035695E-05
-4.69558314624242E-05
-4.46515091356469E-05
-5.06617993142807E-05
-1.57226176249623E-05
1.48352649637149E-05
-6.90059256938746E-05
-6.58976056060093E-05
-6.63614435675305E-05
-1.91584325094607E-05
-5.89108498686504E-05
-6.04616215845168E-05
-3.59668846796781E-05
-3.14919883276927E-05
-2.41058000367021E-05
4.04004345523823E-06
-2.64001882031694E-05
2.95991310876717E-06
-5.792034099794E-06
-3.35982962463797E-05
-1.70470108340506E-05
-1.59332831744856E-05
-2.52370437608527E-05
-3.59806857561421E-05
-2.64052015191106E-05
-2.82811929451144E-05
-2.69678038541524E-05
-2.71032133175669E-05
-2.48399280181718E-05
-2.10152189174941E-05
-5.21199990514656E-05
-9.30962224856697E-05
-8.92864877134942E-05
-7.33478845725014E-05
-7.99660660702118E-05
-8.65270343240475E-05
-9.15961207288424E-05
-5.01427918688652E-05
4.00933053608245E-05
3.08814249565805E-05
2.0681425963567E-05
1.72818500371657E-05
9.92529135825113E-06
3.01961775531373E-05
6.27844697742581E-06
-4.95099348451157E-05
-4.74601850873934E-05
-3.55106230959577E-05
4.00740014504503E-06
-2.02813839091299E-05
-7.35878238997732E-05
-4.27256821525216E-05
-2.67600698357701E-05
-6.20355239361751E-05
-9.94877484276372E-05
-0.000122842045607652
-4.18837066388471E-05
-4.48074508656337E-05
-5.09405074960574E-05
-4.9952139407244E-05
-1.5459192324871E-05
6.2406037685687E-06
-1.6217930225205E-05
-8.82226273641589E-05
-7.55126325292943E-05
-6.67564596070458E-05
-7.85723744907191E-05
-0.000101485474896128
-7.8892206468401E-05
-0.000109504440450599
-5.37734833306364E-05
-1.56914532074547E-05
-1.79743794623564E-05
-9.06048551104904E-06
1.52283786751661E-05
1.7601019133928E-05
7.93373998422413E-05
6.05066345244531E-05
0.000113662600082542
0.0001002238445955
0.000117282584170857
8.67054278477079E-05
8.37554796810161E-05
3.997897826303E-05
6.8301861441231E-06
-4.5612030668366E-05
-4.46261469112212E-05
-7.03949070097287E-05
-6.93845297332156E-05
-3.27014717589455E-05
1.70789063429298E-05
2.88829060568476E-06
-6.40354488353548E-06
-1.05170832816542E-05
4.60512785880912E-06
4.92368535094799E-06
-1.54710458327968E-05
-3.60765588952544E-05
4.97439835594858E-06
-7.1341282582269E-05
-2.98004616071084E-05
-4.68282919239817E-05
-1.40386519553904E-05
-3.42581098605441E-05
-8.12114631709031E-05
-8.43642541808461E-05
-1.41109660683963E-05
-6.95409863794525E-05
-7.5663969562025E-05
-8.70643029178488E-05
-5.82895819168274E-05
-5.944289971133E-06
-2.19746806095075E-05
-4.75199825743341E-05
-5.28046170721171E-05
-1.31256215900708E-05
-1.25139427107382E-05
3.55647222807437E-05
-2.77988687996951E-06
2.98393766721101E-05
8.35225240765139E-05
9.90549863993291E-05
5.18295092995796E-05
2.05061195723857E-05
-3.36914046296023E-05
-3.32217140708878E-05
-6.5187670926142E-05
-0.000100515652140054
-9.38811722158065E-05
-0.000123919522456405
-6.49610182477389E-05
-9.25530048743636E-05
-4.85646641618483E-05
-3.56580889572203E-05
-3.1028410497125E-05
3.60142796093463E-06
5.77469492958418E-05
2.42238257936633E-05
5.84535089348325E-05
3.16675090752503E-05
2.40704432132737E-05
4.23252280002134E-06
-1.85207518615378E-05
-1.98378957350049E-05
-2.1479170101695E-05
-9.44839119721548E-06
2.03176143103153E-05
5.69369274971435E-06
3.17413256111216E-05
1.23685320988909E-05
-2.77960350831774E-06
2.9783152285965E-05
-9.31929603618439E-06
4.326646027027E-06
3.09386260956751E-05
3.04559745718818E-05
0.000122259971300623
8.285495268372E-05
6.53677270880689E-05
2.4090435251508E-05
-1.4578711871047E-05
3.49711024383379E-06
1.303421693422E-05
-9.56041254591408E-05
-5.39859063991567E-05
-7.13741916474855E-05
-1.23807220325536E-05
1.45875802135336E-05
-2.23886013741123E-05
-2.63514573869996E-05
-4.29167377314812E-05
-2.12838657058095E-05
1.16837771267375E-05
-1.97219619044479E-05
-6.01218473630881E-05
-4.81043700923785E-05
-6.29861164715068E-05
-3.21240605453716E-05
-9.75767390857834E-05
-9.71100632443769E-05
-8.53932226469584E-05
-6.39331945213746E-05
-6.42167191542257E-05
-3.71325393279814E-05
-1.59284567792854E-05
4.3594394014667E-05
3.65559354120898E-05
1.94648266979622E-05
1.43284432889017E-05
1.10128450505969E-05
-1.69103895252322E-05
-1.9625093315928E-05
-4.39951233594894E-05
-4.59133052273458E-05
-2.45706140518192E-05
1.23233950683571E-05
1.93745063124896E-05
2.05595636586891E-05
2.72433330953378E-05
2.83414646841697E-05
-3.03071246035669E-05
-2.74409398532469E-05
-1.70038234714028E-05
6.59260073324489E-08
-3.2897853901373E-07
-3.16656256244422E-05
-1.69173434908624E-05
5.77404063602095E-05
5.42103782305598E-05
1.24530971360474E-05
-2.02780100142309E-05
-1.9285941829764E-05
-1.39627835956637E-05
-1.71606415999796E-05
-6.20871578352262E-05
-8.18958946584127E-05
-9.6029323786015E-05
-8.96808876066509E-05
-6.62486858818971E-05
-7.76309690371651E-05
-7.10932083529234E-05
-3.40707598267956E-05
-2.14796093500184E-05
8.8416765575461E-06
6.10656497987584E-06
-5.74109951311447E-06
2.35099400267334E-05
3.90263603359418E-05
5.76312913057017E-05
6.92161119692E-05
4.52730270733365E-05
5.96795763945003E-05
4.36316115644005E-05
3.98085166983208E-05
-8.64108710121607E-06
1.53379831813904E-05
1.70363445224452E-05
3.86072025575674E-05
1.61572123512225E-05
-0.000311161751743261
-0.000290819312659945
-0.000275062467613734
-0.000321703094288935
-0.000292928695765808
-0.000261659725341005
-0.000241870485733564
0.000116372490559228
7.41437092678507E-05
4.05417509037622E-05
7.23437326973073E-05
1.37966075509016E-05
-2.81747031611767E-05
-1.6715201299859E-05
-3.96427154460426E-05
1.76239272618472E-05
6.47029947883043E-05
1.83039036995925E-05
2.65671715179788E-05
3.08593457996717E-05
7.81885623067544E-06
1.74627932047911E-05
7.77821410405218E-06
2.43183028106681E-05
3.99648868877483E-05
5.93527894506092E-05
6.85937013192301E-05
7.22422919842444E-05
8.92363551906698E-05
6.06321062009833E-05
7.54813181391759E-05
3.93949538356047E-05
4.89896444435915E-05
3.3882979230476E-05
2.43970430478424E-05
6.23166511653799E-05
8.02231253315955E-05
5.64890768390465E-05
5.6672264909088E-05
2.19966484390032E-05
3.24899569816861E-05
4.14935951567738E-05
-4.09635344132887E-05
-5.2400245669465E-05
-5.00246024272206E-05
-2.78245137592874E-05
8.91995527680246E-06
-1.45148263223529E-05
1.17165222480582E-05
4.0390058437995E-05
4.31596187947807E-05
3.5002891829316E-05
4.68753882807378E-05
3.56208029693009E-05
4.17893981891545E-05
3.03846571154324E-05
3.78748803999194E-05
4.12739485077942E-05
3.36023913659811E-05
5.60897787771585E-05
5.19097495605846E-05
4.98684018325631E-05
5.80532194726286E-06
-1.63242585736808E-05
-3.4743666507595E-05
-4.42744376971965E-05
-6.3223853256473E-05
-6.21868713542544E-05
-3.4480844637729E-05
-2.71266706457192E-05
1.8472441783843E-05
3.11876097984978E-05
4.07095229733739E-05
3.32343775066572E-05
7.54021572761361E-05
4.5395969796546E-05
5.89424156929546E-05
1.7087631658873E-05
9.68340349557051E-06
1.16399373327011E-05
-6.13923456820477E-06
-6.17366198360851E-05
-4.42425460183544E-05
-6.29343739019665E-06
-1.4673742672304E-05
1.55008264579839E-05
2.45720138147703E-05
1.74801787833645E-05
1.40697756981635E-05
1.15994605252073E-05
-1.71547086722554E-05
2.22429168269803E-05
2.52449269998764E-05
1.21567724154842E-05
4.91259821860691E-05
5.22728311035732E-05
5.90689793996518E-05
5.7906425204274E-05
2.82450018719533E-05
-1.34179965506504E-05
1.26155939516665E-05
-3.56733418196947E-05
-1.6671026011767E-05
-1.34675285267869E-05
-3.7641289442778E-05
-5.10974248640226E-05
-3.28817948271787E-05
-5.38700949718677E-05
-3.41503441562233E-05
-4.20930242074149E-05
-5.64780145944966E-05
5.37698020712984E-06
1.40970223455335E-05
2.64217899075847E-05
2.4266452671618E-05
-9.11608384616968E-05
-0.000193339220281212
-0.000163064619901044
-0.000165585164413143
-0.000143452911002985
-0.000149739902244583
-0.000138348213403929
-1.64144661832937E-05
8.43105182574214E-05
3.4770654178944E-05
-5.57800446428838E-05
-5.25537790306809E-05
-4.91633460713739E-05
-4.79403064660622E-05
-5.28591186069467E-05
-4.07331339472413E-05
1.86588660071334E-06
4.19281867081667E-05
2.58841956682286E-05
-9.51657166627182E-06
-4.74985598045603E-06
1.96674949714281E-06
4.61187484261069E-06
-1.27778586383405E-05
-1.06899809497302E-05
4.89678557400254E-06
3.72719725872314E-05
3.77243648974198E-05
1.82182046530075E-05
1.06124642844259E-06
2.28302005447795E-05
2.31508230100748E-05
4.14187645199307E-05
2.78361311538071E-05
1.29188174162651E-06
5.85359457751075E-05
5.45030260517306E-05
4.15843550667151E-05
0.000162757189046374
0.000129032884788455
0.000103770822333972
0.000108068666470239
7.02194998210998E-05
7.62893096925936E-05
5.42795650620444E-05
-4.31985799059828E-05
-9.57526542500379E-05
-4.15261161055779E-05
-8.08089291263667E-05
-7.38978264672684E-05
-3.62872952749538E-05
-2.60242838461121E-05
-1.85718397980855E-05
2.63073782265889E-05
2.18830449472144E-05
3.50479765896545E-05
4.49635558803582E-05
3.01022575690856E-06
3.34788143626122E-06
-1.57709837236846E-05
2.70919100970136E-05
-1.32639838081952E-06
4.04207655347873E-05
2.35904488031906E-05
6.06150283445175E-05
5.57062407999278E-05
4.61066079077492E-05
-2.81857254408604E-06
-2.05162431453819E-05
-3.07075919654485E-05
-3.27426471897918E-05
-6.60749967532876E-05
-2.88786472490154E-05
-6.68406211871641E-05
-3.80485950851386E-05
5.35577868115911E-07
2.27438540819134E-05
9.06164364699576E-05
0.000100207170831192
7.25622797545909E-05
0.000134653847305017
8.65359976934849E-05
6.13886422047961E-05
-8.57519040023257E-06
-4.86807693707513E-05
-5.2638647885716E-05
-4.5166674718468E-05
-2.50331838177758E-05
-5.7009060809193E-05
-2.70488441726159E-05
2.62760790671309E-05
3.1695409829873E-06
1.27013319390018E-05
-2.05855389704463E-05
-2.69596151251806E-05
6.16329051124357E-05
2.78969478822264E-05
1.20796940727284E-05
-3.33257716158068E-06
-3.45510006539499E-05
-1.61532352880425E-05
-3.08395969210678E-05
-3.61105172816403E-05
-3.64595844548086E-05
-3.15205242083301E-05
-1.31467758375816E-05
8.09049115081524E-06
3.094135664844E-05
3.76192491646189E-05
7.27083936546057E-06
6.67785432950187E-06
3.08959952340419E-05
5.26116442164866E-06
2.47832958283772E-05
-1.24281092927854E-05
-1.59732286644679E-05
3.99763835721188E-05
6.55705711417281E-05
-4.45224711094186E-05
1.76210741027626E-07
-4.2203556008943E-05
-3.68443459650112E-06
3.53422612103902E-05
-1.19060046664874E-05
-2.57399715974871E-05
8.71467121122798E-05
6.20362978263941E-05
7.55512203731155E-05
5.3925556776177E-05
1.93963022940974E-05
1.86313252458425E-05
1.54036282878978E-05
-6.62586659551615E-06
-1.93660324248439E-05
-6.59284703724751E-06
1.01918144975576E-05
-2.53756988831226E-05
-1.46453274700245E-06
1.94164460030105E-05
3.66847998192717E-05
6.56240480718717E-05
5.55572998145562E-05
3.62548924506887E-05
3.61032324943653E-05
1.33354040646155E-05
4.87464278568637E-07
-3.24286828704946E-05
-4.93945982853093E-05
-5.6444578047296E-05
-7.34757027282733E-05
-4.10563780575004E-05
-2.38958608506288E-05
-1.00309958359643E-05
3.05999873158771E-05
2.44981151148183E-05
5.4548404994898E-05
0.00012548879566953
7.38167616339081E-05
5.15336697058215E-05
3.17492759043589E-05
-5.59583874137347E-06
6.41015472954956E-06
1.45664384948989E-05
-6.25432370627782E-05
-3.71949791329966E-05
-1.37640848981849E-05
1.5975826075522E-08
2.37964020787185E-05
2.24809448795701E-05
-1.92602114952573E-05
2.34336894170044E-05
5.08930565438165E-05
2.49916571318416E-05
1.66240277935496E-05
1.54926367082557E-05
-6.15966971900311E-06
4.43228409801361E-05
5.99979209686771E-06
-3.53209215054101E-05
-4.53661070286891E-05
-4.30420536149161E-05
-4.81043368259155E-05
-2.46349952095743E-05
-4.03685562585415E-05
-9.32196159066953E-06
2.6203947727536E-06
2.87378920202947E-05
-1.09086672671537E-05
-1.09761509873944E-05
-4.70231024483233E-06
-1.6516175643419E-05
-1.56682170765922E-05
1.00291571650479E-05
-2.10978561903349E-05
-1.76245687390716E-05
4.4687792328508E-05
4.75095469848838E-05
2.8278865273398E-05
7.29079810199998E-06
-4.27822167621021E-05
-7.26822982255024E-06
4.98933323614501E-05
-2.52841420337739E-05
-4.37932209247674E-05
-1.39036094815243E-05
-3.36310886062954E-05
1.17378009678045E-05
-1.30988906720575E-05
-6.09883063852502E-05
-3.83634201286933E-05
-3.51821767632876E-05
-3.9632394738118E-05
1.82534911253674E-06
-1.34568416079465E-06
1.88460377208627E-05
3.46108406428995E-05
2.60944690305281E-05
3.7535095599176E-05
3.07122978668662E-05
-1.47915698200551E-06
1.86408450651276E-05
-2.27250515842215E-06
-2.87394925626498E-05
1.88830958672409E-05
-9.6996572909573E-06
-4.72424068494738E-05
-4.44056475984534E-05
-3.70812791255237E-05
2.01052748347584E-05
1.79951738142847E-05
-3.42056466119131E-05
-1.4110560115805E-05
8.07400910336547E-06
2.48512985359818E-05
6.19782016632259E-05
2.30830333718195E-05
4.88307614343726E-05
3.87296857488535E-05
3.93592322329288E-05
4.57368097789595E-05
5.15246861634462E-05
1.52554278619804E-05
-5.739546985772E-06
3.16463922366976E-05
2.52134835591627E-05
3.71480816937693E-05
5.38534843235183E-05
7.56976182167273E-05
4.60788303192134E-05
6.18341713913729E-05
1.81147507574839E-05
3.25598947876385E-05
7.67752086470246E-06
1.81942454599161E-05
-2.77692630399423E-05
-3.01225478742241E-05
-3.73477022194166E-05
-5.68379125058608E-06
4.90273455280607E-06
-1.94589810086217E-06
-6.83879265812698E-06
2.31320012184986E-05
3.15655944416902E-05
2.75354083309016E-05
2.6466238149138E-05
1.80622079068317E-05
1.9228725159318E-05
-3.71420944604465E-05
-1.49577090962394E-05
-2.26304888337557E-05
-5.48125694366552E-06
6.76538439806663E-06
-1.2989482329498E-05
5.47554061668253E-05
6.56699264650154E-05
3.32310017690549E-05
-2.76595898330742E-05
-3.39795610334435E-05
-2.96037621038309E-05
-9.22852205512142E-06
-5.66885204285806E-05
-3.90019207659187E-05
-5.31597128402673E-05
2.77883861211185E-05
3.21196321774681E-05
1.48634582280997E-05
-4.36293566275173E-06
-1.219401918561E-06
1.87797327514305E-05
2.06897271970393E-05
-3.57408232344996E-05
-3.35269429724376E-05
-1.47341934113131E-05
-1.53248426796211E-05
-3.47985454886606E-05
-3.67276652396377E-05
-8.78899437625817E-06
1.10273297179852E-05
-1.65261720202913E-06
-3.84504681692913E-05
1.41316914280553E-06
-1.02609186526775E-05
1.00490188042283E-05
-2.40314478702656E-06
5.42447742672445E-06
-1.99130219414368E-06
3.21349565885319E-05
3.23417578023126E-05
3.42127776607283E-05
1.17254251061873E-05
1.93438039555371E-05
5.35797395801146E-05
8.90195524964994E-06
6.24196067362361E-05
2.83844843558569E-05
7.42278571355702E-05
8.32553358945539E-05
2.41197822454629E-05
2.53616095210866E-05
9.21568013961024E-05
1.7570365982626E-06
4.55216286022073E-05
2.75332729966826E-05
1.03037289806924E-05
3.35813805089642E-05
2.80540506790357E-06
-1.88861979542964E-06
2.69653535208689E-05
-1.31372160216608E-05
-2.45892299178646E-05
-3.47314684703641E-05
-5.3081340437013E-06
3.85257603340718E-05
3.44887875927612E-05
2.10163383944384E-05
2.74554253601454E-05
3.27777224392955E-05
8.84075792022385E-05
7.10528041719975E-05
1.19087594701722E-05
-2.00969310725438E-05
-3.81285050919276E-05
-5.06427090809153E-05
-3.84119363021743E-05
-9.62341651857451E-05
-8.06861412580501E-05
-4.21302991451024E-05
-2.75315488169519E-05
-4.87697760050123E-05
-5.1638590385766E-06
-2.58791783884607E-05
-4.55495351749213E-05
1.92375380278469E-05
2.10099368591473E-05
4.59404170417151E-06
4.73487103519127E-05
3.35312112495596E-05
1.99275244130031E-05
4.47308187196954E-05
-3.86756908978111E-06
-2.26491300823466E-06
3.47511055241248E-05
-4.96091015714332E-06
-2.67285440797981E-05
-2.04748847951319E-05
-2.41559257344572E-05
-2.3262338292086E-05
-5.05743692699716E-06
-2.77342312105066E-05
-1.8298247945617E-05
-2.41007244217247E-05
-3.08444767136817E-05
-3.2996213161138E-05
-2.65295208950788E-05
-8.19678484195481E-05
-0.000158211941712524
-0.000343166627143589
-0.000287448425940928
-0.000261337835066254
-0.000236137353293408
-0.000237348984581608
-0.000223319977973343
-0.000119160539289129
8.28635542588141E-05
7.92804437193626E-05
9.4353606786409E-05
8.55603940621934E-05
6.44396075569118E-05
0.000111376246867741
9.84740918521105E-05
0.00011256611969176
0.000125128601476413
9.4204874738436E-05
9.25107936907348E-05
9.24394274357827E-05
4.34780013597769E-05
5.04499379385073E-05
5.08556587248928E-05
-2.73689600102013E-05
-1.26926595574475E-05
4.22181548777758E-06
-6.75625344191281E-06
-1.87345227619538E-05
-1.2488742468581E-05
1.10698591087932E-05
3.42268029170461E-05
1.15081755866148E-05
-1.58087076509619E-05
-1.55321846691739E-05
2.82636349669456E-05
1.51844054432368E-05
-2.6285674265632E-05
-1.96563698058833E-05
-4.57493681321742E-05
-3.52335901845223E-05
-5.08609400933479E-05
-8.36190152659004E-05
-5.34965693396735E-05
-3.4115604581852E-05
-3.96524900687148E-05
3.57870209061712E-05
3.40054139616405E-05
5.09206465921224E-05
6.95236863575862E-05
4.04886307614773E-05
2.80017980902965E-05
3.8285999786826E-05
2.79607439394673E-05
3.31355689029897E-05
6.08167214144692E-05
3.80214540874779E-05
5.19853377334997E-05
8.08185956668979E-05
4.25292331224429E-05
-8.67971241404985E-06
1.22019652085147E-05
-5.34137999705289E-05
-7.03551108586876E-06
5.00411333804444E-05
1.41950441022096E-05
2.26959225656262E-05
8.86044910950772E-05
4.94417646659728E-05
8.91542633531427E-05
4.01736256860491E-05
-5.68120530200415E-05
-5.15242858416032E-05
-3.77083772295761E-05
-4.49571008411361E-05
-3.14032307306157E-05
-3.91197673048143E-05
-2.4938729100414E-05
-5.43094507211972E-05
-3.70230923308926E-05
-1.06961970390061E-05
7.65844214996251E-06
1.86843551941389E-05
3.64449816270658E-05
-1.56121710179574E-05
7.46213428479274E-05
3.63270734647286E-05
1.50503989779474E-05
-1.11395910571155E-05
-6.24818928347429E-06
-3.99937894753307E-05
-2.28063613275656E-05
-5.77913109728484E-05
-4.58787359270797E-05
-2.2121168517008E-05
-6.09728998424552E-05
-3.74709553718242E-05
-2.31993573177178E-05
9.21795358740834E-06
3.95382909770054E-05
7.06301562838655E-05
5.92404386382106E-05
5.14007084580511E-05
1.53457181271114E-05
3.12218938708533E-05
2.63778022406809E-05
3.07277514184141E-07
-1.10254542380889E-05
-3.41005241020403E-05
2.03491224314389E-05
3.58555216928558E-05
3.8808026984646E-05
6.39954545789769E-05
2.38818499266619E-05
2.77700198083796E-05
1.58272648343786E-05
4.75438620485881E-06
-1.52886380676855E-05
1.57439790827192E-05
-9.49228016459375E-06
1.84150699651927E-05
-1.25345456424517E-05
2.55402940188548E-05
2.78083605014109E-05
3.30793366381231E-05
1.14068839109259E-05
4.23735937267895E-05
2.17905540711425E-05
3.5526578262856E-05
-1.09772348799037E-05
-3.28232319119977E-05
-1.60049381556801E-05
-4.93705888157323E-05
-6.69019464092156E-05
-2.45774334119367E-05
3.48798796822666E-05
7.05667257800865E-05
8.38072347311985E-05
3.15955081087458E-05
6.02088213977459E-05
3.89409539554134E-05
5.60792742055452E-06
-1.53580980024183E-05
-3.30941749393174E-05
-6.23774361501919E-05
-9.02085532337454E-06
-1.71928719742992E-05
-1.78133742694923E-05
5.05535555023289E-06
-5.11142533671446E-05
-4.90017139831138E-05
-4.52851902288734E-05
-9.09644517085107E-05
-7.58869489498205E-05
-5.64249276879325E-05
-2.07188831899136E-05
2.93325231226146E-05
3.50513170134185E-05
3.2836373209735E-05
2.30395195073173E-05
1.54995974946069E-05
1.56774255750498E-05
-1.33233794361777E-05
-5.31133371357971E-05
-3.96187341243974E-05
-2.59987248301596E-05
3.85900836765056E-05
4.7070194107031E-05
5.95094769713408E-05
2.92784691931851E-05
2.88529316226023E-05
2.97721476552066E-05
3.57201143258586E-05
-6.07036939921561E-06
6.05757033092605E-05
5.3240454221831E-05
5.06344889282533E-05
5.86482234813127E-05
7.97261454108415E-05
4.06813630080128E-05
6.0484967145799E-05
-1.67175833944337E-05
-2.74447876791499E-05
-1.97249497055759E-05
-2.02354101535285E-05
-3.86433172674133E-05
-2.08440061528924E-05
-1.80959601180435E-05
2.76774766694895E-06
-5.52735869528584E-07
4.15326175803385E-05
1.4202646117473E-05
-1.03067148046464E-05
1.69604306227356E-05
1.98078270967954E-05
1.24996814673335E-05
-4.30377743481591E-07
-1.04821452441783E-05
2.03145823377233E-05
2.40066333038893E-05
3.15557498640935E-05
2.38723498854575E-05
1.90001647533384E-06
-5.08497006251767E-06
-1.66947318625864E-06
4.84720702593985E-06
-1.1872282781936E-05
2.96407519865054E-05
4.09929331064377E-06
-2.22333482082771E-05
1.27389665181757E-05
-1.68667029009214E-05
-3.99068024039093E-05
-1.76783646863742E-06
-3.29229579431971E-05
4.80347826968412E-06
2.08936420793169E-05
-1.56521312755005E-05
-1.90170297671334E-07
7.53068083853284E-06
-3.33783889829924E-06
-6.66269631807409E-05
-0.000111089964361432
-0.00010673091565585
-0.000354551497889876
-0.000344742032132344
-0.000334063654094451
-0.000292975619860402
-0.000239810000900192
-0.000219615640316327
-0.00023824665571641
4.94919664180609E-05
4.0866728869336E-05
8.71515117418656E-05
6.37853119304811E-05
5.56240925789132E-05
3.66694331384685E-05
9.34725006426953E-05
0.000110000959167753
8.97955422129562E-05
4.30744598976349E-05
4.19028393475607E-05
4.25564768758351E-05
5.91670452187645E-05
4.91064030525704E-05
1.24467753306261E-05
3.05175582948314E-05
4.37571028056781E-05
6.56563537389354E-05
5.05943660408156E-05
5.16675729288585E-05
1.58868417923803E-05
2.78079890913466E-05
9.5225912680029E-05
6.29993368279857E-05
3.90635320617816E-05
7.52237380286134E-05
5.30048466246279E-05
8.81925136646757E-05
8.42921456370291E-05
5.35869790155175E-06
3.0573193393648E-05
1.80648255793461E-05
5.89802535716901E-06
4.32530236009868E-05
4.83574869235545E-06
-1.93853579331663E-05
1.23284753494829E-05
-1.95564146370153E-05
-1.06357401045905E-05
-4.33510334349867E-05
-4.03111927007801E-05
-2.50156476965342E-05
8.11613905818586E-08
-3.41081547845781E-05
-4.82889939504443E-05
-4.29315763465766E-05
-1.10297227529603E-05
-5.85142247246111E-06
-1.03565305075341E-05
-2.21737151053529E-05
-1.99582708229195E-05
7.86867691708615E-07
2.10994455177912E-05
-7.92763211446637E-06
-2.47396123113814E-05
-2.25097360244673E-05
-2.11964607071422E-05
-1.5616565564458E-05
-1.30825416457382E-05
-5.39562161015024E-05
-2.14809069707293E-05
8.52894202434938E-06
-3.47344081064685E-05
-2.89776478381093E-06
-1.59260379253726E-05
5.14669370228252E-07
1.122455638297E-05
1.55353266677906E-05
-3.49380354504202E-05
1.83234002260889E-05
5.53677393793262E-06
-5.93423239555961E-06
-2.25494233542958E-05
-2.10634869136536E-06
-3.43721543251153E-05
-1.12494112290688E-05
-1.78336506935896E-05
-3.21962068060432E-05
-3.27872218546984E-06
3.55278839660473E-05
-1.13410201232569E-05
6.90957721843438E-06
1.59340862890319E-05
4.60846488300942E-05
4.31065232428392E-05
3.89415817637205E-05
2.4940813724165E-05
3.90402720651802E-05
3.73970839168484E-05
1.75025020728826E-05
2.58873374046247E-05
1.22855079918437E-05
-7.69394036692823E-05
-8.21382394085065E-05
-0.000116901865295136
-0.000124806971237762
-8.63095449827334E-05
-0.000120160553888113
-0.000136325124350777
-2.59099495893867E-05
1.8577399701234E-05
6.67943243445631E-05
6.76125998707809E-05
7.64622764969492E-07
1.66222510878551E-05
-3.32040330716064E-06
1.16766800827332E-05
-4.35926369653964E-05
-5.98208797932158E-05
-7.15054345787709E-05
-5.89302102155492E-05
-7.05032597663999E-05
-4.27660877890342E-05
-6.95570320947607E-05
-7.07106929353655E-05
-6.89455483805895E-05
-9.26214271251302E-05
-5.28262630117622E-05
-4.86000902849825E-05
-1.7506322893113E-05
-1.31865237324365E-05
-4.5241215270835E-05
-1.73720796468308E-05
-3.71120053209148E-06
-3.13360540993758E-05
-7.4313621884853E-05
-6.37482414223921E-05
-8.77952901829853E-05
-6.12886710755998E-05
-6.52526256046057E-05
-4.99568319420783E-05
-6.49557385991139E-05
-5.21239467964424E-05
-8.04553302731566E-05
-8.51809138696217E-05
-7.45955278047338E-05
-0.000119733122606432
-0.000100445972433531
-5.16853764720127E-05
-4.39557994038571E-05
1.85565055976669E-06
-1.92757690011651E-05
-7.42754000416062E-05
-4.41715474462388E-05
-7.12195912176415E-05
-7.83097617024611E-05
-6.88694032238546E-05
-9.62326079875548E-05
-6.04280057552431E-05
9.72207645126125E-07
-3.35639261809368E-05
1.11288746447906E-05
-3.28661897123046E-05
-2.23217654371541E-05
-4.89420293548107E-05
-2.1106783988945E-05
-4.54796233079588E-05
-5.81668388775331E-05
-9.30451756054349E-05
-5.77001285837472E-05
-7.27362118944004E-05
-1.03231038995705E-05
-4.83460289416704E-05
-3.2800673657233E-05
2.21553905266945E-05
1.07519320574084E-05
-2.43297154967036E-06
3.02760969843328E-05
-5.64190519198227E-06
-3.95554633463549E-05
-3.39968475925599E-05
-2.18790829823238E-05
1.05713472144594E-05
-1.6662056670817E-05
-4.917877916686E-05
-5.22776750633565E-05
2.03139535405388E-06
-3.46597120529915E-05
-4.50018993640232E-05
-5.04039424772158E-05
-2.1051993297877E-05
-4.78577564617419E-05
-3.92025636107819E-05
-6.40053578435314E-05
-4.37721505056259E-05
-4.28898649820004E-05
-7.94066383968326E-05
-8.58818528866796E-05
-9.6403696670067E-05
-8.14923042979403E-05
-7.54958596640907E-05
-3.91727611812484E-05
-6.66597355600025E-05
-3.22554960470164E-05
-8.60263145428212E-06
2.00389316718436E-05
-1.40408952096181E-05
-4.35351184193861E-06
1.79386922775022E-06
1.80141594795575E-05
-3.1510148891847E-06
-5.80198363344592E-05
-1.70324150248625E-05
3.28660602948409E-06
-8.67171701985113E-06
-3.6792652225558E-05
-4.9201117672231E-05
-3.85578543749946E-05
-3.26904508839661E-06
-8.93341993736573E-06
-2.8405101147662E-05
-2.81146817012366E-05
-4.51981415925254E-05
-1.56639675768527E-05
-1.97741536501366E-05
-2.94543678125969E-05
-8.6607819441348E-05
-7.4244112798934E-05
-2.23803919298634E-05
-1.00297309583427E-05
-2.21353047750503E-05
-1.11570432122215E-05
2.23167760205483E-05
4.63873691156222E-05
-1.01050816222387E-05
-4.88987545014951E-05
-4.43165691035864E-05
-5.07402367206049E-05
-4.77138868811068E-05
-4.30741852698273E-05
-1.3610083405169E-05
3.3936895998373E-05
4.87838101218441E-05
6.66743867066038E-05
7.19719151168812E-05
4.10734355851878E-05
-1.34045017710131E-05
-1.95749769653371E-05
-2.71510316972833E-05
-3.55997957411159E-05
-4.83420705197917E-05
-5.95495074074486E-05
-4.22869991329215E-05
-3.81524596766439E-06
1.41189965932408E-05
7.67466656900504E-06
-1.82028267835953E-06
5.55366836907191E-06
3.06034756873319E-05
1.1212665064452E-05
-4.65609971449153E-06
-7.70922439673122E-05
-2.18751666059314E-05
-2.03405115936277E-05
-2.84341174313877E-05
-6.42197423020183E-05
-1.68830090330627E-05
2.76969881138975E-05
0.000116857860451143
8.81352562491201E-05
7.08742923434977E-05
5.13040063431902E-05
7.51350343587492E-05
5.18742084797865E-05
1.88772581144012E-05
-1.97725067598504E-05
-5.84979071028879E-05
-5.81702470474435E-05
-1.76153233288945E-05
-2.96646794053323E-06
3.97791589370967E-05
4.35427099926289E-05
5.70076890294994E-05
9.70135680358681E-05
6.76217294752548E-05
4.94743670669954E-05
1.30040412482338E-05
-1.51713828522239E-05
-1.94686855652059E-05
-7.61865998351723E-06
-3.76102893712484E-05
-1.17956674559191E-06
-2.74757502413534E-05
-2.17001796542648E-05
-2.31841616203247E-05
-2.36413090375056E-05
-2.91912439507604E-05
-1.43371413067548E-05
-2.26475955400958E-05
2.29979928083088E-05
2.87804198665117E-05
3.34232273672093E-05
-4.07363217672121E-07
-3.86884748209168E-05
-1.89754400238022E-05
-1.18178336610639E-05
-6.77833714099106E-05
2.77156062541592E-05
3.73258301161102E-05
8.15097543432922E-05
7.59289718213759E-05
1.68512419974176E-05
7.9522330469845E-07
3.44467434445052E-05
-3.91733324024081E-05
-6.30126763290629E-05
-5.93416618615959E-05
-8.43855440162785E-06
-5.31324229174032E-06
4.67408819800457E-05
7.37518052494192E-05
4.89119923632906E-05
5.51784105823199E-05
2.90196611550895E-05
-3.970767675096E-05
1.18933869829322E-05
2.43521146713184E-05
-4.99125292756376E-05
-1.85026080824233E-05
-5.24868422714989E-05
2.60252322429458E-06
4.69303498490676E-05
7.25208077552859E-05
4.72803213396074E-05
6.34026856208033E-05
3.34904521679961E-05
5.86955951239003E-05
-1.98946564543743E-05
-1.2449901117154E-05
-4.33757400790584E-05
-4.761059298946E-05
-1.20845105817722E-05
-7.52264339668594E-05
-8.89645442562027E-05
-1.73206836807693E-05
-2.4942402274623E-07
5.47758938062742E-05
4.97872745841735E-05
3.66117635974537E-05
0.000114516985989102
0.000114954554397243
0.000108503846500055
5.07451517357517E-05
-1.9032249196799E-05
6.64348098830523E-06
1.98992054764597E-05
1.5774124726113E-05
4.6984182602816E-05
-2.29690650973405E-05
5.98600494757668E-06
1.64491137286552E-06
-1.98025327071209E-05
-2.03334388060601E-05
1.09672544266334E-05
-3.59613917397249E-05
8.77237244807154E-06
-7.08149832534119E-06
1.5492441713162E-05
2.13425135373293E-05
2.2986463529361E-05
-2.11829016458968E-05
-2.61772839466779E-07
1.81142107097799E-05
-5.72473384327448E-05
-4.71423245515508E-05
-2.7700302430385E-05
-2.44219625619275E-05
-1.01303078406701E-05
-1.23735197318399E-05
-6.71936120006404E-06
6.11577824907112E-05
2.81281409796197E-05
2.77008610182857E-05
1.42716282939367E-05
1.23653117016529E-05
9.39745136745871E-05
7.67412549828178E-05
9.04444258630977E-05
8.27421548944287E-05
5.09763575849324E-05
6.69929956395416E-05
5.43315050541685E-05
-2.806760193079E-05
-3.88911900212863E-05
-4.48846708864337E-05
-6.95451686058647E-05
-6.05768135955784E-05
-8.77141138728845E-05
-7.85102993801998E-05
-4.41420561415663E-05
-5.05741423937333E-05
-4.06743877075961E-05
1.3884029151507E-05
-2.65503798079881E-05
-6.61716611607041E-05
-5.76725899646342E-05
-8.10858411056288E-05
-5.29860293923844E-05
-5.63876120251141E-05
-6.07257145922822E-05
-1.8408210699542E-05
1.06832112592125E-05
-1.99427682549927E-05
-2.63497593373962E-05
-4.87387706718543E-05
-1.17180681543983E-06
1.73061863629977E-06
3.33959115521985E-05
4.85032462076526E-05
9.87526481042642E-05
8.09903376562082E-05
0.000103561277079949
4.72169347385779E-05
7.91188909922748E-05
3.74108339896702E-05
8.19866844638389E-05
0.000101548205748046
0.000101791207101186
7.17443260813004E-05
5.16939263213661E-05
2.48373400006242E-05
3.48902001627045E-05
-1.01116674315123E-05
-3.9141347615755E-05
1.33904162319836E-05
5.68405749655495E-05
5.54403523740295E-05
4.31494790182018E-05
5.37843996856718E-05
7.2087261996236E-05
4.55966971877053E-05
4.252462410308E-05
1.77686943043684E-05
2.95568871010835E-05
8.68896247036828E-05
8.92136864876752E-05
9.9120083691135E-05
0.000147837244356537
0.000112443846142885
0.000102299700826912
0.000144683244127779
8.4894197805277E-05
9.4394080633567E-05
0.000106630745521473
0.00015920772162918
0.000208293416323789
0.000233058236815212
0.000216821923441371
0.000287100220444457
0.000222415902708496
0.00017342909676261
7.68278710757354E-05
6.72198025537327E-05
1.05573702388225E-06
0.000123057904228203
3.31443594319933E-05
0.000105001230810705
6.35319935988891E-05
8.73410672763388E-05
5.30202905848246E-05
0.000125151074656803
1.58582359905861E-06
7.64556017253327E-05
4.53663363965513E-05
8.55881019960441E-05
6.23393519046019E-05
9.19137404625056E-05
5.95060242063409E-05
0.000100976424000366
6.52873273833139E-05
5.51595170613031E-05
8.32352981059529E-05
7.17836197938067E-05
7.95068858824204E-05
6.09047124595045E-05
8.31259746181911E-06
4.24872413280657E-05
4.45952543451939E-05
4.57614243647795E-05
0.00010121552104615
4.16259964047131E-05
7.51797597335343E-05
7.67335072194242E-05
5.19581132113323E-05
6.11062769078833E-05
4.18745211487975E-05
6.13010538785046E-05
0.000116365073490461
0.000123750914869018
0.00016459799091371
0.000134548371915462
0.000129637831921165
0.000163815240729801
0.000146810773690931
0.000124966135983372
9.67902627559684E-05
9.15763824335235E-05
0.000100289075949833
0.000123313010524327
0.000157272908502922
0.000117142264896641
0.000117801536514965
0.000137874817148938
9.39667113181898E-05
9.94286038395084E-05
0.000107522103001198
6.99324957084178E-05
0.000117011981733137
0.000109043395838405
7.98686465815625E-05
9.64080925851438E-05
2.04247473144602E-05
-1.25693879447701E-05
1.24958941928937E-05
9.91801531932141E-06
7.32913595860708E-05
4.47733624248709E-05
4.57178164398898E-05
0.000162006088087932
0.000190954498073275
0.000138205511472699
8.349734855332E-05
4.14284811244325E-05
0.000125464409637359
0.000136886195166447
9.00105991636925E-05
6.07797707501396E-05
3.19559406374211E-05
0.000102025810461566
3.99123662290395E-05
3.61765391494973E-05
4.75434128878002E-05
0.000114672881257191
0.000125294801752201
0.000179733844229144
0.000101053480057462
0.000103243942236949
8.20328132790248E-05
0.000100215356790869
4.12620100583743E-05
3.88553048744161E-05
1.30691976764687E-05
1.05290660161332E-05
7.64895602322959E-05
9.36410093915182E-05
2.18714527604012E-05
3.40260174725015E-05
9.56630955837376E-06
-1.46492729081526E-05
2.59148601077571E-05
5.410863516973E-05
4.14312623319349E-05
8.70777585828155E-05
6.38810285812822E-05
5.97877331032427E-05
0.000101471982298702
0.000103957803604901
4.72410535003969E-05
1.0879377146111E-05
1.46414423304124E-06
4.86977022911198E-06
1.66663841462581E-05
3.37362507780854E-05
2.74043318333191E-05
3.16704209805383E-06
1.37482813263289E-05
-1.49995952584288E-06
-2.49012163767361E-05
-1.72274532787323E-05
-2.45689869264728E-05
-3.53641593265646E-05
-3.41857993413622E-05
6.48632735551146E-06
-1.82269390081244E-05
4.54539742479429E-05
1.96466528138422E-05
-1.76519209037842E-05
-4.6088819284233E-05
1.91616001336176E-05
-5.25694365108375E-05
-2.67775186895679E-07
-5.54128876596812E-05
-1.85583996759115E-05
-3.35661099196639E-05
1.91793513851528E-05
1.42383407664558E-05
7.30810710470979E-05
2.8584447875923E-05
3.74249029305166E-05
8.36000007231216E-05
0.000108562493316382
6.93738141586693E-05
2.63194171416498E-05
3.42052823152791E-05
6.74968796482342E-05
6.83280524542842E-05
2.76079617975745E-05
2.47126131550682E-05
1.53461980081709E-05
2.76284825746773E-05
-5.45696468555482E-06
2.10950546134541E-05
1.24670335442093E-05
1.70254546889266E-05
-7.23953938984522E-06
1.01702207472876E-06
9.21627061949713E-06
1.11455824546462E-05
-8.33131788687602E-06
2.93432018635208E-05
-5.25687389887823E-06
7.33427937888904E-05
8.91887262013625E-05
0.000125037226864817
0.000124177019933776
0.000105654131085904
7.37858081410853E-06
7.31382473821169E-05
3.55081659386377E-05
4.96074837572545E-06
-2.31927045786344E-05
3.08305149931469E-05
2.75406770796974E-05
8.30280146377376E-05
5.01822132053646E-05
7.86670440516008E-05
0.000135518907993361
8.50615455382388E-05
6.42717172428861E-05
8.80405595704484E-05
0.000118357578528702
0.000122764360419876
7.50300374684865E-05
7.98476366545228E-05
8.72527217614476E-05
8.29249853834992E-05
0.000143706384588721
6.14934731490095E-05
2.89424315040342E-05
4.91924066716108E-05
5.92826151727297E-05
4.71621959023365E-05
-2.73263459176792E-06
-8.73705636826408E-05
3.71792061002388E-05
3.76360032699583E-05
-3.5554772720345E-06
-7.31002544774698E-05
-1.42659994266893E-05
3.04521215203807E-05
0.000123260192596891
8.37543807034997E-05
9.34507431452754E-05
0.00013140581216199
0.000141408397313897
5.33460097140431E-05
7.93743724998892E-05
1.02569385670178E-05
-3.56112865155471E-06
4.13651733668628E-06
3.40837313616772E-05
6.47454294692059E-05
0.00011393122971662
9.0110723089472E-05
8.87180160275077E-05
5.77025940493427E-05
8.3289908698747E-05
7.62464433705716E-05
7.38715095183326E-05
9.6771598126443E-05
9.20801458438049E-05
9.93838319341251E-05
0.000145681519179506
7.85552966826206E-05
5.86624085819756E-05
7.34139292676359E-05
0.000101192094990014
8.45422042351071E-05
4.37945850142414E-05
5.33290425051161E-05
0.000105525968110991
0.00014550489443472
0.000126644963143198
0.000133732387733732
0.000129244280753673
0.000153711009463018
0.000164266474971069
0.000142717795846378
0.000111460997950175
0.00010928266780605
8.48765836326196E-05
9.13013725082071E-05
0.000106226940511021
6.14517918147819E-05
4.93663845145115E-05
2.86050765805627E-05
1.86646486516222E-05
-1.94843389607321E-05
4.13375388495587E-06
-2.41811295226011E-05
-3.75985845860003E-06
2.74728965667708E-05
1.52435719441781E-05
5.72685626196315E-05
5.9290793911872E-05
2.59272277995238E-05
-4.80267364359663E-05
2.38733586660963E-05
-4.76732313220344E-07
-3.91262868535659E-05
-2.31119688479446E-05
6.30464060526447E-05
6.29200858044793E-05
0.000142093618337868
5.78942549874151E-05
6.74052021133004E-05
0.000125893300824513
4.73183738732472E-05
-1.81634604161873E-05
4.27194430917816E-05
7.31795244147673E-06
-6.04188539977869E-05
-2.67423452797099E-05
2.82155964926969E-05
3.08692137015703E-05
4.05402019604506E-05
4.12246789943867E-05
2.57632269773888E-05
0.000127800757297128
0.000182048505241083
0.000108026560861206
0.000133621401095977
0.000111386305783863
1.13816453382794E-05
0.000106804538737989
5.32480528649438E-05
-4.01694499170264E-05
-9.31788564819239E-06
2.20883172976735E-05
3.82280044453427E-05
9.19635886317115E-05
8.06718637088166E-05
9.29395721886058E-05
9.99827940271875E-05
7.58665205972998E-05
-7.5144032409718E-06
3.09049241593211E-05
2.69308096290245E-05
-2.86123127411715E-05
-2.58253130587735E-05
1.10298165642527E-05
-1.50985640022192E-05
7.1873862168151E-06
-6.07371282476555E-06
1.0008946470228E-05
3.6949032391536E-05
-9.5892479338359E-06
-4.55724655411681E-06
7.38648910433968E-05
0.000108412350991678
7.23360631607401E-05
3.44814459521411E-05
8.77447062023371E-05
0.000122913841790245
7.99283532111539E-05
4.217773391175E-05
7.48090561246449E-05
5.62250065077793E-05
0.000184557121883794
0.00014500946440185
0.000117239372706842
0.000156276077567522
0.000153298908980203
0.000179886680274231
0.000256642959600305
0.000161916558432664
0.000148594942366437
0.000195845076019476
0.000164827785545334
0.000162055641041367
9.88090416618513E-05
6.21199173839246E-05
5.19151164352674E-05
4.07737648736079E-05
4.78335406845543E-05
9.72015503511422E-05
7.57262621116192E-05
8.38922404464128E-05
5.10468641092288E-05
7.45603085984817E-05
7.25485102296017E-05
6.420994310446E-05
3.12641585023919E-07
7.17498748301043E-05
4.00801302864994E-05
9.09321014938913E-05
5.32484389769924E-05
9.09688775181025E-05
7.37123333991859E-05
5.84105444197877E-05
-1.32081796050829E-05
5.92631357600717E-05
3.37017499182363E-05
2.45052845998395E-05
-7.06826334436065E-06
5.97468328856848E-05
6.84071003368975E-05
6.98839949267161E-05
3.92283971974469E-05
4.68577064942764E-05
6.90996297591678E-05
7.18275470791151E-05
4.75302038289721E-05
8.47579410798395E-05
9.29880188833146E-05
6.43530158096632E-05
7.44795665868786E-05
5.05884394296132E-05
6.69633777730334E-05
5.33569528547024E-05
1.62394083536329E-05
4.18700227035263E-05
4.0595333121011E-05
1.62735063458022E-05
5.51921390322721E-05
2.500310247839E-05
-1.55203288920684E-05
3.87820975325789E-05
5.17054298141508E-05
8.76833890041868E-05
0.000105686399726285
7.16440356932297E-05
9.23183180317183E-05
0.000111119751308822
3.91962587979331E-05
1.57859279176878E-05
8.22001896388887E-06
-6.37261650042409E-06
-2.66672571272424E-07
-1.06966855325792E-05
-3.04868796867469E-05
2.61960568494876E-05
9.13934477308047E-06
-1.3206476567241E-05
4.03727022892192E-05
4.71344936849501E-05
7.88490423102487E-05
0.000154755473496552
0.000163265530068784
0.000170649925823139
0.000168156419792149
0.000123436066134427
0.000148653058248996
8.89489642765188E-05
5.44251385887925E-05
-1.61910808664361E-05
-2.50544887970069E-06
-3.57096000988342E-05
8.68541953443117E-06
1.74567768306183E-05
0.000100245008479583
0.000120281157046134
0.000114195223442889
8.83016067007508E-05
0.00017531117596265
0.000152405503915232
0.000110549941625131
7.23987603690076E-05
8.01504148264565E-05
0.000102062616690579
8.37281672779785E-05
1.86195927544517E-05
2.29449133711407E-05
3.36510742971534E-05
2.9862147219721E-05
1.09835636153142E-05
6.41289192384485E-05
4.54324625277492E-05
7.92139336099529E-05
5.44693100352582E-05
-2.34506739533986E-05
-3.89020994358506E-05
-6.83698084531626E-05
-5.28748359400735E-05
1.18222547087929E-05
-4.5883519520783E-05
9.07531085824148E-06
8.74218835672785E-05
8.72877096564391E-05
4.20111892368964E-05
-1.72127593448052E-05
2.96696055158865E-05
-3.88623207878739E-06
-0.000108793655281429
-0.000107738066406962
-2.42127299223457E-05
1.07794905924094E-05
-6.03215100311816E-06
-7.18057844351474E-05
2.85823979303945E-05
1.93671826727605E-08
2.78115412749998E-05
-7.14393024995201E-05
-1.47631157113253E-05
-0.000105905107020252
-0.000331576765801787
-0.000331383100971732
-0.000209443619683524
-0.000232363242479536
-0.000172753405119536
-0.000156278851010199
4.91221966300448E-06
0.000228740594261598
0.000189224270805657
0.000145742353830629
0.000177181688299653
0.000210158709582677
9.74641151408037E-05
4.88552593015429E-05
0.000106885016549789
0.000117636364799431
0.000144548851216264
0.00010189764453014
3.75093321863002E-05
0.00010827538222262
0.000253223115605486
0.000236070534487013
0.000238998736089534
0.000195982974402652
0.000215488109905656
0.000250692626954444
0.000245725285960497
0.000108905181739377
5.65895022688439E-05
0.000111793268435004
0.000149718263976967
0.000138336949876617
0.000105491685068737
0.000140718051073554
0.00015371656082045
0.00016072512707745
7.93001201101205E-05
9.52001988100006E-05
4.96609871006441E-05
6.58089742544022E-05
9.32911806057925E-06
1.13782389966321E-05
6.01385020944025E-05
8.41612460788331E-05
3.65106131200794E-05
8.80688759306677E-05
7.24999520311282E-05
5.7179051887679E-05
5.18897301701536E-05
1.09022972846602E-05
1.82017219207555E-05
1.42856896110414E-05
2.55012383152153E-05
8.9672165842147E-06
7.9027227316441E-05
3.46858093572586E-05
4.38755778933961E-05
7.60992770254084E-05
8.15936155777525E-05
6.18867776155676E-05
0.000100695296059157
6.77770613801171E-05
0.000104224743502721
0.000126295874774324
5.62744392655365E-05
9.57284750839535E-05
9.07501567095897E-05
2.30813872542506E-05
4.15459495982772E-05
2.7036202613069E-05
-7.01186759510114E-06
6.45803649157874E-05
8.58139358030707E-06
2.57037418985151E-05
4.26021381245845E-05
2.72164157941914E-05
9.10128597386854E-05
8.59181278732404E-05
1.06582987639946E-05
2.57907860325884E-05
6.95346840955562E-06
6.38496918776141E-05
3.40700389963955E-05
-5.90743311290146E-05
-3.65355264401313E-05
-1.96460589423594E-05
-4.91809903730711E-05
-5.23697345945487E-05
-1.34393681445947E-05
-1.05609566365667E-05
1.80009603770856E-05
1.61967985343273E-05
5.27625417280465E-06
-3.50875880499593E-06
2.800894190819E-05
-3.71788264945398E-05
-3.60390879241816E-05
-4.00388443678592E-05
-5.93990818603119E-05
2.28887280395535E-05
8.31338214850738E-05
6.6819791362787E-05
5.38676103894619E-05
5.68524416365339E-05
9.61577539596248E-05
0.00013314741022731
0.000114771578496741
7.00742321126553E-05
0.000103925363694693
7.81671596626506E-05
4.29720813498631E-05
8.59164302168047E-05
0.000108410983339132
7.52046974343182E-05
7.59827715459306E-05
4.67880427521926E-05
0.000111909108221532
0.000181324265160872
0.000125180552766313
0.000129618900835067
0.000109778064151966
0.000109028866739417
0.000106200481573175
8.17264501778773E-05
3.69106686417997E-05
2.25392916691561E-05
-3.55794620584451E-05
1.858404674594E-05
5.77786316070297E-07
-4.64696100653363E-05
-7.9326314926414E-05
4.68057762495508E-06
-3.8364024744798E-05
-8.24754552806896E-05
-0.000105561921086168
-1.9088423364315E-05
2.86014581355464E-05
4.90221466651699E-05
1.92341566353867E-05
9.3840560556459E-05
0.000112474149394338
0.000145210705844865
-8.37248770095433E-06
-5.65988715875349E-05
-7.35912404732247E-05
-0.000118763880343572
-0.000154952646667527
-7.14154975217441E-05
-0.000112740375298145
-1.91156260474665E-05
1.43766172456146E-05
5.24453563950808E-05
4.74704604352872E-05
7.89368673760006E-05
2.6634414236183E-05
5.65292373772404E-06
3.30391561412725E-05
2.71309139297948E-05
1.77424730638473E-05
5.83058501562165E-05
1.308268042442E-05
1.2603771682206E-07
3.22713540079653E-05
5.67318685809241E-05
8.06390061733217E-05
7.0197238477767E-05
8.33137765882634E-05
9.42154534678622E-05
0.000104077874013517
9.12337888694728E-05
7.64857053378301E-05
6.21321515051226E-05
6.74693948619102E-05
1.77020522336656E-05
1.75525386468187E-05
8.75510117573833E-05
6.96986680090097E-05
9.45632926578273E-05
0.000104443043367222
8.63493092815846E-05
9.04761639840233E-05
7.99876133582637E-05
6.37734947176198E-05
3.24825906629634E-05
3.48584600102592E-06
2.49379413599853E-07
3.02471107527752E-05
2.78363057170063E-05
1.74843662271095E-05
-3.81556382438588E-05
2.06857684220577E-05
4.27648364614549E-05
3.70776287592017E-05
-3.19581952416478E-06
7.22732134871023E-05
0.00011155307189368
0.000134544560692233
9.01753241814893E-05
5.28259583200856E-05
1.55928393838099E-05
1.59286558643883E-05
-1.15080781285174E-05
1.82752110732008E-05
2.000957365196E-05
4.26436502916621E-05
5.39173274881443E-05
0.000122477751343932
0.000139617712430906
0.000106804400565695
7.47823272934469E-05
5.95297232696855E-05
2.81348630890624E-05
3.90299921704608E-05
-2.23275008048571E-06
-1.55477395833421E-05
-4.5894226161001E-05
-4.70990947800278E-05
-7.76012396128191E-06
5.73086646900014E-05
3.16596826055524E-05
3.54529465653419E-05
0.000118518738343721
0.000147775948157149
0.00016904759175826
0.00013585363442517
9.02397486678306E-05
0.000106766669219711
0.000125973215012186
5.99326677415234E-05
0.000104726394995531
4.40772343227752E-05
6.11216599522076E-05
7.77543866166135E-05
0.00010147386365118
-1.00612842365515E-05
-5.13212323191989E-06
-5.58294846080376E-05
2.86688738384143E-05
1.90040598336561E-06
2.32882296886169E-05
-7.82111881302451E-06
0.000131388351540073
6.96840106584467E-05
7.89974928361326E-05
-2.08447544205382E-05
9.76248335475134E-07
-1.07125657518782E-05
-1.9634809953165E-05
-4.96122404979171E-05
-1.16000641600208E-05
-1.01084082928957E-05
2.39087285342021E-05
-3.40896648747865E-05
-3.63299481822052E-05
1.11510882280968E-05
-3.0398654236553E-05
5.03221168702525E-05
2.75450944431059E-05
6.08709724184799E-05
0.00010498854823776
0.000122416776922174
8.1102814607894E-05
7.4541477453617E-05
-1.06692428199293E-05
-9.66900213029414E-06
4.58445228717361E-05
4.96486791158568E-05
-8.30050711043484E-06
1.6271520737963E-05
5.29008263994022E-05
8.34020182390257E-05
3.40684028056092E-05
6.89784424662436E-05
4.34324488045814E-05
6.14663732085629E-05
4.08725472218986E-05
7.00731891443203E-05
8.35316130422422E-05
0.000132609640414286
7.1087912604281E-06
6.14375397509092E-05
7.53552504529056E-05
2.92300902994956E-05
-2.73639895640984E-05
4.71072352232121E-05
6.70675228098491E-05
9.37861163622E-05
7.5841960743599E-05
0.000128607705295259
0.000112167924388143
0.000157039860788448
5.38574384852106E-05
8.95149854420167E-05
5.99172192905906E-05
8.86081741034243E-05
5.80744906097438E-05
0.000142225446636271
0.000119937737690275
0.000158628597539976
0.000109894217812399
0.000218476975903673
0.000181525152381909
0.000143876072779632
6.38003326233348E-05
9.25683068264287E-05
7.32470477061368E-06
5.17133756733528E-05
-0.000109561920352684
-0.000121538494055045
-3.36398580632524E-05
5.7402584087251E-05
1.42648708610888E-05
0.000104476379862893
7.09919786600298E-05
0.000192935857715318
0.000166457681984685
0.000132051145170154
5.81107527992439E-05
9.6490640875979E-05
6.62844242583698E-05
0.000121640938634697
7.86505951634835E-05
0.000150108097229428
8.89761417927658E-05
0.000104318878156125
0.000104720716066212
0.000134614256881999
9.74151998454242E-05
0.000155567609781683
0.000100289174305143
0.000184521226644525
0.000209514855459537
0.000198008467617949
0.000151965429680854
0.000122819114050192
5.26830467115681E-05
0.000100596283749824
9.55889103456525E-06
8.54393482099765E-05
0.000117881309213476
0.000224428649048295
0.000218539216039373
0.000298591453973934
0.000363910791666782
0.000393469010970071
0.00030495610004974
0.000264947858543161
0.000169852781152022
0.000180317131861537
0.00010567264427789
0
0
0
0
0
0
0
0
0
0
0
0
0
0
0
0
0
0
0
0
0
0
0
0
0
0
0
0
0
0
0
0
0
0
0
0
0
0
0
0
0
0
0
0
0
0
0
0
0
0
0
0
0
0
0
0
0
0
0
0
0
0
0
0
0
0
0
0
0
0
0
0
0
0
0
0
0
0
0
0
0
0
0
0
0
0
0
0
0
0
0
0
0
0
0
0
0
0
0
0
0
0
0
0
0
0
0
0
0
0
0
0
0
