0
0
0
0
0
0
0
8.81089633294744E-05
5.34087715824868E-05
0.000102416654987081
0.00016170643631744
0.000151202896536895
0.000147263306424783
5.64692684209413E-05
8.85686874906157E-05
9.0691072823645E-05
7.22399847344663E-05
7.18116355693694E-05
5.94317801416241E-05
8.82203692427387E-05
0.000232591031340687
0.000146180316033414
0.000188530028071899
0.00011768338450682
6.93780481846885E-05
9.44613513283124E-06
-8.69322887184967E-06
1.01825594751167E-05
1.31291764311182E-05
-3.28980187051895E-05
2.07644268162474E-05
7.41038367935404E-05
7.58557409459825E-05
8.1052161273177E-05
6.19341871967607E-05
7.15807470153995E-05
8.63193299105994E-05
0.000103740841310175
2.42369830884755E-05
6.30933978685421E-05
4.00453950791186E-05
2.61547064324771E-05
-1.87538411876174E-05
-5.27888330205832E-05
-0.000105082423590605
-9.3228060117382E-05
-7.78350044811973E-05
-9.66419143826369E-05
-8.21171828294966E-05
-1.60671536731913E-05
2.48561984944556E-05
6.26774198447062E-05
0.000126769035503958
-7.62104967475762E-05
-0.000110387829348474
-0.000114135699037952
-0.000120728051064177
-0.000184160320423776
-0.000206821969420314
-0.000234718393796466
-7.56778167126206E-05
-2.04788247174477E-05
9.99720352710347E-07
-5.20707929529572E-05
-5.29569716492345E-05
-7.39481734514997E-05
-8.02193447242031E-05
-9.22132615012314E-05
-0.000101292244325324
-0.00014351078033198
-0.000159517012282897
-0.000118604616795635
-9.63441680366271E-05
-0.000101333096972037
-4.55242456716897E-05
-3.23795907041206E-05
2.55060031449541E-05
4.3234387469559E-05
7.19340514178508E-05
6.41680625243213E-05
3.28966995667999E-05
4.38673280253633E-05
-7.73403942710863E-05
-2.19367349981323E-05
3.0384468991271E-05
-1.9286681292153E-05
-3.81452496953862E-05
1.40726821102123E-05
-3.16816556165187E-05
7.04551508211412E-05
-2.41445990836736E-05
-0.000102979233140602
-0.000102008919704746
-6.49827488462429E-05
-6.36383244818754E-05
-7.63201087368143E-05
-5.29904373892E-05
-2.14259719386741E-05
2.08132173577418E-05
-2.79099534033089E-05
-3.36749015694308E-05
-5.0337966079808E-05
-4.98158475638039E-05
-5.80381328657069E-05
-6.46006857000545E-05
-4.36844728063755E-05
-1.67394135182675E-06
2.45566670173155E-05
2.01358753648499E-05
6.53021344790093E-05
-1.69898093577894E-06
-4.3356770854826E-05
-3.85313549686732E-05
3.95589220395706E-06
1.52783552734827E-05
1.41833550375774E-05
-3.00944915681081E-05
3.60209771093284E-05
8.26711959949878E-05
3.31986137408688E-05
-4.47818856807722E-05
-6.58575878105584E-05
-3.14743456522447E-05
-2.08529557957402E-05
-1.84966727645109E-05
-3.93586151715018E-05
-5.64714979719607E-05
-6.86648492960614E-05
-0.000102245913944528
-9.75252019123014E-05
-5.93384616255383E-05
-7.28712287672147E-05
-6.43797417329074E-05
6.99779839677933E-06
7.87601016826335E-05
0.000105513659320532
8.77648520996971E-05
7.04362102136369E-05
6.78120891215568E-05
7.8464129786105E-05
3.98536782041028E-05
2.34006823594322E-05
2.63242301499729E-05
1.57200723479223E-05
-2.16471255016785E-05
-1.67942426364585E-05
-3.76578959922294E-05
-4.82702568079575E-05
-7.77908489826005E-05
-5.98877547483081E-05
-3.85893519776894E-05
-4.18288027908164E-05
-3.04917827563612E-05
-4.72315202705827E-05
-4.3151457864688E-05
-3.07998707788651E-05
-0.000103062722599482
-0.000112043845047371
-9.7630878159126E-05
-0.000106105127688594
-5.0502090613867E-05
-4.12505162753954E-05
-3.80073840662796E-05
-4.09874545072817E-05
-3.50533400233941E-05
-4.25705162742673E-05
-2.83899307067272E-05
-7.02794168279729E-05
-7.34251192899645E-05
-9.26190077489647E-05
-9.73442029533391E-05
-0.00011894239594586
-0.000107005824601931
-0.000130724458693324
-0.000100762151103774
-0.000130230019892974
-6.36111033586356E-05
-3.27575044331716E-07
-8.35467210018358E-06
-3.61194422644799E-05
-5.46073569168991E-05
-0.000106182177960074
-6.93858642260398E-05
-8.31732381765274E-05
-6.26489039436792E-05
-1.83117692640218E-05
-1.59732184167787E-05
5.73047772133641E-06
4.55116479157057E-05
8.09026165855782E-05
7.18201485874043E-05
1.71355579626309E-05
-3.06329635446794E-05
1.59033284822814E-05
3.42046991204879E-05
5.32607198696059E-06
-3.18833088335998E-05
-2.03586927930075E-05
-2.42072474146572E-05
5.68146048729986E-06
-3.00166268017621E-05
-7.87286540714148E-05
-2.69944986390189E-05
-3.20601781822882E-05
-6.81448902873791E-05
-4.69122704673513E-05
-4.7354310496705E-05
-5.49207274212682E-05
-3.87506767322959E-05
-3.35575960085513E-05
-1.02681842305227E-05
-1.80162535493595E-05
-3.34726674952065E-05
-9.18478541217075E-06
1.17852743498499E-05
2.41100617673964E-05
-3.69212658334283E-05
-7.90889879083936E-05
-7.28764675097267E-05
-4.61917958186762E-05
-9.85812735351805E-05
-7.97405934607336E-05
-8.31709141033078E-05
-7.11080184967363E-05
-4.81518756104338E-05
-6.56556203062731E-06
-4.33299905901853E-05
-4.31337058515703E-05
-6.54051892010384E-05
-0.000114225778193588
-0.000104059554158201
-0.000129542516846532
-0.00013802740420146
-8.28088518569983E-05
-4.74823213384969E-05
-4.85319467012262E-05
1.59835949164216E-06
-7.0462195601453E-06
2.43947265832151E-05
-2.36292709501106E-06
-5.17591087386451E-05
-0.000115130644394688
-0.000136306973581511
-0.000120141155795648
-2.09378606055973E-05
-3.43000615188203E-05
-4.85294374851945E-05
-1.96967920993549E-05
3.89365231476919E-05
1.41397563627503E-05
-5.06202930992482E-06
-8.73394443614504E-05
-0.000101094366466076
-0.000122675237709802
-0.000138402922306491
-0.000142278113933591
-7.84049727509034E-05
-8.75315681286209E-05
-6.59302020703861E-05
-2.56252596564513E-05
5.54020646088848E-06
-4.13646158675693E-05
-2.69412499977387E-05
-7.30293784180532E-05
-7.14586117381915E-05
-0.00010545598597207
-0.000112304365870222
-9.75088706914985E-05
-7.72953423876112E-05
-8.27927506753721E-05
-1.21745355954407E-05
-1.32708881760309E-05
5.48569313945064E-07
-1.78960443928739E-06
-1.47882060337624E-06
3.09865489447156E-05
4.55200950938272E-05
5.57083969135088E-07
5.94386491803864E-05
2.37426290643967E-05
2.96229964832514E-06
-2.40485109050498E-05
1.39887714413496E-05
-3.10632765710762E-05
-1.6330780932198E-06
-8.22740730068618E-06
-2.02346110512752E-05
1.74553707828995E-05
1.04546105141258E-05
-7.22382084582038E-06
-2.56579471789796E-05
-6.76646157941408E-05
-0.000103621381048507
-6.27429817026864E-05
-9.47871665910025E-05
-3.00541406209151E-05
-8.01446317841942E-05
-6.61439992789435E-05
-7.50193450653965E-05
-8.10675378925983E-05
-6.98484997605056E-05
-5.89575637904301E-05
-0.000123782011627839
-7.55042608241863E-05
-7.81652148580321E-05
-4.22553232708517E-05
-5.00515525995062E-05
-3.34592853638474E-05
-2.69156856670276E-05
1.17486939126902E-06
-2.9651547034997E-05
-5.65976115840247E-06
-6.62154506602957E-05
-5.86626139736123E-05
-8.65207466478795E-05
-0.000128375504084037
-0.000134372366905382
-0.000118489787440848
-0.000125308497220163
-4.73747514084519E-05
-6.36338866725482E-05
-5.56872785648849E-05
-3.12631376147511E-05
-4.35604167423722E-05
-7.48294007784094E-05
-7.26850344978891E-05
-7.54918794660073E-05
-0.000106866131919046
-9.52075244333237E-05
-9.17971041313351E-05
-4.84444273463542E-05
-7.43083751045956E-06
2.0232910582875E-05
8.63335849914619E-06
7.35932582568719E-05
4.83999243244317E-05
5.90658569963028E-05
2.77499317931189E-05
3.24684642716076E-05
1.34600343608614E-05
4.89618623942188E-06
1.08250160230843E-05
2.94790735749872E-06
-4.82294025574567E-05
-3.75164555289105E-05
-2.5718169454353E-05
-3.99514287861528E-05
-5.5328721273544E-05
-8.4279535693031E-05
-5.02117708838154E-05
-2.09812880685528E-05
1.10023999494594E-05
-5.62423989925612E-05
-3.46286409128572E-05
-8.64475250220312E-06
-1.46379698002459E-05
-3.56329229030454E-05
-2.5398524430212E-05
-8.05352404112615E-05
-1.92003013799575E-05
-1.29430859194414E-05
-3.97580878354585E-05
-6.88653411682721E-06
-3.07971292587853E-05
-6.3970024204342E-05
-1.47517937258704E-05
-6.92809421503619E-05
-0.000109191993249548
-6.10533531198324E-05
-4.26567828152409E-05
4.50120209615233E-06
5.6901613467158E-05
3.99988752670874E-05
7.03651869990241E-05
7.71109653003456E-05
3.4863518463164E-05
2.57949768138581E-05
7.15603267542951E-06
-6.55500595035727E-05
-7.04171750167545E-05
-5.72075687313947E-05
-6.49867337384088E-07
-2.51449499735953E-06
-6.0261366092594E-05
-6.2739460725681E-05
-3.92764788474682E-07
6.69018021705114E-06
-5.49629461859952E-05
-8.73914788023461E-05
-9.62758402080954E-05
-6.55014148077556E-05
-3.70854609719304E-05
-7.37612207399205E-05
-4.70756566578482E-05
1.76179826346938E-05
-2.7701109682871E-06
3.66995644462102E-05
4.54074122843023E-05
-2.43304220028934E-05
5.43431987476098E-05
3.57883175648865E-05
-3.39633686315431E-05
-3.34016324364643E-05
-8.52437786750479E-05
-0.000108573816894691
-6.89996741500514E-05
-9.61063199859276E-05
-0.000121564294066585
-9.4584327348605E-05
-0.000104706010847564
-7.74236542633346E-05
-4.28529015621737E-05
-3.029420797819E-05
-5.90894902210552E-05
-6.58820197570629E-05
-4.89608972130237E-05
-2.80622562367316E-05
-3.75368275286124E-05
-1.64361715940929E-05
-6.20760203325199E-05
-2.6622932453835E-06
-1.3733407383784E-05
-2.13676544935539E-05
1.59956620057074E-05
-2.44985836981737E-06
-5.4958305346094E-05
-2.74628143520949E-05
-9.13237946821229E-05
-7.34274751577248E-05
-5.28235657461424E-05
-6.99634779314173E-05
-5.39852108716287E-05
-4.53133071348439E-05
-4.62931964882379E-05
-3.69923804419334E-05
-3.09087171436667E-05
-4.56531523718418E-05
-9.32100248973639E-05
-0.000106350514288729
-0.000143539840337813
-0.000149283913765224
-0.000160293318614601
-0.000155379651039739
-0.000138560381197653
-0.00015449769379546
-0.000121476083752641
-0.00010643819633513
-0.000107902515579946
-0.000105666415314128
-0.000148067006345282
-0.000107855567030749
-9.79576843779085E-05
-0.000139646958704695
-0.000116975529331705
-0.000187453712566445
-0.000211723593297896
-0.000185380395882799
-0.000247493398505215
-0.00024468241135739
-0.000185562301101285
-0.000219026543062269
-0.000125779387407662
-0.000129992130946705
-0.000126525734219455
-0.000120997113003435
-8.1940233803205E-05
-0.000122822001162461
-8.98535505604026E-05
-0.000135343110269493
-0.000143609360037883
-0.00016544672551686
-0.000181389865774865
-0.000169024734008519
-0.000164284710277526
-0.000180975473945611
-0.000159826094003637
-0.000131239989407937
-9.97458403946965E-05
-6.70153523071575E-05
-9.94012422868556E-05
-0.000112647902924171
-0.000104216000711695
-0.000117704859026155
-7.73590613412396E-05
-9.69183622221361E-05
-0.000161222118920685
-0.000115919959127565
-0.000125328986088567
-0.000152555788996226
-0.00013836748479446
-0.000168928370770212
-0.000192117369190835
-0.000134957684822171
-0.000217605155565098
-0.000201497774119214
-0.000156394195582221
-0.000118299710789497
-0.000106172808120883
-0.000106996824172738
-0.00013287260221051
-6.589881104635E-05
-1.3126202187625E-06
-2.59517348271529E-05
-7.22480448879311E-05
-6.18313302266343E-05
-3.75357101486473E-05
2.86489328049907E-05
2.18154269691039E-05
-5.98259592655974E-06
-8.27355361357603E-06
4.19749641944938E-06
-2.89282967114464E-05
-5.58619139918827E-06
-3.027980354907E-05
-5.99886262409904E-05
-8.64766851825873E-05
-6.0412357869756E-05
-6.44064447819095E-05
-6.46965160913305E-05
-5.82696554586075E-05
-6.23236236962191E-05
-7.3957645912446E-05
-6.43584754771301E-05
-4.31734438298149E-05
-5.37811446878433E-05
-3.10492534116056E-05
-4.84176845130019E-05
-7.11982205285314E-05
-6.69790582495604E-05
-8.2342572010287E-05
-9.22871186650544E-05
-6.05154608534915E-05
-5.64666289915968E-05
-4.02610818583184E-05
-4.15797655846925E-05
-2.84800641529641E-05
1.80827866049868E-05
1.57976704229431E-05
-1.71010138799317E-05
-4.17148262700685E-06
-5.07324647194466E-06
-2.66652457731502E-06
5.5732317631395E-06
-9.22261008434842E-06
2.20681213364725E-05
4.34412793334486E-05
2.91946104657185E-05
6.00042622238768E-07
-1.6314945937872E-05
-1.25629806427354E-06
-2.28601962113562E-05
-7.30067166455411E-05
-7.70271829674165E-05
-0.000107715323105366
-8.22639797607618E-05
-8.82664784521358E-05
-0.000114513736158295
-7.37645395600027E-05
-5.94647863843948E-05
-5.38962604189373E-05
1.55326193759483E-05
-3.4030905329426E-05
2.54083036204745E-05
5.85660048002269E-05
4.68230331825709E-05
1.56410069997693E-05
2.20033392501695E-05
-3.33987860161389E-05
9.73489889262014E-06
-1.69944062366185E-05
-4.0244056791881E-05
-6.86357934647003E-05
-3.90172520342211E-05
-2.86196310229017E-05
-3.99232988712875E-05
-5.0243908816109E-05
-3.46313855191238E-05
-4.4903441388444E-05
-3.20652587653525E-05
-1.43154072978911E-05
-6.89175470247096E-05
-3.52068997942102E-05
-2.36682505717179E-05
-7.94447536201295E-05
-3.42771877779193E-05
-8.55916394545916E-05
-6.6899005491405E-05
-2.80066596823207E-05
-5.17012972736628E-05
-7.57738045684424E-05
-6.51450755870111E-05
-6.40046210519313E-05
-2.61923321952274E-05
-8.6101971556661E-05
-6.08041143296172E-05
-3.1548632194086E-05
-1.72750179606304E-05
2.84717176162483E-05
-3.52185751803793E-05
-1.51767697326524E-05
2.35296580346104E-05
3.45712737441193E-06
-1.35574641521166E-05
1.06064263942455E-05
-2.75356217156246E-05
-1.13031654301777E-05
2.67563667096929E-08
6.89869441172029E-06
-6.40986676573516E-06
8.38284725173304E-06
-7.10103547141418E-06
-3.34080196322846E-05
4.07257933656051E-06
4.69809968875544E-06
-4.16773226683775E-05
-3.09438406337033E-05
-3.34683751559378E-05
-4.59687647031912E-05
-1.09065379012749E-05
-4.9530397388383E-05
-7.54466214479228E-05
-6.52818498796749E-05
-0.000106517243434168
-0.000102506057529503
-8.03082293354983E-05
-6.4599945155848E-05
-5.40778696175329E-05
-2.2237011354055E-05
-3.83383183693765E-05
2.2870107687812E-05
1.66426972247495E-05
-6.44900248854269E-06
-1.08595950559491E-05
-3.83384822567982E-05
-3.95760385532685E-05
-2.83201705771174E-05
-3.54209738387196E-05
-4.84324062538717E-05
-5.96463176062777E-05
-3.39323033379637E-05
-6.88538133973299E-06
-6.7942674536E-06
-2.44978674859166E-05
-3.25292006586582E-06
1.46979442653519E-05
3.49757502895384E-05
2.23224597778693E-05
6.79708878465094E-06
-2.63129897100943E-05
3.86383767150607E-05
1.38586732455954E-05
4.37176498518439E-05
5.18697716033197E-05
7.69858898458938E-05
5.49016151249085E-05
9.04675660026401E-05
4.05150742619747E-05
3.08999796854191E-05
8.67013615768051E-06
-4.55063398154297E-05
-8.21112347786973E-05
-5.24726964902129E-05
-0.000109423234865035
-9.09579202628266E-05
-0.00012054188885739
-0.000121586254850593
-6.68400659443008E-05
-7.81356288843864E-05
-5.31362299674581E-05
1.28155264952238E-05
1.44142569708002E-05
4.173560076227E-05
5.22780740067578E-05
2.08458471821999E-05
4.79372482292868E-05
1.8743611606217E-05
-4.21437196563088E-05
-5.370970643963E-05
-5.9331774413298E-05
-0.000112400985134522
-0.000108717114964454
-0.000105327230590206
-8.24985249093441E-05
-0.000114950752917436
-0.000135304620776316
-0.000166694908870606
-0.000106559429116831
-0.000110419419307368
-7.89164388788286E-05
-4.39153495239185E-05
-3.01641562437192E-05
8.61269574092314E-06
5.60061581387416E-05
5.69350316585315E-05
5.53899012327515E-05
-1.36208705421404E-05
-4.42038538627475E-05
2.10982511194751E-05
-8.72041527817839E-06
-2.10827783332529E-05
-5.00843682832133E-05
-5.03211706997734E-05
-4.45510568566758E-05
-3.86636987808405E-05
-7.88539581151488E-05
-4.69580664239423E-05
-5.62252480675536E-05
-7.33378785700734E-05
-4.76149112236757E-05
-2.05352928621047E-05
-1.5073866205779E-05
-3.74230228567142E-05
-7.33903527591422E-05
-5.24344060287385E-05
-1.67403126359134E-05
4.66916373846778E-07
-3.7452010756884E-05
-7.01076824079646E-05
-2.5318558268519E-05
-4.1083502203637E-06
-6.86675899668944E-06
-0.000136045292266266
-0.000128893421927483
-9.17035080279476E-05
-3.31531171786891E-05
-4.84747273935366E-05
-5.13441768263755E-05
-6.25742307712125E-05
4.43123035472988E-05
3.85623882847922E-05
2.90297847080673E-05
9.89818251199349E-06
-1.12536987320814E-06
-8.94322362405644E-05
-6.80996546551335E-05
-1.95768164432244E-05
-5.71113101127707E-06
2.18222074816791E-05
-9.3006159308693E-06
2.57170685446448E-05
0.000121287623508297
0.000117542073691594
7.75401431929359E-05
7.90263347640402E-05
4.61594624823591E-05
3.92997422653615E-05
1.43989030536899E-05
-2.7392101658751E-05
-4.55112692287188E-05
-4.14543461103142E-05
-0.000104827166309499
-0.000105039634447617
-0.000136591379552913
-6.70929953962554E-05
1.14749597272438E-05
6.31578374055665E-05
2.27497111506672E-05
8.08249314746976E-05
0.000115495708443518
0.00015645734760202
0.000132326956353502
8.07026493519672E-05
6.64040072477634E-05
0.000109984854699916
8.90152528779806E-05
5.11557459569265E-05
5.67734740765643E-05
5.28714132527232E-05
8.25865006373164E-05
7.81430030000647E-05
9.42222232564951E-05
0.000101130685477517
0.000112486271344257
8.38585043090733E-05
7.67322152982498E-05
-1.22735295297375E-05
-3.78261665326028E-05
-7.24048633235542E-05
-5.31639483186886E-05
-4.95540951535445E-05
2.29749436974131E-05
1.76757628114069E-05
0.000103978257323272
0.000147252322238221
0.00013756632289103
0.000136845279176596
0.000119514862368396
8.31519939710653E-05
7.62515319099228E-05
9.40775934829438E-05
7.83939530381393E-05
9.83335420438595E-05
1.93159946161906E-07
6.96329750767737E-05
7.13945752067109E-05
5.54287465456457E-05
4.23140613848809E-05
2.22441495195518E-05
1.07646035062047E-05
5.53791330880793E-05
3.14280509789237E-05
2.29748712769696E-05
1.43032173780809E-05
8.45126463656291E-06
9.95379959206396E-06
2.11101367795E-05
1.09275797605805E-05
-2.20660483995761E-05
-7.98144183391172E-06
-6.60786159376104E-06
1.45446981599712E-05
3.1841691309363E-05
3.13836225740509E-05
5.72857459353129E-05
5.89341800398571E-05
7.27697603402403E-05
7.76049563374512E-05
6.47495045663816E-05
8.94752902599144E-05
8.52539539586609E-05
8.98533586539762E-05
6.30493282086439E-05
4.59582223109702E-05
5.29442618797146E-05
3.79158026316265E-05
-3.83114769665365E-05
-4.07214132248673E-05
-1.43935950753387E-05
1.25460356098169E-05
1.46612945704254E-05
2.68914212344925E-05
3.83266718574572E-05
0.000110866415155645
0.000118294827580555
0.000120651301242195
0.000124468076576066
0.000156706780318058
0.000160075703156479
0.000132912066655214
0.000122041217751331
0.000134846287018292
0.000107383100730336
7.86501738619269E-05
4.24216299001174E-05
1.68543446421097E-05
-6.38205079587775E-06
-7.29866771905222E-06
-4.55072544039326E-05
-5.77784930920824E-05
2.01181018778158E-05
-1.55592874583259E-05
1.72364972327642E-05
5.5349852107511E-05
4.8029729414694E-05
8.99182914131375E-05
0.00011183816886728
7.20953188261424E-05
8.21129176936836E-05
7.06028052301963E-05
7.62829651953753E-05
3.03874564400033E-05
-3.18236704997294E-05
-6.2796360418898E-06
-2.79692055124067E-05
-4.84525487338085E-05
-5.56124937081624E-05
-8.12698927919578E-05
-7.37766221150685E-05
-1.24312749983827E-05
-5.64842513730377E-05
-4.08210808228449E-05
-1.25203188830792E-05
-2.44597230237302E-05
2.83960304757687E-05
3.86533221192302E-05
2.66531658915438E-05
4.52657607207225E-05
5.45306458901538E-05
7.92663842814103E-05
6.53029908489741E-05
4.98361813288426E-05
2.51297977227248E-05
5.09769726789882E-05
7.33518289031102E-05
5.09973419483058E-05
2.33956624801013E-05
4.71280604768552E-05
1.65254747191951E-05
4.66583850784344E-05
1.91170642895894E-05
-3.01943356492936E-05
-1.05113916430981E-06
2.72906646273963E-05
4.07218077907479E-05
5.3674988080778E-05
7.57655483079641E-05
4.94170239325507E-05
0.000101911623475552
7.39434484500413E-05
8.55437013898885E-05
7.67263777560782E-05
6.80454167690488E-05
0.000118633563130626
0.000142053387373984
9.73670631241641E-05
0.000109972698555214
8.66715735424321E-05
6.0827654250776E-05
8.43890777912729E-05
1.86450051202016E-05
-6.1604521587751E-06
-8.80465226582212E-07
-1.6370721208462E-05
-1.88538984416971E-05
1.97887107462422E-05
7.95273050909254E-06
-4.64166985885092E-06
9.83047410951614E-06
9.72038693503769E-06
4.91697777900029E-05
7.62577427140745E-05
6.65166417471751E-05
8.98676911716526E-05
0.000129985765211084
0.000128941446123006
0.000170570278795817
0.000168284852304516
0.00015537681775587
0.00014623570390702
0.000142091587293999
0.000117122209971299
0.000139666180724057
7.80565107242099E-05
7.14032922627097E-05
8.34374604544635E-05
7.90675015335302E-05
1.82944426876798E-05
1.74484948239835E-05
-1.11017814613934E-05
4.57919810067254E-05
6.01540134336599E-05
1.30536369672607E-05
7.75126399997644E-05
0.000143753144117729
9.80012357526749E-05
0.000100698026471139
8.63191011774723E-05
6.40058121243794E-05
8.07769847506539E-05
2.32893849313328E-05
3.82691837269469E-05
5.74631392664351E-05
2.98493765818166E-05
-1.00760572574366E-05
-3.82742217708765E-05
-3.81864499096754E-05
8.58426050025457E-06
-3.59364346848946E-05
2.30611164007137E-06
4.09310581447091E-05
3.59244325341744E-05
2.18747997009524E-05
3.46999542274005E-05
1.7241641889455E-05
-1.25608106367087E-05
-1.92335895947889E-05
7.91555594367223E-07
8.07807956551745E-06
4.65845910515293E-05
5.60854563164808E-06
-2.27683511939682E-05
-5.85597513147114E-06
-5.8333129003426E-05
-6.85357652795815E-05
-9.80402474678085E-05
-0.000121205897816078
-6.87885065314459E-05
-4.24594220822371E-05
-3.94262947007347E-05
-1.61205178034013E-05
-1.63209274309019E-05
-1.56135400102255E-05
6.41305548728498E-05
4.11350118937599E-05
4.53248816543833E-06
2.17756513442167E-05
9.45158989316361E-05
3.99772873797066E-05
0.000116312998559671
4.3036672455459E-05
3.99790746925603E-05
6.01956158796202E-05
5.57256566131426E-05
-3.79579527400098E-05
-1.54298960323468E-05
-6.15174224295614E-05
-4.738786344371E-05
-3.81388900753428E-05
-3.22254158058635E-05
-1.50224145265578E-05
3.16773790801296E-05
4.35454850715373E-05
9.14107746901528E-05
6.18362268526191E-05
8.15391338103991E-05
6.20911312603448E-05
6.40980218370553E-05
5.28845699414E-05
4.33653400330988E-05
2.30646711164938E-05
4.16489253610968E-05
1.22415033103567E-05
5.32861007287301E-05
2.32499110011903E-05
4.54965827750347E-05
5.39943271033951E-05
3.63716227334269E-05
4.0985880109945E-05
6.9803250310059E-05
5.80930715088832E-05
3.62834249498979E-05
-1.42191878576178E-06
-8.83884041520878E-06
-4.90456624708529E-06
1.17038399170541E-05
-1.76647383612833E-05
-5.60046796291789E-05
-3.86391688094233E-05
-1.06645828045776E-05
-6.07301156960087E-06
-4.02609491835281E-07
-3.84201962849722E-05
-1.01581154950106E-05
2.20262478532925E-05
5.04444976660599E-07
-1.32924515858482E-05
-8.82590688899554E-06
-4.46998739584275E-05
-2.50045981582537E-05
-4.5677959556438E-05
-9.00379971887333E-05
-5.86495980035458E-05
-6.89945587535509E-05
-6.3704307636845E-05
-4.09008528677162E-05
4.61277385947329E-06
-5.07578961580962E-06
-1.02818149746004E-05
-9.06713735442345E-06
2.30740116268978E-05
2.53209192460233E-05
5.48910536647949E-05
-1.27091960208968E-05
-1.48075956467422E-05
5.38622585313563E-06
2.902694199467E-05
-1.94937223710727E-05
3.85071963108576E-06
-1.86726417172619E-05
1.79375150488964E-06
-3.00113985598893E-06
-1.23262908407996E-05
-1.51182916811121E-06
4.08734317220291E-05
-1.21580035756137E-05
-6.55982495772247E-06
3.21265842277319E-06
1.28217885788225E-05
2.63289738668239E-05
3.45644104822561E-05
4.40110791903268E-05
6.74858740559925E-05
5.98802644379133E-05
2.75052397357742E-05
4.02123057483728E-05
1.9198869424296E-05
-2.74384626058668E-05
-8.28265598678401E-05
-6.62471681384967E-05
-5.50879717360216E-05
-4.52627195123573E-05
-5.44656398091669E-05
-2.81629988371283E-05
-5.41870433857795E-05
-2.94124810231315E-05
-4.21965330015766E-05
-4.89767133448175E-05
-2.37133158782308E-05
-3.35936891211816E-05
-2.91492337689656E-05
-2.30362958809518E-05
-2.26097349232577E-05
-5.14658062151512E-06
-1.55860811605334E-05
2.46914995798959E-05
1.17945752351524E-05
-2.37397946335057E-05
-1.58961191889494E-05
4.2725281186147E-05
7.23249199551545E-06
1.90362943185478E-05
-1.93036993078392E-05
3.39696608884714E-06
2.87666158050479E-05
-1.55952049363408E-06
-6.86099739447701E-05
-5.02881128069235E-05
4.61808734556316E-06
-2.84064395489839E-05
-1.26130940357725E-05
-1.34267311296266E-05
5.49742220126195E-05
7.72483738898913E-05
8.19535013199274E-05
5.29842066015793E-06
3.64128451957176E-05
8.29707954854122E-06
-4.37953458727367E-06
-1.69663122577166E-05
-1.98748779631044E-05
-1.4598704943311E-05
8.4574191053729E-06
4.43831887865024E-07
1.46989241770768E-05
5.55246194752079E-05
3.85204153332564E-05
2.83715899722709E-05
4.78045499826583E-05
6.71023830991065E-05
9.2861566631962E-05
8.18761013661546E-05
7.73409128950781E-05
7.97654235323478E-05
9.82477285035784E-05
7.81529465450288E-05
6.52216955945524E-05
4.8839482842604E-05
4.68199690773959E-05
3.90141546938522E-05
1.57949347870048E-05
-1.057449700678E-07
1.51736418743127E-05
-9.44147311326326E-06
-2.45205994704108E-05
-4.69712454077749E-05
-4.09982754544984E-05
-1.41348769290094E-05
1.67499893482993E-05
2.77887572314601E-06
4.36928158721641E-05
4.49717756018792E-05
0.000102511430607138
8.17825609517569E-05
9.07160794536415E-05
3.87369667439911E-05
4.45722808299108E-05
1.32698381544861E-05
9.80261059510959E-06
-1.16313077742628E-05
8.41719208777273E-06
4.10533924685964E-06
-9.18715567011368E-06
-1.98975915044009E-05
7.63987514931343E-06
1.61864454304314E-05
1.95821731228691E-05
5.72164178557519E-06
1.31534732379749E-06
3.31856038399424E-05
-1.25063424517993E-05
-1.40732682573262E-05
6.5342838905903E-06
-7.84620100296651E-06
-4.30537781796726E-05
-2.81219429723147E-05
1.40346158757033E-05
7.06161471610744E-05
4.37215315046947E-05
6.28745816808936E-05
6.14654126454583E-05
0.00010386650192437
8.03157082830804E-05
6.24393112261995E-05
7.20140131105004E-05
5.65096989798489E-05
6.64643768136735E-06
6.99702678692201E-06
7.58840408341333E-07
-1.46752900217857E-05
-3.37104988852665E-05
-3.37437446312669E-05
-1.95521604986342E-05
-2.31422956118787E-05
-2.05684686367252E-05
1.77372819210937E-06
1.73736177192299E-05
3.25337344356143E-05
2.25350703348745E-05
2.82105948127769E-05
3.63072965547631E-05
7.48284238812922E-05
5.06998362032422E-05
4.48667842671574E-05
4.05559261500179E-05
3.72575900832498E-05
3.48392694772434E-05
1.39719244373744E-05
-1.64882053418346E-05
-3.00118716561787E-05
4.10092679461249E-05
2.73910008516572E-05
-2.61886853979172E-05
2.30327073742406E-05
5.63082657754603E-05
4.96182103457101E-05
6.31234685047761E-05
3.36829942643398E-06
-1.09506111812566E-05
1.40803065723551E-05
-4.56654772661457E-06
-3.99477376534611E-05
-6.11923080973503E-05
-7.80206119818964E-05
-6.56195218466655E-05
-3.70854530716655E-05
-2.00643305760307E-05
-7.13453708617986E-05
1.26565118662383E-05
3.7847154393133E-05
7.02433378390861E-05
5.06549665117774E-05
7.5460779145118E-05
9.00133595901198E-05
0.000136883171189307
6.76198210414153E-05
8.04649573296307E-05
2.57459488954556E-05
6.35453138270128E-05
3.98743524382171E-05
3.59984266722416E-05
1.20239321569838E-05
4.91402862885031E-05
2.97727688892871E-05
5.47231702445019E-05
3.18941948348517E-05
1.97073430813234E-05
2.90115443615486E-05
2.22264966375481E-05
9.65803735879195E-06
1.31476772899403E-05
2.5722797977763E-05
2.93142307867853E-05
1.19300509180862E-05
1.20645710805026E-05
6.24675028697082E-05
6.72321064274437E-05
7.66859462806251E-05
8.38340378985698E-05
9.92562126147069E-05
0.000118983081008851
9.49596146025687E-05
6.71397186156178E-05
4.27287638318379E-05
5.13918637101961E-05
-3.4978092588456E-06
-3.41896099681593E-05
-3.5000421523854E-05
-2.36220233016667E-05
-1.4635738277379E-05
-1.52745263352821E-05
-2.02436125770229E-05
3.59651261345402E-05
6.55170789210992E-05
0.000104667339846806
0.000130979821839912
7.93749889771353E-05
6.52337781750021E-05
4.1439966390374E-05
2.47957659675407E-05
-2.74309372453743E-05
-4.76117639619769E-05
-5.76846421313228E-05
-2.70729451171012E-05
4.23026821494739E-05
8.63454175699751E-05
8.27390951956888E-05
0.000103800962807152
9.99428763483798E-05
0.000107680868691291
9.10487756551137E-05
8.58288668494366E-05
2.48248387328031E-05
2.35238757595539E-05
2.73803235386384E-05
-8.52501005661381E-07
-1.59981491256411E-05
4.84732325651859E-06
-2.07893420428778E-05
2.19302412251436E-05
5.66899436950939E-05
5.83428646095527E-05
6.62481149105916E-05
5.3128782931056E-05
7.22518086672073E-05
4.08474808805731E-05
6.53184067366403E-06
-9.29548345011708E-06
-1.05310290931362E-05
-2.24686089396005E-05
2.38166412372021E-05
-7.9224886830309E-06
1.80920126535355E-05
4.27202792248147E-05
5.99299668924929E-05
3.08112850838375E-05
6.60342803965684E-05
6.70399037145204E-06
4.62064513687374E-05
-6.43377482289441E-06
-1.59387111558128E-05
-2.61431303835932E-05
3.3786475766869E-05
2.37844374604742E-05
3.1781641391666E-05
1.37243415062951E-06
3.97301903126174E-05
1.52961102633169E-05
2.50994785440754E-05
1.01643410104641E-05
-2.62394446672735E-06
5.45992287516631E-06
1.81784118606522E-05
2.62543827538141E-05
5.27386543739211E-05
-8.60774940965768E-06
-2.2890405103178E-05
-3.04811270907401E-05
-2.14493485786061E-06
2.62850030840046E-05
4.42829056010695E-05
3.44897939967912E-05
9.72232263397368E-05
9.09826235387621E-05
9.27441001252489E-05
7.70205675658236E-05
3.21917414969278E-05
4.64415524448511E-05
5.41454027484241E-05
1.56636220822464E-05
1.65474336054697E-05
4.59157196282656E-05
1.40219411441634E-05
4.38540081736911E-05
1.27565564676125E-07
4.07271582343925E-05
3.89699051366763E-05
4.50049683724776E-05
2.28788496839105E-05
4.15747802421018E-05
2.64085793546303E-05
5.64446961109785E-06
-1.59598672064041E-05
6.77678243253407E-05
9.96264110700239E-05
9.6115524621471E-05
2.96640842314315E-05
6.26717234306281E-05
9.75462614546911E-05
4.44253882774944E-05
-6.55912691040967E-06
-2.70647661342335E-06
-7.16983794764207E-06
3.54287957893056E-05
2.08282636441585E-05
6.35589665257032E-07
4.37236262822297E-05
2.48519616709199E-05
-1.99011270978589E-05
-3.36102354378077E-05
-2.18072632145555E-06
-7.42575973381145E-05
-7.26644631673627E-06
1.71048757476255E-05
-2.05711741150624E-05
5.72670644208394E-05
5.15339333495869E-05
3.86585334334723E-05
8.42582562917735E-05
4.34761470324603E-05
-2.16503591996498E-06
1.12672153179762E-05
-5.95795361735189E-05
-2.07768891462109E-06
1.34247787395532E-05
3.60178354687337E-05
1.02971497601662E-05
4.23438793647673E-05
5.87162357270139E-05
6.00418802690983E-05
4.63295740877447E-05
6.82267899442512E-05
5.15357319175682E-05
5.56359482434395E-05
3.74565803666606E-05
7.08844220969764E-05
8.97657366510721E-05
7.61000926884007E-05
2.46022753558325E-05
1.64844996421603E-06
-2.20639868081718E-05
3.01820366458464E-05
8.30446153206173E-06
-1.37444829580187E-05
-4.51622316138613E-05
-3.0165633000886E-05
-4.12094009528069E-05
1.62808346338575E-05
2.13592065244453E-05
5.01330457407821E-05
5.65243874663562E-05
4.76251395297877E-05
6.41304617341151E-05
7.7971207699116E-05
8.11396446455104E-05
5.71193074836043E-05
4.513932360623E-05
5.94965332387195E-05
8.0101692036234E-05
0.000110470247875019
0.000135600188965571
0.000102668848429734
7.49418232059319E-05
2.2966974759886E-05
5.211567208391E-05
5.90833537270297E-05
1.87989441595456E-05
6.79686063098443E-06
-2.12508825665342E-05
1.15514473744757E-07
5.0313395417877E-05
-3.96709882866006E-06
-1.13128965235463E-05
-1.09308504445641E-06
2.24882236880261E-05
4.43811178955351E-05
3.09091417266583E-05
7.3033838233071E-05
5.31347177947182E-05
7.91588321710911E-05
4.93032059811247E-05
5.72198706342566E-06
2.5284128495494E-05
7.63954699624598E-05
2.17772635482394E-05
3.77617284929354E-05
2.15956454285685E-05
5.18970354616243E-05
0.000109594067862972
7.5234703687361E-05
4.4197232720082E-06
-2.19958388096118E-05
1.01597917172436E-05
3.79583730563716E-05
-3.17426698914506E-05
-7.54471533857605E-05
-6.54689154621617E-05
-2.96904473450188E-05
2.16245252927706E-05
-1.64574728988181E-05
-3.8493771263202E-05
2.17218006722149E-05
2.2118481133622E-05
5.79112479029736E-05
1.96900984810539E-05
-2.21560106855253E-05
1.36922959912417E-05
-2.06174331336522E-05
-2.32841031599763E-05
-3.02190791976116E-05
-0.000100776823141396
-0.00010018870832278
-6.07025509521972E-05
-4.30184413179827E-05
-3.22136019129113E-06
-1.67104741170568E-05
8.89943305643573E-06
6.50231852929764E-05
3.68511628232175E-05
4.72890648563297E-05
5.12968919904423E-06
-7.92872220362491E-06
3.16961631250916E-05
-3.16431790334243E-05
-3.12732218902328E-05
6.1171642174204E-05
-7.97771221546215E-06
-1.40971501879549E-05
-3.02109828893901E-05
-5.09084968126977E-05
2.68934698117954E-05
2.36096667518289E-05
-4.95480156842617E-06
3.45838864412264E-05
4.02575722073451E-05
7.36692942225077E-05
3.12227701404898E-05
6.20094786154143E-06
1.48877882984905E-05
-1.29085458463347E-06
-1.95625498728893E-05
-1.03134053242735E-06
-2.18626998849262E-05
-2.19821899413403E-05
-5.07557568401016E-06
-2.22291118615153E-05
-3.57303864580214E-05
-5.03352958737598E-05
-4.74769477156937E-05
-4.01496439053595E-05
8.67199231754676E-06
-1.99531783594127E-05
-5.39589550855818E-05
-3.28943180028971E-05
-7.78367153362374E-06
9.88182538025752E-06
9.31545310994435E-06
-4.91977519397471E-06
7.27038508971705E-06
2.2263443035054E-05
1.57602379832758E-05
4.96047044682327E-05
4.83471036345264E-05
3.3865019963065E-05
5.28916184378466E-05
6.08412942774658E-05
5.17697480746152E-05
9.39616495296208E-05
6.57223074630395E-05
4.34754383918554E-05
5.64890753153518E-05
1.01675533577782E-05
7.4930237122529E-07
3.63883363259766E-05
1.89513560936084E-05
-7.3610622163869E-06
-1.95393651846184E-05
-2.03417682498919E-05
2.29215674807398E-05
-1.21562927947771E-05
-2.21850760197305E-05
-7.76699216972697E-05
-4.6500587831696E-05
-1.02577191024574E-05
-1.97696044630919E-06
-2.90530704023411E-05
8.03058226347701E-06
1.77997838937102E-05
2.33626794049405E-05
3.04596432383602E-05
-5.99435204211816E-06
-4.08789170311149E-06
-3.96673297166087E-05
-4.33735947072611E-05
-2.80562481150954E-05
2.45011120315965E-05
-9.34278138495018E-06
1.47810224546155E-05
7.1554479398529E-05
0.000112228430970678
0.000121410123743029
8.77855837960928E-05
5.78262968346376E-05
8.06963409931631E-05
6.63939248027903E-05
-1.11382045789654E-05
-1.37741089427005E-05
-1.15817054535812E-05
-1.94396704718526E-05
-6.01165053494077E-05
-3.75301930680047E-05
-7.71587305275285E-05
-6.45893089142653E-05
-0.000104405617902045
-0.000102294441642644
-7.8982446862896E-05
-3.05996663049522E-05
-5.04464054143711E-05
-1.75505797102604E-05
6.99893949879237E-06
1.64289832013605E-05
-6.941054198293E-06
2.75938667409194E-06
-1.97696557920818E-05
-2.63331659444563E-05
-2.19215308364663E-06
7.54770115781526E-06
5.03654524925231E-05
6.21418845032059E-05
3.201263119019E-05
3.33484973972883E-05
4.03454335246701E-05
-1.70727220821763E-05
-1.65407738636692E-05
-1.54418853121643E-05
-1.57763214237972E-05
-1.59861033427934E-05
6.68864119349796E-08
-2.10505715343951E-05
2.05699744287445E-05
7.29740067192165E-06
-5.78616273281834E-06
-2.67254021591302E-05
2.04688139215075E-05
1.12179132013782E-05
1.14745542774626E-05
3.26059858728814E-05
4.08328852756811E-05
4.24422026342441E-05
4.34518922187658E-05
1.26749069402639E-05
1.3373455420459E-05
4.34795184760382E-05
1.77537184427511E-05
1.14160061151471E-05
2.36758968121163E-06
1.85870558501649E-05
-6.70990213832239E-06
4.13070355050195E-06
-5.24499915385238E-06
1.29037085511894E-05
-6.36238816804043E-06
3.77575421405807E-05
3.11273436757238E-05
8.25950413024467E-05
6.89730654882923E-05
8.45511844820368E-05
1.82889384687196E-05
4.73935479340247E-05
3.0108239725407E-05
1.06259128035551E-05
-5.62774775876836E-06
2.50522848858803E-06
-5.79283636583302E-05
-3.46019225269891E-05
-5.97127692083957E-05
-8.4956715307558E-05
-6.12004493260393E-05
-4.48698022572744E-05
-3.41391609382125E-05
-2.33724722236798E-05
-4.74801380144279E-06
-3.73125368431196E-06
9.09927517884697E-06
-5.03909111217903E-06
2.66095809176496E-07
-6.06400960044127E-06
3.51678628091922E-05
5.68876564994907E-05
6.0704047577017E-05
4.96349929804765E-05
5.09932544065966E-05
1.19729693387541E-05
1.45011187205636E-05
-6.93413922157831E-06
-2.31177834851888E-05
-1.44751006920223E-05
2.72678453166194E-05
4.52239393327378E-05
6.10400959375036E-05
3.23810543113038E-05
6.98949041195281E-05
0.000112161216508735
9.27529897159858E-05
6.21326971360774E-05
5.97437930573174E-05
3.11630937433037E-05
5.53162046331282E-05
3.74201246338694E-05
-5.17086419200521E-05
-7.3953217347775E-05
-6.65202671024347E-05
-9.38660924303194E-05
-4.06220365298365E-05
-4.16972763506765E-05
-6.59674816075928E-05
-4.95372028010261E-05
-1.54232450852854E-05
-3.1542914785056E-05
1.79773760665519E-05
-1.19613550601024E-05
-9.50157648669244E-06
-5.25248626790985E-05
-2.28371530039049E-05
-2.4699163903089E-05
4.50386950072075E-06
-1.21253253634151E-05
-1.81083458327841E-05
-6.06223520275821E-05
-5.93425374947464E-06
-7.40919870194367E-06
-2.05298341584039E-05
-1.8197586611532E-05
-3.31322433743207E-05
-9.42304806230478E-06
-1.61146605727036E-06
-1.83763067881507E-05
-2.56844708846852E-05
-1.5325168150584E-05
-5.62222979506763E-05
-2.21411955798895E-05
-1.03039673059144E-05
4.9961332385031E-06
2.03264225987901E-05
2.24383770498633E-05
-6.19310834584593E-06
-1.12998540897998E-06
-1.03349664632987E-06
-4.10496915685192E-05
-4.2518030135079E-05
-4.27757676122013E-05
-1.84219030572951E-05
3.4587011883562E-05
3.19038293291431E-05
-1.86034992276161E-05
-2.53018681631049E-06
1.58059878050618E-05
8.18524639996451E-06
-3.72398680276797E-05
-1.41710098058722E-05
-1.62639202369981E-05
4.50545410664147E-05
2.44580333211128E-05
3.35425494436267E-06
-5.93938682797992E-06
3.44520428566389E-05
-4.54638134898842E-05
-1.29928909712987E-05
-3.74785217076146E-05
2.07036077651318E-05
5.25358795168157E-05
3.10042395172066E-05
2.28653140570651E-06
3.92657312526207E-05
1.47487937052645E-05
7.74223308636542E-06
-1.53467912111881E-05
-2.48626125214228E-05
7.69714746314566E-06
7.19908572810664E-07
-7.37080053536654E-06
1.44572451298937E-05
-4.02531955791945E-07
-3.39865727221787E-05
-5.77424678777861E-05
-6.0588013135456E-05
-3.38579760648809E-05
-5.44165393609164E-05
-7.19106084319349E-05
-5.85337735374303E-05
-4.08788656555542E-05
-7.4568203962374E-06
2.76438652942309E-05
7.17682550937394E-05
3.35857064096519E-05
3.61085075780253E-05
4.53221622301529E-05
5.11753345506971E-05
1.64859290750406E-05
1.64483660076132E-06
-2.20404547253205E-05
1.95001453133624E-05
3.40257677840149E-05
9.33455962295445E-07
-1.65596858469294E-05
-5.46624235231707E-06
-1.49943841769447E-06
-4.10670554131269E-05
-2.98624130434105E-05
-5.28949393258885E-05
-2.45719679159069E-05
7.44676525094239E-06
2.13360555767352E-05
2.82634198396614E-05
3.78020796092648E-05
8.6657330520651E-06
2.76493563062185E-05
4.73263044754871E-05
3.96903042534675E-05
3.35181049351884E-05
2.86739425009259E-05
3.16802144580342E-05
3.60372084815334E-05
4.41776334440612E-05
5.98198389114598E-05
2.97364059852645E-05
4.34720277079522E-05
1.11462430884304E-05
3.80674748187557E-05
6.58420705439564E-05
4.42313442206116E-05
1.60811606444195E-05
1.05704628646306E-05
-1.42471754582187E-05
1.35895132985249E-05
8.09497993207578E-06
2.38313252910689E-05
-8.40138548536649E-06
-4.30357306178288E-05
-1.54775180194436E-05
4.96416730474897E-06
1.50458148170643E-06
-1.87461786835716E-05
-2.35177212926978E-05
-4.41803581517487E-06
1.07935249588555E-05
1.18439776219808E-05
-8.76246871396546E-06
-4.17892694295644E-05
-2.69253823856641E-05
-2.120391439317E-05
-3.62239381178122E-05
-2.67291885717597E-05
-1.45332203786509E-05
-1.28498954294402E-05
2.44542105781677E-05
1.6386788477994E-05
-1.52280771932629E-05
-1.18376123530548E-05
-7.36808882579112E-07
-4.05197954081176E-05
-2.30188054596109E-06
1.3931353053182E-05
6.73957561580136E-06
8.51650729540497E-06
3.82252207869069E-05
3.67996915377548E-05
4.89151710425707E-05
4.63878264442524E-05
3.16256837722852E-05
4.09234711377403E-05
3.59141710678997E-05
2.23300432494238E-05
1.56753481328683E-05
2.14270405437947E-05
-1.0044228954697E-05
-5.04648179753016E-05
-2.90735931593399E-05
-2.25068079502402E-05
-1.11358894816536E-05
-3.40020088147001E-05
-5.94578381409366E-05
-4.66066908138706E-05
-2.66844635558131E-05
-5.09979960951489E-05
-4.3806764034392E-05
-1.76830072010162E-05
-4.24871220502726E-05
7.13984960391159E-06
4.48796197236635E-06
5.07015145136662E-06
-3.39193384189093E-05
-5.38111355670087E-06
-4.37349648722151E-05
-5.78085622681702E-06
-4.10972131343133E-05
-4.26165682751616E-05
-2.53865634395845E-05
4.74828291019574E-06
1.72751050775495E-05
2.12040633145981E-06
2.07654931877509E-05
1.65066835428945E-05
5.32419248018872E-05
1.3580320119455E-05
-5.97869749199097E-06
-1.95004955436163E-05
7.63745226225483E-06
-1.29765505588022E-05
2.90612219142438E-05
-4.78091368451822E-05
-2.79702284606967E-05
-4.28939274294556E-06
-6.06363058315182E-06
2.35195942361831E-05
3.39177934013398E-05
3.45104026824834E-06
3.36420555827749E-05
2.13924612899931E-05
1.97792196396625E-05
9.41985995338885E-06
-8.77051810735375E-06
-1.59760198893164E-05
-1.67119274841483E-05
-8.99968649345233E-06
1.88777394237345E-05
2.72291354911546E-05
1.89173474282679E-05
9.06330513286557E-06
-4.43571671216006E-07
-3.95531553197161E-05
-2.12885077601656E-05
-2.43395259382611E-05
-3.92153964369047E-05
-2.67170551379368E-05
1.21573065652779E-05
1.72038713620463E-05
0.00010042262869162
9.18367035023734E-05
0.000104817753689119
9.36861810704821E-05
9.54234037911861E-05
6.99021668269413E-05
5.03559704883098E-05
-4.48626302349014E-06
-1.72335860536253E-05
-1.45707842555266E-05
2.56827797037255E-05
3.87904829370681E-05
2.4890452084322E-05
4.73025240383131E-05
4.80792778874145E-05
4.23762876997497E-05
3.85392542466135E-05
1.53995019967473E-05
3.44603109397877E-06
2.39489662824861E-05
2.70415955996059E-05
4.46919353514715E-05
7.92694328292406E-05
6.72822323558543E-05
7.48862595621222E-05
7.13276693584285E-05
2.27095355579281E-05
2.73993470090044E-05
-8.29317902666045E-06
-1.96901990702453E-05
-3.1195546069073E-05
-3.98583069145367E-05
-3.31668481759233E-05
-1.91816778176166E-05
2.67241853472101E-05
4.83078636815042E-05
1.79080949537915E-05
1.56606195427721E-05
-4.64784726863657E-06
1.45829701862367E-05
4.14512751978868E-05
-2.33433100056676E-05
-2.26235319962292E-05
-8.09196485717998E-06
-5.34946146506851E-07
2.62243962526613E-05
-1.61322881617303E-05
-2.73007933604038E-05
-3.10296532359206E-05
-4.52153129373792E-05
-8.20091874075011E-05
-5.31808244078401E-05
-5.20366807251327E-05
-4.99719105132131E-05
-6.02264006566788E-05
-5.49445656092994E-05
-6.11491903443848E-05
-3.69328211385288E-05
-1.01412595510482E-05
-9.10663819827141E-06
-1.93187329665974E-05
-2.73539990492544E-05
2.37090589426911E-06
3.42988440020343E-05
6.62168265536831E-05
2.92527120666883E-06
-8.35359559008509E-06
4.25143236258817E-06
1.81752385421863E-05
1.11918363423676E-05
1.81856716532673E-05
-2.17529860764563E-05
-2.11035031792947E-05
-3.55008099784546E-05
-2.87268446495886E-05
2.55243238565704E-06
-7.42793044099931E-06
-3.91503920129836E-05
-2.0097553898295E-05
-2.24324153138118E-05
-7.11102704868147E-06
-1.8280007444053E-06
-1.63548211331539E-05
-4.51973550564299E-05
-9.40007577992493E-06
-7.77003816503256E-06
1.13495489794237E-05
3.56119091080088E-05
3.2825753705817E-05
1.38999517667714E-06
2.99215125253351E-05
-5.53013594945544E-06
-7.89468640025172E-06
-3.53611436946276E-05
-2.45749224805299E-05
-5.41424827970559E-05
-3.17652200055835E-05
-4.33270201173705E-05
-1.70803726629539E-05
-1.55865976352157E-05
8.923235849612E-06
1.13997156465385E-05
5.31244370386831E-05
3.96048944450374E-05
4.5957569110546E-05
9.97395928880064E-06
9.51994806176124E-06
1.7728154454582E-05
-1.27259430358065E-05
-5.68957863865399E-05
-7.22273064811785E-05
-4.27247625416876E-05
-2.27890474138299E-05
-5.38574601833767E-05
-6.00004328517777E-05
-5.495003597688E-05
-3.16848121783282E-05
-6.33840781596149E-06
3.57103126361864E-06
3.35758666003364E-05
3.94012205761477E-05
5.68205237958316E-05
3.7695652468322E-05
3.22979243637484E-05
5.71121689822416E-05
3.49897039562752E-05
3.32508005926301E-05
4.52538724787369E-05
4.16419704621498E-06
1.76002899609568E-05
4.34763359476835E-05
2.55982500060155E-05
-1.68985434352322E-08
-2.41380096402054E-05
-4.22910646641436E-05
1.00689546903295E-05
1.82521755780283E-05
3.29585798827026E-06
1.38660673427867E-06
3.42251024161262E-05
4.60013595947425E-05
8.82407378356444E-05
7.7782173076606E-05
8.10266164666346E-05
5.07222002703973E-05
6.41786749194605E-05
2.74448171575153E-05
1.65689037743932E-05
2.39159671922589E-07
-2.75889779540231E-05
-3.65143287259071E-05
7.21157536401422E-06
-1.79121982487924E-05
-3.11729764614356E-05
-8.97539754874728E-06
8.36230783311423E-06
-1.82650913793163E-05
-2.91470899001621E-05
-6.05965208400202E-05
-4.52464229777228E-05
1.16668323159157E-05
-2.24597124897975E-05
-5.13895723166089E-05
-2.40889667318206E-06
-1.3289707103395E-05
-2.43099208113961E-05
1.440829988248E-05
-3.183652882498E-06
-4.11159728389231E-06
1.8622731727275E-05
-4.53136470885308E-05
-2.74816338533903E-05
-6.15133833877038E-06
-5.75304192695562E-05
-6.5977348301044E-05
-3.89425030057619E-05
-1.83484811498748E-05
2.33182254074035E-05
3.45932455223877E-05
2.04981267537856E-05
2.67544666614595E-05
4.59139661970537E-05
1.48295645578042E-05
-1.02718168151297E-05
-3.64699492072581E-05
-8.05431567270566E-06
-1.78072768994585E-05
-4.0949260115882E-05
-4.58340686910354E-05
-2.59870786139062E-05
-2.57652420709491E-05
-8.26436145263848E-06
-4.28481178411938E-05
-6.64179906703491E-05
-4.62084471758209E-05
-7.89256995631373E-05
-8.77880975481088E-05
-6.77285798111568E-05
-2.10109733475519E-05
-2.80289014619091E-05
3.2947372712997E-05
4.41343852538755E-05
9.70035472701683E-05
0.000152065782900943
0.00010374927845735
6.79855476196589E-05
0.000101267822057239
7.44934387073624E-05
9.51780714118959E-05
6.44502970149351E-05
3.2971927165613E-05
6.40969521010758E-05
1.80253667127675E-05
-1.75835596975803E-05
1.95084352862742E-05
-5.11596052972823E-05
-3.01392504288374E-05
-3.59989140082749E-05
-2.61690361438555E-05
1.17159555836917E-05
3.4254415159763E-05
2.34439428287755E-05
6.90138139962434E-05
7.41557269499672E-06
1.26607977706741E-05
-1.52983768034354E-05
-1.83864905744058E-05
-8.23144473502936E-05
-9.10793991745433E-05
-6.78303624750787E-05
-2.61939312352085E-06
-1.52082362445982E-05
1.27964607064054E-05
-3.33377745961004E-05
3.50412453242068E-05
2.90437773628642E-05
-4.80196023749476E-07
-3.95225658230781E-05
-3.95590909231131E-05
-6.00182320657824E-05
-1.41825095355767E-05
-4.16968367258013E-05
-1.29692710585667E-05
-3.72541980016301E-05
-4.65766390192106E-05
-6.07633318747011E-05
-4.49826245946263E-05
-2.99757241160576E-05
-2.81126359093318E-05
-4.09309102979904E-05
-5.51943682423134E-05
2.88015078015065E-06
2.91101621968996E-05
1.8436599117362E-05
1.3413111552401E-05
1.87384191276915E-06
-4.18619729400269E-05
1.05311217434345E-05
-1.382972952637E-05
-3.53589698981557E-05
-1.66350235447239E-05
-2.4634564004078E-05
4.53677641411338E-05
7.50767399352135E-05
3.99086231760442E-05
2.6434230068252E-05
5.32854872926763E-05
1.24166842062669E-05
1.34668110315622E-05
-2.25964264996056E-05
1.47627583719648E-05
6.42973458313798E-05
6.36390254974028E-05
-6.44253539868615E-06
4.28129290455094E-05
3.41132234067759E-05
3.5402330018097E-05
-7.35740653282078E-06
-2.08359180749803E-05
1.70625455146536E-06
7.39605882732006E-05
5.17242465546269E-05
8.06840733319747E-05
3.7951277999747E-05
1.49687307670968E-05
-9.89172972273582E-07
-2.6936040611945E-05
-2.72539163903213E-05
-5.41772929905269E-05
-4.33443377335786E-05
-2.39701585815572E-05
-1.66873501365295E-05
-2.93945563607169E-06
-2.41378877990418E-05
-2.68090596195001E-05
-1.32182576438073E-05
-3.4320354330988E-05
-2.51837820869773E-05
-4.07825292037322E-05
-2.50904141236395E-05
3.12929974413255E-05
4.67898973073873E-05
6.41429010409757E-05
3.09374348849741E-05
1.52577360657894E-05
5.77821961032566E-05
4.58737225834157E-05
3.6520607541681E-05
-1.96420341481723E-05
-2.32335870748622E-05
1.9171765129758E-05
2.8195200719548E-05
7.03374110676702E-06
4.933243536938E-06
1.55222242837441E-07
2.3575121945452E-05
3.76388149389268E-05
1.13203976493045E-05
2.13345295377878E-05
1.3743810646298E-05
-8.70783730227329E-06
-4.73646426507863E-05
-2.63336163721474E-05
-3.34433884107668E-05
-3.81888944815582E-05
-4.20229490959728E-05
-2.15975937200954E-05
-4.26486745368936E-05
-8.32956540844723E-06
-4.64088093712996E-05
-6.98980042741706E-05
-0.000144870992155654
-0.000120515696476305
-7.70359565936558E-05
-3.3097255935604E-05
-3.76533800856465E-05
-4.29638786579232E-05
-1.13054323314024E-05
5.56403812033657E-05
2.81034036494277E-05
-1.36931837232439E-05
-3.6395493840626E-05
-4.8428215569699E-05
-2.23985969713857E-05
-7.11301447218133E-05
-4.10954629539334E-05
-3.84387948786995E-05
1.68392842234973E-06
7.68427116021952E-06
2.92024261079851E-05
3.44030613710161E-05
4.40818378906664E-05
1.10689696166849E-05
-2.71521744751977E-05
-3.79254171209391E-05
-5.92864075504747E-05
-5.9837802237144E-05
-6.70046735709183E-05
-2.90336044058447E-05
-3.59453536659638E-05
1.79707929033822E-06
-2.65838367769206E-05
2.45377959973523E-05
-3.66832814210884E-05
3.27347796129541E-06
-2.96369702585624E-07
4.10760394425873E-05
5.02460207987905E-05
2.76364706329636E-05
-1.31347493638049E-05
2.87011145250184E-05
-4.1732660519419E-06
-3.09429586901296E-05
-2.18964521873911E-05
-4.08399093091496E-06
-2.86356151850733E-05
-2.32013618597443E-05
1.43199880183649E-06
3.40094455420613E-06
2.46103173926541E-05
1.67287170482211E-05
-2.6529250869548E-05
2.55900040506042E-05
-1.37615844736734E-06
-2.13603110794113E-05
-2.61374444918028E-05
-8.8237752507809E-06
-1.41527499290714E-05
1.36279720455308E-05
-3.41364388554242E-05
1.71845677297746E-05
-1.87282129670652E-05
-1.30578648052199E-05
-5.48805556718087E-05
-1.12200721619797E-05
-4.51363494021523E-05
1.18051353332042E-05
-1.37892634538302E-05
-2.63450285684505E-06
2.67965719716847E-06
3.83886908310455E-05
-4.35070691827965E-05
-3.54635668173673E-05
-5.11215274657098E-05
-5.24825611890821E-06
3.62341434212796E-05
2.33440202034295E-05
1.66321095477125E-05
4.40530272084266E-05
7.30795711177472E-05
9.24498482530479E-05
3.79147755187072E-05
-1.2343133810495E-05
5.60579300001625E-06
-2.28021696075074E-06
-2.60302443930189E-05
-1.8894375859712E-05
-1.42189399666815E-05
5.20562556726646E-05
5.56801062249602E-05
2.44997134370361E-05
1.64489589069039E-05
8.39626108283264E-05
8.11490567156797E-05
8.41211071451335E-05
2.63076791094706E-05
5.10888320781451E-05
4.64357705269437E-05
2.99097422136203E-05
3.19692319648713E-05
-1.76296361327193E-06
-3.10419558950746E-05
-1.67323313224311E-05
-2.38732836600345E-05
1.72041048872453E-05
4.98887479794536E-05
3.4903574574969E-05
6.80301032379791E-05
6.8727611032959E-05
7.10702221577307E-05
3.02552074148818E-05
1.24000685895694E-07
6.87860225138295E-06
-9.18249403563958E-06
-1.28490882952266E-05
-2.54608453254806E-05
-4.71569432740509E-05
3.39129195236828E-06
7.29077556194159E-06
-1.7781597466625E-05
-3.53386264894228E-05
-4.75356358627812E-05
-1.01084697753771E-05
7.81743951558655E-06
-2.9893834574489E-05
7.22714288778476E-06
-1.52511204139008E-05
-6.98506688849988E-06
-3.13772493655804E-06
-2.61910691758326E-05
4.5991562076309E-06
6.98725655044312E-05
1.65307955373915E-05
1.62519870790854E-05
3.24208982726298E-05
3.91676949471137E-05
2.93158402446927E-05
-1.34542354522164E-05
-5.46084715161928E-05
-3.57753724808849E-05
2.56269651430884E-06
-6.88995307387088E-07
-1.13774662984255E-05
-1.72593054678156E-05
-1.52190896223546E-05
-6.73398280760679E-06
-9.93120353487131E-06
-3.15101633428632E-05
-3.63926157788243E-05
-2.70322465810996E-05
-6.69197228603496E-05
-4.51828624090601E-05
-4.10413563080382E-05
-4.16974441609184E-05
-4.78378082031726E-05
-5.94089883958633E-05
-3.56467039483859E-05
-6.69188947505711E-06
-1.72726361075364E-05
-4.1004191199292E-05
-3.65929498152528E-05
2.27413859204334E-05
-2.40971811324241E-05
-4.23338677782682E-05
-4.6691801916839E-06
-1.72392144054547E-05
2.32264254724244E-05
-1.26793363868789E-05
-8.80860855073602E-05
-4.39955149489163E-05
-6.61955168085974E-05
-3.5814409722126E-05
9.7085170505858E-06
-3.25842785728919E-06
3.56843806861757E-05
7.92979701037903E-05
7.53020076199176E-05
3.38699418204898E-05
3.47016273675893E-05
3.24569612474441E-05
3.29403516280965E-05
2.46808882433112E-05
3.28854510776316E-06
7.4528257930523E-06
4.92696591156479E-05
-3.01091180748855E-06
-1.18557048684914E-05
-2.34603234164095E-05
-2.58708776110618E-05
-5.90466473710702E-05
-2.94644153312017E-05
-3.36616650396274E-05
-2.05385531802425E-05
-4.37345151234308E-05
-7.49976345739364E-05
2.65956300161279E-06
4.35213371487038E-05
2.52884236507473E-06
-5.9587400062163E-06
-2.23974097161573E-05
-2.41615457565504E-05
3.70873093958705E-05
-5.8716105369916E-05
-5.33562357921981E-05
-3.73778572098584E-05
-3.88961436095553E-05
-3.15413325197136E-05
-8.26386604009995E-06
-4.52858310743058E-05
-5.04906596581716E-06
-1.56065509466782E-05
-2.70017138890259E-05
1.38241975069068E-05
1.81539849923864E-05
-2.07525974887999E-05
-1.56866060407883E-05
-4.34709719982335E-05
-5.53520646726767E-05
-1.74744341468357E-05
-3.35605559445776E-05
-1.71779859995066E-05
-3.43836719959485E-05
6.14112079523257E-06
2.39340833814713E-05
2.4471803778752E-05
9.9443987675616E-06
-7.96536348101929E-06
-1.15824471786503E-05
3.57982647239394E-05
4.89518085713188E-06
-6.67659271512227E-06
5.60222570555471E-08
-4.25105845146572E-06
-4.94831275879722E-06
2.95673730536483E-06
1.30017565745166E-05
1.66604291491288E-05
3.61917635629346E-05
4.49732301669055E-05
4.99102316836885E-06
8.63795236090381E-06
-1.85398308632402E-05
-3.05681756131636E-05
-2.09257385838162E-05
-2.41504218734067E-06
1.10509973402955E-05
2.76341622931544E-05
5.09335691390974E-05
6.52308000257419E-05
5.14436765868307E-05
1.71469071508676E-05
-3.32589426452274E-07
-1.13666007798392E-05
2.44020539736571E-05
-3.80290133354752E-05
-1.23010005615984E-05
2.86041087652652E-05
3.58531382705086E-05
2.14374161254873E-05
6.29636894264731E-05
3.55446034801222E-05
8.76085899896788E-05
3.46286659162137E-05
5.93517610187829E-06
4.51932857611159E-05
-3.39008016990668E-06
-7.03891410030802E-05
-5.87969710065227E-05
-1.91379977045671E-05
3.17466932490771E-05
3.24154611400175E-05
2.93607536745136E-06
4.94598448614028E-05
5.56020229267324E-05
6.67068269507837E-05
2.44666306837816E-05
3.28375875869463E-06
8.60188391890016E-06
9.37181499158302E-06
-7.28012880221887E-06
4.5313047489523E-05
8.41252078417969E-06
6.05571661230563E-06
-6.45183372224292E-06
4.03353526675814E-07
2.72304814301815E-06
2.78158677826221E-05
-3.86059312478641E-05
8.30834143019596E-06
4.04821560892123E-06
3.04784466735995E-05
-5.53421616552504E-05
-7.34217173718161E-05
-8.17968304794761E-05
-4.05652063971641E-05
-4.92683097949737E-05
-6.27635285666244E-05
-5.76454499094625E-05
1.4724568065206E-05
4.01324411425864E-05
3.7362009079739E-05
5.08879256133044E-05
2.8923639986036E-05
3.34726659833364E-05
-5.2486403130636E-06
-1.98253467945981E-05
-5.57428192582948E-05
-3.59497306863321E-05
-1.69295433185603E-05
-5.77756607104918E-05
-5.09050992511041E-05
3.56716464634217E-06
-2.23079130753304E-05
2.1309385899353E-05
-2.77878894977793E-05
-8.83902122594434E-05
-2.85316252237582E-05
-5.0483610629384E-05
-9.68841769730914E-05
-5.73261310004556E-05
-4.75748302862009E-05
8.20218417705857E-06
9.07237336847043E-05
9.63240238222181E-05
0.000111430232734977
0.000104290192046958
9.41455191109393E-05
8.39563470993306E-05
4.91467296569602E-05
1.07163388954934E-05
-6.58544424832092E-06
-2.91432214502178E-05
-1.84258853627914E-06
1.77425859574553E-05
1.47754046005795E-05
2.69147782295936E-05
-1.67045111704888E-05
-1.55362183675585E-05
1.39043307962584E-05
2.07960116999198E-05
1.95646927219289E-05
-8.44963161728944E-06
-7.77742035378734E-06
1.56459526458459E-05
-2.57298095662229E-06
-8.88475662941013E-07
7.21809797935345E-06
-5.6059842456785E-06
1.96460319914238E-05
7.88465314168767E-06
5.88859927351803E-06
2.18986229589306E-05
-2.07410259528907E-05
-3.64818047901737E-05
-9.88819988496204E-06
-1.72267902210216E-05
-6.44308029675995E-06
-2.52005277931527E-05
7.94056312536137E-06
6.15145573141999E-05
4.93118120668213E-05
9.09147270574677E-06
1.14237291536686E-05
-8.01122899196822E-06
2.43882343844074E-05
-1.85172741654613E-06
-1.23008829327085E-05
-1.95467962971274E-05
-1.61571751762032E-05
-1.13748549901278E-06
6.18431805586943E-06
3.23987888321845E-05
2.80560875773104E-05
3.92195431677144E-05
3.59921328817518E-05
2.90416779452289E-05
8.49671291376931E-06
2.85908207360187E-05
-1.80276211797348E-05
-3.47401377254893E-05
-6.02853314614492E-05
-7.2849914644132E-05
-5.77120678449593E-05
-3.00809596572281E-05
3.19737980014175E-06
1.7810155270591E-05
5.83332994968257E-05
9.67815897903782E-05
7.26850405958687E-05
5.08743403825598E-05
1.69157537665801E-05
-1.88365326161688E-05
-3.0504899249799E-05
-5.18727498329437E-05
-8.47886983751652E-05
-3.57512727836101E-05
-5.59256093790966E-05
-7.92468413073853E-05
-6.81348991030031E-05
-6.32018528680351E-05
-5.066818271207E-05
-3.43268244523594E-05
-1.68832237553524E-05
-5.52772017849197E-06
4.01234798790395E-05
-2.41107619432039E-05
-2.94874509606818E-06
-2.98407029540491E-05
-3.55205928240769E-05
-7.57297062987982E-05
-5.52502771361723E-05
-3.52181281142112E-05
1.45361751459302E-05
2.1125181082286E-05
3.27009248086165E-05
3.90836319486728E-05
5.61121830892968E-05
5.60515939240781E-05
3.51642585603209E-05
1.34861494451564E-05
1.16551238259646E-05
-2.78126323815042E-05
-5.72812918527189E-05
-4.35054783742327E-05
-4.14008888501756E-05
-5.87353519175503E-05
-3.53418729810664E-05
-5.00543063099197E-05
4.34104812680981E-05
6.35342318806814E-05
4.92091302454749E-05
5.24175087552263E-06
2.65772985945775E-05
-4.78629641548491E-06
-1.46205949345764E-05
-7.83947863426856E-05
-6.05912576724528E-05
-6.64134239838199E-05
-4.01228771698349E-05
-3.68115174722644E-05
-1.1205037590911E-05
-1.58815344770645E-05
2.52553845531731E-06
9.33112850747668E-06
2.90871445003229E-05
6.57163660305378E-05
5.4331415940733E-05
5.18260677839033E-05
2.02687738141813E-05
9.51773962933596E-06
3.0058347317151E-05
1.2455711457202E-06
-7.74774488355134E-06
-2.31660637240904E-05
-4.61291599489083E-05
3.23312954260234E-05
1.74853824526591E-05
-1.17903569444223E-05
-2.1407324443767E-05
-3.3304703762056E-05
-3.15928132270237E-05
-2.08157834582362E-05
-8.23917267103186E-05
-3.46592535438086E-05
-3.68784192789468E-05
-3.88966626926083E-05
-4.90115777794344E-05
-2.83445199813256E-07
3.0583264637325E-05
7.23808195449052E-05
7.14101209692589E-05
5.4275964780532E-05
8.59928305151255E-05
9.68402603849681E-05
5.1856258834767E-05
1.12052995709985E-05
3.65186705581226E-05
2.08323163981053E-05
4.21359929786676E-05
7.3932556617495E-05
7.78941861887849E-05
4.59184467444751E-05
0.000103562105073294
5.92631206544271E-05
2.169909007989E-05
-5.73502166458454E-06
-4.43358101129147E-05
-3.07027727939293E-05
-2.0457745377377E-06
-5.05817576509016E-05
-6.03179078714279E-05
-2.01211060841494E-05
9.67399762341532E-06
-9.42621323976008E-08
1.42322292967988E-05
-2.80328318977868E-06
1.01640255185366E-05
6.2546598555572E-06
5.39945945839549E-06
-3.96192203634607E-05
1.46157991712598E-05
-1.8811822074627E-05
5.49298367795043E-06
-1.3745104725127E-05
6.28791097611016E-06
5.59717202524936E-07
3.55106113421172E-05
5.0761485711924E-05
1.70544299657982E-05
-4.40870465312913E-05
-1.73264140501576E-05
-3.0967733604314E-06
1.47494045777149E-05
3.74727002360415E-05
7.51369924053905E-06
2.93787829050809E-05
9.06639642743057E-05
7.33941807132869E-05
6.0189295296748E-05
2.78181474490696E-05
-6.43267681230725E-06
-9.93037579044899E-07
-1.20643190300582E-05
-1.64003687712065E-05
4.14553061026467E-05
-1.43242053281863E-06
3.66653685728271E-05
3.51349838443024E-05
2.93495547801113E-05
5.69425881662812E-05
7.22148263833961E-05
1.15855542340658E-05
4.46307658798422E-05
1.20176239158743E-05
4.66078814360237E-05
1.88977768403175E-05
1.29145006454839E-05
-3.44885419505505E-05
-4.7636740225265E-05
-3.46477393210862E-05
-3.99043012649886E-05
-8.80452157597306E-05
-0.000102906431508606
-8.88730305101031E-05
-7.0218355538963E-05
-1.82110391469475E-07
-2.72341029102028E-05
-2.59900514774552E-05
1.74595794710805E-05
2.70970112908146E-05
4.1841319720998E-05
-3.67578958208959E-07
-2.3998698537488E-05
1.55230773818334E-05
1.58871671994923E-05
-1.9722444120819E-06
1.15627681606192E-05
-2.61342622176275E-05
1.69508728910322E-05
1.9756989644629E-06
-2.95290515300022E-05
2.56981672472408E-07
-2.87940559393284E-05
-4.24119047242901E-05
5.78068947882778E-06
4.96143534783401E-05
1.21112388197995E-05
6.23423491413872E-05
3.71119527577301E-05
5.26401743494563E-05
5.19018064507966E-05
4.05172411465216E-05
-2.99121312331533E-05
7.64911133209702E-06
-2.92914303998611E-05
-2.31746116074269E-05
-1.56783153713687E-05
5.96078119920094E-06
-1.8364517120421E-05
-6.03674820754325E-06
-3.02469271593704E-05
-6.99131734636869E-05
-3.1427380058018E-05
-7.22753390462598E-06
-2.13227888401461E-05
-2.32908288278511E-05
-2.24248831541689E-05
4.31752161677018E-06
1.69085134026049E-06
-0.000103607864944431
-9.23077159243182E-05
-3.42105169797191E-05
-2.12033468616515E-05
1.3739544612523E-05
-1.45799236775016E-05
-1.09509952748803E-05
4.67665252695111E-05
1.5481275518065E-05
-4.8303552769199E-05
-2.96269066475886E-05
-3.73616866674544E-05
-3.54681528753153E-06
-1.87542986204784E-06
-4.59562239721985E-06
2.74691631537159E-05
5.07408155961044E-05
-8.21399843977697E-06
-8.29461117743661E-06
-1.14732707722889E-05
4.88029121692544E-05
4.04501978584977E-05
2.59432353253703E-05
7.68592106747852E-06
5.74284861139398E-05
8.75507238355389E-05
7.14097809332343E-05
-1.09121555839125E-05
9.69424331578023E-06
-1.93957919698062E-06
-1.13380023567224E-05
-3.45616898138582E-05
-4.0191189767246E-05
-3.32460496245901E-05
1.99289452343048E-05
2.05087122741409E-05
-1.90224261212823E-05
-3.90303588297042E-06
1.30254685043443E-05
1.85212288911512E-05
-6.7858888058821E-06
-3.92452318548664E-06
-4.56734508692809E-06
1.93085634190286E-05
5.64484723564554E-05
3.73804952555631E-05
2.11936384160176E-05
5.13081068307917E-05
7.72503468658145E-05
3.85666870597242E-05
4.51117782273289E-05
-2.14096170450513E-06
4.20147906182486E-05
2.15568258491616E-05
2.05953993566082E-05
-1.93886721817204E-05
1.36266741805942E-05
5.33579332879336E-05
6.21191668129199E-05
4.07035576749241E-05
4.85616351592052E-05
-3.54996964318151E-07
-1.04383192953559E-05
-1.93100027297743E-05
-3.961433764702E-05
-3.60109720402452E-06
-8.9934664165997E-05
-9.69259066357017E-05
-5.20556232392993E-05
-3.59161171017304E-05
-5.32170337715653E-05
-7.14034753858626E-05
-9.00839624674203E-05
-6.36273577364043E-05
-5.25346960851063E-05
-4.56968764633475E-05
-4.22564292149357E-05
-2.39531547511978E-05
9.20201234351827E-06
-7.27910592176072E-05
8.15629830643654E-07
1.47350355844336E-05
-1.88038951746494E-05
-4.21467947443643E-06
2.68813221305719E-05
7.84569955539063E-06
9.26212283971538E-05
4.90989023938399E-05
3.75737811627691E-05
5.57662066274987E-05
1.39486156248541E-05
-2.89848482831441E-05
-2.58691904410252E-05
-5.08856504589532E-05
-4.80850061982072E-05
-5.60658097755417E-05
-5.85316960727291E-05
-9.12610597773806E-06
2.66525233717251E-07
-2.4162605722402E-05
-1.66689656126009E-05
1.14249280740135E-05
2.37898244554647E-05
7.40381520934512E-05
1.2865829688989E-05
2.70677660396018E-05
2.41077072652401E-05
1.97669010376486E-05
1.02245834317491E-05
2.5021775934224E-05
-2.11332723565427E-05
2.31305917257415E-05
1.75833898952748E-05
-1.99777422704741E-06
-1.32144197599076E-05
-8.45912229659603E-06
-1.65640806009526E-05
-2.06071764696052E-05
-4.34755781715895E-05
-3.37877982653442E-05
-1.31224776296733E-05
1.66354838174866E-05
-1.4045452961281E-05
-9.2549066963964E-07
9.61654213852316E-06
9.33574645090915E-06
2.49912290008188E-05
1.53162055084663E-05
-7.64757713997292E-06
4.16750770824687E-06
-8.98945965956985E-06
-1.35127398290678E-05
-3.17144594352028E-05
-4.72158657026064E-05
-5.7536237896437E-05
-2.99493763253862E-05
-2.02373543934924E-05
-2.07185686043388E-05
-3.93411111321551E-05
-2.07096361945782E-05
1.46186856603205E-05
5.28636640575832E-05
2.34647172600469E-05
1.58943119127026E-05
-1.28905777057211E-05
4.14949368513042E-05
7.12194358067073E-05
6.24872259601447E-05
2.78310074267835E-05
4.50982935899817E-05
4.54110746327457E-05
6.13364589360931E-05
5.3798952526005E-06
1.10004882170675E-05
-2.92429417692799E-05
-1.55254767972933E-05
-4.33318154165112E-05
-2.90436693537407E-05
-6.63792948065806E-05
-4.65979885452235E-05
-4.96323257514197E-05
-2.77856308843969E-05
-1.25908962789003E-05
-1.19963414805242E-05
-8.82904019127265E-06
4.45699125299966E-05
5.98229592148805E-05
4.49226361682726E-05
3.8489858534982E-05
3.83791265540271E-05
3.1741283551186E-05
5.78725207647368E-05
6.91644492771146E-05
6.17980179170488E-05
6.18585903076538E-05
3.83851491287679E-05
5.21291219896007E-05
5.49987794452511E-05
1.65001471430079E-05
-1.24460290504634E-05
-2.73750584710361E-05
-1.36722126759844E-05
-3.68187345188975E-05
-3.95277794842819E-05
-2.18717211437592E-05
-7.63358460916165E-06
-1.35311136135858E-05
1.76344522627923E-05
2.57069758610151E-05
4.47270160262909E-05
2.13544285028531E-05
1.64453905664421E-05
2.26374956910853E-05
2.63919208020949E-05
3.50039738089454E-05
-4.71816073106247E-06
-9.11145896510662E-06
7.18744481752248E-06
5.96736964014368E-05
4.12416853480543E-05
5.53798825617464E-05
2.01041238279617E-05
2.25757999199412E-05
5.96071929576262E-05
4.82254126018016E-05
-8.66709360482326E-06
-1.60788203778014E-05
-1.71869722828429E-05
-2.98429184823398E-05
-3.61224007582351E-05
-9.90361264834332E-05
-6.63402661072246E-05
-9.02026911713977E-05
-6.26906938141634E-05
-7.17276478006345E-05
-4.7985607891604E-07
3.86171335718384E-05
9.36613428096847E-05
3.36643729357288E-05
8.74166895253048E-05
7.48433105391842E-05
3.16009088900479E-05
1.61077926470835E-05
-5.12958173515374E-06
-1.16505795553621E-05
4.08956831529954E-05
5.04947423588684E-05
2.17277105649628E-06
4.53230032423868E-05
1.75568741427589E-05
5.4775754176277E-05
6.96607906499551E-05
3.06401530622147E-05
-1.21761316539538E-05
-1.11640959777811E-05
1.51164576789975E-06
-2.26647412034782E-06
-6.70402769655324E-05
-4.64850794582588E-05
-3.83630782378002E-05
-1.48531683551761E-06
-9.1153852269135E-07
-3.06880770069522E-05
2.47204768905942E-05
2.45572895297107E-05
-4.03186786888895E-05
-2.75141208065401E-05
-4.36185458898121E-05
9.26718616811439E-06
3.566579058213E-05
1.92058388485224E-05
3.34908610605981E-05
5.17261361522407E-05
5.34750789845065E-05
3.33912889718403E-05
1.40277974683954E-05
2.35899451794522E-05
-4.25114445278481E-05
2.60551407259532E-05
4.54946527757697E-05
-2.33257850655118E-05
6.15859230412896E-06
2.44705515160029E-05
1.42421180294877E-05
-2.66021537191831E-06
-5.47624828601015E-05
-5.70925374328396E-05
2.38617375448337E-05
2.38370777861375E-05
2.31132083686218E-05
-8.0761651932466E-06
4.03221701291509E-05
4.15562201435503E-05
4.4820063885648E-05
5.9973528483643E-05
4.75706110130284E-05
8.4583341131681E-07
8.87231370386124E-06
-4.16471726114182E-05
-7.01345670217985E-06
6.7530842091258E-06
-1.17754756812722E-05
-3.79366816593343E-05
1.08968722512586E-05
-2.89818134011346E-05
9.77719156781597E-06
-3.92164239184513E-05
-1.38482768722118E-05
-2.63851847864169E-05
1.11463833091302E-05
-4.23198064899157E-05
2.86708382788026E-05
5.99871157562121E-05
1.46456004442224E-05
-3.0138405521356E-05
-5.28594018349153E-05
-4.85861424480068E-05
4.89673968443965E-06
-2.08319837372121E-05
-4.44206901587226E-05
2.36628669577139E-05
2.86262704458172E-05
4.79833345142615E-05
-1.6947134016966E-06
9.77981653757195E-06
-7.54551719485564E-06
1.67688096543681E-06
1.19792717086205E-05
1.01935207637038E-05
8.14071659498642E-08
2.51860314776527E-05
8.11165568971246E-06
-1.6422030544497E-06
1.03310055300598E-05
-5.90366190774841E-06
-4.3477326879628E-05
-5.02321464736558E-05
-3.69084406956621E-05
-5.81580978186387E-05
-2.87994579801386E-05
-6.43017690987383E-05
-5.95281484143531E-05
-1.68363450204883E-05
2.73880864923499E-05
1.16540046461877E-05
1.38902358797984E-05
2.14618241026795E-05
4.77936276367045E-05
2.85258516174002E-05
1.97476502212719E-05
2.53916817216202E-05
4.05022717430052E-05
2.53982496433673E-05
4.01617375661273E-05
3.55532318187512E-05
3.32589602902447E-05
2.62918243786436E-05
-2.06795317498275E-05
-3.0282879304741E-05
8.18474875686747E-05
6.72890025975862E-05
3.95985902334282E-05
6.2687182644108E-05
4.08126076291487E-05
7.20018726994945E-05
2.15436511884606E-05
-8.10879835364332E-05
-4.74827705342188E-05
-1.62663348181197E-06
-1.71270173552611E-05
-2.89403220146799E-05
-4.70050675690623E-05
1.01948141511747E-05
5.26447867999366E-05
2.26635178586003E-05
-4.0670139171093E-05
-3.36049377054774E-05
1.44990865752273E-05
-1.64137225612126E-05
-1.92621582301666E-05
5.81127848967439E-07
-2.34482354895747E-05
6.35850068978606E-06
3.42659034013305E-05
3.05062320123146E-05
6.51857600224891E-05
6.94330278171064E-05
3.03791828079079E-05
1.04554463491445E-05
2.94226271275747E-05
6.42213570137809E-05
2.76806137882898E-05
3.5365769498991E-05
-8.48238524369864E-06
-8.86706998177931E-07
7.11221985879881E-05
5.58722416776751E-05
-4.66124192008634E-05
1.66777524712126E-05
9.29738509850756E-06
6.67482699018389E-05
3.42131445874151E-05
1.18489252239089E-05
4.61817061171254E-06
5.02228643897105E-05
1.54490540493358E-06
-1.05280974289347E-05
-9.35844047178075E-06
1.43747667854076E-05
-3.30069701088854E-05
2.27014282431137E-05
3.45191391241813E-05
4.29539692375061E-05
8.63716233811378E-05
6.59566478891486E-05
2.59556925238352E-05
7.99173877480774E-05
4.49580173245572E-05
2.63198484825909E-05
9.64294268592948E-07
-4.16735041683489E-05
-2.00013837282493E-05
1.35101091636218E-05
1.18953586543151E-06
-4.81087088925106E-05
-7.38845434416517E-05
-3.67202214064076E-05
-1.8803417967776E-05
-4.96666636115045E-05
-6.55149246888129E-05
-5.75449152696212E-05
-6.89618833965976E-05
-1.27968138224722E-05
-1.34913127411403E-05
-1.2876768217377E-05
7.95262161794342E-06
7.69987321693084E-06
1.20725729644356E-05
6.91424579873296E-05
3.56035657743276E-05
6.70034973948066E-05
5.33886385771084E-05
1.66473379101159E-05
4.04830665355032E-05
4.13205787511707E-05
1.13124484612076E-05
1.38296764517183E-05
-3.39837280305681E-05
-5.49552704857447E-05
3.58180653110978E-06
-1.94218250321197E-05
-4.72841325107986E-05
-4.23095564171475E-05
-3.82279629115861E-05
5.87790837723094E-06
4.27073554476169E-06
-2.34565055098459E-05
-3.28409343845894E-05
-2.46622744308533E-05
-1.39771673187395E-05
-1.89095843565038E-05
-6.29363207817659E-05
-3.23886659622585E-05
-5.04434006586637E-05
-1.27833231779991E-05
-4.68187168541978E-05
-2.67828427402606E-05
-3.77754353164846E-05
-4.40061231464842E-05
-2.56788923036808E-05
-4.19387316396476E-05
-4.90086066513288E-05
2.2759687501956E-06
-5.92970720578754E-05
-9.02601189370045E-05
-5.84547424235384E-05
-5.29844923661666E-05
-2.37630079294069E-05
-2.11731476031777E-05
-3.71164493751289E-05
2.81291094659742E-05
5.71856533575444E-05
6.32312762111349E-05
2.78301001557735E-05
8.06634935769792E-06
2.26322958636709E-05
-1.12830865743284E-05
3.51904739259912E-06
1.67213056735988E-05
-3.29686783854463E-05
-1.73836458704227E-05
-2.15158955684682E-05
-3.42223220129989E-05
6.93354388166648E-06
-3.16351386812868E-05
-3.26637123341275E-05
-3.36095610458726E-06
-1.46553857777387E-05
1.25007542308416E-05
2.65151269633706E-06
-8.90502329320357E-06
-2.33639510204671E-05
-2.64469896577993E-05
-5.93608692785763E-05
-6.17939832818695E-05
-4.11323395192201E-05
-1.73703362644083E-05
-8.3096075137809E-06
-1.6334536736661E-05
8.63201210812552E-06
1.391912602976E-05
1.51325710890335E-05
-5.33436952639989E-06
-1.88107790895224E-05
-3.07423111210412E-05
-3.8315166839959E-05
-3.13654990390871E-05
6.21218371462527E-06
5.82633526521274E-05
4.43322901450618E-05
4.81270894688536E-05
3.73123827909808E-05
4.49084796927642E-05
-1.67957190983903E-05
-1.6153734109878E-05
-3.99186135830789E-05
-4.01864788431806E-06
-2.59150229759461E-05
-4.33740411030982E-05
-6.75612459773884E-06
2.70204298183926E-05
4.74707129912059E-05
3.26291950224756E-05
2.65074852959327E-05
3.22025665732242E-05
4.79656124569411E-05
3.57376492121126E-05
3.63906191550845E-05
-1.76298016289615E-05
-3.38130665351563E-06
-3.00172748223403E-05
-1.12867020303267E-05
1.27254206297824E-07
1.75925450131001E-06
2.59264038963901E-05
4.26993990721784E-05
8.13029227050617E-06
1.25555092719875E-05
-1.72947417036145E-05
-2.60046396416105E-05
3.66753705663049E-05
1.66147541817783E-05
1.53302562985276E-06
-3.20100392978594E-05
-2.24835732473104E-06
-2.76865949661707E-06
1.74310001199289E-05
-2.91479841477194E-05
-3.1982528311844E-05
-2.28754154476713E-05
4.43567956411553E-05
1.84623958612652E-05
1.56376411400903E-05
-1.31202572370218E-05
3.90822342531152E-07
1.42068400102837E-05
1.42445389641798E-05
-1.09865276730595E-05
-1.57916893206938E-05
-7.46575722003939E-06
1.98783641457999E-05
-1.43359976250193E-05
-8.72071466824904E-05
-9.17548835646129E-05
-9.82175149798533E-05
-7.32936493042055E-05
-3.9260050864178E-05
-6.14206650387205E-05
1.54740645270719E-06
1.49864703383475E-05
3.83717177188104E-05
8.07779331971498E-05
2.40254246230632E-05
3.44033335092088E-05
3.70638291560884E-05
-2.15062384161958E-05
5.76805914729867E-05
8.40576707231504E-06
-2.68415096196664E-05
1.12434870511635E-05
-7.78381866092438E-06
2.51149294577629E-05
3.87239742770477E-05
2.22997180340607E-05
7.11892767121946E-05
7.86302733236081E-05
6.13164201751204E-06
-1.21965442341478E-05
-1.19636532981947E-05
-5.02026668355886E-05
-5.38455807429067E-05
-6.36409436707415E-05
-6.4804071540986E-05
-2.13360777275419E-06
-2.13679699699475E-05
-6.36560209972976E-06
2.55270927102027E-05
-2.65630291208986E-06
1.39564100297941E-05
-1.68057898558488E-05
-2.96701379838499E-05
9.66190185439632E-07
-6.8818862253313E-05
-4.74154707984732E-05
-3.09971726825578E-05
-0.000110409918928925
-0.000118638978138504
-6.41806551222568E-05
-0.0001041279324926
-5.62792333732172E-05
-6.38314231167634E-05
-7.94586703818589E-05
-2.58108522059214E-05
9.9998784402103E-06
-1.9519271252293E-05
-1.28626539773283E-05
-2.25395053796402E-05
-4.63714320635041E-05
-3.23126115470002E-05
1.13183868224565E-05
2.70368114150732E-06
-7.74974158264891E-07
5.2937990270171E-05
3.24069697531776E-06
-5.61432691369021E-06
-9.46777069971048E-06
-2.58864192510115E-05
-2.60910247789544E-05
-3.38315614285743E-05
-7.53831343781988E-05
-2.95688595829878E-05
-6.04889324715777E-05
-3.50382655908063E-05
-7.48488699527148E-05
-1.97370256536731E-05
-8.29584693581806E-06
-8.89449029009051E-06
6.7350052328407E-06
7.72363890441847E-05
4.17880540521549E-05
6.29439436212606E-05
-4.55470054625865E-06
-5.49576408208705E-05
-3.47189030451248E-05
-2.21858358494752E-05
-6.89731452430435E-05
-3.39636934002489E-05
-2.70709618200422E-05
1.4677377632922E-06
5.13855467386497E-05
6.89776923208773E-05
1.82697328471278E-05
5.37550090821564E-05
1.83626221010461E-05
-2.54126897660061E-05
-5.75738990211741E-05
-7.62738167262946E-05
-0.000107619939556041
-4.84734666254302E-05
-6.72775936647333E-05
-7.11619245757058E-05
1.7161702462371E-05
5.30332778793517E-05
6.37242716133194E-05
8.41105694024677E-05
3.71129014810916E-05
3.82434606081236E-05
6.07714104043182E-05
6.61680605872097E-06
-1.81865938760002E-05
-1.57037159520781E-05
-5.05763868793338E-05
-4.24525166017992E-05
-4.07148632971276E-05
-3.56954012988236E-05
-4.05242211352769E-05
-2.60829938325264E-05
2.69538672553842E-05
5.30864436606207E-05
5.64844738111681E-05
6.50579253861824E-05
3.38988785301331E-05
1.08989763850635E-05
-2.44512377352816E-05
-9.30097538802024E-05
-8.98661409749036E-05
-7.50668111755412E-05
-7.28491634636295E-05
-7.80191422504592E-05
-4.31248093863174E-05
4.85735537782791E-06
3.95119799674811E-05
2.61270023077893E-05
1.5711122321578E-05
1.63604436028145E-05
4.1859816589918E-05
7.41461944181234E-05
9.3596261293498E-06
1.01453936897434E-05
5.73794839444396E-05
4.81264606741221E-05
3.82288467168828E-05
6.11339152954427E-05
2.92510809795745E-05
0.00010083133310918
7.29900385970475E-05
3.1714178196388E-05
4.62974951792747E-05
-1.72142858847192E-06
-7.87222418518374E-05
-8.0854612332469E-05
-4.55699924187608E-05
-1.85160731122388E-05
-1.74828981049971E-05
-4.73509404340884E-05
-7.16022733620475E-06
3.9412943241036E-05
4.03125202463748E-05
-3.20082095955014E-06
-2.64566902106311E-05
-4.73944336486967E-05
-4.35741104954747E-05
-1.13589942925171E-05
1.42949746385642E-05
2.12750236764409E-05
-7.05318667683264E-06
1.78822031751599E-05
3.85419887316219E-05
6.34895144959354E-05
2.42355337773685E-05
4.68637410811721E-05
4.32018922010995E-06
4.65706223108986E-05
5.12742065198611E-05
3.06518883020694E-05
4.56867828983692E-05
5.95967072711391E-05
1.56590360788901E-05
3.28557686910776E-05
4.11386736558152E-05
3.50472240779217E-07
3.30317704051979E-05
3.20147581980777E-05
3.79307913364576E-05
3.44578507565644E-05
7.89855424948796E-05
6.21853120347842E-05
5.18522030295407E-05
4.37635205661465E-05
4.75311261520104E-05
2.48609766403968E-05
8.62487364053133E-06
-2.40766224523342E-05
-4.89635453350386E-05
-2.63346165566149E-05
-5.35218069227292E-05
-8.07289393690093E-05
-5.09003052174507E-05
-5.95953352640938E-05
-3.89396823371139E-05
-4.2451935237329E-05
-4.85518200934979E-05
-2.75131888606794E-07
9.74354197154484E-06
-1.25123710137507E-05
9.99854843509482E-06
-2.62757008576692E-05
-3.47117735611529E-05
1.16939742754561E-05
-1.72335838427968E-05
-1.83373852853378E-05
-2.29139690426346E-05
6.45278739702249E-06
6.67843593994627E-05
6.99061935673219E-05
1.46826604851915E-05
1.47467122985674E-05
2.97407813478146E-06
8.90825009284471E-06
-3.5723957539792E-07
-6.04793095155036E-05
-3.80760156848025E-05
-2.3663507475236E-05
-1.5941018694809E-05
2.57958787280016E-06
2.3253973853342E-05
8.8311885508903E-07
2.79713117283291E-06
8.39441461039979E-06
6.9415861339129E-06
-1.8700760218148E-05
-4.97727466804109E-05
-6.95011539143412E-05
-8.64305374296132E-05
-2.84186845031276E-05
-3.60910987691066E-05
-7.10778964717888E-05
-3.87888160136992E-05
-2.41192094198014E-05
-5.57826393798178E-05
-1.65801331698239E-05
-6.72816837148323E-05
-5.89731332693733E-05
-7.60859333238458E-06
-1.94486516762221E-05
-4.96766115708459E-05
-1.67125697980502E-05
-3.50545011981699E-05
-1.70546289599716E-05
-3.23521700747688E-05
-4.61433487698547E-05
-2.71400787219022E-05
3.30890523120751E-06
-4.83853080409805E-06
8.48361393484458E-06
-2.16185089231776E-05
-3.82421739984657E-05
-4.03833135339191E-05
-5.49978863292752E-05
-3.84032790324159E-05
-3.14683034545919E-05
-3.46702429429073E-05
6.98164878206404E-06
2.67085521654979E-05
3.35645231388233E-05
3.84091752336054E-05
3.85580638144268E-05
4.56853294872299E-05
6.96525721456802E-07
-6.73204458028771E-06
-3.67814830794669E-06
-2.25907320905707E-05
-1.45757679437364E-05
-4.42644679751155E-05
-4.32702433350253E-05
7.97591662998464E-06
-4.62660217952614E-06
1.42811515043488E-05
4.57338395809679E-05
-9.9753591304516E-06
-5.20674043094648E-06
-2.54345856072496E-05
-3.93180045285082E-05
-3.55162663942183E-05
-5.87402795551157E-05
-0.000111006760699103
-7.25602077125774E-05
-5.38398949704967E-05
-4.40404341928424E-06
1.528930938005E-05
-8.09847740973602E-06
-4.03523966203122E-05
-6.07611913545223E-06
-1.04293778710189E-05
-4.60604548150026E-05
-7.83716451162496E-05
-0.000123658780135813
-7.84787066727695E-05
3.58581852413241E-06
-3.73604843041496E-06
4.14315496704093E-06
1.48652943131179E-05
4.78715386660991E-05
2.83840298516402E-05
3.71436446659953E-05
-1.72102033227822E-05
1.33838199983199E-05
1.17833587263983E-05
-6.75321769701223E-07
-6.11051403878244E-05
-3.67245815198941E-06
-2.45356503982833E-05
1.36607390943359E-05
-1.2428404455877E-05
-3.25854766759333E-05
-2.33089360348802E-05
1.16777036445143E-05
-1.41118363277097E-05
-2.70840298462192E-05
-4.11886127701925E-05
-1.39158962890534E-05
-2.40780856785114E-05
1.9423726435284E-05
2.94647541756419E-05
2.76124687893899E-05
1.80797456223924E-05
-1.68423977736987E-05
-4.08189178888969E-05
-4.40636581760054E-06
-2.48728455992181E-05
2.73166082448042E-05
2.92619355797908E-05
6.01146094978223E-05
3.41431553028667E-05
5.51887756655194E-05
6.39092755181491E-05
3.58668361785951E-05
-1.23489787101704E-05
6.57225070714793E-06
-1.31932340280769E-06
3.33458717067815E-05
-5.40412439310271E-06
-1.27465493473407E-06
-9.13381360870278E-06
-1.4053920424247E-05
-5.3232415485815E-06
-1.0008969866172E-05
1.58857882203E-05
3.43037279231603E-05
1.60500809500856E-05
6.539681449811E-05
6.93564296941954E-05
1.21056244939003E-05
1.29653836234626E-05
-1.2935783190201E-06
1.67383540112408E-05
1.08764212089799E-05
-4.12749639504961E-06
-2.93153933310361E-05
1.19401566233522E-05
-1.61524953662385E-06
-5.54427942111791E-06
1.33528362077342E-05
9.35686229416022E-07
1.63512662681008E-06
6.62076970242177E-06
4.07089657694108E-06
1.70228228176989E-05
-1.89639278680385E-05
-5.08823829125181E-05
-5.59396793687158E-05
-3.99985653171794E-05
-2.81083691980497E-05
-3.51100315855428E-05
-6.01497201726558E-05
-3.57640776575556E-05
-4.26055807872555E-05
-3.15463077349375E-05
-4.54004855434522E-05
-2.55503414044741E-05
-1.88783729842846E-05
8.18089507448353E-06
1.74754537059329E-05
1.89900302851411E-05
1.98601095716621E-05
4.4512814887356E-05
3.11415684715171E-05
1.05668714155052E-05
-1.73303098819166E-05
-3.47264287431535E-06
6.18128165891589E-06
-2.95887863351587E-05
-4.33896748868273E-05
-6.80040454647302E-05
-6.60448960713745E-05
-2.53197733341492E-05
-2.83884954760887E-05
-1.88064133363686E-05
3.48713398890312E-05
2.59273788948625E-05
4.52720814245942E-05
3.20489037815768E-05
4.48717301931103E-05
1.70058205041932E-06
9.20938592952362E-06
-1.94696174272576E-05
-3.38318839609083E-05
-2.16000592962607E-05
-3.22888155336291E-05
-7.3635550442612E-05
-5.60163048975008E-05
-8.9039148920317E-05
-5.79596702269075E-05
-1.36846463595352E-05
-7.3705340471518E-05
-1.97407016293036E-05
-5.71687884742965E-06
-1.94522065317912E-05
-3.07330232493006E-05
-3.56506221624795E-05
-5.61826222425119E-05
-6.62151041219811E-06
-4.36141254207355E-05
-5.56100272073367E-05
-1.74704406877524E-05
1.49596968337846E-05
1.6398957545415E-05
-1.34752845654606E-06
-2.80496198748751E-06
2.20317523782839E-05
4.6037263476006E-06
-2.97307452095366E-05
-3.49577336686576E-05
-4.56271668490716E-05
-3.65205213461811E-05
-5.04500190592742E-05
-5.02802170737365E-05
-4.10644676581475E-05
-2.97898949896731E-05
-1.42336123772512E-05
-3.84606100640992E-05
-3.27754784320675E-05
-2.2233534362352E-05
-3.60306296669687E-06
1.28260875694509E-05
4.4109386922703E-05
2.99229325205805E-05
6.4088999418047E-05
3.05616557829193E-05
3.76007148784777E-05
4.89162095372695E-05
4.6627899940899E-05
5.74712891130595E-05
1.12510812240403E-05
2.62324091535342E-05
3.56649594185559E-05
2.08940089226648E-05
7.28062973308399E-08
-1.49758039686423E-05
-2.58440618605208E-05
-2.44355118539166E-05
-1.24605313884086E-05
-1.95766828838995E-05
1.14449169982029E-05
-4.01118891847055E-05
-1.68163799095181E-05
-4.50284613496346E-05
-1.81769930676843E-05
-6.2096473537117E-05
-4.02377991664657E-05
-5.46068881280085E-05
3.34508785033442E-06
-1.36104874422171E-05
7.95523616175898E-06
9.92968978082497E-06
-1.0727387787095E-05
-1.30688320687934E-05
-1.88828364585481E-05
-3.83550894184388E-05
-6.89950087684248E-06
-1.08498613423802E-05
-5.90080765773899E-05
-2.80934690703147E-05
-2.66395356733118E-05
-1.24959954749034E-05
-1.67560366385298E-05
-5.73139885873968E-05
-6.303562998653E-05
-2.21237174263628E-05
-3.95788113755865E-05
-9.30145470221099E-06
-4.8550969213471E-05
-7.55326585544712E-05
-4.98191912096186E-05
-4.49160438124054E-05
-3.95981079150957E-05
-4.0113566279213E-05
-8.15982965061905E-05
-3.53823604022821E-05
2.5252910570993E-05
2.23442216664328E-05
-3.46540920776178E-06
-1.23692420711178E-05
2.58609930805455E-05
1.87297333749099E-05
2.11003657345485E-05
-1.65799213433088E-05
-2.33251205796803E-05
3.10891935110765E-06
2.97980098434104E-05
3.69815379686258E-05
5.77852922798618E-05
1.92215067995279E-05
2.78228057369357E-05
3.65354549584669E-05
2.04872419184798E-05
3.74636974674362E-05
2.01078364092855E-05
-1.87353575914643E-05
-9.74857506397825E-06
-2.27309432117431E-05
-5.32519710876632E-05
-7.17507257763098E-06
-3.15326089838789E-05
-1.83070420726949E-05
4.04442097479051E-05
3.64108492205075E-05
8.01136446432706E-05
0.000108149396348415
0.000100385594332269
6.82542689704946E-05
-2.36811192994226E-05
-5.32250947883249E-06
2.84493044123759E-06
8.13545884759978E-06
3.09004207986838E-05
6.36587034434136E-06
3.60011769370475E-05
7.99133121720347E-05
3.27760776666225E-05
8.42703599097665E-05
3.49293322506294E-05
1.62653909367637E-05
-2.95798443162501E-05
-4.91421108663054E-05
-4.64187195764192E-05
-5.16712941690585E-05
-8.05913252917477E-05
-5.0826494358243E-05
-7.05352270628137E-05
-4.80280315345789E-05
-2.3022296308838E-05
3.58267060934259E-06
2.29973602557381E-05
-2.9193199777177E-05
-4.06804367657979E-05
-2.05623790440342E-05
2.05572544767055E-05
2.58532566614147E-05
2.88804201515983E-05
2.95271010099573E-06
2.6210500438185E-05
4.09542961904223E-05
3.73114061072219E-05
1.94210967972827E-05
3.24574180481511E-05
-1.6567842879531E-05
2.25027990680064E-05
1.8930802866428E-05
7.60094526311438E-06
1.94023647634408E-05
2.14410279325646E-05
1.29064594289603E-05
5.0640156557834E-05
1.84446629315489E-05
3.10055522327564E-05
8.20824456243886E-06
-4.49615628163404E-05
-5.39516926905312E-05
-4.08239027031549E-05
-3.29843701975034E-05
-2.39542864327883E-05
-3.44455160721002E-05
4.24308245537897E-06
6.69749293339848E-05
5.91459839421051E-05
4.70163844070496E-05
4.00979773042602E-05
4.58551355010353E-05
4.92655674327984E-05
2.11538211392017E-05
-4.48377713745759E-06
-1.40375196460899E-05
-2.42390556974965E-05
-2.14987264876759E-05
-2.7292112769689E-05
-7.42591225504037E-06
-7.09209770671234E-06
2.36533919089176E-05
3.33118871829348E-05
2.87689034658426E-05
2.95189864406103E-05
1.85317167964173E-05
4.30339829190308E-05
4.9197560151042E-05
2.46550775809086E-05
6.47569227502115E-05
5.1967653762584E-05
2.0458345513494E-05
5.8442776612789E-05
2.053504486892E-05
1.51077915510397E-05
1.48422467840886E-05
2.46740320337397E-05
2.2811093967715E-05
7.45596171334304E-05
6.26061212028354E-05
4.89820476636185E-05
6.57391495611103E-05
5.81592497214699E-05
2.42393703229043E-05
4.09174847616075E-05
1.76831926144997E-05
3.36916872365087E-05
1.50665127861175E-05
-2.08773049440461E-05
1.14971557377894E-05
-2.03141864187252E-05
-2.85534145191217E-05
-1.37553498281952E-05
-3.5843492205968E-05
-4.04673069893489E-05
-2.76635376890623E-05
-8.14517375304084E-05
-5.99132080047287E-05
-7.71299587402391E-05
-3.92206610325792E-05
-5.31641096188947E-05
-3.41805370414677E-05
-1.50945482552859E-05
-6.37164907821435E-06
2.884092210115E-06
3.11493996642127E-05
-6.22118373755451E-06
1.15693463935397E-05
2.49772547852928E-05
2.66866866137054E-05
5.66882400517962E-05
4.84623913034653E-05
2.7628189539578E-05
2.4230478715828E-05
1.34760822600987E-05
3.04086822171884E-05
2.69794154838101E-05
-3.66874541830273E-06
-4.62440642441372E-06
1.01162003506439E-05
2.32569521983551E-05
2.4122428105051E-06
-3.78826274242408E-06
-9.2094290971416E-06
5.84736161955867E-06
2.63976868631015E-05
2.26149727446813E-05
-2.03121678487657E-05
1.47869965111338E-05
2.17173191183119E-05
2.5295443151877E-05
7.04993204869874E-06
-1.18314795967825E-05
-5.45944817222958E-05
-1.92805066451472E-05
-2.33619988758954E-05
-3.70898860480457E-05
-3.24160713768906E-05
-1.47921546965628E-05
-1.56101234823686E-05
4.94773141944171E-05
1.76583573489039E-06
-9.9133556687819E-06
-1.86855163642344E-05
1.8518621713615E-05
1.91383423602677E-05
-1.03410795589873E-06
-5.56766222906241E-05
-1.59485207851145E-05
-1.3599116650518E-05
-2.40752570228299E-06
-3.99672861406601E-05
-2.15489873623047E-05
1.50895569053313E-05
6.12755331523711E-05
4.7424433786923E-05
3.94612910056219E-05
3.40084915744758E-05
6.5674302114685E-05
2.61809909658568E-05
2.40571524736324E-05
4.58688908752113E-06
2.12690870939273E-05
4.31568212070372E-05
2.95766109563734E-05
-2.10402377245458E-05
-1.16820430991287E-05
2.41300583027275E-05
2.86326676602283E-05
1.9341746348418E-06
-2.93998972175208E-05
-4.25797063020307E-05
-7.18381766620002E-06
1.84938955190676E-05
-3.55835268994893E-05
-4.86617846299985E-05
-5.51414775369014E-06
3.21522956880279E-05
7.63527411381411E-05
5.37948990757328E-05
5.43260202846163E-05
3.88795439353089E-05
1.17100311406684E-05
3.16194587301096E-06
-2.84311058467971E-06
-5.23470401019104E-05
-3.24080372886837E-05
-3.35787647118175E-05
-2.08303353691335E-05
-7.53909270051745E-06
-3.56679996981056E-05
-4.79293723197641E-05
-1.14535397473594E-05
-4.6851663424706E-05
-5.70342054444948E-05
-4.83863009935142E-05
1.07354218881241E-06
3.14989568448443E-05
5.68817179602417E-05
3.21491796892128E-05
4.87653418004864E-05
4.78321694833836E-05
4.92442487074335E-05
9.8407129489427E-06
-2.85352440195878E-05
-4.78438540724058E-05
-2.00074954011647E-05
-2.3472200739861E-05
-1.12992550168939E-05
-6.0753137002799E-05
2.1685227583327E-06
3.67143662274269E-05
7.26871291684774E-06
-1.98280675943113E-05
-2.62784191217839E-05
-5.09073894843422E-05
3.64762898249087E-05
-1.22823842173633E-05
-3.42996956036502E-05
1.10156305547216E-05
3.39870424720768E-05
4.16829776154968E-05
8.88440914066637E-06
-7.40649640352256E-05
-0.000103539002075096
-0.000108065309201731
-0.000130856316160714
-9.7409925164734E-05
-8.43616422216017E-05
-6.16533344264826E-05
1.16622624276831E-05
6.1927737741113E-05
9.99438341911617E-05
8.70716306692742E-05
7.16333171603182E-05
4.6927372723125E-05
5.17408444308569E-05
3.93599240242543E-05
-6.69231515877407E-06
-1.02641516990361E-05
-3.22934653645847E-05
-5.85091198545302E-05
-4.61031837553992E-05
-6.29860394287827E-05
-5.67396131151919E-05
2.94547410622084E-06
-2.93567591603523E-05
-1.71752399896262E-05
-2.63213885369329E-05
-7.08672994569551E-05
-2.42855031107611E-05
-8.30091565405073E-05
-9.73250127402742E-05
-8.20592099588564E-05
-6.11691033062144E-05
-1.73507943971292E-05
-6.50654682573684E-06
-2.3180702789415E-05
3.06889074057299E-05
-4.68329141975773E-07
-1.58905935352163E-05
1.52750509804294E-05
-1.10819711265809E-05
-1.26384611139789E-05
8.64470559327238E-06
1.63987861685663E-06
2.47726800053679E-05
3.45547981381952E-05
-8.56368283010613E-07
-1.29527570210786E-05
-7.88462150725728E-06
-1.26152134497351E-05
2.21037567348607E-05
5.25252742710665E-05
2.40235824067298E-05
2.54439339968286E-05
2.72100802192647E-05
-3.14233037301028E-06
1.092658964894E-05
-2.56877098862115E-05
-3.29160927788599E-05
-1.06842529492163E-05
-2.88695421233494E-05
4.42260086259393E-05
0.000127511208403092
7.27842036055906E-05
5.79209125603737E-05
-3.77518650722866E-05
-2.96486611981774E-05
-4.18253350947288E-05
-0.000124710854246573
-0.000110613822430644
-7.6820212174742E-05
-2.68097926268141E-05
4.46492762930843E-05
2.54035333272166E-05
5.47813348290984E-05
5.76011391397444E-05
4.21721309459903E-05
4.42780857797946E-05
-2.13359417126527E-05
-1.49833580298018E-05
4.17852247311216E-05
2.53660601941332E-05
-1.2190739720002E-05
-1.8544492858178E-05
-3.06545003334822E-05
5.79189836850851E-05
-2.73727540152848E-05
-3.7000013683815E-05
-3.8586564138963E-05
6.49529523984952E-06
3.52959407241952E-05
4.13948815538539E-05
-2.40808398181962E-05
3.68291903366519E-05
-3.51178843453973E-05
1.3168560589969E-05
-4.70614542317827E-05
-9.68130016970874E-05
-9.77565669008042E-05
-0.000112373160270243
-6.94406668123061E-05
-1.75117005124891E-05
-7.32581639504013E-05
2.80570663463519E-05
8.36688788065744E-05
6.20663287099621E-05
8.97524047245606E-05
5.11410440703742E-05
5.63506103405666E-05
0.000102134124038074
3.81598414971133E-05
-4.91339921890693E-06
1.10079598316554E-05
3.1629163530266E-05
8.3072116259391E-05
7.41591412863642E-05
5.28828488924969E-05
7.66216854450141E-05
7.25962504001805E-05
5.63128772239607E-05
-1.62444393563676E-06
-4.87475532598922E-05
-0.000111115816629276
-9.00993930169929E-05
-0.000140789940828883
-0.000145028526350237
-0.000179749185945953
-0.000116801731054503
-8.1884777554681E-05
-6.55037229717866E-05
-2.24196799471243E-06
3.20738677507676E-05
5.03574517709278E-05
0.00014150537842443
0.000116716715783885
3.6734904062972E-05
6.11687524639017E-05
-4.10673292286565E-05
1.76336699849319E-05
3.09107520819131E-05
-1.98348917169651E-05
-1.96935813425464E-05
3.76681072458637E-05
2.89296995827634E-05
5.58307716476713E-05
3.67996874497311E-05
4.95279761277424E-05
7.29946307286801E-05
5.70069368943571E-05
6.63088080935839E-05
8.30734350584494E-05
7.51143724216982E-05
4.08142673263996E-05
-7.20389977537338E-06
1.96563150183835E-06
2.25869878423279E-06
-6.22539481912936E-05
6.24190115942625E-06
-2.74435597990154E-05
-1.24304464310249E-05
1.01271406133113E-05
2.56652163410666E-05
2.56754531966096E-05
4.40767981424749E-05
-0.00010185087521212
-5.47646084128675E-05
-4.91397698729186E-05
-4.526616976602E-05
-7.44154707065471E-05
-5.97974633541908E-05
-6.86853357632798E-05
2.69511818851253E-05
1.21830187434618E-05
-1.03207765812171E-05
-3.13624782811775E-05
-2.18105065262314E-05
-1.26504075026025E-05
-1.40644639864856E-05
7.82793195029392E-06
3.20236045906165E-06
4.45331076533854E-05
4.03439337809731E-05
2.12223333102193E-06
2.72488640723956E-06
7.83160119179097E-05
6.92312125816504E-05
8.5736822628433E-05
6.39364994771858E-05
7.9462496024183E-05
9.58331531225063E-05
8.14591207524536E-05
4.89298963583117E-05
-6.27540936397305E-06
1.07832457306833E-05
-2.57254841194737E-05
2.54304375997432E-05
1.29412584171688E-05
-3.97622223443989E-05
-3.23471425908892E-05
-8.45911052118652E-06
4.74063384280311E-07
3.07186289675241E-05
-4.58622315372181E-05
-7.64549275705488E-05
-2.89173481944514E-05
-2.06810651084236E-05
3.01689669008237E-05
-2.31940738438685E-05
-2.92689029804663E-05
2.15478013310359E-05
4.60616120805284E-05
3.51362631711191E-05
3.20157337401918E-05
-5.41784277796583E-06
4.13376853023394E-05
7.78688009243728E-06
-1.49078175674301E-05
1.94082545923501E-05
4.95488547572481E-05
4.10502667257245E-05
2.87699183917418E-05
-1.76179317370058E-06
-1.35819542245143E-05
-1.70101271961144E-05
-7.28670417460751E-05
-6.93170780732172E-05
-8.7751295930799E-05
-0.000112381484594041
-6.79627343659708E-05
-1.23416956121682E-05
2.62953951161795E-05
3.95394346849201E-05
2.57143783782435E-05
4.55651687245341E-05
9.06380462649848E-05
4.33563599568866E-05
-1.13290994643401E-06
-4.39132287984819E-05
1.72886055073658E-05
-8.24219472226551E-05
-0.000109034976641972
-9.89966884034044E-05
-8.8261454374307E-05
3.59831044566802E-05
2.82976405849844E-05
-2.74808285950983E-05
4.75877321414479E-05
9.28493335575443E-05
4.99618165758434E-05
4.83896277354609E-05
-1.06322809341553E-05
-8.38780064740534E-05
-2.9764865927037E-05
2.59009393249717E-07
-5.54299611636967E-05
-2.6726436350533E-05
-4.3720850430681E-06
9.49194509299919E-07
0.000123873621067293
6.30970971305779E-05
5.70439034562248E-05
0.000105299176407583
0.00012160475080395
6.12307198802131E-05
-2.42818242535787E-06
-7.78177561888412E-05
1.05322330313185E-05
3.39369324984299E-05
1.80039136538699E-05
7.38407615993621E-06
-2.93095449421433E-05
7.25226758182246E-05
8.00499887651251E-05
2.0274917788252E-05
-3.10054560663225E-05
-3.04326064121642E-05
-2.10803461620165E-05
-5.96051686381861E-06
-6.5997819369269E-05
-2.99668764077455E-05
1.00237625404764E-05
4.79316247052668E-05
8.11671399848432E-05
3.1440564876515E-05
0.000103273612426811
7.14484756681172E-05
6.67020466427968E-05
3.47005891501325E-05
2.98767713527032E-06
-5.80625397768325E-05
-1.50084221589699E-05
-1.70585549243325E-05
-1.87952414867623E-05
-1.19353588477536E-05
7.75932834101088E-06
4.90069407050356E-05
5.48910670012908E-05
1.29196512365611E-06
-4.20994751518142E-05
-6.44107731466584E-05
-2.24417843999766E-05
-7.206688530509E-05
-0.000102812297178231
-7.57676209102589E-05
-2.74357688438374E-05
-9.53538503629372E-06
1.93292077053906E-05
-3.44984521542453E-05
-2.9128010501322E-05
-3.44638143702217E-05
-3.14750053201998E-05
-5.21110679109889E-05
-5.36960437094422E-05
-5.48155996323109E-05
-2.31088201017323E-05
-4.01674695998034E-05
-5.97904077070873E-05
-3.98186066675522E-05
-1.45403112522096E-05
-6.27500345015187E-06
1.05511497839622E-05
-1.75369233682039E-05
-2.1037316746409E-05
-1.48050115054063E-05
-1.18070075077555E-05
-4.97750511982754E-05
-8.08309706780801E-05
-7.18808174757212E-05
-2.61367841801642E-05
5.53295701692364E-05
9.14967411188832E-05
2.87452111875665E-05
9.23289456442821E-05
0.00017345243287075
0.000199353656366554
0.000120408047599776
9.93427736881685E-05
4.3066099365837E-05
0.000169843474288028
0.000137199494597856
9.70946903301551E-05
4.3839838251081E-05
6.56802042126077E-05
0.000103665185124167
0.000165697405653113
8.35411268263191E-05
9.80579569486898E-05
0.00011563720015735
0.000126127827625606
1.74348640171183E-06
1.35478735333257E-05
-4.63951000617575E-05
-2.90626489513238E-05
-5.84504921976587E-05
3.74119892857533E-06
2.04637126307888E-05
0.000179078084180273
0.000197581990703039
0.00030818085457641
0.000325765687183482
0.000359660611141414
0.000309210707948206
0.000305514153394265
0.00028035467396825
0.000194122205019401
0.000121861035062564
6.98914788706677E-05
3.67463953682166E-05
0
0
0
0
0
0
0
0
0
0
0
0
0
0
0
0
0
0
0
0
0
0
0
0
0
0
0
0
0
0
0
0
0
0
0
0
0
0
0
0
0
0
0
0
0
0
0
0
0
0
0
0
0
0
0
0
0
0
0
0
0
0
0
0
0
0
0
0
0
0
0
0
0
0
0
0
0
0
0
0
0
0
0
0
0
0
0
0
0
0
0
0
0
0
0
0
0
0
0
0
0
0
0
0
0
0
0
0
0
0
0
0
-3.35643426768096E-06
