0
0
0
0
0
0
0
0
0
0
0.000980754953976757
0.00106277206180564
0.000737423030005584
0.000442468351551309
0.000281002363119687
2.1646214536216E-05
-0.000150595116804529
-9.69953474971012E-05
-0.000124859682568643
-0.000116475244342489
-0.000103269720606543
-0.000224763560899962
-0.000160774112799656
-0.000139069115310787
-0.00017718162187452
-8.90958775189375E-05
-0.000106366769953335
-5.22007446692558E-05
8.6601010239445E-06
0.000137688349030893
0.000176449923899513
0.000367614368942364
0.000274116557694953
0.000252633990172439
0.000288405502267815
0.000267429606402339
0.000352903123487716
0.000293548604735596
0.000229825248634335
0.000153458588238067
0.000117819730454955
-0.000104354017746492
-2.51100441652934E-05
-3.73006716677973E-05
-1.47536869736926E-05
-7.47985844277216E-05
-0.000121783673788314
-0.000137076130047944
-0.000125309873394045
-0.000189835675084398
-0.000266451869762599
-0.00025595697700338
-0.000327417718716151
-0.000355243022786587
-0.000362319894625732
-0.000366634813639802
-0.000403330832245958
-0.000398366288035948
-0.000368685185210876
-0.00038901449289977
-0.000345112392055298
-0.00032191837940278
-0.000259012466048121
-0.000226854677338656
-0.000213665191454048
-0.000171429038936712
-0.000139422125108234
-0.000128170342609783
-0.000125695408803748
-8.47520307709359E-05
-7.66020514866106E-05
-5.39528570092687E-05
-5.76854514552018E-05
1.35126052786528E-05
4.50624306267393E-05
0.00010416630056512
3.67804031014756E-05
5.16550697441791E-05
0.000107085288261885
0.000141228585111977
0.000203637452447332
0.000176163314108811
0.00026531357553741
0.000197196980302847
0.000125652494397659
6.48399133593863E-05
0.000144842126105559
0.000146449303989188
8.67530988406667E-05
7.41879817028966E-05
2.98575564207406E-05
5.69883316961761E-05
-0.000116148018040919
-0.00013541574166909
-0.000131581166640034
-0.000114801309752143
-0.000121651260488103
-0.000219952827207699
-0.00028868534867781
-0.000277197126442437
-0.000287595630927177
-0.000334126688759955
-0.000255314347104611
-0.000227720659274262
-0.000235467491388743
-0.000294378834502307
-0.000336782242695415
-0.000230761760368922
-0.000181122382866166
-0.000183788519372906
-0.00013426221690778
-7.69954341273396E-05
-0.000108876763047939
-0.000110703753354358
-5.85995936476242E-05
-1.9501481363807E-05
-0.000122941245729437
-0.000169926370655393
-0.000136199189163547
-0.000183973668196797
-0.000246046702606094
-0.000222187164105559
-0.000247580870480557
-0.000219941134216058
-0.000264311782831382
-0.000261356101339075
-0.00018473441785392
-0.000124056208485094
-0.000146514636030162
-9.50252321421941E-05
-8.47960678767137E-05
-0.000102425034486859
-5.49889048136118E-05
-0.000110671943354933
-9.09639904659876E-05
-0.000104317751384825
-3.92113534111614E-05
-8.36952739711015E-05
-8.90862637442145E-05
-0.000153096990234753
-0.000118730433321943
-0.000143141640154462
-0.00014000116824156
-0.000145166199030346
-0.000180987912197366
-0.000204634722074138
-0.000265601073398571
-0.000279918023841047
-0.000236363571346898
-0.000136867404765202
-0.000180930769726646
-0.000113946565334034
-0.000117506956406256
-4.60704847966888E-05
-3.82287639268642E-05
-1.03452381358025E-05
6.65905813671776E-05
7.52918308325842E-05
3.77591129956504E-05
3.5015096786091E-05
7.40395985228865E-05
1.69941862834569E-05
6.75264404368419E-06
4.29414354043083E-05
4.30202026673615E-05
2.80118660651661E-05
-3.41057361210624E-06
3.98083152457124E-05
4.67277902216826E-05
-2.28207332405075E-05
-2.737269333858E-06
6.90213503892365E-06
8.07518987601727E-06
-5.79422121607174E-05
-6.42156671971611E-06
4.45895237352365E-05
8.27002364190005E-05
5.89537729080152E-05
4.68269964446994E-05
8.18994038390134E-05
6.85567602272352E-05
4.51178772045472E-05
7.27005248806417E-05
5.16805082662994E-05
3.07017266716878E-05
3.04889870303091E-05
-5.78585558607941E-06
1.33513025137733E-06
3.02496632004371E-05
-1.04383553935824E-05
-1.74032466507161E-05
3.4550884646686E-05
6.5147804536565E-05
4.76165985522953E-05
7.40775732549753E-05
8.23229912613227E-05
7.83771409875335E-05
8.9371346807807E-05
7.39894397002459E-05
0.000157956667297288
0.000176288386656157
0.000136398322254579
7.24385590637501E-05
8.18555502609026E-05
6.89319297405894E-05
0.000100674863588241
0.000144516405098166
0.00010780620183762
0.000133275874999883
0.000104912153827528
6.96611698117737E-05
9.96608964289621E-05
0.000130668059361373
0.000154543937732966
0.000153185113810665
0.000127376614175805
6.62666192697392E-05
7.6926207371767E-05
2.79454583424449E-05
1.6457581201304E-05
5.913545221886E-05
4.31174390482605E-05
1.61361491704805E-05
2.25249756657638E-05
1.10002268032697E-05
-1.16597417558237E-05
-2.98545364520199E-05
-2.13296138479535E-05
-2.19947985175879E-05
-5.4852551617845E-05
-0.000100165291205317
-0.000149072197554298
-0.000145523713352503
-0.000188205937100746
-0.000204638635842429
-0.000212823198901664
-0.000130991008478826
-0.000132607929339737
-0.000146062627723861
-4.34444880348099E-05
3.04803204034143E-05
5.38252098427313E-05
0.000101676904585514
0.000116810960925052
9.33132800475701E-05
0.000110876575708923
0.000116088708217511
0.000133011128723276
0.000197559581557425
0.000167300314110613
7.97064582719017E-05
9.10081383949107E-05
6.02616500376294E-05
3.00897050178283E-05
6.17093433138031E-05
7.51270266630219E-05
3.46608860520595E-05
-1.29848971509833E-05
-4.9975215903362E-05
-0.000113515402136307
-9.55697732809408E-05
-0.000139710588303266
-0.000115381970679863
-8.40819804344154E-05
-5.37850394963229E-05
-0.000107642356698634
-5.70199442395911E-05
1.36274070445642E-05
3.04299862532977E-05
4.49437934688649E-05
4.34738685495911E-05
0.00011363438160059
3.48499366993295E-05
8.36492859142902E-05
5.88372291235718E-05
8.74824845397561E-05
7.11644092724642E-05
1.97969909591688E-05
2.27057908475692E-05
4.38532987543235E-05
5.57606837350124E-05
-2.64680171685287E-05
-3.98110542749686E-05
-0.00010061952269542
-6.19443190405112E-05
-3.31767427614347E-05
-4.44869114776422E-05
-2.78095689301913E-05
-5.73140841127948E-05
-5.1210093821297E-05
-6.44507173559037E-05
-2.06095247041584E-06
8.93648568506236E-05
0.00019191399958073
0.000113547000633235
9.96787508823553E-05
8.49845409201256E-05
7.01131319833859E-05
0.000133308481679994
7.8218128176253E-05
8.21394154902855E-05
7.77039294685715E-05
7.38290795733919E-05
1.45136176961228E-05
0.000131006582496862
0.000125820432748436
0.000134138416195397
0.000118356222535576
0.000109176153013519
0.000127026104408838
0.000213391263167281
0.00023392339517111
0.00019732409678167
0.000184794193502577
0.000132974747228088
0.000114897208865187
7.90641918546796E-05
0.000102784304128687
5.84003960813489E-05
7.47373990524198E-05
1.97517406526835E-05
2.24893417755829E-05
3.564111656053E-05
-4.05536541852703E-05
-8.18524917269842E-05
-6.59897756953328E-05
-6.03097185908585E-05
-0.000100401924566902
-9.78922792263065E-05
-0.00011785821236045
-0.000104481746211001
-0.000113484863734836
-7.70892788084504E-05
-1.48413145658315E-05
5.10953713846741E-05
1.49658542845991E-05
4.99817547606175E-05
0.00011285598683954
9.11227346066274E-05
0.000157464501280308
9.73566454587475E-05
5.67749347828056E-05
2.91262780491229E-05
8.88252555873596E-05
4.53267563046228E-05
8.84697192586622E-05
9.46570588576774E-05
6.10702931189756E-05
6.13158265896437E-05
-2.23442046342814E-05
-1.95135723314819E-05
-3.03389535026675E-05
-5.52374658576398E-05
-0.000107327770305803
-0.00011297296089632
-0.000149417948613871
-0.000166115771296309
-0.000152668131568423
-9.08686752232404E-05
-9.96897850604544E-05
-7.52842227940855E-05
-7.91229885582122E-06
1.38427968094012E-05
-6.82995444568432E-06
1.69382464453535E-05
3.31691036009143E-05
6.97854181533774E-05
6.14640612447783E-05
-1.55686814160507E-05
6.31207198664231E-05
4.70152318563458E-05
5.09403722183361E-05
1.82611879849287E-05
3.17893963004738E-05
1.80526364539679E-05
0.00012569937376178
9.02486982841219E-05
5.9389922239852E-05
7.50495669964622E-05
8.0921080909157E-05
0.000105634470105422
5.59532543040456E-05
8.24328171236042E-05
6.43305263323536E-05
9.60022234270629E-05
1.52435850921336E-05
-6.49784497692997E-06
-8.32874313791499E-06
1.40819112352169E-05
-5.22133334066748E-06
-4.67835564973295E-05
-9.69857053033895E-06
-9.49921634963562E-06
5.98312062280408E-07
3.24919246176631E-05
8.33466314048486E-06
2.4994968864652E-05
4.97859639686627E-05
4.90966815960815E-05
3.64858315828659E-05
0.000109762799838582
6.59875613413461E-05
5.49555953230487E-05
4.4987033544769E-05
-5.12606807632005E-06
-3.83780277907504E-05
-7.94488607219694E-05
-3.49174888658042E-05
-5.73739426205322E-05
-1.88735474057668E-05
-8.40229641852142E-05
-8.52715430917098E-05
-7.18925261269426E-05
-8.59199962449501E-05
-0.000115161538626659
-0.000120736527138803
-0.000139186151636177
-0.000191349803579745
-0.000158881698981401
-0.000212328909999446
-0.000166298772131264
-0.000116299001225155
-3.13509841097243E-05
-5.03785467916853E-05
-9.58911403440049E-05
-6.23735186388516E-05
-2.95782245642505E-05
-7.10334723998396E-05
-8.50217021842596E-05
-6.22325581797998E-05
-0.000113349685894596
-0.000165924853607808
-0.00026965038446407
-0.000242551405778285
-0.000158551651200169
-0.000156053716407657
-0.000125208788560812
-0.000105892995316111
-4.96087585844908E-05
-1.16933618947911E-05
7.65367185440977E-06
2.27904718130613E-05
5.04453223067237E-05
8.76719996757026E-05
4.87475369880782E-05
5.30032215120334E-05
3.05474331746433E-05
9.94631620927787E-05
6.13233724814203E-05
-1.18211945739308E-05
-3.11078850878336E-05
-3.61977932224475E-05
-5.33928372195285E-05
-5.24739698209889E-06
1.31507869968341E-05
-2.43292692177858E-05
-2.50678055145992E-05
-8.30417041721352E-05
-4.99115622767796E-05
-4.96986259400656E-05
-1.77438943243643E-05
-3.83319530281954E-06
2.19747896538907E-05
-6.97358822936589E-05
-7.47711715136784E-05
-6.40214718981935E-05
-4.74963328248439E-05
-1.98551452830916E-05
-4.23562433278779E-05
-2.53919624189715E-05
-4.92674245367923E-05
-2.59898583220269E-05
-4.58295635261101E-05
-1.37557200838354E-05
-5.40104540899974E-05
-3.39542004648118E-05
-6.55471517442298E-05
-6.1378847850691E-05
-3.52577309153689E-05
-3.67314481097124E-05
-4.41275906439251E-05
-8.8973881935916E-05
-9.10552563670326E-05
-7.51040207825856E-05
-2.62211880200262E-05
-4.93487092888391E-05
6.65827533053548E-06
4.15258315549964E-05
-4.68770237005924E-05
-5.90498830756737E-05
-5.77249530052397E-05
-2.0913802291774E-05
-2.02242762084992E-05
-4.55925656468302E-05
-2.19171615564292E-05
1.86454800309224E-05
6.39298873434126E-05
1.5162890282973E-06
1.47674099485924E-05
9.9442810544993E-05
6.93572117424514E-05
8.31015707564788E-05
6.43042910161085E-05
9.65724331892711E-05
6.36684629386102E-05
7.35021223214255E-05
2.45535605863214E-05
9.47683549947893E-05
0.000120870029906975
3.30971992932385E-05
4.80948087026641E-05
1.93783495826508E-05
3.66906146455003E-05
1.23605410516122E-05
5.99180411912509E-07
-1.85591075075747E-06
-1.07656064484946E-05
-6.68814177803086E-05
-2.81035728880851E-05
-7.78590824083727E-06
8.71834822173547E-05
9.19112528555605E-05
7.28925742376993E-05
5.29163740161518E-05
7.73760382092939E-05
2.53407439950151E-05
6.6413293206442E-05
5.78479840349559E-05
6.06668729180269E-06
1.9995340192794E-05
-4.25559451892289E-05
-6.12683570566376E-05
-3.02075914280242E-05
-2.54165263707385E-05
-1.43708489782747E-05
9.55678635455463E-05
2.37828571062025E-05
2.89177354764835E-05
4.21610558918221E-05
4.24249593405156E-05
3.00007832313644E-05
2.06092967196567E-05
2.15253502110339E-05
7.09700533406973E-05
-1.12866658670578E-05
-4.56153084308249E-05
-6.25629463980867E-05
-4.68731562688722E-05
-5.83022673481445E-06
-1.01221678134326E-05
-9.18468777387985E-06
5.69821494498827E-05
5.84921666567803E-05
2.5191548812988E-05
6.63493054599856E-05
7.23225290747434E-05
0.000134786291142916
0.000106461919119371
6.90547800181576E-05
5.70332254037156E-05
0.000150689410554921
5.75038412075527E-05
8.55361679387066E-05
0.000101211921672548
0.000131624211962433
8.33135542539392E-05
8.28939417779204E-05
0.000151150522918139
0.000145181340787609
0.000123696364067254
5.45822949212814E-05
0.000112117495770957
5.16127309148296E-05
2.99701133167332E-05
1.2033547227007E-05
-7.03923365114226E-06
-5.88628828505796E-05
-9.33554157543618E-05
-8.85893922792809E-05
-4.304110666292E-05
-6.02608070291221E-05
-7.00441084336932E-05
-4.05029193172292E-05
-3.57127699066627E-05
-9.48459927939676E-06
-4.39228362521684E-07
-1.91417048473242E-05
-3.14419108888411E-05
-5.10254096879171E-05
-6.85017466985449E-05
-8.11326949026798E-05
-4.42788128834139E-05
-4.04243915793413E-05
-1.29768091205927E-05
3.60692007961296E-06
5.91571754678684E-08
2.69412609339939E-05
7.64889527951693E-07
6.04756905638962E-05
9.49003096962634E-05
9.90847078728996E-05
5.84286519711671E-05
3.51805042006657E-05
5.45747739292874E-05
-6.49490860667348E-06
-1.3681156506673E-05
4.14756283237887E-08
5.28486988637261E-05
-3.93752497442991E-05
-0.000101592888038601
-6.40321480277553E-05
-6.16257999626374E-05
2.59552189226029E-06
2.89424159867545E-05
6.08150650252922E-05
6.03478084629013E-05
4.73480996660636E-05
1.7832388174269E-06
3.03500316397407E-05
7.25149074742152E-05
1.86226930217408E-05
1.28861146463043E-05
-7.79040609559733E-06
-4.5946456027555E-05
-5.3707605822156E-05
-9.58500152575808E-06
-1.48441750045473E-05
2.82486671638539E-06
3.32612739514637E-05
-1.2040798129718E-05
3.44339292946866E-05
0.000120172988474777
2.69463910577898E-05
-7.36601399632815E-06
-7.31623993207048E-06
-5.96626372117786E-07
-2.11184402164643E-05
-3.54319045326884E-05
-5.3867699667926E-06
4.26087281854311E-05
2.25981537376578E-05
-6.13022494038923E-05
-1.87935780493189E-05
1.5835120743773E-05
5.92995054492581E-06
-1.81529856153876E-05
1.02146597656902E-06
2.88857880238424E-05
-2.9067213602879E-05
-2.66296928076357E-05
-1.72987005996057E-05
2.20272317678729E-05
3.7407619257334E-05
2.60905884532422E-05
4.47968151146705E-05
5.63824904794807E-05
5.07222821698182E-05
5.12009723668507E-05
9.84940861088622E-05
8.43371751227237E-05
6.96610606397329E-05
5.10892751852154E-05
8.77063562403314E-05
0.000111720582402856
9.28772056873936E-05
8.13685439542794E-05
0.000122338640838915
0.000136594439590598
0.000114627268762337
3.65533229436768E-05
3.62214153652886E-05
6.68750770704622E-05
4.40018731191179E-05
2.79248782957133E-05
3.21456819582651E-05
-1.46754561762192E-06
-3.38756778976356E-05
-5.60955810707867E-05
-3.87595419917894E-05
3.93854996516911E-05
5.6988699703433E-05
9.33648313226731E-06
1.51784372810565E-05
-1.63444757073472E-05
-2.84273344044991E-05
-2.31130525122593E-05
-2.72874942921535E-05
-6.96002535488607E-05
-8.83921648090623E-05
-0.000109418339408216
-0.000100537314908241
-7.56687524117581E-05
-4.20750665202149E-05
-6.330004677085E-05
-9.90817937022956E-05
-5.06039890264754E-05
-2.9664669434431E-05
-2.47253493147264E-05
2.23610586302888E-05
2.66593809304681E-05
1.79521046244892E-06
-4.60839636611593E-05
-9.28316073296401E-05
-5.07965308083816E-05
-2.450842773867E-05
-5.056428681548E-05
-6.17105615520862E-05
-3.87567654980366E-05
-6.7193342937698E-05
-4.96450468984183E-05
-8.53990530081548E-05
-3.4093090150439E-05
-4.33774165890259E-05
-8.90046147155517E-05
-8.8532040241895E-05
-9.37054327819443E-05
-7.28954436318111E-05
-5.063384408853E-05
-8.4388047381895E-05
-0.000117709761809757
9.74557408127344E-06
-8.45958413432862E-05
-9.82261711798683E-05
-9.01465786686872E-05
-5.06094444578422E-05
-5.58689666398904E-05
-4.99361394602914E-05
-7.78774698785425E-06
1.71194034311567E-05
-2.03470283516991E-06
-6.61158103296102E-05
-2.52892079916477E-06
2.66016207250508E-06
5.10569579081725E-05
9.29360114122326E-06
4.47654147352103E-05
2.21590867838269E-05
-4.63412717026993E-05
-9.55683930004186E-05
-6.39538549665214E-05
-4.26164934772426E-05
3.35504716188595E-05
1.5260417730884E-05
-1.87857613808233E-05
1.9701414042772E-05
-2.31990565172308E-05
-2.14867557269396E-05
-7.57023679421657E-06
4.06971625161358E-05
5.05840360989681E-05
2.95533514226222E-05
-6.22522507227031E-05
-2.34657051101146E-05
-8.49195166356011E-06
2.53407379173278E-06
1.50128647543639E-05
2.20752057185154E-05
8.42402052583313E-06
2.00915279706018E-05
6.09196502054586E-05
3.74187873898458E-05
2.63731003737103E-05
4.05026872473359E-05
4.23728116752523E-05
-4.01133775368127E-06
1.12354168138813E-06
-8.56263812958989E-06
-1.37198090970732E-05
-1.28243215934698E-05
-5.52839195090107E-05
-3.26214182332334E-05
-4.66251845206041E-06
-2.25935905759576E-05
-5.04906812611492E-05
7.80549837227545E-05
6.1414107046642E-05
7.24124214859553E-05
9.672429482723E-05
3.60702200013274E-05
4.35900015374035E-05
-1.86906474293257E-05
1.75030455127891E-05
2.49835310373903E-05
2.05127719832757E-05
-9.77189686438663E-05
-4.99299765668998E-05
-7.0540990063078E-05
-8.6866844821863E-05
-3.91029977207199E-05
-1.31961929041816E-05
1.79452473516833E-05
4.72860386619487E-05
5.02910610091553E-05
6.48960973043844E-05
5.6688974178665E-05
-1.12266841871547E-05
-3.71008167251864E-06
-1.45957890340996E-05
-3.78766269568847E-05
-5.32461636290275E-05
-1.864684065552E-05
-0.000101625272099145
-0.000126524294143707
-0.000137443090627957
-0.000128830126283302
-0.000117867970876059
-0.000127479924279407
-0.000103240781495515
-0.000135499497738864
-0.000170253193125189
-0.000184250327126833
-0.000162738218360447
-0.000132338821972424
-0.000107568386322253
-0.00011801640399073
-4.50522708102971E-05
-3.28099943961182E-05
-5.57363607927684E-05
6.42270949722268E-06
3.24420261222028E-05
-2.52793707777066E-05
-1.51768482279631E-05
-8.41757387174708E-05
-2.43339322921847E-05
-6.38772486147501E-06
-7.7056003547076E-05
-4.49800815875296E-05
6.41347991054071E-05
3.87196482902435E-05
2.84423734970864E-05
9.21976115789692E-05
7.62981460853942E-05
0.000129383344016111
3.09320266439059E-05
6.53466092040787E-05
5.55407855769836E-05
2.21614037913286E-05
-7.57521001375466E-05
-2.54312741835859E-05
5.37623117078195E-05
-3.48047462633425E-06
3.89697790099559E-06
-2.32538958599898E-05
-5.24972569043896E-06
-2.77158955801105E-05
-1.22677134869581E-05
-1.44284023665741E-05
1.78228273780544E-05
-3.82693891263325E-05
-0.000113960549761513
-5.64750760294442E-05
-8.39429294286768E-05
-7.87197990404525E-05
-6.09404256761391E-05
-6.61125678541638E-05
2.98995882876957E-05
8.43208417406669E-06
-4.93944653004272E-05
-3.84258147515006E-05
-6.50464249800196E-06
-2.81008496656329E-05
-8.97435133410351E-06
2.41328898772246E-05
3.81638426412632E-05
6.25031621464561E-05
-2.55692113544497E-05
2.53514021828775E-05
3.15717139817243E-05
3.16820402492885E-05
-2.41205961902482E-05
-2.51552710353787E-05
-1.68904008254779E-05
-2.06149335113148E-05
-1.26060643854316E-05
-4.99018852990296E-05
-1.88148907081296E-05
-5.08205360461884E-05
-2.27887409144176E-05
-2.54558015660368E-05
-4.60467621546104E-07
3.29968662948605E-05
6.28659188779268E-05
3.78382263578941E-05
-1.50209021301477E-05
4.58215941759931E-06
-3.19859054397743E-05
-2.61851897575869E-05
3.10435037154032E-05
7.18631580432735E-05
2.90897905278337E-05
5.63989760580921E-06
-2.29948034483556E-05
-2.36929066267564E-05
4.45093347657312E-05
4.14613828276144E-05
1.80223053142262E-05
1.3854878630222E-05
-5.94783181358803E-05
-0.000107028501734794
-5.33492422376121E-05
-8.96946483079709E-05
-9.6226778709046E-05
-3.20109220593766E-05
-6.57970662975196E-05
-8.11816143970021E-05
-1.38694535532741E-05
5.12964453054769E-06
-1.39977737601375E-05
-3.82755199340225E-06
-3.33585970278539E-06
2.21717451178174E-05
4.51745752977175E-05
-1.22194434800446E-05
1.65853535295497E-05
3.2564215113338E-05
-6.27211556809974E-06
-3.7672390364839E-05
4.32500016843399E-05
-3.5256252150977E-06
4.47403564135212E-05
2.65958959113073E-05
1.86818603135976E-05
6.70274273825316E-05
-1.37069151681628E-05
-1.03734634514507E-05
2.43702818941222E-05
6.65724512945871E-05
-2.75427159576169E-06
6.17284717263301E-05
-2.12468066033738E-05
-2.51656516139437E-05
-2.8450043708218E-05
-0.00010459754478791
-5.42303431162587E-05
6.44650074595969E-05
2.22480565554421E-05
9.13650416227093E-06
4.05774171662212E-06
1.98924337854178E-05
1.1656254660852E-05
1.6754770908252E-05
6.48555414031911E-05
9.51421776157436E-05
9.52932987727091E-05
-2.41829513877476E-05
-3.6827214470298E-05
-4.8862188361815E-05
-4.00217819357857E-05
-2.65693482952545E-05
-3.42987956226504E-05
1.92321758952449E-05
2.28762687545017E-05
6.92044561633341E-05
8.92616358887124E-05
0.000100969121735195
0.000138252388807749
0.000125015706698421
0.000149547471731569
0.000108014954859554
0.000151848437563332
0.000122751998790817
5.42185800503512E-05
6.49222458553896E-05
4.25493559759729E-05
2.05062704327984E-05
-4.15618316770233E-05
1.05679911249355E-05
-2.59868305155434E-06
6.83396835713974E-06
-3.33545538987849E-05
-2.16541574297254E-05
-8.62984406503649E-06
-9.42949637986959E-05
-8.03338729306613E-05
-9.19092399936955E-05
-5.70339359724753E-05
-9.16643245773513E-05
-6.33071245180612E-05
-6.16911949120023E-05
-6.27188872097889E-06
2.23377854825652E-05
1.86870701287556E-05
2.12756719738652E-05
4.22539300926067E-05
4.49183257666623E-05
9.96848494333301E-05
0.000144793458225019
0.000178273905780528
0.000150171603879749
0.000122795587816599
6.56786452510882E-05
6.34829879242776E-05
6.95014344139291E-05
1.75130074168828E-05
6.52129164648338E-05
4.0788701823455E-05
2.8847901590917E-05
-5.01144824173506E-05
1.07795668417783E-05
4.48392852340891E-06
4.84913328292015E-05
5.70630649956146E-05
9.90277079543214E-05
0.000122679740004691
0.000120957811442456
0.00011555229209513
0.000108412900256567
0.000126755872270757
5.75285149622603E-05
6.99282381821474E-05
8.36345535966917E-05
0.000108194304734921
8.97205419256492E-05
6.80289430400704E-05
8.4762624358211E-08
2.37704446067269E-05
1.55710319661764E-05
8.14453051804101E-06
3.81946566559262E-05
4.03807212083616E-05
-5.6789245787229E-05
-6.09310014662833E-05
-5.65977763296177E-05
-2.57647262072755E-05
2.49950525153057E-05
-4.49276753909694E-06
-2.90208064768753E-05
-3.39621759467502E-05
-2.35538485943881E-05
5.50856405669749E-06
9.11132992674218E-05
5.95282141715809E-05
5.45210178191244E-05
2.14990204118326E-05
-9.89417145483706E-06
4.31566979840201E-06
6.11236919700031E-05
7.5335874925393E-05
7.00630255778261E-05
2.57808033202088E-05
3.64514151246991E-06
3.04516401687452E-05
2.82987958977784E-05
3.34832375370288E-05
6.01172222016035E-05
4.18757418138742E-05
-2.73682194128175E-05
2.13090493896259E-05
3.45757292660957E-05
2.12138835544437E-05
1.17036882308972E-05
-4.30816512448655E-05
-2.33233617269107E-05
-6.33363443560267E-06
2.55070035873706E-06
-7.89367264677937E-06
1.78253913684173E-05
-4.01551313806876E-05
-4.26134178447015E-05
-8.32407747548334E-06
3.06001713999654E-05
5.60457548870263E-05
1.13590961962244E-05
1.20756422167225E-06
-3.27091947137626E-05
5.95635297514682E-06
5.35159163756662E-06
2.72416807323891E-05
4.39824869750319E-06
-1.52275387877154E-05
-7.36675863834546E-05
-0.000111916644277153
-5.24228529559266E-05
-3.75173108590569E-05
-1.31657772311816E-05
-4.23402303062098E-05
-4.91395567173509E-05
-7.78290126189463E-06
-8.05178263702515E-05
1.92526741234102E-05
3.63599903546614E-05
0.000100834689638557
7.52825886261783E-05
3.89295279809837E-05
1.24110008918064E-05
8.85038571216369E-05
9.1648688728823E-05
5.02232640389407E-05
0.000109460966426362
5.71063825729851E-05
3.71854884583531E-05
7.32845224243307E-05
5.69719601684405E-05
0.000119390594298916
0.00019581069062453
9.49141580929592E-05
7.71167647598003E-05
5.73186096654136E-05
3.61391139366723E-05
2.24944383451406E-05
5.07799492868712E-05
-5.31610715219419E-06
2.26593766794502E-05
-1.94226915215582E-06
-4.30313155195416E-05
-2.61941145835465E-05
-1.38972387098841E-05
8.03388831476575E-06
4.3899863001415E-05
5.27635081687337E-05
3.01018088415958E-05
4.70741309513785E-05
8.5880094150914E-05
8.76207628585651E-05
6.9216176776266E-05
4.59824813639005E-05
4.36854381442233E-05
2.85736931107502E-05
4.50319839932401E-05
-1.06500922324415E-05
-6.67005861773162E-06
-9.74528441691929E-06
1.09537759700735E-05
-4.40402815693505E-05
-2.53237448440997E-05
2.52458863215002E-05
2.96653648153984E-06
4.46438888660128E-06
-1.68461028420814E-05
4.07222162408758E-05
6.93428548798022E-05
8.77083877979175E-05
1.76248915710676E-05
7.85662995760455E-05
0.00012251242339833
0.000134364384384422
0.00016883436560705
0.000171761384743539
0.000211489262112694
0.000192973700963785
0.000170483333338546
0.000163130977212427
0.00016416819649369
0.000181052661805401
0.000145626743974011
0.000133745216801239
0.000124507951112405
0.000153009950063145
0.000189522045616664
0.000170105965110081
0.000147824197523804
0.000108540365651369
8.95994970747327E-05
6.27903032063674E-05
5.0467486554871E-05
2.804350091578E-05
-1.0536982458037E-05
-4.34970857040766E-05
-7.00474673137961E-05
-8.60826849896259E-05
-4.28912564999962E-05
-3.32837257514619E-05
-4.28058249292741E-05
-4.58611759677903E-05
-3.10349130918011E-05
-7.8880473015956E-06
4.68928759351205E-05
3.96158327049114E-05
1.32376828149031E-06
1.49507689528316E-05
3.88979982041398E-06
2.34953036090781E-05
4.04654883979743E-05
3.23280778048774E-05
-1.22976288503844E-05
5.91823365916736E-06
3.88303369829063E-05
5.35425860179492E-05
2.52162603895406E-05
2.09906924493673E-05
2.25478391392309E-05
5.53823505243214E-06
2.38875740319648E-05
9.73352950123543E-05
0.000138682926711441
0.000125043238210885
5.74303597907999E-05
7.18878766322373E-05
7.34180041804932E-05
7.61274914700488E-05
9.97817820948581E-05
8.89940048124102E-05
5.0303557952266E-05
-1.73366478709604E-05
-1.98916775730903E-05
-2.90048806222987E-05
7.82918589988788E-06
3.22212101000136E-05
7.88927215008614E-05
9.22478328494817E-05
3.13602816464134E-05
0.000127080301877452
0.000113660186703965
7.50241345027958E-05
-1.44420102607454E-05
-2.52144346292377E-05
-5.81639290356037E-05
-4.00896566365436E-05
-5.22998165479094E-05
-8.43508705465624E-05
-5.93350211137167E-05
-0.000135347142953676
-0.000107845829980492
-7.89584631918061E-05
-3.72463793295209E-05
8.74817409317807E-06
7.74775240971974E-05
2.11397043031981E-05
2.16214535418643E-05
5.74095430480816E-05
5.3134226978678E-05
6.51576268429982E-05
7.32297277217817E-05
6.6843100491194E-05
8.31246418472542E-05
4.02090116748854E-05
3.27671634802745E-06
-1.36223974770135E-05
-7.54015598286696E-06
2.0503217408243E-05
4.16630577723223E-05
3.39247757067991E-05
7.42144282517624E-05
6.632979608067E-05
6.63999285107499E-05
5.56682572330848E-05
4.06436333627629E-05
6.20950931350669E-05
5.26774308744179E-05
3.75258851331118E-05
7.76582545493895E-05
3.98521451648573E-05
3.87955742606031E-06
-1.03357349542675E-05
-1.07315312929268E-06
9.08130171793253E-07
-5.61833510868934E-06
-1.36228325081811E-05
-2.829494485779E-05
-4.69587224516799E-05
-6.9642503479083E-05
-7.36722117252043E-05
-0.000104077172860794
-6.91258293972998E-05
5.76789175973209E-05
7.82281404353204E-05
7.26278632370454E-05
7.82561860472897E-05
4.57255067537458E-05
1.5284947027431E-05
3.33699976078367E-05
9.58562590037633E-05
0.00012101001426219
8.91709842424293E-05
-3.84506996481119E-05
-4.28300440358916E-05
-2.44954210155857E-05
-3.5329074074172E-05
-2.40690329149084E-05
-7.32187307583666E-06
-5.64512002302261E-05
-4.23562698314108E-05
-6.48873780438929E-06
2.86113034188996E-05
-1.95481836771452E-06
-1.37039546488207E-05
-2.1331622354577E-05
-3.00059141907422E-05
7.31621030433096E-06
3.88852048953601E-06
-4.54263581170281E-07
-1.47332122768114E-06
-3.01997243266023E-05
-3.61024157902036E-05
1.04792836260467E-05
-1.48507541641559E-06
1.68388050589267E-05
8.30327350073722E-06
-1.91231137220014E-05
-2.77730314543194E-05
-3.26909259972863E-05
-6.33794681940692E-05
-7.7000820154414E-05
-4.81992943862329E-05
-7.24973869272709E-05
-3.40338064489412E-05
-7.0477178527842E-05
-5.14470135947328E-05
-3.53601545373028E-05
-2.08034340332781E-05
6.05084967111819E-06
8.90153647231983E-07
1.74062661616812E-05
-5.21489679983431E-06
3.80942252453255E-05
1.05972925155725E-05
4.56680357620145E-05
2.44790789448901E-05
9.85615235991707E-05
8.2082159829764E-05
5.48402228597593E-05
1.54358538207309E-05
-1.34536881704349E-05
-4.38661755985579E-06
-5.59172639648951E-05
-7.10407894581094E-05
-7.66670681331156E-05
-6.61053929139151E-05
-0.00015802768348835
-0.00012717311654199
-0.000139239927230285
-0.000111319613664052
-9.47539956708092E-05
-0.000107263574178641
-7.04960965478312E-05
-6.6425352805808E-05
-8.73580956957217E-05
-4.8648478717393E-05
-2.79579056480426E-05
-3.78829108439239E-05
2.61159141755719E-05
3.59406792330589E-06
-3.47219933938417E-05
-2.28689458136529E-05
-5.50339495087022E-05
-5.25841974331791E-05
-1.67113517684957E-05
-6.18983629210382E-05
-0.000103491948417407
-8.81103497874762E-05
-0.000142304928207568
-9.53540688796115E-05
-6.91182523147815E-05
-7.16658335894671E-05
-8.25464412416587E-05
-7.22102943795395E-05
-9.8905477231427E-05
-0.000125724498390698
-5.11815047904576E-05
-6.66628978926956E-05
-3.22950741706225E-05
-8.54464864287424E-05
-0.000103741752338794
-0.000102164406147564
-8.23171945808831E-05
-2.48533615267219E-05
-2.58748317428249E-05
-1.60307982595147E-07
-2.73678697081788E-05
-1.94846578240924E-05
-5.23804204347564E-05
5.19196265227105E-05
4.20985062689224E-05
-7.08543333577007E-06
-3.86425180622772E-05
-0.000133555465228827
-0.000139319570956661
-8.85305843817462E-05
-8.59442482425124E-05
-0.000109704865558309
-9.10206535894385E-05
-0.000174948129661837
-0.000133129219925438
-0.000108728013447613
-0.000134355872841055
-0.000155867079225601
-0.000149880278520883
-0.000161647353048364
-0.000156550827666688
-7.34743628415333E-05
-0.000147630030248734
-0.000163797683382616
-0.000202322687941601
-0.000240910296059979
-0.000188218210170474
-0.000130828600731531
-0.000109808758025113
-0.00013826942837287
-0.000146745244491941
-0.000174864585277513
-0.000105124443520729
-3.3070352329622E-05
-8.4447541138618E-06
5.58968149405529E-05
7.7557400996012E-05
8.98675991165761E-05
4.26550404046507E-05
5.98136485446721E-05
5.81805819738492E-05
-5.80171424449338E-06
7.82687144296125E-05
1.94606520865525E-05
4.23624074793694E-05
7.53783700233812E-07
6.08790906483766E-05
6.20378939802731E-05
7.28098036772167E-05
5.54736262069717E-05
5.5490439036929E-05
9.47988095485223E-05
2.87060646448247E-05
7.09759096826921E-05
5.88717931887717E-05
8.28367472112743E-05
-1.73964980154469E-06
4.47712944574223E-05
3.81862905328909E-05
2.41738189550531E-05
1.61202149545572E-05
2.15127225041543E-05
2.5850313424213E-07
-2.65563266187592E-05
-8.56380507900609E-07
-2.21358501432258E-05
-3.18314677923263E-05
-0.000114014020084719
-0.000112527364646288
-9.20151578633648E-05
-5.56441897982606E-05
-0.00010996145937488
-0.000144927665385393
-0.000154908031886283
-0.00011700911037026
-9.24603188405543E-05
-8.18162217388745E-05
-3.5734623250574E-05
-1.72203646903054E-05
-2.44264505596227E-05
-4.36660518867977E-05
-7.75733655456829E-06
3.07254730838835E-05
7.70049579763663E-05
1.97492406695415E-05
3.97903186871907E-05
8.13396527782275E-05
6.54859499911469E-05
6.37904032654107E-05
8.88258367856E-05
9.06291600745047E-05
0.000112664076018577
8.77145570694825E-05
8.54991015508063E-05
7.18855784233344E-05
9.73138786921421E-05
6.37672696624449E-05
5.10714885660735E-05
4.28590855550367E-05
4.54429692334673E-05
2.3907806551741E-05
8.46365032150689E-06
-1.21882777072768E-06
-3.31508635807352E-05
-2.6659558460534E-05
-7.8279448322259E-05
9.96263732405507E-06
-2.15988181279905E-06
1.84054673699594E-05
-4.67621103533773E-06
6.34758549757553E-05
2.53870764886243E-05
5.13680265003199E-05
3.60984179335504E-05
2.02455434504054E-05
1.47425327968557E-05
-5.82059972494951E-05
-5.17631811560947E-05
-1.76681999933335E-05
-1.03093941414572E-05
-8.9815199519089E-05
-3.8523611486944E-05
-5.01377106372548E-05
-2.94623356698304E-05
-1.48803535743405E-05
-2.10690657604455E-05
-3.13085618452391E-06
2.0646459502329E-05
-4.19869891775262E-05
-3.8677305711422E-05
-3.03175436321659E-05
-7.64170224600213E-06
2.56256976335851E-05
6.72650249924192E-06
8.93688650195299E-06
-1.83700132713003E-05
-6.66715569351927E-05
-9.56274506326443E-05
2.48865126438645E-05
3.12619003955705E-05
2.27506687292223E-05
7.96147129624375E-06
-5.21970727741508E-07
2.91418515965285E-05
7.70744708746728E-05
0.000139130891047231
0.000112471422239347
0.00011353257183582
4.54116925375792E-05
4.30819366270977E-05
2.61772679687545E-05
4.55921242561393E-06
-3.81023695766648E-05
-6.87832731468316E-06
-0.000103189769840385
-9.74889632002435E-05
-4.67845437520896E-05
-5.48613573633971E-05
-9.10680554696409E-05
-0.000107238250792911
-6.00391045505707E-05
-3.11164613845596E-05
1.5442760709007E-05
1.53691351415123E-05
8.29424710712749E-05
2.57491685301155E-05
4.20032318228762E-05
8.91865082047015E-05
0.000140737014349316
0.000134959347965526
0.000167520718766601
0.000117009726094666
0.000104930513824515
6.44225005232916E-05
5.13651240122949E-05
6.93456809488157E-05
6.21019529461954E-05
2.09236940849041E-05
-3.33004324809463E-05
1.3710783597826E-05
-5.51629374070663E-05
-3.56833391394669E-05
-9.65019421139921E-06
-3.10157764835904E-06
5.96065633445731E-07
3.25737099045211E-05
2.83201763683672E-05
6.87021939621543E-05
7.25253402429402E-05
6.47240858690471E-06
3.99692315002174E-06
3.00564058381837E-05
2.3861681857649E-05
3.19725648289594E-05
-4.46113351288366E-06
-5.81237740865076E-05
-3.19048357505211E-05
-2.92545186039554E-05
-9.57676816674187E-06
3.30317982830296E-05
4.2007880658438E-05
4.27946225406432E-06
7.43132455605393E-05
9.41341325007364E-05
0.000126033545658701
0.000139596644479151
0.000102557451844288
7.02097837435527E-05
7.18526669348431E-05
6.46801877690177E-05
8.73412424854512E-05
9.58902008927658E-05
1.43254454816879E-05
-2.43415324694177E-05
-1.61388019100785E-05
4.66628219998464E-06
2.57851277833539E-05
0.000105351236700122
6.38191930534941E-05
6.10094653495343E-05
7.62867272818364E-05
8.62717535914425E-05
8.7078320271483E-05
6.12094069513117E-05
6.14032251888283E-05
6.80086608467288E-05
4.60045471964239E-05
-9.97846258387353E-06
-1.52153865832453E-05
-2.07694974830669E-05
-3.26570718389303E-05
-5.51048800386583E-05
-4.49224662835578E-05
-7.45362922880389E-06
8.08734116193739E-05
6.67150552708795E-05
4.4193425151604E-05
-1.24128252915779E-05
2.11316333006628E-05
-2.18797428816194E-06
1.10798897607124E-05
6.6954066785228E-05
0.000106275503486606
5.80216115684635E-05
-4.83842909339144E-05
-3.50777406927879E-05
1.68113533402032E-05
7.26069821450441E-05
9.27812857957949E-05
0.000148047321565838
0.000144852478408642
9.45452994941962E-05
3.36350421172845E-05
8.70580408384785E-05
0.00011732243811572
0.000123737131466345
8.6673944341173E-05
3.80580455853971E-05
1.6685250051081E-05
1.36968241738544E-06
-3.83595330016211E-05
-2.41459154488891E-05
-9.88044403780543E-06
-3.08042989847617E-05
-3.91986736833314E-05
-4.5607809159811E-05
4.74530551419275E-05
0.000100335369689046
9.31024395783657E-05
0.000101491403075361
0.000193450076903586
0.000163337604074805
0.000151096566892332
0.000163601311562189
0.000190313824685392
0.000197683307677292
0.000110039410140291
6.68025112325068E-05
7.9712929366851E-05
8.37408568026462E-05
-6.18151472033482E-06
4.25588459463369E-05
5.20655743799031E-05
1.51643727349098E-05
-1.75292517133951E-05
-3.73712557557637E-05
-6.76684584252362E-05
-4.34718208528479E-05
-1.78776348831397E-06
-2.93961257879527E-05
2.19115926508264E-05
3.62492693768196E-05
3.64246252848403E-05
3.62821062990028E-05
5.51217082914999E-05
5.86337342819728E-05
8.5748644827712E-05
7.67736831986306E-05
8.31379782648894E-05
7.22999596297672E-05
1.48945558129968E-05
-2.72668141932827E-05
-5.80209767090607E-05
-2.25007471020243E-05
-5.10177394888427E-05
-5.14612241276562E-05
-1.88136085843323E-05
-1.4495276445311E-05
-6.790850231205E-05
-8.32446034750454E-05
-2.92382114664229E-05
-1.50780597888572E-05
2.76786849000528E-05
1.56142362068375E-05
1.22939472103499E-05
4.74181740815472E-05
5.55536080812561E-05
5.5137559812729E-05
4.60211428321125E-05
9.35824694811028E-05
6.12122382411257E-05
6.08988467172039E-05
5.04310495494426E-05
2.94556117496776E-05
0.000132297805181952
0.000102984725182159
4.84454008467054E-05
2.55880360796523E-05
1.44379563226214E-05
5.96716271561021E-05
9.57056453802655E-05
7.7713182639884E-05
5.22409411241054E-05
4.67655029256934E-05
-6.36183183332951E-05
-6.05824352001659E-05
-5.06331690439225E-05
-1.43255826258375E-05
-1.82211789945526E-05
-5.19907076543909E-05
-4.89121451118487E-05
-5.27273887223043E-05
-6.57741020736485E-05
-4.01938239886617E-05
-4.17376405348368E-05
-5.19777268619691E-05
-4.9253309221479E-05
-8.02415670720126E-05
-3.85843268384286E-05
-6.01125902451527E-05
-0.000109312100450262
-8.5662682333984E-05
-6.96439391343718E-05
-5.82922938966831E-05
-3.84196549208932E-05
-2.27814489033483E-05
-2.47646260523014E-05
1.10964552049035E-05
4.17834322147273E-05
2.83764667559746E-05
3.13805748828346E-05
-1.62056768538796E-05
9.24967268385965E-05
8.70093509148994E-05
9.26346418316443E-05
0.000115174190981443
8.87411702810614E-05
7.13547876736647E-05
1.82061108977705E-05
2.86272004013157E-05
4.82340139068696E-05
7.61673899242166E-05
-1.43368309089064E-05
-2.74293527196013E-05
-1.49975341507281E-05
-5.95822674064914E-05
-3.08537456367974E-05
5.33774389277045E-05
5.99795017200842E-05
4.17495345369771E-05
5.72118508054912E-05
7.64969029624609E-05
5.44365601607413E-05
7.78885569406302E-05
3.6563005035934E-05
6.70628767037119E-05
3.35328534375982E-05
-9.50722633963106E-06
6.03512651478166E-06
5.3275048030564E-05
2.09504557795209E-05
-1.64297165938924E-05
5.81305064244975E-06
-1.4312133018659E-05
7.17912932383556E-05
4.67984909332502E-05
8.01626687012461E-05
2.84665062086569E-05
-7.56353504138586E-07
-4.07947726460954E-05
-2.29387034710265E-05
-8.33933544235578E-07
-7.52420246279801E-06
-9.27569797065729E-07
-7.73952097062818E-05
-5.83786332030657E-05
-8.2632554169458E-05
-8.45991155289422E-05
-6.30974272607684E-05
-6.43974889020106E-05
-5.69151248871582E-05
-4.34405976746615E-05
-5.37301572216482E-05
-2.63959824874794E-05
1.92091997082772E-05
-8.11492686597413E-06
1.51427751623627E-05
3.51410777186622E-05
2.7262494301626E-05
1.78832061234979E-05
-1.11106225094302E-05
-1.0650807593343E-05
-1.36170395378205E-05
-3.70707646152276E-05
-6.36167682177574E-05
-8.88851107767415E-05
-2.58363125049316E-05
-4.51120331552158E-05
-4.5285383519527E-05
-1.96909372841479E-06
1.82396367199319E-05
5.31065393156337E-05
4.92552199525221E-05
2.43595632230037E-05
1.47343166084281E-05
5.66537538221078E-05
5.15757438885208E-06
2.30765535286346E-05
7.10104218131187E-05
-1.38221537165899E-05
-3.15275440458599E-05
-7.55676401397614E-05
-7.12050231878058E-05
-2.60569574123193E-05
3.22064982869221E-06
2.04583163344506E-05
-1.09352057355985E-05
1.94275074166754E-06
-6.48640054464954E-05
-1.75348245955795E-06
1.98236213647457E-05
2.85481256186674E-05
7.26527530466599E-05
6.54970810132733E-05
4.52971142639572E-06
-2.12098106863332E-05
1.89695582521654E-05
6.32219675112742E-06
8.79803114042004E-05
7.60584121391157E-05
4.5534680627911E-05
1.45111791576686E-05
2.25891008428315E-05
1.55191614499059E-05
2.92845880836941E-05
2.49367383884964E-05
-8.35909772719123E-07
1.10394798271794E-05
-5.85496685928551E-05
-6.30119660296747E-05
-4.51679565994984E-05
-6.4389610168525E-05
-9.775947628101E-05
-0.000113693594285635
-0.000113184129477143
-0.000104043619944928
-9.25214837214924E-05
-9.30525855669533E-05
-8.19279301312577E-05
-8.21368684299858E-05
-9.35373331829898E-05
-5.81986778826724E-05
-3.74105958707689E-05
-3.42021389058173E-05
0.000104244773381532
6.56286486918326E-05
6.32216353655856E-05
8.66615397270737E-05
5.26129417721903E-05
-3.12261796885222E-06
5.54120018843117E-05
6.25114585883777E-05
1.36496236797751E-05
4.49175586591936E-05
-7.06459967664997E-05
-2.66726755638109E-05
-1.55065438139093E-05
-4.81031534048253E-05
-4.0819464525811E-06
7.15963676472184E-05
3.49387651518165E-05
4.58656978904682E-06
-7.9007990339371E-06
-4.24020752745127E-05
-5.53394337489286E-05
-4.3155562289753E-05
-4.33098492080411E-05
-7.11011054642813E-05
-6.66816205783507E-05
-5.67744831196593E-05
-6.1391197089364E-05
-2.90369737131939E-05
6.18850640323958E-05
1.50671002491884E-05
-1.25760587870316E-05
1.84037083965534E-05
2.53260024373009E-06
4.66488148340075E-05
1.01391281818458E-05
-2.23842833071862E-05
-2.28036511021647E-05
-4.51118685660264E-05
-4.18244765948055E-05
1.89163502864915E-05
5.26317945026968E-05
-1.8154116944684E-05
-2.01278446776232E-05
-1.36663389023809E-05
1.08890115581682E-05
1.66376281114772E-05
-1.7395324719561E-05
-1.85357194004126E-06
-4.39273411238986E-05
-4.06281373329426E-05
-1.01247884216196E-05
-7.0990376610574E-06
7.29767149391743E-05
7.81177360985333E-05
5.77011858769153E-05
4.844606467745E-05
8.44724524719681E-05
9.99030829169856E-05
7.52057629299569E-05
7.21272215279606E-05
2.2080103539777E-05
1.98878132453272E-06
-6.15743176321974E-05
-6.67550700549222E-05
-3.84943207099155E-05
-8.1893585406598E-06
-1.86154595285057E-05
-3.00438468657444E-05
-2.8833671721924E-05
-4.88135183861679E-05
3.16256588927414E-05
8.03286571868075E-05
2.73291098376266E-05
-1.4628806699513E-06
1.14415986008444E-06
-1.96478517437641E-05
7.24708785111209E-06
4.5312665686961E-05
1.05247023733096E-05
1.76116412644389E-05
-3.28349990049776E-05
-2.47859970004321E-05
1.27034741054022E-05
1.22736683201209E-05
3.41953433970145E-06
5.13094123689341E-05
-9.71430972883968E-06
-4.82037285950706E-05
-1.61460117503565E-06
-9.60013110585933E-06
2.31131288094478E-06
-1.22850674169028E-05
2.78486382276271E-05
4.84455860840835E-06
7.84116715331146E-06
-4.55113585712093E-05
2.2697297551259E-05
3.1916437117659E-05
2.6205935696038E-05
3.47178301510382E-05
2.7096409214631E-05
5.4932862599784E-05
9.9811519837331E-05
0.00010871535649901
0.000100492723988885
9.50105795840949E-05
6.65283933063546E-05
0.000107869245648973
0.000119658678843052
0.000105627100407813
7.05167933087119E-05
4.58147896215342E-05
-1.00798074170188E-05
8.80577688396332E-06
4.16480618388299E-06
3.95736262708381E-05
3.99916419034745E-05
-2.52198572294567E-05
-4.13937882219052E-05
-2.2970705462179E-05
1.02271381397026E-05
2.15097877066278E-05
-1.22793903205322E-05
-1.010092294923E-05
1.20420781694982E-05
3.54833814512749E-05
4.02096450733274E-05
4.15154019260159E-05
4.5207330146388E-05
2.86034439327803E-05
1.0447126678976E-06
2.28975566796504E-05
3.08227991809502E-05
2.06179023841463E-05
4.22906308626466E-05
4.40432301755402E-05
2.42560509508123E-05
4.02020879138508E-05
5.2465739698736E-05
7.33258264460103E-05
0.000104299302154923
7.19619703080319E-05
8.11082470672665E-05
7.31885442822978E-05
4.48537283852419E-05
2.04548699195665E-05
4.08295310091596E-05
2.58118328266024E-05
1.29436999283917E-06
2.89012869842591E-05
2.45067783341666E-05
3.27841918783839E-05
1.15786115699008E-05
5.83895901592635E-05
6.85299158529461E-05
2.23427088880142E-05
-9.3580527627687E-06
1.42439900391585E-05
3.00860653126365E-06
-3.90956663753707E-05
3.10847386923347E-05
4.7152588587728E-06
8.81214870670021E-06
-3.93161596165437E-05
-5.20375168599905E-05
-5.43144125121928E-06
3.375870002039E-05
1.88318246149909E-05
7.05043183059194E-05
7.98951719221704E-05
-2.34471179564717E-05
7.70484645333318E-06
3.17510506509126E-05
5.86668596110201E-05
3.04701390573536E-05
4.60546156266682E-05
9.25657404285793E-06
-1.66665094851102E-06
-2.6850593362422E-05
-1.16780202036441E-05
-9.94838254929313E-06
-4.93588995641299E-05
-5.04457823334963E-05
-5.91940511112606E-05
-3.06087592875549E-05
-3.26601849640675E-05
-3.23890618928174E-06
-2.45051160021824E-05
-1.75431377406287E-05
-3.39484021763795E-07
8.84698780329597E-06
7.60218992466062E-06
2.82434986840581E-05
3.5787448701509E-05
2.82211720236864E-05
2.6108618100644E-05
2.97388117144809E-05
3.77584108035313E-05
0.000112586667447484
0.000144016002845314
0.000129874978778283
0.000131887234531394
0.000107921319892083
8.42976191078738E-05
7.56471282376627E-05
5.19911281421869E-05
4.91015527449397E-05
3.97643240616635E-05
-5.26838924323249E-05
-0.000138818214440536
-9.45228413381191E-05
-8.40924173641937E-05
-8.23614199082167E-05
-5.49699922851527E-05
9.5342773719946E-06
-3.15048038941425E-06
-3.5130321982047E-06
5.20906721237099E-05
6.17901972056829E-05
8.40477856562582E-05
7.19468821037107E-05
8.21338595372555E-05
6.60075475318638E-05
4.38972986030765E-05
4.26399038762623E-06
1.62229748611486E-05
4.70153358992901E-06
-2.37601823066636E-05
-4.04331918198209E-05
-3.62628339157142E-05
-5.55053281621136E-05
3.37153604116793E-05
1.64821590820075E-05
1.67899813918174E-05
-9.40761339243249E-06
-3.29780112866799E-06
3.77525858725027E-05
6.73075014396018E-05
0.000101789903799647
9.16800112461866E-05
0.000118514640220387
7.4899181332387E-05
0.000105916502573523
0.000108526206290751
9.64029166892015E-05
9.8594993673331E-05
6.7680316504649E-05
4.02967451492249E-05
1.70717687936761E-05
5.18160019610113E-05
-6.90362210669227E-06
-2.95195662399343E-05
-3.68536064716418E-05
-4.44876057138191E-05
-2.12924019089559E-05
-3.41153554564789E-05
-6.20229225521903E-05
-5.38146320192874E-05
-4.5497607864471E-05
-5.74969683568192E-05
-2.43292429326451E-05
-1.95787380604523E-05
-5.79034769748723E-06
3.99689704525545E-05
4.93452633950305E-06
2.35969238062768E-05
3.28956738392523E-05
0.000102689778524332
9.75410780681662E-05
4.95097361218366E-05
4.3269691968513E-05
4.86930966511015E-05
2.05763490110563E-05
3.02157552468045E-05
5.49052655079173E-05
2.68690299262955E-05
1.48852479298085E-05
-7.45526005649594E-05
-7.94873929766138E-05
-2.84095716387058E-05
-1.42446319487019E-05
-5.41214491060289E-05
-5.93488570387508E-05
-0.000131642023589521
-9.7573438384554E-05
-9.11991516813874E-05
-5.84875435630206E-05
-1.56089521924911E-05
-1.46207876150075E-05
-3.77548089007795E-05
-5.51732122655293E-05
-3.54363247761435E-05
8.44268713612062E-06
3.34389313261165E-05
4.10580992860751E-05
5.99387707293501E-05
8.06395925581858E-06
-3.65619379041636E-06
2.27345097270944E-05
1.11989016395695E-05
3.34445323233022E-05
2.31497341275647E-05
3.39211157640734E-07
6.62266603175541E-06
-2.20575324747707E-05
-4.62657449916726E-05
1.36264935709361E-05
1.52274676296686E-05
4.0989374123872E-05
7.06056452579981E-05
5.64998662507273E-05
7.30942520569365E-05
6.93094504292686E-05
6.03447587547406E-05
3.73683591309045E-05
6.35246115745502E-05
5.48930727218695E-05
4.38742713801743E-05
1.20082448250614E-05
1.09646280303388E-05
5.90883938228035E-05
8.58708174876382E-05
0.000114718103010527
8.41569063987455E-05
0.000104573880331979
9.51174942389656E-05
7.87880136751279E-05
0.000130618345023907
0.000111441750558275
8.92061234780838E-05
5.03827519130933E-05
-1.41814836394078E-05
-2.35291067597207E-05
-7.20106077151305E-06
-3.10425241671827E-05
-4.15779700476151E-05
-3.2766081830688E-05
-4.49418961850268E-05
-3.31081594274842E-05
-5.63592097438366E-05
-3.31693208826735E-05
-3.08437144708083E-05
-4.83350885679206E-05
-1.61425704647344E-05
5.33685613732934E-06
8.62043110692528E-06
4.57233367842523E-05
4.057537011536E-05
1.97897294286475E-05
2.94528942479476E-05
2.27410866894663E-05
7.06317630343258E-05
3.63865914924678E-05
2.31802483193702E-05
3.56021234657002E-06
1.38743410081401E-05
-4.77735707395585E-05
-7.57203916297008E-05
-5.91050841634641E-05
3.28895515155911E-05
1.02621984630448E-05
-5.03987556347292E-05
3.40322982552136E-05
-1.30290309021017E-06
2.76323040728849E-05
3.33512630848835E-05
6.27036908526545E-05
5.78443035732276E-05
3.70830704068063E-05
-2.3437071340339E-05
-4.41183161244879E-05
6.98940436010453E-05
-1.43126632994482E-05
3.37916006137326E-06
7.73441437950692E-05
4.49968154107202E-05
2.29357692945435E-05
3.25922467689438E-05
4.14820090511375E-05
4.64738171140768E-05
6.44300880265222E-05
-4.03680714309573E-05
-9.2436596118473E-06
3.44475051055212E-05
-4.84038000641192E-05
-4.77155113680751E-05
-6.02035588436643E-05
-3.28601998364657E-05
-3.13850721001397E-05
-1.29466091685747E-05
-1.04675343972745E-05
7.09091836939437E-05
5.99606859555622E-05
4.86673645711312E-05
5.05787006372912E-05
7.39079762458435E-05
0.000146262772073797
6.96783559241488E-05
5.37044476561091E-05
3.25563260892991E-05
4.52306463595265E-05
-1.5304067685915E-05
2.52729437552347E-05
-8.83928673722461E-06
-2.23040478882723E-05
-4.82692580937627E-05
-7.41383760218283E-05
-3.22568863586497E-05
3.72431912989897E-05
4.11150357765359E-05
2.76795812650409E-05
5.81177619914925E-05
-2.40632014017769E-07
3.08837123064022E-05
4.35233753167652E-05
6.84240538598117E-05
5.34235458755384E-05
4.6030969925306E-05
2.96661143593363E-05
7.52202848510728E-06
3.62098915583626E-05
2.57367832580861E-05
6.14291807226315E-05
8.57426945236381E-05
5.76216498294235E-05
8.79125511441691E-05
8.9455645160821E-05
0.000138843610193531
9.50438418972365E-05
4.97969128554604E-05
3.32188934563295E-05
3.22388018149998E-05
2.19235175835221E-05
8.31037744787615E-06
2.50777364026321E-05
-2.63919729409168E-05
-2.22983724509837E-05
-4.95448263632812E-05
-2.81010849956811E-05
4.2187234588364E-05
2.3610863412933E-05
8.31404642063266E-08
1.19844519299738E-05
-1.26806187622571E-05
1.26921498771194E-05
7.28131960838469E-05
2.37236617540289E-05
-1.97812990100529E-06
1.44907767329595E-05
-2.59863233872258E-05
-3.02686300975046E-05
-3.99000110842777E-05
-4.64014570202764E-05
-4.70930428591263E-05
-2.64050129759013E-05
-7.21313904986363E-06
-1.1780924817579E-05
-2.25554125094158E-05
-3.33041880596766E-05
-1.64127815454047E-05
-5.16490157543045E-06
1.51281744882129E-05
1.51415916503399E-05
7.20900631856019E-06
-1.34765104061075E-05
-8.20829541618759E-05
-4.54767546392368E-05
2.63305241695566E-05
2.77522744343371E-05
5.02915149958063E-05
6.73370830464564E-05
4.48822779824654E-05
1.92145965481175E-05
4.03089867224143E-05
3.40611604964318E-05
4.36604583096975E-05
6.38640658313823E-05
9.91313354867237E-06
-1.17169824546536E-05
-2.29546940464276E-05
-4.98037497704418E-05
-5.64888795474008E-07
-1.07307881032105E-05
-3.18178196138405E-05
-4.02339614410571E-05
-4.72851583361103E-05
-7.65772826521477E-05
-4.99984355702356E-05
-6.69413098072846E-05
-8.484180421571E-05
-8.02800074403653E-05
-0.000133931304940372
-9.37234815571589E-05
-8.21686502735769E-05
-2.54299553712756E-05
-3.52400306013095E-05
-2.02515346105135E-05
-4.46679417840929E-05
-4.32378455381066E-05
-2.16678014625831E-05
4.03430463693815E-06
-2.43586607523872E-05
-3.4737794721882E-06
1.24338884017184E-05
-5.44876557175773E-05
-4.51372180896925E-05
-4.97778642270926E-05
-4.96468084480934E-05
-2.44574647039768E-05
-4.09539337378165E-05
-3.87132089386522E-05
4.60298158387121E-05
-6.61508178174255E-06
-3.43783890877255E-05
-3.0759527639662E-05
-1.72011500599381E-05
-1.31980013806467E-05
-2.94056301890799E-05
-2.43761299048522E-05
4.08331662350562E-05
1.29600154249348E-06
-6.02723752970206E-05
-2.93806627138761E-05
-7.16559370817865E-06
1.11116832977517E-05
-4.51549054322501E-05
-7.06935907666682E-05
-5.11370871798359E-05
-5.23852991386741E-05
-0.000118787210591276
-0.000107865650159872
-7.59361326107709E-05
-8.49366919174637E-05
-8.4019211894801E-05
-1.42643940944107E-05
1.48616289012408E-05
1.94178347120507E-05
1.21597769155226E-05
1.72026526792127E-05
7.47768299533007E-07
2.37372572052975E-05
1.30772505504434E-05
1.40099675398404E-05
3.12034496392715E-05
-8.54088571071176E-05
-8.42851967678446E-05
-9.3338947869601E-05
-8.29432755232127E-05
-9.17824402748771E-05
-4.8260768486015E-05
-6.39586696626773E-05
-6.37142870375634E-05
-0.000440937169724428
-0.000416386573968037
-0.000329603529946611
-0.000303858372028456
-0.000254642948937719
-0.000243911623605617
-0.000259236397290264
-0.000249865949645608
-0.000219233638801676
-0.000204429735514421
0.000157017753670008
0.000137297736260315
8.89129107377318E-05
6.16855159638124E-05
5.42779997060508E-05
6.89149766884645E-05
0.000133345065272223
9.91527287921594E-05
6.23123904897679E-05
3.03573130829566E-05
5.62932003266689E-05
3.30888482543545E-05
1.16877155691347E-05
1.95262623926753E-05
1.91491103816739E-05
-2.94044267041637E-05
-6.10361769401287E-05
-6.08200822260729E-05
-1.70457489883728E-05
3.84792167303022E-05
1.3277851450656E-05
6.5548934027517E-05
5.84629951473956E-05
4.9937691176077E-06
-1.28703800164665E-05
3.8677099676064E-05
6.15873342176481E-05
3.42929947631623E-05
-6.25977982841319E-06
-7.53379425377668E-05
-1.5842613513667E-05
-0.000107900586810121
-0.000116507079462591
-7.02381113767279E-05
-6.07776525065056E-05
-0.000104592687796411
-0.000138308045169891
-0.000115099992315089
-0.000107110590507771
-5.47750349087646E-05
-0.000110499049960878
-6.66496522891435E-05
-3.76752141239812E-06
3.10597752198085E-06
3.00197421040723E-05
1.1493868431326E-05
8.13009512329072E-06
5.63985196618438E-05
2.87492051743157E-05
3.045506101844E-05
2.81353533141981E-05
2.6445633046168E-05
4.43855788820204E-06
4.3298828538042E-05
2.62125260534544E-05
3.80280776589383E-05
2.00622239454928E-05
-4.22480117329507E-05
-3.448734397555E-05
-6.3969017031841E-05
-3.34960942075592E-05
-4.19210436628974E-05
-5.92174212030221E-05
-9.13883285382346E-05
-0.000150994711659688
-0.000123997109057276
-8.20023234311323E-05
-7.2755067288902E-05
-9.17649318149675E-05
-4.78364348733233E-05
-5.5724979211387E-05
-4.56461604630234E-05
-5.1029435843447E-05
-6.10607773062905E-05
-2.00005778551372E-05
-1.79410846729126E-05
-2.78736471291639E-05
-3.50051887530253E-05
7.82344245532699E-06
0.000105779073409659
7.72674211202926E-05
2.3580332659466E-05
7.36226789505084E-06
3.34446548639022E-06
1.38374856910014E-05
6.77926446650401E-05
2.58848546560322E-05
3.44838098544684E-05
1.75818025678948E-05
-0.000118958545901199
-8.82094893943168E-05
-3.72015932187602E-05
-1.7620429361562E-05
-1.75466234576751E-05
-2.69697266272261E-05
-9.45757847015965E-05
-6.85724696071677E-05
-4.53295534889018E-05
-1.60084242997926E-05
-1.47948820620994E-05
-1.2261634806055E-05
-3.89582061674997E-05
6.63379755866491E-06
1.65629575316852E-05
5.35294459476073E-05
8.10619585667521E-05
5.59207847173365E-05
1.78044352529306E-05
8.30318918264923E-06
2.41005222044906E-05
1.68052357724655E-05
2.82989398419123E-05
-6.44750600133683E-05
-8.59932025875293E-05
-0.000111394661668777
-0.000129378412989876
-0.000146122730259863
-5.53939183323465E-05
-6.91663055475359E-05
-9.93096538965777E-05
-0.000124313120905475
-0.000102524629038961
-6.00401177609828E-05
-4.2213624498243E-05
-5.4008924408351E-05
-9.54674620221996E-05
-8.87440363541917E-05
-0.000172954063625801
-0.00013707063737114
-0.000108588688461397
-0.000126835710996999
-0.000152727907290644
-7.98693766530515E-05
-0.000108392462824195
-0.000125197663085411
-0.00010113223646901
-9.368182032896E-05
-7.76590235451261E-05
-0.000103798214408594
-0.00012504068612137
-7.26185560683997E-05
-7.76109951087863E-05
-0.00014689299561648
-0.000125038463736052
-8.8864563517259E-05
-8.47224425100643E-05
-8.57790758223495E-05
-8.00717619347851E-05
-8.40765579305742E-05
2.40339576497789E-05
1.95756616618956E-05
2.56499195486159E-05
1.68917003907224E-05
5.47562452972996E-05
-1.2063271234681E-05
1.03355521964436E-05
5.35844664383362E-05
6.89253330485285E-05
9.60394962872303E-05
-2.1472509304459E-05
-3.40278758450951E-05
-2.58955008069399E-05
-7.43354868920163E-06
-2.7409980882245E-05
1.0823294451774E-06
-7.15035425278384E-06
-8.00891220124475E-06
-1.61628181011789E-05
-1.15427322166869E-05
-3.75342427170798E-06
7.50383441406424E-06
-2.71162053121565E-06
-2.38248744252658E-05
-2.7150816124234E-05
-3.97543154163033E-06
-1.82781749512545E-05
-2.16549578848608E-05
2.73507804532425E-05
-3.58640191066781E-05
-8.6041619984998E-06
-1.89818965097033E-05
3.72727326407366E-05
2.82563307755244E-05
4.44645810820552E-05
3.10745772621728E-05
3.69129783989525E-05
8.1378882730644E-05
-1.44578630845359E-05
1.07356545532831E-05
-1.38748784502622E-05
-2.70667761005059E-05
-1.65857217621263E-05
1.07377192209652E-05
2.76142610907418E-06
1.78479054469615E-05
7.89175983993967E-06
-4.66253246282173E-05
-5.25914236196433E-05
-3.34894156383126E-05
-5.37827708722651E-06
3.04290554039709E-05
-6.49559063171548E-05
-1.39889258612634E-05
-5.58541408396264E-05
-4.88047962729733E-05
-7.04539496488679E-05
-7.84271311433424E-05
-4.89510224965541E-05
-7.56779317206664E-05
-0.000101564529509945
-0.000118630023011543
-7.16685701426119E-05
-0.000140389597241768
-1.46169714797407E-05
-7.71904847943584E-05
-5.6261006084814E-05
-8.6052301026365E-05
-4.30260785409981E-05
-3.70457928414198E-05
-3.28392349740413E-06
2.44706004302786E-05
4.12963650750827E-06
7.07587832304334E-06
-7.00294581148401E-05
-2.10395814347377E-05
-1.36278379530631E-05
3.00499720965955E-05
2.86369113060432E-05
2.48386409086623E-05
1.2782601108806E-05
-3.91414707165932E-05
-5.45028951345012E-05
-3.06412193575828E-05
-4.23013256171045E-05
-4.5350444499349E-05
-4.85400682814635E-05
-5.19249257355314E-05
-7.65700886406504E-05
-5.00552323710289E-05
5.06620805681665E-05
4.84796172754553E-05
4.21356816315391E-05
4.56465758603866E-05
3.49757867620941E-05
9.5099312799868E-06
9.14292302839553E-05
3.96966309645707E-05
5.58044128727721E-05
4.79807325279587E-05
-5.62569938755021E-05
5.82239565048643E-06
5.41191672161217E-05
4.59766375910402E-05
5.85115652590515E-05
9.18417606328354E-05
1.00472949522824E-05
3.85243289169566E-05
1.40529921499651E-05
1.11197646583493E-05
1.6006070008412E-05
-4.96161795188683E-05
-7.15294862119335E-05
-2.68015965678615E-05
-4.22272958453212E-05
-1.88346776764917E-05
1.852869043174E-05
1.17566313601762E-05
2.15761325528309E-05
-3.86601276301353E-06
-3.83928784924453E-05
-5.66243739094638E-06
4.59931648511492E-06
-4.96878835437435E-05
-3.53624469727843E-05
-4.10963717082759E-05
-6.13239633384775E-05
-1.01146205455395E-05
1.50649744449265E-05
1.89575855687947E-05
3.94017826170262E-05
2.27413707250585E-05
2.18253634270036E-05
4.48761624160062E-05
3.08102968605175E-05
8.2098552630687E-06
1.63153810686746E-05
-1.81520748815451E-05
-3.76482310880741E-05
-1.32728257876469E-05
-2.38403239276841E-05
-1.83413862284436E-05
-4.0717459148446E-05
-2.80539025107769E-05
4.8796854436784E-05
7.50168356187315E-05
2.13804475451235E-05
1.66274451732241E-05
1.860268255241E-05
2.33300563086928E-05
1.43840941082522E-05
5.24272852182124E-05
6.04682831401279E-05
1.54019266319719E-05
-7.25974892906236E-05
-6.4167444790638E-05
-1.65590188168598E-05
-2.77744870345111E-08
-8.5229021262596E-07
-1.90885191654989E-05
1.64940978787848E-05
-4.72202073602212E-05
-1.60616188794664E-05
2.85105484660693E-05
6.39394324851511E-05
3.60327966495789E-05
1.30845955749667E-05
1.07417240626711E-05
-2.22165829037705E-06
-1.50235409833136E-05
-5.42660702478948E-05
-1.21816965335413E-06
-3.10170019554052E-05
-2.48300837410864E-05
-4.36992739224222E-05
-7.11555495423106E-06
1.27051169811203E-05
2.69013849782149E-05
5.86263907459189E-06
1.11874509758124E-05
1.65460834368651E-05
1.81951483005058E-05
5.09735001632034E-05
2.11223950730813E-05
4.11018354385708E-05
-2.30278183360515E-06
-8.26082991385128E-06
-2.82600384441176E-05
-3.18306412735914E-06
1.66956429383085E-05
6.57990122360954E-05
2.53315972476855E-05
5.10080195776894E-05
5.07275411059685E-05
2.9152180840899E-05
3.43208169363082E-05
7.74055184516605E-06
6.96876319883318E-05
4.44084178781642E-05
4.62845782910704E-05
1.09532060385328E-05
-4.00469492321433E-06
-5.97122816899686E-05
-6.73354991227747E-05
-7.14971654437096E-05
-6.06800875736889E-05
4.38998841122711E-06
-6.74630187047185E-05
-5.4159718884562E-05
-4.20836405861065E-05
-2.52976877628025E-05
-1.94923273260479E-05
9.98243037608495E-06
3.1065946535374E-05
3.12346276780836E-05
3.30759097683548E-05
-5.97112450848152E-06
3.26754792979133E-05
3.43329581462544E-05
4.13324068807922E-05
3.63790259001496E-05
5.33453281268295E-05
3.40562776471665E-05
9.40469002335371E-06
5.71890840878079E-05
5.61875333481765E-05
5.38179581386422E-05
1.528723173212E-07
-8.53239683345659E-06
2.3068579061391E-07
-1.05416483557038E-05
2.69453798151277E-05
1.82868460770019E-05
2.43779032317872E-05
1.66170635724196E-05
-9.11268860864836E-06
-7.35482433352523E-07
3.59799624050865E-07
2.84683531313676E-05
6.83389647819852E-06
2.47992908154305E-05
6.59374968553751E-06
4.65804548474972E-06
3.59285958608918E-05
2.59712653753551E-05
4.98552812715783E-05
2.89424948506928E-05
1.43529154132186E-05
-1.82977522193514E-05
3.4770258550692E-05
5.23186508048843E-05
3.40720174889752E-05
2.61691708551146E-05
-1.04241248842337E-05
-3.4333839002136E-05
-9.12672242295824E-05
-6.1564053388875E-05
9.23430793914903E-06
1.74539276634098E-05
-3.62938545555011E-05
-5.85568038375017E-05
-3.43458630279515E-05
-2.73179075172831E-05
-3.86449295022627E-05
-1.12886506096944E-05
1.73673955788132E-05
7.64390656477817E-06
-3.67204088333192E-05
-0.000360610046615917
-0.000320734014940857
-0.000295623769219842
-0.000274306110717548
-0.000227870242017709
-0.000213238396099998
-0.000146132619189472
-0.000120357626378689
-0.000115484524497687
-0.000118580862425297
0.000220843456826824
0.000185965391694474
0.00017959419351456
0.000150610936084663
0.000102585717699951
0.000125559165468585
9.92873652791663E-06
3.53885807914069E-06
-1.4558253817383E-05
9.15739246418159E-06
5.25888966825941E-05
5.71046083826688E-05
5.1328375916223E-05
5.96761106471233E-05
5.05506773382767E-05
5.55934238637936E-05
7.11865124679526E-05
8.29599959494313E-05
9.41641769879413E-05
0.000100499939161464
0.000159670107462017
0.000155892960049306
0.000115035595099627
0.000121445630705367
0.00014068289533462
0.000103382297018188
0.000195031349699358
0.000182996315995252
0.000172654443393516
0.000152596825343744
3.2003083802656E-05
2.20492150425859E-05
8.99578204874672E-06
-2.47021225956193E-05
-3.01122827066169E-06
6.67728820847218E-06
-8.70254525884748E-05
-4.85130921999359E-05
-7.34709214184378E-05
-6.45620313479901E-05
-6.82901932864385E-05
-7.49504716920244E-05
1.04236239227071E-05
6.91395040643577E-05
-5.20403824337926E-06
1.69236867068926E-05
3.17113513592945E-05
-2.68033682773638E-05
-7.20216579576087E-06
5.38220502403797E-06
3.2707792015589E-05
3.80070913826125E-05
-4.55764229603138E-05
-5.60200473020011E-05
1.76601322618687E-05
-1.5902269961656E-05
-7.88913708084403E-06
3.87894903395195E-05
3.79547832240998E-05
2.69246337515313E-05
2.96343968988114E-05
3.59412237363003E-05
5.70493580186594E-05
2.13684537086843E-05
1.20620929814967E-05
3.79140461941438E-05
8.40152357377169E-06
-4.97646272258355E-05
-1.76264067124157E-05
-3.37210276273664E-05
4.43460776236187E-06
1.66937526175374E-05
2.74390568692546E-05
4.137622392702E-05
4.66575718145482E-05
7.16028812156515E-06
4.08367935975969E-05
3.89425837895861E-05
2.21980824548815E-05
5.86708009640786E-05
2.87126388623752E-05
3.58158386935103E-05
4.02275914859822E-05
8.67987053659081E-06
1.7668332480312E-05
5.76243201432572E-05
4.46332628327516E-05
6.70086229590408E-05
5.33536238406552E-05
2.63762706629666E-05
-1.28250303510883E-05
-5.55040475860785E-05
-0.000107666023129158
-7.58081813142929E-05
-8.05606094756516E-05
-9.64789150992162E-05
-8.7180025584669E-05
-9.2477199253133E-05
-7.93510371558801E-05
-5.61076475142334E-05
-3.32621802638276E-05
-2.2101271907304E-05
1.15466359828494E-05
8.43173324297248E-06
-3.78617068179731E-07
1.85967884741734E-05
1.72833044405785E-05
3.38457289315296E-05
4.36055522554924E-05
4.54305144403447E-05
2.77009015757479E-05
6.4487386861318E-05
6.14734526184918E-05
4.69683675048706E-05
1.92555732005669E-05
-5.65658243746042E-06
1.39786484171645E-05
1.62803423829131E-05
4.66263771957647E-06
-2.18937331841977E-05
4.42164748295382E-06
-2.67942268780716E-05
-3.34795876764167E-06
2.29318405936583E-05
3.29530022795691E-05
5.34273261292734E-05
-1.31643129095632E-05
4.70064370507216E-06
1.20202286495947E-05
9.26173814211305E-06
2.647339582323E-06
8.73934106832755E-06
8.66119554416759E-06
-1.59387430081757E-05
2.81305524595849E-06
-1.96910296648244E-05
1.74310784378289E-05
-1.71296777412974E-05
-3.8611044162689E-05
-3.83825510730049E-05
-3.66864947913854E-05
-5.99075936816795E-06
-3.15044210208821E-06
8.84067702446911E-06
-3.51102557106796E-05
-1.48089095510661E-05
-1.3177577734899E-05
5.47276884920799E-06
1.64560862798581E-05
1.21085203011134E-05
2.05781761403169E-05
4.09087507489953E-06
-4.74118958623262E-06
-5.00144706767964E-06
2.08247701214892E-05
1.20151655714186E-05
-2.76556145690181E-06
-3.50043869819917E-05
-7.56799646156973E-06
2.81793522403786E-05
-6.64599349267848E-06
-1.48094464175844E-05
-2.64552006974084E-05
-4.76235678965436E-05
-6.38095050141782E-05
-5.81577923052634E-05
-4.23182896044091E-05
-7.96804500099835E-06
-4.88777719755946E-05
-8.06261009700975E-05
-3.86075915588833E-05
-6.79785406910527E-05
-6.30578378429779E-05
-5.38176360135906E-05
-2.98057705956358E-05
-3.96381784399096E-05
-1.80717561842757E-05
-3.39619335800043E-05
-1.09156921207096E-05
3.64748911847381E-06
-7.67913913288364E-06
-3.34443009969742E-05
8.01035866364624E-09
2.06697308163736E-05
2.31525529418731E-05
3.79279811068638E-05
2.91306923163772E-05
3.17486367800807E-05
5.03893257256124E-05
3.68655046286384E-05
5.63102563573E-05
9.33113456601437E-05
6.08238866426797E-05
4.023741249251E-05
3.34346666737587E-05
5.76086677857449E-05
3.64328904744302E-05
3.89964842888641E-05
1.98377979687574E-05
-1.90204952727908E-06
-2.32893487740489E-05
-1.54901569208863E-06
2.3326798994016E-06
8.68238968450826E-06
2.3929174084882E-05
-3.76740185124296E-05
-4.97147009443588E-05
-1.49112625785276E-05
-8.80001386290125E-06
2.47443377297667E-05
9.19122030491672E-06
-2.0179112537491E-05
-3.16805796843073E-05
-8.3954496193501E-05
-6.17242641686596E-05
-1.71287018047577E-05
-2.68849467598043E-06
-7.08627153769505E-06
-4.93007380713842E-05
-4.32875170728298E-05
-4.5481475034301E-05
-1.76408136531137E-05
-5.79985312129072E-05
5.48878154082433E-06
-5.60837043810444E-05
-7.27436621464138E-05
-7.2597882350878E-05
-0.000107633630173323
-9.63342884830062E-05
-0.000102369591418398
-8.33447320564197E-05
-9.6935776755087E-05
-6.03342583023854E-05
-9.438515556062E-05
-9.06944205712873E-05
-7.46663919578842E-05
-6.29334159709467E-05
-8.28480434386108E-05
-8.34129755245148E-05
-7.37922766844859E-05
-8.06232246546201E-05
-6.10757363933601E-05
-6.38562383332677E-05
-4.53513283861203E-05
-1.2269426351941E-05
-4.50287009794745E-05
-6.12494879504526E-05
-3.95325227938522E-05
-4.67886980547757E-05
-4.397507141755E-05
-1.38596744079822E-05
-2.04915109558813E-05
-2.02221609821267E-05
-3.0397414794842E-05
-3.57221930122824E-05
-2.20677575785983E-05
8.13617405444545E-07
3.51415205700602E-05
2.64436730405942E-05
-7.52132510461592E-06
-3.12106542486952E-05
-2.90927435732825E-05
-3.19721614436752E-05
9.22659854636627E-06
9.24017422765036E-06
3.9376303595945E-05
2.89428327800373E-05
-6.04815514776155E-06
3.0377247522622E-05
3.16178988849629E-05
4.02002951382559E-05
-7.8052692774856E-06
-3.2792529145359E-06
-2.17046583443467E-05
-1.03419245328728E-05
-5.49409081454421E-05
-6.29466072498268E-05
-7.12183947203859E-05
-6.52983119397282E-05
-8.21965264281131E-05
-8.99294007329582E-05
-2.70751925470541E-05
8.01936396836726E-06
-1.12232297219945E-05
-2.14347605722474E-05
6.49832715147524E-06
-7.12737293360481E-06
1.79634865821904E-05
1.76441628743233E-05
9.50424430422529E-05
5.39969465890161E-05
2.00652823056206E-05
9.43007225372438E-06
2.89722886906038E-05
6.54329831773271E-05
6.56622491383952E-05
7.61010044431174E-05
4.28789408147852E-05
5.36462155740893E-05
3.86995228167224E-05
5.987374293079E-05
6.51976177699523E-05
4.58818508991125E-05
1.48412129510718E-05
-3.28168273374348E-05
-6.72129998783276E-05
-5.01922801358935E-05
-3.10921908529061E-05
-7.98053177337025E-05
-7.29097249206428E-05
-5.19696281893421E-05
-4.53786269405156E-05
-4.63831661722874E-05
-9.90044587238114E-06
-3.90911933335437E-06
3.76899757100166E-05
3.22296685486017E-05
4.68379565528115E-05
7.83967080925696E-05
9.66232624192007E-06
3.42987352264645E-05
5.82023898246206E-05
3.15126894836256E-05
2.97547559321263E-05
1.34426013309565E-05
2.91217458370833E-06
2.34597209055468E-05
2.26596722850997E-06
1.18114367127322E-05
3.46974423219105E-05
-5.68042958241147E-06
-4.83271702608694E-05
-3.90026232134677E-05
-7.06664257877142E-05
-4.88301420269091E-05
-4.71544760689848E-05
-6.89669860267098E-05
-8.38537725226257E-05
-9.24995453586956E-05
-7.78996904048732E-05
-8.38539188132986E-05
-4.62656378665205E-05
-2.3095008427133E-05
-1.22149412791305E-05
-1.4765217528986E-05
-6.04867368523405E-06
-2.11532185836262E-05
9.43526682856332E-06
1.90566930869161E-05
3.1523963161632E-05
5.19074385692658E-05
3.68920539269676E-05
3.64479703266865E-05
7.49146945569667E-05
7.18756966289817E-05
6.29932987234369E-05
7.99997930881614E-05
7.19578394350549E-05
1.67328554599825E-05
-4.19403556332683E-05
-3.25273949478696E-05
-4.13118954488394E-05
1.33969825221671E-06
-3.53983395248301E-05
-5.28594557221509E-05
-5.92457630985062E-05
-5.01946625269457E-05
-2.72105570938212E-05
1.64064002808025E-05
5.75204363477844E-05
3.97448905750666E-05
7.12703893426737E-06
-3.57665652991525E-05
-2.7699964454471E-05
3.339744402592E-06
2.17218546373112E-05
1.015299667938E-05
-4.86950619508978E-05
-5.48203923094074E-05
-7.60958558316938E-05
-6.69789367533399E-05
-3.02504446841883E-05
-4.11464459464843E-05
-3.79184867012174E-05
-6.49740724364864E-05
-6.3308587675359E-05
-5.46144430183325E-05
-3.89011652162306E-05
-2.02046579494464E-05
-9.22581982324949E-06
-2.05279966966285E-05
-2.82914681711031E-05
3.03550648067902E-06
-6.49005158964039E-07
3.31060965595693E-05
3.6857105454381E-05
7.20122011619833E-06
-8.1969457501948E-07
-2.11785207130295E-05
-1.5395276042217E-05
1.39339080648758E-05
0.000110924508089753
8.79761220759293E-05
7.69164728859825E-05
0.000128691853284437
7.67280816249796E-05
9.86873136310757E-05
0.000121451048873806
0.000117224341208568
0.000116847365670628
0.000102775232907177
-4.64685578281189E-07
-3.19142827090649E-06
-3.7267132404286E-06
-6.50479740309734E-05
-2.62014929880997E-05
-3.69318439351924E-05
-1.15625067814194E-05
-2.92270668851041E-05
-2.27760254368374E-05
-1.64379209747176E-05
2.03803576910175E-05
2.60006978817084E-05
1.99316106356932E-05
2.55655028793504E-05
-2.02666911579785E-05
-6.68889402948983E-06
8.3853504356553E-06
3.53588237924641E-05
3.82979438021729E-05
1.61519762588181E-05
-3.60410311344482E-05
-3.82464136889836E-05
-1.47213719631022E-05
-2.00342446647337E-05
1.88265414250717E-05
7.9897184661611E-07
-1.40881756831112E-05
-4.37247304081327E-05
-6.50151896775242E-05
-4.69922209172944E-05
6.08848326696227E-06
-1.65174222028496E-06
-4.58920664860804E-05
-2.75156347248275E-05
-5.89196821524445E-05
-2.75934977945211E-05
-2.71706997901564E-05
-1.6201583634988E-05
1.36049108761482E-05
-1.00837298569579E-05
-5.96245912986547E-05
-3.73317387264516E-05
-5.21199556158494E-06
-5.06522747420542E-05
-5.87816235030015E-06
-2.71148050805756E-05
-1.98417983876835E-05
-1.11237673623794E-05
-3.06754403450881E-05
-2.77000886721145E-05
2.68555417594467E-05
3.25668650047629E-05
1.13945675746198E-05
4.89251439835334E-05
1.58052400969964E-05
3.18341048573692E-05
5.37566315122025E-08
8.09798274953235E-06
-9.0786579479237E-06
3.22669997701448E-06
-3.80809459405778E-05
-3.44250603039305E-05
-2.41935300080565E-05
-4.95322539032693E-05
-1.02714047316067E-05
-1.84966459088187E-05
3.02048453978601E-05
1.09427243907681E-06
4.69296430970012E-05
4.33048463527493E-05
4.81222401869434E-05
2.79441578913306E-05
3.73072717938127E-05
6.41201882414792E-05
6.72925465934869E-05
3.64723561745546E-05
4.34511962710232E-06
3.56860728566951E-05
1.7338831380463E-05
-3.0056378737924E-07
1.32632131962108E-05
1.78234750904046E-05
1.13010467606984E-05
3.49114387958009E-05
-4.74051686579445E-06
3.47236650164255E-05
3.77865631787688E-05
5.44814157825387E-05
5.87522948833036E-05
5.15871625892063E-05
4.40865757903939E-05
4.85712883917016E-05
4.23078626596002E-05
-2.10116333128481E-05
1.09255270015907E-05
-1.94982536378953E-05
-1.01866545701939E-05
-2.01043833360555E-05
-5.13480629797296E-05
-1.85680462127982E-05
-2.41602892890119E-05
-3.1171852218289E-05
-2.66330051564722E-05
1.85909343269454E-05
1.48831769812217E-05
2.15803617492926E-05
2.52659753528617E-05
3.2216515973876E-05
3.17815749086042E-05
1.17649930708563E-05
1.7320859980496E-05
2.31515355362943E-05
7.05306534544641E-05
2.81302362536775E-05
2.03959426972174E-05
1.04847960826089E-05
1.23096534187106E-05
-1.93539369251599E-05
-1.1859709059203E-05
1.16532352248327E-05
1.32771477844802E-05
5.54756439778958E-06
-2.39056498905957E-05
1.70763111416702E-05
3.43053025719269E-06
3.87450204956777E-05
-2.2186707502223E-05
-2.1765593593523E-05
4.91718024530934E-06
4.10944792822217E-05
-8.80031271550034E-06
4.21991688825817E-06
8.34707667507255E-06
-1.33503806126126E-05
6.36334949052521E-06
-2.58681566550015E-05
-8.05604930123478E-07
5.38995604662823E-05
3.84560114170452E-05
-4.30564966176722E-05
1.36239561914802E-05
-4.48380738304016E-07
-1.75226528681498E-05
-1.73266239575284E-05
-6.24924119961579E-06
-2.15638429168903E-05
-7.05348947086246E-06
-2.37938326007607E-05
-2.19799482121763E-05
-3.83638216421328E-05
-5.74189651776416E-05
-4.09675216524166E-05
-6.51945539295025E-07
-2.26428652684377E-05
-8.38402284008669E-05
-7.11083540573328E-05
-5.45399969234565E-05
-5.30274786578565E-05
-6.65038119396206E-05
4.2564775038057E-06
-2.50886085280298E-05
-2.05477335031925E-05
-8.98164220281196E-05
-7.19313896547008E-05
-3.10494123368357E-05
-3.46624372561332E-07
-1.35133867476193E-05
-4.45190095256734E-05
-2.1261871688221E-05
-1.61274878746694E-05
-2.37091486901842E-05
7.13357431383781E-06
3.13705388728237E-05
6.02788613530603E-05
5.21329741520709E-05
2.01777026641327E-05
5.10078473843528E-05
4.96325722406419E-05
3.50714321106018E-05
-3.41086404556448E-05
2.67192051237401E-05
-1.58515832584081E-05
4.16161684596792E-06
1.01168592849584E-05
3.75631438654536E-05
6.23936761885732E-05
-9.67932282606915E-06
-6.55071971114831E-06
7.90400547728428E-06
5.21247445205809E-05
3.68780767053934E-05
1.85018569709694E-05
-0.000330074815184917
-0.000328268928466884
-0.000298616498421104
-0.000294161525121064
-0.000235838430656015
-0.000200078198482672
-0.000203943008671917
-0.000181150739760557
-0.00016765992984538
-0.000151727008310573
0.000217588437837014
0.000185849938015195
0.000127730042785693
0.00010446132869253
7.7562259571959E-05
9.53568541342937E-05
9.36676810962828E-05
6.61955698540187E-05
6.24994238979232E-05
5.85366458992321E-05
2.7747010390013E-05
2.92121045749196E-05
2.83415179887421E-05
5.13597948260189E-05
4.0790475908313E-05
1.77273384182954E-05
3.93001276845196E-05
3.66258306486103E-05
1.32883778564848E-05
2.4387276614014E-05
4.14880374832025E-05
3.5122017779883E-05
4.56783259563015E-05
4.04714652244363E-05
3.82960412268111E-05
1.82777003331263E-05
-6.31176759471845E-06
1.84500425234033E-06
4.10332924878824E-05
2.37690183786226E-05
3.17827356111496E-05
4.00728025625392E-05
3.12707503215773E-05
2.5299205561435E-05
1.75886459690548E-05
9.34002875143559E-06
-1.00382019334855E-06
7.07130396632685E-06
-3.81016584237457E-05
-2.3658352140896E-05
-6.38710723255156E-05
-0.000102663846417935
-7.34230463724832E-05
-8.40415052441531E-05
-6.83193226000868E-05
-7.84172379621632E-05
-4.93881878588502E-05
-4.76845278178592E-05
-5.09978221994851E-05
-5.99001818187377E-05
-2.63628177023809E-05
-2.70948251537984E-05
-6.75764140537702E-05
-7.64256381572873E-05
-6.0763424698572E-05
-1.95978334430331E-05
-2.47637416572533E-05
-5.69474950142356E-05
-7.57425455110453E-05
-7.27992142574579E-05
-3.29216359311964E-05
-1.94942269167012E-05
-3.30484047019164E-05
-1.37762341942687E-05
-1.45487810269501E-05
-7.16258984258647E-05
-6.04849702183731E-05
-2.50533252923656E-05
8.8416634409819E-06
-2.04893900848221E-05
-7.84256845305146E-05
-6.63655552369218E-05
-6.34053114324084E-05
-3.19368709709983E-05
-3.90976014510855E-05
1.68104260726204E-05
-1.33076092403849E-05
-6.1008235983908E-05
-6.07892108580211E-05
-5.41732845202516E-05
-4.116529704058E-05
-4.2711154598903E-05
-2.61561722276607E-05
-5.12043400502088E-05
-5.85572008620102E-05
-5.60625564815269E-05
-3.51323342981731E-05
-2.77188106359112E-06
-3.14393054914517E-05
-4.45796404453336E-06
4.97900292229229E-06
7.96258131892643E-06
-6.19666328146622E-06
-2.35067514090002E-05
-8.31247227168958E-06
-4.58870949645192E-05
-6.38104654214182E-05
-6.59686641926868E-05
-3.61146003563676E-05
-5.22037072129091E-05
-5.13310188899219E-05
-3.85793375302579E-05
-1.14084833322899E-05
5.86426484228131E-06
2.42581556325472E-05
4.3678899296192E-05
2.48952095138213E-05
3.65065224511821E-05
4.78258477115538E-05
4.7813934643251E-05
4.19944180733713E-05
9.73183589825817E-06
4.96933569806931E-06
7.61061213628684E-06
-3.45516563823171E-05
-3.52801429505418E-05
-2.27759430029964E-05
-1.84181599202351E-05
-3.11586268152429E-05
-3.11978908512389E-05
-5.03013624767722E-05
-1.76766665033255E-05
-7.21202482794992E-06
-2.90757522215955E-05
-3.70477854769751E-05
-3.06114825938047E-05
-2.85488309142681E-05
-4.367540361009E-05
-5.05274566986374E-05
-4.30324142976665E-05
-2.62829705868306E-05
-2.09847876398742E-05
-4.58741951824097E-05
-1.86452367165135E-05
-2.19328541645518E-05
-8.25440844840813E-06
-1.10482532398363E-05
-2.97421721253333E-06
1.81285047602067E-05
3.52370662136802E-05
-9.17886086869605E-06
-1.5896957738694E-05
3.80961714973128E-05
2.31711504268306E-05
7.14015060266587E-05
3.37644810863487E-05
2.4305718214331E-05
2.58225806309724E-06
-2.81773314668565E-05
-1.02014471550242E-05
7.69040238126701E-05
0.000142626031774155
8.72560585531692E-05
7.78103955568973E-05
2.26688653670478E-05
3.90642609101851E-05
5.45533335573371E-05
6.60732128373924E-05
7.0321573254101E-05
5.95301958917518E-05
8.27965620308281E-06
-6.76896261517577E-05
-5.41016728835732E-05
-4.95211216039099E-05
-1.6171750797596E-06
-7.04358834344351E-06
1.95520188466721E-05
7.49451936200688E-06
3.38567054254059E-05
-2.24482717479729E-06
1.36850797350247E-06
9.27294417065591E-06
-1.67139645968083E-05
-1.37129722177222E-05
-6.94905772732857E-05
-7.63125014767036E-05
-0.000109780414085381
-9.66258521583231E-05
-9.14143862178237E-05
-5.51801452652904E-05
-5.32495007490472E-05
-0.000101936572099622
-7.17681451882814E-05
-5.79773086982739E-05
-5.64047781742539E-06
-1.90953038004673E-05
5.25601778095782E-05
4.85786680276914E-05
5.28799439472549E-05
9.93143424707613E-06
9.74668494213133E-06
3.9497900360327E-05
2.50883694871807E-05
2.22548098125057E-05
-1.43019001804167E-05
1.49425777747592E-05
-9.47675872058416E-05
-8.61905488563978E-05
-0.000106528336255342
-8.50821865787385E-05
-7.09892035201528E-05
-6.72374012107918E-05
-5.90020862244722E-05
-6.82047753804454E-05
-5.68688857248865E-05
-4.13123462951585E-05
1.87659180645418E-06
-7.85408323505357E-06
-1.53510116958602E-05
-1.79896192817701E-05
-4.46080678848934E-05
-1.65304066385593E-05
-2.74827007280999E-05
1.02368328331696E-05
5.06886269192864E-06
-6.1494165056542E-06
-1.56395938835743E-05
6.78430374574159E-06
3.45994416469218E-05
3.56544284845966E-05
5.92021739651116E-05
8.62648194035436E-06
5.6189686675436E-06
-1.93846463953891E-05
1.83213200450499E-05
2.20078861922416E-05
4.35337314293299E-05
-9.43338541317822E-06
-2.36673911443285E-05
-1.04913592473075E-05
-6.96245658937325E-05
-5.53422523632024E-05
-5.50624260062426E-05
-3.60326738830889E-05
-3.80113538456466E-05
-5.19907025657391E-05
-6.39965052105271E-05
-1.11813772459119E-05
-3.3199534789616E-05
-4.193162248738E-05
-8.89201451287349E-06
-1.85783112268094E-05
-3.86931994741081E-06
-1.64102850687697E-05
-4.24328964180104E-05
-8.22608068580891E-05
-7.72135029638143E-05
-0.000103565729461449
-7.92393273787185E-05
-7.0508670004272E-05
-4.67993114738608E-05
-3.86237359667771E-05
-5.57977128689449E-05
-8.04040333040193E-05
-7.76469438360231E-05
-6.42715108947306E-06
-1.21023979926022E-05
3.65118066171067E-05
2.83847199920846E-05
1.768643834976E-05
-1.54588587556788E-05
-4.13926947856493E-06
2.69002466262651E-05
3.29532404666768E-05
5.75953022547069E-05
3.76695774965977E-05
8.33452614070502E-06
-2.18949046394923E-05
7.38627627367043E-07
-1.54496117821339E-05
-2.03778491310193E-05
-3.09158094278705E-05
-9.36861309627039E-06
2.99393328581317E-05
-1.7775123440905E-05
-2.3879419163724E-05
2.07076722791472E-06
-1.51569973417835E-05
-4.24367082814215E-05
-4.71935058704615E-05
1.122804936245E-05
6.69973411104666E-06
8.07568325102145E-06
-3.19219587535962E-05
-1.30746942065299E-05
-1.02510927196842E-05
-2.26625406823694E-05
-1.1564440045386E-05
-4.1758758462515E-05
-4.48732290033705E-05
-6.55556199355086E-05
-1.02756530070051E-05
-4.58912009566365E-05
-2.48749413805279E-05
2.39982905901141E-05
3.93240523507799E-05
5.35252247862201E-05
3.89546216126099E-05
7.35697925623465E-05
0.000111453657929725
0.000110494836298016
8.18798781877121E-05
7.57982641365737E-05
7.2313721100201E-05
2.59482194120621E-05
2.12534772278837E-05
3.94233811523608E-05
3.17680272859172E-05
6.41092030465488E-06
-1.06932490954607E-06
-4.30778461110883E-06
-4.96831952128897E-05
-3.74282629920823E-05
-4.12076030119286E-05
-8.99264857362489E-06
-5.93632425517839E-05
-9.95733336639072E-05
-6.45792040323328E-05
-3.84388370606144E-05
-6.22966860979759E-05
-5.10090957592587E-05
-1.10887907507981E-05
-6.06699544118029E-07
-4.55109982860548E-05
-8.16682813455625E-05
-6.29852759004361E-05
-3.21595932368722E-05
-6.631208301298E-05
-9.83091049230783E-05
-9.15023109519703E-05
-7.88409950645405E-05
-0.000139774199441142
-7.96112739170772E-05
-2.26778428622646E-05
1.04211054466364E-06
-1.78536401753753E-05
-1.18313013618414E-05
1.38971446748875E-05
9.14050424513721E-05
8.13796298304319E-05
6.67855200089501E-05
0.000145362192560182
9.42037867319157E-05
5.61908947967101E-05
3.10517827150613E-05
8.84955256283563E-05
8.57919373958191E-05
8.94610852136059E-05
2.98841130882658E-05
5.731634864981E-05
1.42656901574797E-05
3.45430701438693E-05
1.47085745578023E-05
2.91099442262329E-05
3.6633390113183E-05
-1.93779420193426E-05
-3.28077847978977E-05
-4.55391608564476E-05
-2.63423789380524E-05
-7.28557702251495E-06
4.59392469914499E-05
2.91793482427328E-05
1.92735833135418E-05
1.91431160954233E-05
2.74623350144236E-05
2.92329091188264E-05
4.66825862958915E-05
4.61517895454384E-05
9.59316546268332E-05
8.67113531053096E-05
2.15167572837324E-05
9.61752883895324E-06
1.41743854344184E-07
2.10584467583352E-05
-1.42874896744763E-05
5.26860593095767E-05
1.28795591106621E-05
9.74374380606151E-06
-5.1331638789952E-05
-5.25136771316367E-05
-3.71557371911349E-05
-4.41568431814022E-05
-1.59962581304383E-05
-3.55905276318073E-05
-6.0116317271597E-06
-3.00863409039398E-05
-1.33327975090927E-05
-1.94919790884447E-05
-1.64226258749593E-05
-3.20581964694775E-06
2.12643759678165E-05
8.17730436469809E-06
-2.11100958164357E-05
-1.22797925000139E-05
-5.88405371988725E-06
-3.74840425261346E-06
1.03059768794512E-05
8.85810045425472E-06
2.06043845717041E-06
4.28605884804328E-06
-3.30326995670665E-05
-1.24510227970131E-05
3.13003326741686E-05
3.6341241756332E-05
2.19237002504168E-05
5.12674576958049E-06
1.07419402474541E-05
5.05693357589477E-05
4.80279365253141E-05
-6.96739424798027E-06
1.99448143184956E-05
1.89001674368162E-05
-1.35714673065484E-06
-2.25402903318779E-05
1.80173175687402E-05
-0.000284849719562729
-0.000221877706728898
-0.000229630018516649
-0.000221690354869713
-0.000154940943633317
-0.000132247084772228
-0.000136938970398617
-0.000148142919916371
-0.00012496199581275
-0.000164179643428018
0.000129578462556217
8.78747233239074E-05
8.1548538983306E-05
5.7863330870924E-05
3.27233175506754E-05
3.31313975636297E-05
5.44680619191431E-05
5.5944021718974E-05
3.36625531070073E-05
6.23349957503749E-05
6.10563566484239E-05
2.02792054345417E-05
2.68707615197388E-05
6.00875329519559E-05
7.94339096745002E-05
4.94328259223048E-05
1.19003189664351E-05
4.56552536631277E-05
8.27662185640723E-05
7.17814678647222E-05
9.7458211007817E-05
0.000101869593164087
0.000104040349440497
9.5111227666915E-05
3.110320238036E-05
5.84799399617612E-05
6.19313463964063E-05
2.87990211161052E-05
1.23949492290902E-06
-5.02918691779437E-06
-1.52770662918863E-05
-1.75818256217713E-05
-3.0829331361061E-05
-2.4034541298485E-05
4.26380778792327E-05
-1.53548370843361E-06
-9.08931034817129E-06
2.44395765948187E-05
3.08659886461133E-05
1.17742867816234E-05
6.93746747064595E-06
3.96898459198856E-05
3.20538007209205E-05
3.51360805889915E-05
-6.58858780443994E-06
-2.79835665293165E-05
6.56394873802269E-06
-1.48871264824343E-05
-2.11141184805979E-05
-3.60034008771037E-05
-1.76595166904236E-05
-1.06107588610844E-05
2.99174897693596E-06
8.67796468143281E-06
2.71610361979949E-05
0.000117815684997859
0.000132528298081154
0.000122031924770059
0.000132940358741937
0.000122360688283889
0.000123102674551534
0.000112629128627521
0.000134603901198114
9.71339541149034E-05
0.000116069696383594
5.53115778328431E-05
7.41731834840175E-05
9.84402172712815E-05
8.3623976183134E-05
0.000118039637453632
7.17911292470911E-05
4.80446095564878E-05
3.03455650471055E-05
8.12343096616684E-05
5.82490853040875E-05
0.000105936116319287
7.4835030183369E-05
4.26027148572685E-05
5.01929629028079E-05
5.68499531317234E-05
0.000102172684734425
0.000113265405065432
0.000106637690331952
8.30965295777762E-05
5.54798975848538E-05
4.57891288309459E-05
2.53949371344192E-05
5.64974562282246E-05
8.88569565747717E-05
7.99365872030861E-05
6.97152175650434E-05
7.959759709618E-05
8.14443598903104E-05
6.41764015522649E-05
9.12142929722786E-05
6.69200569754377E-05
5.08813904040706E-05
4.74477635559745E-05
4.64752619062451E-05
5.12531829566543E-05
4.52644144928402E-05
4.25935751120113E-05
6.43570597031836E-05
9.28467339142112E-05
3.51189317890838E-05
1.40738394423522E-05
8.05731534875472E-05
5.11273883271137E-05
4.11974477053387E-06
5.54206356370542E-05
4.97879134661766E-05
1.66581035238501E-05
-1.52564610025676E-06
-5.36618438514553E-05
9.42555201395565E-06
3.22616299530012E-05
-1.28334129326293E-05
-2.06909630407919E-05
2.70210638891903E-06
-3.07659915816027E-05
-4.08188911000522E-05
2.16258575027253E-06
-1.16654359903176E-05
4.52824984551799E-05
3.08627235670296E-05
3.79620940219532E-05
4.86066070628844E-05
7.24750119889854E-05
5.52843791580166E-05
4.57997712385441E-05
6.84462504229425E-05
4.34309425427065E-05
3.06026395517843E-05
3.81515985009145E-05
6.28023263160861E-05
4.59965471002356E-05
3.89758149752925E-06
2.86974141352898E-05
7.55035833764212E-05
5.78864258027244E-05
4.21759385100862E-05
6.73977400905742E-06
3.08219545244837E-05
3.26357305022032E-06
-4.47029378475956E-05
8.17877795163255E-07
3.32531265891376E-06
-7.94982264718499E-05
-0.000102766843789563
-5.52765388942422E-05
-6.8874403899563E-05
-1.95997551504567E-05
7.29095183308746E-07
1.37466936025593E-06
1.69859583453657E-05
-2.66345544862961E-05
6.61994254720514E-06
8.15447133167534E-05
4.03517457990863E-05
1.53271428524429E-05
8.26931706321576E-05
1.17475010832441E-06
-2.23211018619001E-06
-2.05501712709081E-07
-1.31468445552514E-05
-9.79818763769929E-07
1.49758503741718E-05
4.04452263552352E-06
-3.66875989989715E-06
-1.06150281228161E-05
-0.000109032504106937
-7.08376326651646E-05
-8.56978870075792E-05
-6.5616662865115E-05
-5.7470439948885E-05
-6.58718935012545E-05
-7.41327891118021E-05
-7.19941361199653E-05
-4.42386728877588E-05
-4.58722633767634E-05
-7.48497147429512E-06
7.80938762930875E-05
7.16168619786234E-05
7.96684784821217E-05
7.68472833955238E-05
5.42173784904953E-05
5.48534397784499E-05
4.34304564694466E-05
6.96600564838041E-05
8.09209587289221E-05
7.19250225190071E-05
2.22417187917779E-05
1.61366140117035E-05
1.76928303767608E-05
1.68320745287859E-06
5.62524937988313E-05
6.26468582036812E-05
6.19012558107696E-05
3.33294860288171E-05
3.04494734494344E-05
4.08693866850013E-05
4.264339713699E-05
5.80651325617562E-05
-2.8047106418418E-06
1.75656922777981E-05
2.6309526160867E-05
-1.11328422154855E-05
-2.42563466340561E-05
-3.12845864995185E-05
-1.50660795115123E-05
-1.78949335760187E-05
-7.23753660839804E-07
-5.73979547807414E-05
-5.76464961176904E-05
-2.51869205139061E-05
-5.99114545279168E-05
-5.99727087390288E-05
-2.7523990295249E-05
7.47224923136286E-06
-2.62504814429508E-05
-4.10058232940242E-05
-4.8220759364653E-05
3.6839431467744E-05
6.13153031662326E-05
3.27209673368822E-05
3.11911098660893E-05
2.94019229736866E-05
-6.67797980653938E-06
-1.36276608987496E-05
3.73924180738558E-05
6.88578249048373E-05
5.71016983821231E-05
-5.64711353102822E-07
3.31969540500437E-05
3.70669248580403E-05
3.42802983312023E-05
4.55298527306913E-05
4.67967561776316E-05
2.37102468138577E-05
-1.72066738249896E-06
1.89475577664497E-05
-1.52722201913816E-05
1.05014630204669E-05
-1.76734785010881E-05
-8.5546698201669E-06
8.31181241392176E-06
4.86175655221916E-05
7.43335218965902E-05
0.000106749319979696
5.15725849229623E-05
3.27018961779518E-05
5.76764198616454E-05
4.55795762970627E-05
9.36784577536387E-05
8.52973212287082E-05
7.54914430712739E-05
6.08592466050695E-05
5.12123966704174E-05
2.13601499462243E-05
6.4298593353965E-05
5.24522294225057E-05
3.46558430211131E-05
7.61152175005304E-05
2.79345043578041E-05
1.45629077886505E-05
1.45629077886505E-05
-5.60967350151892E-05
-4.50195134584779E-05
-4.02625331451515E-05
-1.85072563905251E-06
-1.27054799542047E-07
5.14621809069264E-05
-1.27064937976238E-05
-3.61080812596718E-05
-2.32013480376888E-05
-2.90770311266464E-05
7.37454122180614E-05
4.37333353125901E-05
5.1144919935853E-05
3.48968986196896E-05
4.49520010139016E-05
5.8065777910182E-06
3.8126390981814E-05
8.41716925563599E-05
8.12226215369932E-05
8.75577104922643E-05
2.77502910543049E-05
4.6399173662286E-05
5.05772172145738E-05
4.87563531976598E-05
1.28239441267222E-05
3.64433014591164E-05
3.05469848219514E-06
-4.24371837433847E-05
-4.07913610064487E-05
-4.07177703816199E-05
-3.26426741457102E-05
-5.54264685928127E-05
-5.64890549860493E-05
-9.68821530141039E-05
-0.000118865896554598
-9.91716021987702E-05
-3.70130195741339E-05
1.46755286060502E-05
-1.52610999923143E-06
1.1186304794551E-05
7.63706882543502E-06
4.50102953642321E-05
9.35014931617041E-06
4.07859058572852E-05
6.30463928324919E-05
4.22952491129107E-05
5.80328740624234E-05
1.77844968107548E-05
2.76513969872006E-05
-4.54351342945351E-06
2.69268936532208E-05
3.53915801692469E-05
5.39974968052708E-05
4.2306000839694E-05
7.70482321564214E-05
0.00010649105992645
3.65334233204235E-05
6.73311214932772E-05
6.30361457481291E-05
9.65347392014471E-05
7.80878386921524E-05
5.17548059381713E-05
6.22943244891918E-05
5.39978264277662E-05
4.5048487586338E-05
2.06323630548496E-05
1.92251725942756E-05
1.28384954569653E-05
-2.56890141262315E-05
-4.33363534323381E-05
-4.20620318621511E-05
-4.0560083367699E-05
-2.1776285985976E-05
-2.36418660825603E-05
-4.69253336677653E-05
-2.44244459856195E-05
5.95071570084577E-06
-1.13166232990344E-05
3.74760708737359E-05
5.80845928985878E-05
4.8928849066086E-05
5.75574660753736E-05
2.41581973841918E-05
2.1485262052226E-05
5.21690194281097E-05
4.81172596210211E-05
-1.07447637149512E-05
2.81590079264196E-05
2.45324386795667E-05
-7.43703470056851E-06
-4.24366746782351E-05
-2.18490578190832E-05
5.9626643645994E-07
5.2717343045927E-06
-1.0322467250444E-05
-4.26956848926049E-05
5.71839109067736E-07
-3.36272822205011E-05
-7.37656592034226E-05
-3.31913101565237E-05
-3.32700725462031E-05
-7.83672882217766E-05
-8.76542780951056E-05
-7.6742705196741E-05
-8.66714187973751E-05
-0.000106600532447544
-0.000128102996221197
-9.57065772426958E-05
-7.52765703453924E-05
-8.25276255487554E-05
-6.99796507916135E-05
-6.53827781093669E-05
-6.98851470864495E-05
-6.36379588804608E-05
-6.38151008885173E-05
-4.02638756773335E-05
-4.53520253155074E-05
-5.49804416758629E-05
-4.43287506112526E-05
-4.54769231500097E-05
-5.19868511007995E-05
-4.92396541122218E-05
-5.92924811435406E-05
-6.61748540573947E-05
-6.29144656869783E-05
-8.08305589725314E-05
-6.35936013696684E-05
-4.05631891869374E-05
-4.83463792354522E-05
-6.51032841690224E-05
-4.56266082964911E-05
-8.83360198223057E-06
-1.93137767681525E-05
-6.68628359438039E-05
-2.42999593071174E-05
1.18974272481682E-05
1.30386810810948E-05
-7.19030021423941E-05
-2.59283435133287E-05
-6.09929107247455E-06
2.19747423972253E-06
-3.63988458897604E-05
-3.91833902892175E-05
5.40870318600859E-05
4.48539036885011E-05
1.68393517662048E-05
2.0405567588643E-05
7.72910711434464E-05
4.02773145882338E-05
3.76255102271823E-05
6.42949611341718E-05
7.70691262107031E-05
7.32628774030563E-05
2.55275385747938E-05
-2.51487297081664E-05
4.83161754308678E-06
-2.23959591064714E-06
-5.15257164337274E-05
-3.87447890571768E-05
-5.53145946012554E-05
-6.28390683813238E-05
-7.41804411334839E-05
-3.74944461108834E-05
-3.17546852635981E-05
-1.04569723820261E-05
-2.42232175356364E-05
-1.23039198112026E-06
4.48331527245857E-05
2.75963630772168E-05
5.06858252940917E-05
3.10603345062069E-05
6.04329187619918E-05
6.68677050168212E-05
5.79166417275188E-05
9.59705580704677E-05
0.00012412208776756
0.000130243259825524
0.000129852574587525
3.55211680916633E-05
9.35372825771191E-05
0.000111799796438246
9.84905076558675E-05
9.32444039879809E-05
0.000112579916391228
0.000100162755768062
7.13069332502538E-05
5.95581038560345E-05
6.04607858879653E-05
0.000160934639096747
0.000119338884917103
9.10928804757158E-05
0.000108057831317283
0.000117745434116698
0.000117136696234706
0.000102926202141386
8.22626218294576E-05
9.12464903672434E-05
7.69259080886758E-05
5.24528609800583E-05
-1.63354877592227E-05
-3.99694027801921E-06
2.10201261870466E-05
-1.31284597231209E-05
-3.00585358974159E-05
-8.76548216605866E-06
8.60350798293798E-05
3.74709471862581E-05
3.04980215161919E-05
5.180654387109E-05
9.23610421395474E-05
0.000120514773685872
4.78441754960822E-05
3.4838708078361E-05
5.45394141472722E-05
4.71749896059703E-05
-3.24451253795348E-05
1.38917314646271E-05
5.37374002646655E-05
6.67016578478219E-05
4.06026447246982E-05
2.91974709560935E-06
2.45319072406958E-05
6.26914804747983E-05
5.25472787817787E-05
3.28765434347692E-05
3.16396525698737E-05
-1.84550663366758E-05
-4.80660751895053E-05
-5.62243482628346E-06
-1.9704046779342E-05
7.31038296211022E-07
-3.88763742822542E-06
-7.30047801362785E-06
-2.97423743153626E-05
-1.80160163032978E-05
-3.04442956142772E-06
4.98335468227022E-05
2.86760677622422E-05
-3.20402297563955E-06
2.53895975801776E-05
-1.15648409714241E-05
2.295507006203E-05
6.30637008065533E-06
1.04585877034253E-05
-8.48619975774652E-06
-1.93754891320877E-05
-2.90891099522827E-05
-5.53296564981035E-06
-3.78870097966231E-07
-1.00649900070354E-05
-2.49581437185898E-05
-2.89874367201251E-05
-3.30558000307881E-05
-3.57562099002726E-05
-3.08481420216013E-05
-8.85137642507106E-06
-1.91814784316056E-05
-6.91187106979874E-06
-2.2454741230578E-05
1.65112402152272E-06
3.66656558342185E-05
2.02829065875331E-05
4.20908786873231E-05
7.37404761425427E-05
7.63927849968784E-05
4.96024000602217E-05
5.93972450077225E-05
4.00570203214753E-05
6.76637096465391E-06
6.78774297197519E-06
3.15451597500864E-05
1.11471131861865E-05
2.96413042907521E-05
2.74275333930208E-05
1.98770267971904E-05
-3.06506127277001E-07
2.24347842961038E-05
3.18425972865737E-05
8.36459986259351E-05
7.06675494726455E-05
4.40935801115786E-05
7.57706989325371E-05
3.00893816781259E-05
4.07428620973688E-06
2.39173054369393E-05
1.52514138806723E-05
1.81067343621267E-05
-2.56650034842358E-06
-8.03860036774907E-06
-2.91601548003927E-05
-2.64310829464159E-05
-9.19868209937222E-05
-3.91427723416852E-05
-4.26364810556952E-05
-8.91749590342787E-05
-2.72894030805017E-05
-9.28292753339896E-05
-0.0001151019567069
-9.13893331104305E-05
-6.51118178353734E-05
-6.62987796806196E-05
-4.15130734952219E-05
-7.69151254550629E-05
-4.66320688243013E-05
-8.10181945205715E-06
-1.81579646894985E-05
3.59398266762683E-05
8.88218971172299E-05
6.99805435092325E-05
6.80271170001272E-05
6.70021381034329E-05
9.84470627097384E-05
9.39161091296758E-05
0.000121586694645482
0.000121501251270419
0.000109465671871161
0.000131752540485679
9.8657176117291E-05
5.56717033362786E-05
5.7689743661057E-05
0.000100079777152459
7.76493599735039E-05
0.000107107169160031
3.45641991253529E-05
5.36142583559968E-05
4.82838771536936E-05
2.11054891230737E-05
5.74605618310042E-05
4.94185298193952E-05
8.83703276639945E-05
4.50243557629266E-05
6.45996885542423E-05
1.08315433580601E-05
5.29962011702397E-05
4.73152277757738E-05
4.38881367490257E-05
3.43433016965227E-05
1.01713503070979E-05
3.51562989560958E-05
-5.35765240393854E-05
-4.86387345785537E-05
-4.87262980787897E-05
-1.30585279481026E-05
-1.4035732680997E-05
-1.32816090578376E-05
-6.62383180283349E-06
3.96686185784503E-05
4.33634878295568E-05
4.80900199148066E-05
0.000114919017140955
0.000136422631790403
0.000100887986973631
9.34310599406164E-05
9.09779568376425E-05
7.01851337464572E-05
8.73652891013696E-05
2.66864246450637E-05
3.28545463356169E-05
3.89122483909949E-05
4.77451219137462E-05
1.23771326927774E-05
6.81505955063311E-05
9.53747163458176E-05
6.48373512681259E-05
7.74859446096409E-05
6.09260162707748E-05
5.32841271455645E-05
7.12269840236417E-05
4.36027334891977E-05
1.04020263124856E-05
3.20328824173805E-06
-0.000278862663601969
-0.000266688455799325
-0.000191497322530255
-0.000210668153779797
-0.000156849442031411
-0.000105471088468469
-0.000109149780624233
-0.000103845863788689
-0.000104880313635016
-5.33042320168091E-05
0.000241019457298787
0.00017355495773787
0.000141005942755921
0.000183102675587351
0.000136668776256836
0.000125092982013789
0.000110767843093992
0.000126980463296456
0.000141645497893151
0.000116393800720435
8.86558411468804E-05
0.000154367244654963
9.82309327936652E-05
6.47658972242985E-05
7.29957749409177E-05
4.42136516717699E-05
4.13909526408207E-05
4.31316686831804E-05
3.38184376090669E-05
1.26573264433726E-05
2.04090031056919E-05
6.9448437670484E-06
9.23021093830757E-05
7.77325106950555E-05
6.02789052457336E-05
9.1848647076163E-05
9.31302170049652E-05
7.25279407883431E-05
0.000114506479417579
8.42393073785048E-05
8.4053009994141E-05
8.04315511484498E-05
7.16241715609763E-05
0.000113729558486503
9.92264952870661E-05
0.000109595131391551
0.000184994469619722
0.000203400383869454
0.000156966193943724
0.000204189623692863
0.000188835629199266
0.000170440554757028
0.00012698824374691
0.000104565361808396
0.000109582275689539
7.64196584569317E-05
-5.74374376500461E-06
0
0
0
0
0
0
0
0
0
0
0
0
0
0
0
0
0
0
0
0
0
0
0
0
0
0
0
0
0
0
0
0
0
0
0
0
0
0
0
0
0
0
0
0
0
0
0
0
0
0
0
0
0
0
0
0
0
0
0
0
0
0
0
0
0
0
0
0
0
0
0
0
0
0
0
0
0
0
0
0
0
0
0
0
0
0
0
0
0
0
0
0
0
0
0
0
0
0
0
0
0
0
0
0
0
0
0
0
0
-3.62445835358031E-06
