0
0
0
0
0
0
0
-0.00641829098176158
-0.00526014248868783
-0.00395134722035471
-0.00276460760233352
-0.0019204270716378
-0.00095597721475509
0.00147051390597825
0.00110655309336843
0.000878651445122865
0.000802914887187469
0.000866091083215579
0.000839452936787912
0.000749522407687068
0.000769168816044827
0.000845596094891942
0.00072959064019251
0.00068353233561777
0.000779448111327344
0.000651634342395929
0.000841789400095686
0.000791367718823886
0.000867052495323116
0.000769522070771567
0.00080432584028547
0.000798401264887937
0.000881928437763812
0.00074644859391233
0.000814344388742694
0.000873135356343012
0.00110798666575263
0.00109570698730773
0.0009250651923452
0.000852941008720283
0.000833164183159453
0.000773198313556781
0.000699653805958246
0.000603472318017654
0.000591174128470035
0.000693324386780396
0.000695977906294179
0.000671949441832625
0.000692373488118197
0.000725061865999413
0.000764962842074289
0.000712073591718751
0.000709446451874579
0.000728267657561724
0.000738682488097878
0.000749074229043048
0.000677946046420836
0.000636830249018216
0.000633147437286906
0.000570511256358398
0.000544925473359755
0.000419655944973296
0.000448155120020297
0.000443750536766693
0.00042909761220632
0.000477154854392768
0.000492931637773076
0.000593427159580774
0.000783910295785181
0.000781518848246341
0.000827172747285536
0.00089450853352103
0.000777332158743162
0.000763787207712779
0.000684065348461866
0.000573233468630819
0.000538671056908151
0.000497915252212126
0.000482099160470942
0.000397923598927907
0.000347065402390531
0.000333371250707706
0.000360466853061143
0.000270538850101759
0.000286880664121339
0.000270455590928938
0.000372975042154182
0.000601347332735739
0.000644043452472404
0.000582342712984293
0.000656693459482629
0.000599891080975821
0.000615539224122188
0.000707443155435263
0.000472161145841604
0.000439914416658321
0.000523673823488645
0.000478776002562678
0.000469207805640426
0.000492479393571331
0.000383884077774669
0.000404205357225049
0.000412861495036061
0.000371075194409187
0.000301496351223945
0.000338296072964545
0.000337973850105702
0.000339189571839095
0.000285195255959267
0.000246147439163313
0.000236797187495714
0.000292379593424412
0.000220246144484274
0.000152498557037856
7.60030654453261E-05
4.3961259881106E-05
3.08289612053574E-05
3.97719596457027E-05
6.89541968510494E-05
0.00012646358017094
5.76211043408722E-05
0.000169184429256191
0.000263568982783182
0.000312411041248176
0.000319402036228134
0.000280913568577008
0.000315479836183562
0.000409656327060756
0.000311429536456916
0.000301792054060577
0.000290614309616914
0.000265545521460569
0.000313743282791624
0.000303637954199414
0.000237432842038147
0.000254980605953507
0.000214071328184772
0.000197654250017089
0.000233086935391121
0.000163473873818227
0.000108630469683209
9.33584731206727E-05
0.000158847348797155
3.68906893593717E-05
2.75149264114156E-05
3.83446182587051E-05
4.21389977539584E-05
3.70050021690062E-06
-6.63192380284694E-06
-7.42579669372052E-05
5.00750513578782E-05
8.02422358104509E-05
-1.74755204166535E-05
1.10610758453565E-05
-2.95184892352646E-05
4.7070987420011E-05
5.5825846664437E-05
4.21741458997097E-05
-5.53396638206752E-05
-0.000102047711459395
-0.000179079295990666
-0.000158275456138152
-0.000222523206085211
-0.000241118206911175
-0.000379423541819371
-0.000321604811837902
-0.000302330223646672
-0.000401054816340509
-0.000370652936610369
-0.000347504971791691
-0.000445597160628876
-0.0003579883546791
-0.000401532637662191
-0.000365059804928267
-0.000299983310695275
-0.000417148848016483
-0.00047686367313442
-0.000391356048617092
-0.000355369365552506
-0.000387356632929751
-0.000513627691474841
-0.000502983262413513
-0.000478968548276764
-0.000472271919187202
-0.000494289854571076
-0.000545279504722067
-0.000616472622979377
-0.000497631837007896
-0.000494881636665442
-0.00050127193841224
-0.000503345765697026
-0.000529135868957545
-0.000510032648529587
-0.000369919753939401
-0.000358699948284058
-0.000373796728646844
-0.000337344869552475
-0.000289226676654612
-0.000307019480248818
-0.000331139447185739
-0.000408167320394269
-0.000472674359563168
-0.000459259831896724
-0.000441416416850911
-0.000488985151424858
-0.000494431222858649
-0.000501183827710072
-0.000548635468378047
-0.000504876028596094
-0.000485482075644658
-0.000535572831476689
-0.000489398497078043
-0.000457983710280688
-0.000527576139984895
-0.000462780366264401
-0.000530782325784115
-0.000520347639542502
-0.000479450195813716
-0.000501375173441805
-0.000425366154195218
-0.000322101098791819
-0.000307566290420216
-0.000303750336944452
-0.000308199802931904
-0.000324627718827233
-0.000340032858347341
-0.000435143318315106
-0.000451103730990609
-0.000421788934148519
-0.000410499291728268
-0.000530967059245211
-0.000517161374987425
-0.000513136060844383
-0.000472609368521648
-0.000408222101367234
-0.000441706331332786
-0.000449699684794603
-0.00027985229292855
-0.00031627442008398
-0.000265074401007228
-0.000223265464359664
-0.000315274837511231
-0.000353051543854636
-0.000250352398702439
-0.000352570927184684
-0.000406730575727777
-0.000425401172240261
-0.000393837472347725
-0.000264791176691447
-0.00021780622403367
-0.000338978889312465
-0.000259867399253429
-0.000155812157956655
-0.000141334174459047
-0.000169593368953155
-0.000194710988916097
-0.000220258780479795
-0.000116380067895459
-0.000103014094957384
-8.09944081609137E-05
-9.70752964689628E-05
-0.000153862431752777
-0.000186086075855755
-0.000105177541940318
-0.000115822433849412
-0.000105180235085082
-9.64596757783356E-05
-9.26974311783378E-05
-9.2751664273528E-05
-5.93770858956156E-05
-6.66585374234526E-05
-6.66818392682618E-05
-3.34434893530172E-05
5.78381856478628E-05
0.000130565000061877
0.000212900704597186
0.000246785041139245
0.000313687484509056
0.000327409763948766
0.000326954130099642
0.000375765940089613
0.000317091460770618
0.000292892764865785
0.000272563388902457
0.000249290249548357
0.00029095030823784
0.00038123556292207
0.000274928531129001
0.000326172712677305
0.000331336248076055
0.000304837693090869
0.00031424490358429
0.00029822825750573
0.000222309913708802
0.00028554941655881
0.000296669367071855
0.000321544973068861
0.000343526732504754
0.000321941650888043
0.000343181348258162
0.000280771208381513
0.000244625463384486
0.000261655972618106
0.000303441708580345
0.000269265818998816
0.00024053424182776
0.000219074332579147
0.000239042268268317
0.000223335373690311
0.000152714174635233
0.000135771733871198
0.000155358936019718
0.000247899478132928
0.000248605927707878
0.00024750391022551
0.000206871853840027
0.00024599681403138
0.000200312574372429
0.000227741307243918
0.000123653048971266
0.000111623399332408
0.000104065207926949
0.000136166063245744
0.000116957978426929
0.000140868553947908
0.000129536531985875
0.000113175374666557
0.000161980491343342
0.000246197810651098
0.000220527696361224
0.000246392227681083
0.00023417810968862
0.000138412165956569
0.000200109572607796
0.000155785577344431
0.000120636924029236
0.000161625966610213
0.00013933408643827
0.000141629706522464
0.000251593645046789
0.000219999311912832
0.000228368989988921
0.000201088944603767
0.000174161400265142
0.000173362384065008
0.00012763620184761
9.45183973293841E-05
0.000135555501811097
0.000142793327792878
0.00012537010692548
0.000115557628032408
9.52183692811251E-05
0.000164421157236717
0.000193757657274931
0.000176520949786512
0.000171633780820182
0.000217846070789139
0.0002614500107963
0.000272415566270582
0.000248076479707033
0.000243657888997647
0.000229471973274387
0.000283595228478643
0.000274828130149283
0.000224876174820993
0.000250675645948181
0.000299238172790397
0.000285057737163352
0.000321724575783457
0.000311032984218379
0.000329688499783259
0.000363847816448115
0.000321051085175147
0.000234925026462225
0.000246491254586865
0.000214060929465919
0.000237582247122087
0.00017435842666085
0.000199788089159797
0.000267970394894603
0.000293232720658663
0.000282342531228707
0.000290593163023711
0.000236432024835999
0.000247085542656727
0.000257984888643336
0.000183610756195827
0.00020427954132382
0.000224384736646682
0.000227227763585302
0.00023523737612458
0.000268292919387766
0.000236759923505161
0.000277514363126106
0.000290075803746873
0.000251114290697268
0.000314163628267423
0.000261466615887072
0.000268613346231586
0.000318457049661831
0.000281251413177072
0.000275159749885679
0.000306231348405515
0.000235913030528433
0.000236395781759889
0.000261285910992742
0.000212955142310971
0.000231321462028021
0.00024204964723739
0.000265281352919712
0.000253092425860713
0.000298165012702865
0.00026490318831563
0.00026050827409913
0.000299712189751365
0.000291871074394008
0.000227779431920016
0.000276594100630393
0.000223543886102156
0.000203580429490399
0.000208324000827797
0.000175703169555954
0.000286712683512505
0.000347147492093289
0.000278479754500532
0.00038060875915424
0.000460251085284821
0.000495879014913332
0.000510512072252173
0.000405998985715331
0.000340512763832184
0.000420066815543423
0.000362902663762137
0.000305214738638533
0.000273083531860323
0.000243872369462606
0.000264901349021308
0.000301073770194659
0.000253438872985374
0.000218760476937571
0.000205537672221306
0.000196483512829586
0.000201521469308488
0.00014171368062041
0.000192732076315789
0.000216374369853092
0.000251828603708162
0.000252171371505316
0.000229744751625781
0.000277916525920386
0.000292176862108518
0.000244322586338828
0.00015714911958772
0.000120727747407974
0.000129358864934533
0.000154077834530776
9.00060706193646E-05
9.66317266402503E-05
9.85898807355882E-05
0.000135767321106595
0.000185874446995259
0.000178716794337962
0.000146053375875463
0.000163031377454404
0.000116682809087058
8.9451312421255E-05
6.6093900247604E-05
1.42722381216153E-05
4.25823728712254E-06
-1.0281232030003E-05
-1.29716185138864E-05
6.52325547867073E-05
8.14774637299099E-05
0.000120916063096236
0.000141441040340828
7.53858330786887E-05
6.26783436199912E-05
8.53956340446471E-05
5.51873293311394E-05
4.90987981454262E-05
5.2756639866057E-05
5.48812616780034E-05
0.000100096810811421
8.10027141395995E-05
9.03575887594227E-05
7.75859553174844E-05
4.8794224476756E-05
4.41770082949481E-05
4.15059712090057E-05
7.58064920166704E-05
0.000160219693547099
0.000101599471136131
0.000133867073892495
0.000154247472283748
0.000118353708463931
0.000146924953267235
0.000118642681727856
7.41940683073388E-05
0.000105370483514443
7.42536259945136E-05
4.43177861085387E-05
5.54996820029192E-05
2.90045802563845E-06
-6.80282307866107E-07
-4.14455010668454E-05
-5.95580095807727E-05
-4.10334657112897E-05
-1.28573635540453E-05
1.08880685554416E-05
3.91533185048753E-05
5.57303202694852E-05
7.53625327405374E-05
6.61168763664919E-05
4.54919777409452E-05
2.75788380678782E-06
-1.25108610978608E-06
-1.57183414735397E-05
-5.04210762743651E-05
-8.38228067749255E-05
-6.13431376270699E-05
-8.54874708563802E-05
-3.14775533422675E-05
-5.39337915375031E-05
-5.81567295330362E-05
-4.99822480157425E-05
-3.57436612217326E-05
-7.84066973217619E-05
-6.08916366519307E-05
-0.000164587132966929
-0.000170587598549631
-0.000187438317631445
-0.000164438473506331
-0.000136660003576467
-0.000117073004576748
-0.000181498794728744
-0.000127494520855149
-0.000112004073624345
-0.000109690667504881
-9.48823750955268E-05
-0.000130841008087125
-0.000129701461280563
-6.59933151781735E-05
-6.40248092431603E-05
-8.9968969604528E-05
-7.4047696276156E-05
-0.000138848777101792
-0.000105222256133807
-0.000109253566557728
-0.00014271346671396
-9.41942889979035E-05
-5.85328071014668E-05
-8.9178373763314E-05
-6.0118669724189E-05
-6.94985321195097E-05
-0.000168238950065571
-0.000155091580225831
-0.000190062265300209
-9.42753566934639E-05
-0.000141069821827384
-0.00015602295887912
-0.000141609773238739
-3.22126653637445E-05
-1.05050267515268E-05
-8.64320694325546E-06
-9.47641899755571E-05
-1.94174488803508E-05
-1.45847560340342E-05
6.09659605820702E-06
-1.20933455053357E-05
4.31917267117811E-06
1.58658691016544E-05
-1.13363304300842E-05
-3.73303269174196E-05
-1.91144545047726E-05
-5.01933281900494E-05
-2.2597102460733E-05
-5.64299455205569E-05
-4.25104685699701E-05
-6.60597912692212E-05
-3.3033124171185E-05
-8.35924028902253E-05
-7.11507117011358E-05
-9.27400064995057E-05
-4.49771065711409E-05
-8.5555955053962E-05
-2.06898754882647E-05
-2.63784065085561E-05
7.33480708006952E-06
1.05825870373701E-05
-2.09051904388717E-05
-7.85897296842205E-05
-7.63981313884424E-05
-8.61362733136161E-05
-7.44409215733643E-05
-6.85284508081649E-05
-7.51431020919099E-05
-1.84269087441017E-05
3.98008496962233E-05
0.000115977909886879
0.000101408198183255
0.000101260709674685
0.000124833484151452
0.00011950102261868
0.000100437422623233
9.43338404724907E-05
0.000148289603793349
0.00010179841983335
2.03257064406131E-05
1.0970797048112E-05
2.80612844351587E-05
7.44846848866995E-05
4.58566010563803E-05
-9.45939102735654E-05
-3.66861488497984E-05
7.90017413577724E-05
0.000116813111215966
0.000134415262916072
9.05933475298637E-05
9.33410719285112E-05
0.000138952833476491
0.000294366242749741
0.000267633126669001
0.000248279353725499
0.000234454179587954
0.000248211039681568
0.000349384941949904
0.000334167297698838
0.000193386286881086
0.000227982258754734
0.000227945162847588
0.0002560310398944
0.00029517102068065
0.000271566151500378
0.000304705426325764
0.000328810285613466
0.000316783421932843
0.000321104612300656
0.000329145075865772
0.000330458028782857
0.000313657211970739
0.000321779124852309
0.000299108627154119
0.000303141539414253
0.000295530687419807
0.000312125971781261
0.000284788346607583
0.000251352002702932
0.000277727429053495
0.000291365149524608
0.000286291818359111
0.000339500645395713
0.000294773810259451
0.000308372118028082
0.000321627135807924
0.000270117300861588
0.000263179871434071
0.000275511513250658
0.000294829239766394
0.000266955598424847
0.000268688841118369
0.00028035676214442
0.000309088333369067
0.000323039430572499
0.000279833880686209
0.000234407444480192
0.000307630708718387
0.00031372535122459
0.000257947592649109
0.000201609660340699
0.000174807285999156
0.000198350571219615
0.000161243363773001
3.42700560458798E-05
2.32942420531583E-05
7.30158927742785E-05
0.00015516578973675
0.000163768117739738
0.00019970985306442
0.00019212186094212
0.000306106131093953
0.000312224801763985
0.000300015239812512
0.00026289787643167
0.000277968185791974
0.000227586422285716
0.0002491159601765
0.000244129057239941
0.000199312455525991
0.00015733789582828
0.000154589418318569
0.000125475559041083
0.000123238043217191
0.000115714463583656
0.000121156981819957
0.000131094682993769
0.000127558104169663
0.000101789125323512
0.000122994757701517
0.000116802845192668
0.000101913821233197
2.79997568765369E-05
3.36558373885239E-05
4.07829585978E-05
5.256581607507E-05
-2.65086497751481E-05
-3.49764786259133E-05
-4.28193425221537E-05
1.0933021513577E-05
1.22352501107025E-05
4.25743934254039E-05
8.36729717842618E-05
0.000108239526476689
9.09781726133782E-05
0.000114926426586812
8.96665790917445E-05
7.71813932363354E-05
3.86966696605005E-05
1.63053370724924E-05
2.60210777151975E-05
5.9790989613938E-05
6.51558220874431E-05
3.85341986906478E-05
5.94287612948967E-05
3.45010051655502E-05
-6.87343187588608E-06
-3.76645776765389E-06
1.50091236472033E-05
-1.58146311633416E-05
3.84400273143222E-05
1.85469324059511E-05
7.87865201663333E-05
7.31964534365142E-05
0.000155315220326744
0.000105898619949591
0.000103303304138774
9.74325095384908E-05
8.4007381074386E-05
2.11952481628628E-05
5.53744000423977E-05
7.95329115534741E-05
8.36816759472238E-05
7.02352724643532E-05
1.26964081793489E-05
7.56514053297477E-05
0.000145601100303737
0.000123621788444393
5.50676494015888E-05
5.67009772490303E-05
0.000126263719139533
0.00017392298024489
0.000184793858842272
0.000169212369573734
0.000214462277027658
0.000167186837779732
0.000213997614979163
0.000158170455483106
0.000143643446136968
0.0001126192952945
0.000110605810335982
8.18776920888448E-05
7.06064938597582E-05
3.41912496130432E-05
3.85517649506721E-05
8.26125829496021E-05
2.60128178805149E-05
-3.53583062483E-06
2.11991364692217E-05
-9.12623397600174E-07
-3.01089085064648E-06
-2.11703409412275E-05
-1.51196794252592E-05
-2.36388446220814E-05
4.25178918653486E-05
3.48591999247401E-05
0.000101265372063781
0.000119854702768907
0.000143976623995633
0.000120281842670043
0.000143370859090747
7.92322039035803E-05
2.61871743392927E-05
4.51766455696092E-05
7.67805310207487E-06
0.000146841367304612
0.000203124031843344
0.00025575733479305
0.000337040557290774
0.00040115241017851
0.000437381898251646
0.000514600011928961
0.000433360520164501
0.00034833330686856
0.000325655676811102
0.000323738834724183
0.000358278407400181
0.000352257549007985
0.000370024954079037
0.000290488603826589
0.000336168765190108
0.000355963645706226
0.00035647998893887
0.00032592574379505
0.000290573881609093
0.000260263464517732
0.000293998616463097
0.000291464845558529
0.000250706741377154
0.000209702426325106
0.000159539007790989
0.000177312931887867
9.67189673600902E-05
6.79709695475016E-05
5.72948101780427E-05
8.03606612130434E-05
4.71161488308442E-05
5.65516676884804E-05
2.61305932478499E-05
2.88853846689538E-05
7.49025428991355E-05
7.54088613182662E-05
2.76900488956148E-05
7.7068885700554E-05
7.32101036473262E-05
6.01907148831347E-05
0.000109020417392038
8.60926013192091E-05
6.41703552890202E-05
0.000123145523380806
9.75433453263593E-05
0.000123601963403153
0.00010365446533026
9.03926932803847E-05
0.000130999336456947
0.000141444803177553
0.000103596871005263
1.72866939355219E-05
4.51583602869121E-05
8.79212866601673E-05
3.89858708220427E-05
-4.05377087336852E-05
-5.93914794910116E-05
1.01685569512589E-05
0.000120430764541141
5.9731225892794E-06
-4.57534808684543E-05
-6.84691793811844E-06
4.66242308668949E-05
6.29255842344003E-05
3.2437334828776E-05
-2.15117654130409E-06
0.000121738719603437
0.000145648210250105
0.000152779900671947
9.03165390647828E-05
5.10661911019653E-05
-4.99337519540287E-06
-9.29853116068265E-06
-8.8665728992717E-05
-9.34732013633922E-05
-7.28860964447133E-05
7.17072946039504E-06
-1.06414611882391E-06
2.57262679649379E-05
4.81636804153988E-05
4.3629089439992E-05
3.467926216474E-05
-3.23053852586975E-06
-4.60051834425302E-05
2.60295431673119E-05
-5.1750728402522E-06
-1.63974190530715E-05
4.57252456406979E-05
6.70820609196297E-05
0.000111865054451938
0.000119727090747212
5.69510549900505E-05
0.000117747734954418
9.55746874600207E-05
4.21579970304002E-05
1.16133726173411E-05
-5.54063018075755E-05
-7.54490322012053E-05
-6.50142404252054E-05
-0.00011752074513012
-0.000109912876148382
-5.84481707516235E-05
-1.41905798110155E-05
4.93813914322533E-06
0.000121716896812165
8.63880608910448E-05
9.36469572149694E-05
7.8359825066031E-05
5.29296735530109E-05
-3.43236337808706E-06
2.85952347294363E-05
-8.28964244207779E-05
-6.00632334188497E-05
-3.36728288236013E-05
-9.99100930700561E-05
-0.000134494988225059
-8.74492334093854E-05
-0.000109806065902872
-9.35786052078036E-05
-5.30756237400342E-05
-9.25393579827841E-05
-1.74391918077208E-05
4.06877037825331E-05
-2.32278758180159E-06
-1.34739358044142E-05
-3.49556646921739E-05
-3.17771928361168E-05
-9.31394938827442E-06
1.46733577071042E-05
-6.54721046182786E-05
-2.00982668766781E-05
1.08784126944162E-05
4.62750235635499E-05
3.48367507896613E-05
6.02771902840816E-05
3.81914777880922E-05
0.000100701597414323
0.000117126733271769
8.79549971887871E-05
3.25590068650101E-05
2.16564936436933E-05
2.07950432766665E-05
3.22657318538095E-05
-8.62413628449306E-06
-1.93772424591713E-05
1.5124512970873E-05
6.6144573400824E-05
5.78281727959591E-05
1.47083216957958E-05
1.61905077694125E-05
5.29478359237468E-05
2.9419890469955E-05
1.7446200414991E-08
1.55511241113651E-05
-1.5906609529494E-05
3.54139364945682E-05
-3.81785689372299E-05
-6.56107389010937E-05
-4.13140625604607E-05
-3.4444083838584E-05
-8.93046017105118E-05
-5.56554104341039E-05
-9.57434417165194E-05
-7.78126640547325E-05
-7.47932270677371E-05
-7.78134700996346E-05
-9.63470989383556E-05
-6.60349363027817E-05
-8.71484933298901E-05
-6.67018744407681E-05
-3.74216525077143E-05
-4.61626409017502E-05
-6.55835485180111E-05
-3.80463287862407E-05
-4.88154749682649E-05
-5.44140034144739E-05
-5.5844951713495E-05
-2.00061265325094E-05
4.53455756714261E-06
-5.3191948197124E-05
-4.45390869606282E-05
-2.36050174939518E-05
2.27152513526198E-05
6.87451449202801E-05
6.96171663815268E-05
7.49242518843942E-05
0.000135089293880195
8.6342412857809E-05
5.17452660509569E-05
5.28964944036735E-05
4.79124194918963E-05
-3.37184448960186E-05
-9.51192682586766E-05
-0.000110275569930414
-7.46972965171582E-05
-4.00458899119286E-05
-8.04901887847163E-05
-0.00012598012313769
-0.000108049254735606
-7.93824994277222E-05
-6.35541263244051E-05
-4.98438625504128E-05
-9.23296061659817E-05
-9.87145367349008E-05
-0.000111828383132923
-6.81394488726707E-05
-2.6722043861246E-05
-5.64366095236298E-05
-2.18492400609361E-05
1.60658268026885E-05
1.42370263563496E-05
3.28692789035468E-05
4.9262106321394E-05
2.0486647095566E-05
4.27872958522524E-05
1.38581546990495E-06
-8.58891939970807E-06
3.33965348570674E-05
-1.32446694796646E-05
-2.25798132549603E-05
1.9348342267656E-07
-7.38232480346653E-06
-4.51385595753519E-05
-1.91453187614279E-05
-2.14842829396574E-05
2.06959666809584E-06
-2.01362421490261E-06
-2.06135497449561E-05
-3.45870470783616E-05
6.75248737218678E-06
1.78302912495764E-06
-2.58006918714174E-05
-2.29992085426873E-05
-6.0562056142694E-05
-6.74124825503035E-05
-8.46441473796186E-05
-7.49805742767053E-05
-0.000103240176333974
-7.00168500161842E-05
-8.35639735477186E-05
-4.07837763476066E-05
-4.00651162593266E-05
2.52304779994397E-06
-4.00841702179811E-05
-5.55311476768243E-05
-9.21982487354038E-05
-7.90816801839077E-05
-9.60430449785421E-05
-0.000114048134966579
-0.000113859522330105
-6.78549865429558E-05
-9.27145077014587E-05
-5.71796620505461E-05
-4.49432229245166E-05
-4.13215973019829E-05
5.25501765583324E-06
-9.24552272936766E-06
-4.27257404990252E-05
3.3970357923852E-06
-2.98410802856615E-05
-3.92568407761034E-05
-3.25440396085973E-05
-4.90023186835823E-05
-6.42825040353229E-05
-2.68723483799813E-05
-1.29603131560491E-07
3.20475396251394E-05
2.92094924865047E-05
4.09261131082701E-05
1.06949449593831E-05
2.54929393620121E-05
-9.86692289052147E-06
-2.00889526224399E-05
-3.06998714116093E-05
7.81938693279968E-06
-3.12108542099012E-06
3.65614823538786E-05
5.89979225955432E-05
7.34236570197224E-05
8.91099745655186E-05
7.36468990994032E-05
2.47419396094273E-05
5.21056000941514E-05
1.33482751820286E-05
4.84850844434829E-07
-3.01984091595206E-05
-1.95803443172234E-05
-4.96760129218349E-05
-6.45962747715607E-05
-9.97422020017661E-05
-7.67983510111782E-05
-8.9188212895614E-05
-2.0668938096097E-05
-6.9772029639606E-05
-5.19421429630519E-05
3.10871046336002E-05
7.59698422439756E-05
7.34403412277017E-05
0.000106790645673349
8.11622822651377E-05
5.68014058239608E-05
0.000127293819175716
8.2809467439874E-05
1.84747146244894E-05
2.24210677947019E-05
6.21291114109846E-05
3.33832555581975E-05
0.000120109756815925
0.000108727571294229
7.41022245357178E-05
0.000120807235562657
8.20725722963284E-05
3.0671300224468E-05
4.98707192339243E-05
5.51016510797093E-06
-1.50820214170945E-05
-7.63911709665354E-06
-7.50925415267421E-05
-3.49165127538099E-05
-4.04338970900829E-05
-5.12095314793998E-05
1.54040801851703E-05
-8.22849744201654E-06
-5.8004578420204E-06
6.79227244766097E-05
8.11956208671635E-05
6.21634850658967E-05
6.93763173031136E-05
-1.14287376449118E-05
4.02067418465213E-06
-8.84101829466536E-06
-2.96367721001895E-05
-5.4343595722843E-05
-2.11801165027292E-05
-1.00186872091446E-05
-1.97866651819927E-05
-1.19250202248156E-06
4.2864313707006E-05
3.24870343815521E-05
8.42395521980183E-05
4.83108855575892E-05
2.15614486595386E-05
2.9124680369771E-05
-5.10564935974785E-05
-4.11389421233086E-05
-5.80961419771437E-05
-0.00010073020772891
-9.22574453398759E-05
-7.97677288355933E-05
-7.83829912006185E-05
-5.29127967638509E-05
-4.33686221204597E-05
-3.59687757878926E-05
-4.38453738993331E-05
-3.00685324775046E-05
-1.66300974755947E-05
-3.27975278845964E-05
1.70438582599962E-05
-4.04262457102166E-06
1.89019835093405E-05
-1.47763945200333E-05
-3.31665035533779E-05
-5.92867894324532E-05
-1.93672535465163E-05
-3.35309914019936E-05
-2.35531062144327E-05
-5.74223408448316E-05
-3.69224667389433E-05
1.42042196249483E-06
5.23891813919714E-05
3.42512306506782E-06
-2.33117171973618E-05
4.88213191117028E-06
2.86777806525985E-05
7.3777876970681E-05
3.14410582131492E-05
-5.03394847717607E-06
2.8274411835336E-05
7.57507952522622E-05
6.76339532131033E-05
0.000109443664015516
8.48482418099985E-05
0.000113011960210921
8.44828054263594E-05
8.35967841429051E-05
4.96214125937608E-05
-2.86853856454247E-06
-6.93265715950755E-05
-4.58616825331648E-05
-6.55893481758662E-05
-8.32419058887603E-05
-0.000111144096841564
-0.000116039868773802
-0.000111439777314081
-8.15604343647655E-05
-0.000104048905446336
-9.68392501427278E-05
-5.99739927950822E-05
-3.79764848798205E-05
-5.24638343370867E-05
-8.58062582967626E-05
-0.000100199674621677
-0.000101456950579492
-7.59420581740618E-05
-6.60859794541605E-05
-5.10562590219525E-05
-3.42230939681129E-05
-2.99514169726189E-05
-3.92173983758999E-05
-1.97574387112545E-05
-4.2214058047558E-05
-2.87261503599208E-05
-3.38875636739083E-05
3.22463709482406E-06
3.79254270021939E-05
5.62280640857964E-05
1.90135934095364E-05
-5.10840589712827E-05
-0.000142447656335805
-0.000139882792964711
-0.000188233864931758
-0.000174790907123333
-0.000141022419693056
-0.000141400675313928
-9.00081215699603E-05
-2.4943501565135E-05
-6.15670602485701E-05
-1.44351426150284E-05
-4.88022764480623E-05
-7.63396217563113E-05
-5.71197425519296E-05
-5.22651170498085E-05
-3.99046633282607E-05
-8.72026842867329E-06
-4.53357026213697E-05
-1.4181432899489E-05
9.4217845760568E-06
-6.31078642474405E-05
-7.40225366079554E-05
-7.53906594800692E-05
-7.30009892126449E-05
-4.75222359158459E-05
-6.13231681011487E-05
-0.000115656101158263
-6.47401615709712E-05
-3.19894053764211E-05
-6.08322668019112E-05
-7.74124338792431E-05
-9.48040133303578E-05
-8.39829441247746E-05
-4.82615934166698E-05
-1.62942588096637E-05
-2.09214302062568E-05
-3.40341028348138E-06
-2.21434176013089E-05
-1.5472901580936E-05
-9.36118589632438E-05
-8.97555715915137E-05
-9.78389291765854E-05
-0.000121872774969839
-8.21617998161438E-05
-6.55189664620876E-05
-5.53792243324303E-05
-5.71610776528421E-05
-6.1651252423981E-05
-7.70268811783815E-05
-8.64717043716469E-05
-0.000112505252067362
-0.0001369722387725
-0.000153702571749162
-9.56448190699657E-05
-6.21186234346214E-05
-6.81258735723267E-05
-4.20612027955849E-05
-6.74113025303409E-05
-3.95409110324527E-05
-2.31613085236117E-05
-7.2763385732092E-06
-2.69900259905392E-05
-4.58124979953521E-05
-5.40338269668205E-06
-4.69042907914745E-05
-9.74497607139924E-05
-0.000106408903114352
-0.000136209825292266
-0.000132808638862196
-5.33352730852203E-05
-0.00015652551379083
-0.000121242006858534
-6.93549471650494E-05
-6.18817228520082E-05
-4.61426025648759E-05
-8.58016056400405E-05
-0.000165937507022627
-9.06613059049689E-05
-3.31924362758431E-05
-7.61521953233463E-06
-2.43278026995308E-05
-1.23432680389625E-05
-1.70947359301911E-05
7.55830523472691E-06
-5.71933482673645E-05
-7.72991570695595E-05
-8.8995609502478E-05
-0.000104624810242746
-0.000122284402217545
-7.41593632819757E-05
-4.53932245449799E-05
-9.16937982356052E-06
-3.01822042013952E-05
-0.000105854279005105
-9.08145506892993E-05
-4.2156043156064E-05
-5.72331755520127E-05
-6.13690303634715E-05
-4.47497129139526E-05
-1.48908730996693E-05
5.07319797171348E-05
6.19971499206136E-05
4.62376962393107E-07
9.02239400866976E-06
-1.92471954936549E-05
9.24346678012714E-06
-6.13068771321579E-06
2.31297072001612E-05
-2.36789518222279E-06
1.59515763368009E-05
1.1058286962557E-06
-3.10370031761019E-05
-6.8578294672168E-05
-6.16517055295001E-05
-6.52663680089812E-05
-2.19463800862423E-05
1.39860643424563E-05
-5.380601427756E-05
-1.20703713542705E-05
3.65609317924498E-05
4.11457840450324E-05
2.95799191302331E-05
-2.3180689926359E-05
-9.38696558838294E-05
-1.8230980252905E-06
1.77414032951888E-05
3.56268440753497E-06
-2.17551904648004E-05
-4.64018867398472E-05
8.59987355872049E-06
4.36822368774453E-05
2.61667669070732E-05
-1.38077375906471E-05
-5.70138064227527E-05
-1.829570492719E-05
-5.82900928047852E-07
3.73675661621711E-06
2.60862294452784E-05
1.94411052163141E-06
3.73387889935233E-05
4.19270565324593E-05
3.15279429015365E-05
1.12677308328849E-05
-1.84099763299848E-05
-3.62336657952214E-05
-3.60193660513797E-05
-5.07201916572896E-05
-0.000104504036413765
-0.000107753745456935
-8.43949669868214E-05
-7.13105190372815E-05
-8.73371003489314E-05
-7.86153607524849E-05
-4.83800634836566E-05
4.87790135065041E-06
-4.6232916015622E-06
-2.22487540835196E-05
-3.20707800245529E-05
-2.56013558467931E-05
-2.09618450624587E-05
-6.75236971546438E-05
-2.11162438630288E-05
-5.07204628042389E-05
-5.50756743024283E-05
-5.11299471442536E-05
-3.69800087184184E-05
-3.55010223817902E-05
4.00086603048956E-06
-3.57510110486029E-05
-1.47097767308523E-05
-4.05928007429334E-05
-7.51098765761698E-05
-7.21693170961413E-05
-9.09261030846786E-05
-0.000101522527862991
-6.39412263615009E-05
-4.73605086588585E-05
2.70392958953884E-05
3.46514077948716E-05
2.65625805472705E-05
9.46798730081161E-05
8.15087803851053E-05
4.54190060071829E-05
-6.14156792030521E-06
-2.88702825321142E-05
5.89962914230227E-07
1.17639017858746E-05
-7.20250654377211E-05
-7.50801155566672E-05
-5.26112859963072E-05
-1.27904260116036E-05
-3.71109777900521E-05
-2.99477902770164E-05
-1.36955405512276E-05
2.23367542053547E-06
2.28820422102967E-05
4.07027459466866E-05
-1.50749444175078E-05
1.46941878417732E-06
1.15594412480719E-05
-2.6851273177406E-05
-1.43851563551247E-06
-6.84570554782647E-06
-4.49470422224966E-05
1.56054661335225E-05
6.45916452429056E-06
-4.89949550640375E-05
-1.60870062934686E-05
-2.64896460970149E-05
-3.93694566181016E-05
-4.72435630209674E-05
-8.06850326884071E-05
-5.74141373461218E-05
-5.22935443554337E-05
-9.79881868253927E-05
-9.26824786914579E-05
-6.3399734195794E-05
-4.29799437440296E-05
-8.36786360319296E-05
-5.79200373623951E-05
-4.28419960254557E-05
-3.57305374056556E-05
-1.77466556370537E-05
-4.38671363334226E-05
-6.35720859628236E-05
-7.07354433351398E-07
-5.07699386988553E-05
-6.06082689000514E-05
5.57388846752473E-05
-7.04525934169414E-06
-3.81231233280055E-05
1.82240325683488E-05
1.48035976671686E-05
5.90442150431209E-06
1.75662930074841E-05
-6.48250869094001E-05
-7.02969276015136E-05
4.93543346298218E-05
9.89676183854649E-06
-7.36476826476284E-06
-6.21085679764909E-06
-5.38902349790945E-05
-0.000106875107040261
-2.12590076062615E-05
-9.37318267631295E-05
-8.20932606946711E-05
-5.96006998144187E-05
-2.65203227678894E-05
8.13715894390492E-05
0.000130080778180814
9.46086524438555E-05
8.61675443947218E-05
4.25342852059443E-05
4.67039037825522E-05
-5.48353030893442E-06
-4.90307331171325E-05
-6.16776576396459E-05
-4.63391001957348E-05
-5.68457607434092E-05
-1.74076335617059E-05
-3.33400733366242E-05
-1.40852929236712E-05
9.56488625073484E-06
4.50046721448004E-05
1.72975178885773E-05
1.03898058654336E-05
1.46480214161355E-05
6.13964584012675E-05
0.000104658794074864
7.2460473206261E-05
5.46109384026671E-05
6.52425860228189E-05
9.34349341933756E-05
4.82124696143061E-05
1.36927625322035E-05
-6.79344079169188E-06
-7.35515362675742E-07
-1.56154588236639E-06
1.30822006940059E-06
2.33073590997889E-06
2.42725656851965E-05
4.99566643024466E-05
5.17637783374862E-05
3.86784759209849E-05
7.51409825278305E-05
2.52080547755916E-05
6.22695572618467E-05
6.52866215983623E-05
7.97653967266538E-05
5.55137667924467E-05
8.80876580718011E-05
4.16459010264829E-05
0.000101403337072058
3.14197514958621E-05
5.78721420712326E-05
7.9089170669007E-05
0.000129820507510778
9.46261186912916E-05
8.8777808343831E-05
7.11704877785496E-05
7.63131646516937E-05
8.5088785158772E-05
2.79583709936338E-05
-1.20849640930324E-05
-4.98167115680985E-06
8.33982652370444E-05
0.000112799139355317
0.000161064995107148
0.000142676738909862
0.000173094422136981
0.000182388622364492
0.000191738663768125
0.000118832305856297
8.67686151000845E-05
5.28571183014255E-05
6.51192950232795E-05
6.67501429801474E-05
7.10174105260767E-05
8.19704359741882E-05
6.60621900317267E-05
5.38500932412112E-05
6.84952793664559E-05
7.04225600936085E-05
4.70285269360222E-05
5.6806695394123E-05
1.44038489437449E-05
5.32181177576166E-05
6.56525556248245E-05
4.18104356002683E-05
5.40815643497059E-05
4.67231455800788E-05
8.79417380021333E-06
6.78120664297463E-06
-1.56344551036591E-05
-1.00100704512437E-05
-1.3709274419753E-06
-3.96679965079735E-05
-2.06628832783776E-06
3.92447384863267E-05
6.17311393116924E-05
9.14556145927358E-05
7.21535270304891E-05
8.92344970131367E-05
0.00010923300614985
8.80527243864285E-05
6.36507675620045E-05
5.97062605083848E-05
2.71988872773056E-05
4.93602248067527E-05
3.64975932534403E-05
4.87352312892141E-05
3.971759985617E-05
1.94149054920421E-05
8.18546894413543E-06
5.65757191611774E-05
6.97086732082748E-05
7.89702949732766E-05
4.89972067485541E-05
4.88936982122686E-06
3.42060245419244E-05
-1.62438482138174E-05
-0.000112942811848877
-0.000123335862377691
-0.000116819548748163
-8.75087657494086E-05
-7.56613081454825E-05
-9.03592844370294E-05
-5.50703156777094E-06
4.8454103237107E-05
6.8686716435579E-05
4.63651097794598E-05
1.66834385006952E-05
4.76487103423808E-05
4.1075052457192E-05
4.72502304599664E-05
6.1177541103785E-05
5.70550275254384E-05
5.68268945291836E-05
7.65701952667941E-05
6.07548154761037E-05
8.5271394231371E-05
4.79627846389105E-05
4.16540728115971E-05
-1.58353532523705E-05
-3.18542269074372E-05
-5.19867832786321E-05
-3.5852247704469E-05
-2.15649557080252E-05
7.85135990764818E-08
1.09983342339449E-07
5.71528304458486E-05
7.36631959998555E-05
7.60232421009232E-05
3.88377573992874E-05
4.79030041090678E-05
5.75037367866811E-05
3.41717190864003E-05
2.44359626751122E-06
-1.24511316697052E-05
2.93837142571607E-05
5.82927416177058E-05
6.35412627695387E-05
5.44351129086941E-05
8.70099008805531E-05
9.27042216786149E-05
0.000115552926559649
0.000117844069357876
0.000102894963622542
7.66920523115334E-05
8.2430007525138E-05
5.07081257230673E-05
6.81874789377922E-05
4.69190412530659E-05
8.07389394292611E-05
6.45016512211122E-05
2.97833545807052E-05
-2.89821141344386E-05
-3.94366445173959E-05
-6.40177387678661E-05
-5.13287907277917E-05
-0.000147000664828465
-0.000147338598334904
-9.48861584875489E-05
-3.58196627827761E-05
-6.30219062075778E-06
3.14684809994147E-05
3.20829002208436E-05
4.8297940486478E-05
5.79242459879455E-05
1.48693961570405E-05
2.96757991934998E-05
2.69519130032271E-05
-3.14445370068471E-06
-4.79305216968403E-05
-6.86790795743723E-05
-2.43849668487647E-05
-5.09105239237549E-05
-0.000112746599150464
-9.3040548676634E-05
-5.94312624678492E-05
-4.30692820688379E-05
-6.25907009076398E-06
-1.15927090883309E-05
2.32771918091801E-05
5.88389851086124E-05
1.84364364971698E-05
-1.12512719587427E-05
-1.17791197834884E-05
-9.30943846409763E-06
-9.73957856548618E-06
8.70027241157127E-05
6.05364279099979E-05
5.24179262324292E-05
4.90941817854339E-05
0.000102532020529449
5.68955880553175E-05
7.40305617561233E-05
4.13830185550948E-05
4.30550327143376E-05
5.73139712700596E-05
7.48315390698053E-05
5.02344336387678E-05
7.46165510525979E-05
6.63842377590996E-05
3.27347155197421E-06
1.41546552656376E-05
-7.21096017283269E-06
-4.24799433335386E-05
-1.59739973708624E-05
1.36919954749239E-05
-1.43743596144913E-05
-1.21370582838119E-05
3.54660511509456E-05
4.65127429558946E-05
4.06383506634044E-05
3.80843774002142E-05
5.24628134814573E-06
3.85012600164727E-05
1.44475844845232E-05
-3.50662271914542E-06
3.4633561856561E-05
5.61660186568771E-05
7.38811142991107E-05
6.375425660001E-05
2.60233186099015E-05
5.38775871761489E-05
5.21226331409298E-06
-9.15357661210207E-06
-2.47799968482594E-05
-6.95199657237461E-05
-4.33705525020762E-05
-4.15261015956911E-05
-5.58609960363859E-05
-4.52797714614133E-05
6.23885978319312E-05
4.26406977326411E-05
-3.72672392911678E-06
-1.47176906141819E-05
2.16200125958254E-05
5.90037952643741E-05
3.54202132264327E-05
-0.000131884122257237
-0.000115441728421865
-6.78757387347417E-05
-4.83417213012481E-05
-4.75310678513115E-05
-6.85757041298768E-05
-8.93055568965569E-06
5.30844437489508E-05
8.72999954722957E-05
5.81882121331354E-05
5.13469595296181E-05
5.87125469257849E-05
-6.24856779163231E-06
-2.46165489559415E-05
-6.59233122400064E-05
-5.30642201052594E-05
-2.28366939030232E-05
-4.29635044321789E-05
-7.63671659759198E-05
6.60430729606563E-06
2.87599220660944E-05
6.87216535289806E-05
3.5860943389763E-05
3.23954156006027E-05
4.29195980949131E-05
2.82427295362591E-05
1.45015226072156E-05
2.38947610889727E-05
3.08741301086579E-05
0.00014333109298382
0.000102460500988673
5.78956944318383E-05
3.59894387698224E-05
1.78868425033283E-05
1.2430027781765E-05
-2.10350624639838E-05
-0.000127580704232403
-7.17224744539809E-05
-3.87719884994964E-05
1.02183066155922E-06
-4.13390061779342E-06
-1.85225559463336E-05
-9.31483415649125E-06
-1.92524337529018E-06
-1.57706893179044E-05
-2.98060452321121E-05
-5.23846133668618E-05
-4.64137773360575E-05
-0.00010212449058605
-0.000107920675629208
-8.6961249227632E-05
-8.37991330868682E-05
-6.58096547143143E-05
-5.1121657417894E-05
-0.000122429228856328
-0.00010394340499224
-8.46119130886694E-05
-8.12977709215249E-05
-0.00010740454618561
-0.000109261723553838
-0.000116675205718481
-2.4780800513664E-05
1.93122363534117E-05
2.27088570130298E-05
1.37340891134646E-05
1.4458930485101E-05
8.71403357596416E-06
4.84833241625338E-06
-5.83312288580043E-06
-1.66801662051345E-05
-2.44528917696483E-05
-7.7490738364636E-05
-0.0001115333072239
-6.72699632420066E-05
-4.42662197743578E-05
-6.62776215561636E-05
-0.000132430236477974
-0.000136676671369579
-8.16774325373754E-05
-3.27679442862487E-05
-7.01905615492039E-05
-4.02005648353938E-05
-6.51220062968199E-05
-3.31265917725786E-05
-8.95055243410623E-06
-5.22445198348745E-05
-3.3996132742818E-05
-6.40915468921085E-05
-7.60239017020561E-05
-6.1211922173565E-05
-5.17879242750641E-05
-6.77406778693379E-05
-1.92528862588206E-05
-7.34795896399133E-06
3.01892047846172E-05
-3.96182292495933E-05
-2.26038981416651E-05
-2.12370945333689E-06
-3.09942173860505E-05
-5.06449389030694E-05
-6.5741183445552E-05
-5.4676968952883E-05
-3.22614155794966E-05
-2.52778238976571E-05
-3.48900217308473E-05
3.12173573894011E-05
1.88510528438682E-05
7.59491390587284E-06
2.8763081196881E-06
5.74193209766318E-06
5.65651926379573E-06
6.86351558625514E-06
-5.14268790022625E-05
-6.86158082341315E-05
-5.4223628853308E-05
-8.17980031135186E-05
-5.25205711158277E-05
-2.58766800897717E-05
-7.5462971732339E-05
-6.57565714904563E-05
-3.51472439745149E-05
-3.29147253310783E-05
-2.45391611630725E-05
-2.27692715421282E-05
-4.90154621637281E-05
2.34052662167219E-05
3.55371128192432E-05
3.85627682548014E-06
3.38395390891558E-05
2.48836344821424E-05
7.17487031552574E-07
9.08263513480214E-06
-2.77634693909777E-05
-4.10655143397617E-05
-9.43876326987936E-06
-4.5754818566683E-05
-5.41122082627582E-05
-2.12415341206226E-05
-3.18696791717013E-05
-2.65711063799487E-05
-2.11553361841496E-05
-1.3438175920092E-05
-2.63122621984426E-05
-4.4409496920436E-05
-6.47702761263412E-05
-4.5763477042612E-05
-2.98766655991161E-05
4.38165224236582E-06
-2.32251947902251E-05
-1.45980234413742E-07
5.649804091341E-05
3.59007035572226E-05
6.03897750078736E-05
4.85436053117728E-05
4.79810733650091E-06
-1.74057825514728E-06
-9.8353282929876E-06
3.43473838266935E-06
-1.54796821646349E-05
-6.58908016551604E-05
-5.769156645692E-05
-5.96049097002176E-05
-3.07708340353727E-05
-5.54019874442349E-05
-8.53276901936879E-05
-4.35708510852525E-05
-2.42092602508226E-05
-0.000107453677712245
-7.23515627303745E-05
-5.79859899599414E-05
2.76723827239192E-05
3.70318011253333E-05
-9.89858786570787E-06
-1.78042411985183E-05
4.18186578406342E-05
1.51620924406898E-05
1.45387144269928E-07
-3.74701547171851E-05
-7.10843365214059E-05
-5.54836117942589E-05
-6.38877078741251E-05
-6.76810695324895E-05
-3.69274472897736E-05
-5.34066237053145E-05
-6.12387183346149E-05
-2.26244238872506E-05
-1.7819081374937E-05
-1.33383647692164E-05
3.58365682584711E-05
-2.52545466112279E-05
-6.21239041503756E-06
-3.02153219760445E-05
4.408340487215E-06
1.90780849382699E-05
-1.5488369697686E-06
-3.87731952292575E-05
-2.35800726766867E-05
-5.87865645384707E-05
-4.05116398089401E-05
-9.84751951948511E-05
-8.86978963415201E-05
-5.81636581762772E-05
-2.13441168738209E-05
-2.15298388871612E-05
1.71563431896053E-05
2.75648418042873E-05
3.57386879438206E-05
3.3098265886141E-05
2.80077067624746E-06
-2.20399423554764E-05
-1.14868666871011E-05
-5.79196831437456E-05
-5.66314858699392E-05
-3.50845809113532E-05
-4.96295192870835E-05
-2.39870826921999E-05
-2.19254538062842E-05
5.01698943509405E-05
8.043607059825E-05
2.23796070185288E-05
1.18626500650656E-06
2.53809756124221E-05
9.2848293121399E-06
3.95737978160609E-05
-1.35622978927835E-05
1.45374842166025E-05
4.7298044679324E-05
3.0567699996875E-05
5.32857230187824E-05
3.99456607231086E-05
2.89340667061611E-05
3.45935058070595E-05
6.38580917075328E-06
1.6985925917107E-05
-6.72069915951028E-06
-3.19682591942466E-05
-1.93760798491508E-05
-2.38226507637678E-05
-4.30423757602628E-05
-5.64811983479236E-05
-5.53995265294145E-05
-5.86233970797486E-06
-2.32417183940761E-05
4.90378339991906E-06
3.74154339772883E-06
-2.83695892220052E-06
3.53759201558162E-06
-1.08339080576768E-05
-2.17631136084992E-05
-1.77136852770825E-06
-2.32297848918147E-05
1.43779107429668E-05
1.36993626698419E-05
2.61221932585978E-06
4.34415871190117E-05
2.25354253087695E-05
-1.02766513751399E-05
7.93296485590874E-06
-5.22289781596754E-05
-4.07182278839764E-05
-3.79495161759433E-05
-0.000130526336293879
-9.61792916842631E-05
-8.23167106693932E-05
-4.18833006238418E-05
-3.97760912491621E-05
-4.91328716003994E-05
-3.89035044092615E-05
-2.97832201899032E-05
-2.57152491874756E-05
-3.01523207546312E-05
-9.32502385501555E-05
-6.2849870701298E-05
-0.000113339311273086
-9.22950693439588E-05
-3.72913149641002E-05
-1.90407147526892E-05
9.33135311882539E-06
-1.49858368586653E-05
-2.28426120727768E-05
1.54537778290508E-05
1.49223784233511E-05
2.385530547924E-05
-3.88797458518961E-05
-3.09089543823176E-05
2.00642548624089E-05
1.39548838072736E-05
2.34683009269022E-06
2.71685237158616E-07
-3.35043383119694E-05
-6.73208712076297E-06
-1.25639418507074E-05
-4.54083487132606E-05
-5.61978787658392E-05
-5.16119928065144E-05
-6.7634272090128E-05
-2.75265188629915E-05
-2.54879111503073E-05
-4.86355691850368E-05
-7.75172221040823E-05
-8.469977444519E-05
-3.61218476995809E-05
-2.46106051685219E-05
-1.83161891778338E-05
-1.21460291086616E-05
-5.32708441646897E-06
2.87779353868753E-05
2.13230393160929E-05
4.64197809758921E-05
4.4789479257E-05
3.16183357954922E-06
-1.42589382440653E-05
-2.24222097997731E-05
-2.19305753724912E-05
-1.14422958554818E-05
-6.23090200677138E-05
-6.91555706112122E-05
-9.65429055186826E-05
-8.52203492073833E-05
-8.80684041207122E-05
-4.91468963750374E-05
-3.9198162204514E-05
-4.88585764528422E-05
-1.1603555576417E-05
1.9473876962675E-05
3.07724740205148E-05
9.55952900440483E-06
-4.75310030499259E-06
6.68682437460603E-06
2.54188346300536E-05
-8.52517164333029E-06
-1.38784578372715E-05
-9.93092679454855E-05
-4.03221386366125E-05
-7.15425179507263E-05
-7.81046506746052E-05
-6.88045539498496E-05
-6.52850472433709E-05
-3.74958123669791E-05
2.34581754360788E-05
-1.25528367527448E-05
1.17800700126838E-05
-1.27962237605885E-05
-4.66203222012005E-05
-4.31033541508924E-05
-6.8692682482875E-05
-2.17134865029617E-05
-4.9337889988947E-05
-7.17577189648649E-05
-7.55208533600563E-05
-3.44373493081278E-06
5.34322970613137E-06
-3.55740642770838E-05
-7.70212688424305E-05
-5.08298298827086E-05
-2.64348902922309E-05
-5.78257802629606E-06
-4.43469066421991E-05
-0.000100101332567454
-3.30114749901587E-05
-1.45721153772184E-05
-3.44245685503199E-05
-4.16022964830648E-05
-4.58408800989369E-05
-8.92572397671637E-05
-7.68835745029088E-05
-9.72511845877529E-05
-0.000112155894014052
-0.000108164391403236
-7.4920554898543E-05
-6.62158064552766E-05
-4.09733396743971E-05
-4.19178941471615E-05
-3.50957635143367E-05
-5.01464761248945E-05
-2.69485804136751E-05
-6.01705989920498E-05
-8.60091118043775E-05
-5.95161906200624E-05
-6.19624737508725E-05
-0.000104662581961165
-5.37940613311801E-05
-4.13107747907625E-05
-7.82884947068057E-05
-6.96265079532366E-05
-0.000101601901951726
-6.40808575413611E-05
-3.54734991615095E-05
-3.08162840850346E-05
-6.21499773784207E-05
-1.56946682875579E-05
-1.36188541459056E-05
-1.26165163965691E-05
-2.561539017106E-05
-1.60344349880169E-05
-8.41764680081864E-05
-7.45805477660287E-05
-0.000113818067668443
-0.000104518995616256
-8.42326185513909E-05
-8.40303885232849E-05
-0.000105113643353065
-5.40804600496008E-05
-8.09001918120758E-05
-7.36240573034493E-05
-0.000115751094385015
-0.000149897032542701
-0.000137392489990665
-0.000158180512149869
-0.000210850273279228
-0.000188995564080188
-0.000159816850783735
-0.000120974756205435
-0.000129574244782069
-0.000168017128630393
-0.000155593092864913
-0.000135539682934526
-0.000136421307828168
-0.000152921832723204
-0.000139193467611634
-0.000119076081048655
-9.97791238184254E-05
-7.98128344197679E-05
-5.45603905090505E-05
-7.55999034664829E-05
-8.887032774172E-05
-0.000128073232384987
-8.22799298924758E-05
-7.25366729661086E-05
-0.000107791821395896
-0.000103833719987397
-6.24878157610424E-05
-5.34085691915315E-05
-7.93442347099613E-05
-5.32339714146346E-05
-9.18518657858372E-05
-7.74308694634743E-05
-9.56841220308006E-05
-7.86014133900158E-05
-9.91148278494202E-05
1.46650970161284E-05
-9.99293290982737E-05
-0.000113782504110967
-7.5826563852908E-05
-9.12461629044387E-05
-0.000126918521259685
-0.0001037253657124
-0.000169422688688315
-0.000115086593172559
-4.04022778268552E-05
-7.50412354545746E-05
-4.05064677322301E-05
-4.53129009596334E-05
-3.61249382978022E-05
-2.22245383202471E-05
-3.9752900681093E-05
-0.000103424316674317
-9.88228624760788E-05
-0.000112903297644098
-0.000148434939691781
-0.000163608944165995
-0.000200936549749356
-0.000227249440287794
-0.000151304318760612
-0.000157591821705551
-0.000160385625278389
-8.6148438578784E-05
-0.000106091872872517
-5.65590172283944E-05
-5.31415315285297E-05
-7.57436149521932E-05
-9.29436786192013E-05
-8.89910032719965E-05
-0.00013590939406202
-8.89886971572081E-05
-0.000158516257044003
-8.37683386179168E-05
-0.000134046478091867
-0.000104135592610515
-0.000128438948026649
-0.000120766898492013
-0.000166840071381708
-8.94075820527263E-05
-0.000254443598253038
-0.000247557849432716
-0.000280989574777163
-0.000260730161301043
-0.00021974797738101
-0.000177975573729421
-0.000245006436630969
-0.000153066735799301
-0.00012172815269945
-6.75918987451544E-05
-3.57941315750118E-05
-9.04433398483257E-05
-0.000141437292352748
-9.59381966066192E-05
-8.25933345602169E-05
-0.000114692439615229
-6.41277269898673E-05
-0.000157396186742002
-0.000146570510256721
-0.00012674248306377
-0.000146160465150589
-9.21428318414541E-05
-0.000101510953421912
-0.000144169627698776
-5.2504679118776E-05
-7.61161776171201E-05
-6.52858946531488E-05
-5.52266860856527E-05
-0.000124414542716471
-0.000111191532357255
-0.000147401163385013
-0.000169553068058553
-0.000160784742246981
-0.000109103475224598
-0.000120770122334652
-6.59274446777528E-05
-8.26781685404352E-05
-9.14580809188147E-05
-0.000108007498969298
-6.68103137434921E-05
-7.73638534502351E-05
-6.22620246238349E-05
-0.000100467732591004
-4.4526340414081E-05
-3.32221165945624E-05
-1.4983729545419E-05
-8.00714365542252E-05
-0.000124008998362284
-0.000100562126866141
-0.000109038715650018
-0.000111694499561288
-0.00012550929654613
-0.000114768446356226
-9.10256704462829E-05
-6.75607402165884E-05
-0.000135607421552018
-0.000148059398121521
-0.000157403477746953
-0.000144302126737708
-0.000165118429335457
-0.000128502542629767
-0.000150058073100671
-0.000136060171443683
-0.000137897087063037
-0.000147230871777177
-7.11456403903926E-05
-7.41795572173034E-05
-7.03326418948524E-05
-6.70018989701363E-05
-4.43310845068241E-05
2.30015939870554E-05
2.09121235514413E-05
-6.74070005432108E-05
-5.37649600482533E-05
-5.30398717242868E-05
-4.08746637080495E-05
-5.81240113299072E-05
-0.000109867414196013
-0.00011127515425467
-8.58468165311899E-05
-8.87759172928703E-05
-0.000100792618312307
-0.000106486471646924
-0.000114879099265563
-0.000105941515341469
-8.57767065017388E-05
-8.63814729799903E-05
-8.40485044534282E-05
-0.000103087352142538
-8.63659202480547E-05
-5.95847086100674E-05
-0.000118298732655884
-0.000155592839629303
-0.000151432406944872
-0.000148634320409101
-9.39369280156819E-05
-0.000140460043802414
-0.000148470381083816
-8.50410316045232E-05
-6.84027613642287E-05
-7.40395048562026E-06
-1.7144055628575E-05
-2.44996469601753E-05
-1.54783651703535E-05
-1.32005873731693E-05
-2.91200927770672E-07
-2.89919003973704E-06
-8.11055312336252E-05
-8.31972921969097E-05
-0.000103833562604199
-6.87235791715133E-05
-5.95872711196202E-05
-6.24093005157204E-05
-5.75111042712401E-05
-3.66312211449941E-05
-4.87473550238088E-05
-7.89241011201881E-05
-6.85928911497861E-05
-7.0135026921812E-05
-8.67468622433014E-05
-8.51962957606287E-05
-7.33490706390966E-05
-6.08938019206052E-05
-3.73202380379389E-05
-4.57503881910795E-05
-9.86247865077716E-06
-8.38748504652774E-06
-7.2568641306086E-05
-4.08497440252882E-05
-3.90160736206146E-05
-3.18243895744334E-05
-1.24925967912345E-05
-3.08568927642251E-05
7.11490583874487E-06
3.17748453284979E-05
-4.72352659408798E-06
-2.94595113423211E-05
4.85812560212271E-06
-2.66036271027835E-05
-6.17706019052947E-05
-6.6823708039729E-05
-7.57815293591658E-06
1.28562256554193E-05
6.25241221485676E-05
2.80660389993188E-06
-1.97645069749242E-06
-1.05791515695065E-05
-6.25019877715455E-06
-1.82820998346576E-05
-6.14149519145467E-05
-7.60637281494737E-05
-6.32145999505326E-05
-8.67215414958833E-05
-8.18871113611725E-06
-1.69807265827342E-05
-4.01300768050186E-05
6.17139655113612E-06
3.6039438563381E-05
3.37070857186841E-06
8.79784068439027E-05
3.02912486367597E-06
-2.80898474514431E-05
2.00357047684096E-06
-3.5268798576121E-07
-1.42265316343787E-05
1.72466033365926E-05
-2.7921491712134E-05
2.47303986936966E-06
2.96470961082317E-05
1.6575249386356E-06
-4.66614511822868E-05
-7.32072154013195E-05
-3.27365127717607E-05
-1.32613445994851E-05
-1.60762711686173E-05
-3.0882896670518E-05
3.51363726360382E-06
1.18551548618484E-05
1.9881542633805E-05
4.06907633647641E-06
-1.12535751668141E-05
-1.25399401627218E-05
4.89305344272166E-06
-1.02806492550356E-05
9.80184452674121E-06
4.86580257149169E-05
4.16897599004169E-05
4.5662338105731E-05
6.34959635112381E-05
4.83957836049458E-05
7.44931600392758E-05
6.18607579933307E-05
9.0609302049348E-05
9.12393497566206E-05
7.34138619599864E-05
6.43943289863943E-05
7.00490781020561E-05
6.84899777570293E-05
4.17221233243373E-05
-3.50245871205437E-05
-4.35646491903723E-05
-3.13648728691614E-05
-1.69139982548923E-06
9.21404550585598E-06
-2.03041258271797E-05
1.97598614081238E-05
-2.67191379151257E-06
4.89197882184939E-06
4.24387249966758E-06
-1.61653630066583E-05
-1.71053596341508E-05
-3.07864129850621E-05
-1.46409320513286E-05
1.40606238383334E-05
-2.24288761496477E-05
-4.21362784655074E-06
-2.97622973959287E-05
-7.3919091032919E-05
-0.000101802626288475
-6.38684768356557E-05
-2.36610790135894E-05
2.29089879043846E-05
-2.13940400148912E-05
-1.94686502375782E-05
2.04527586246301E-05
5.60684903003435E-05
5.38231838235251E-06
5.81750841380043E-05
2.41048076943913E-05
9.040584641541E-06
4.35760306239331E-05
6.13916906987355E-05
5.38950204791069E-05
5.46169795623962E-05
-5.76651402846051E-06
2.05076617616733E-06
5.50056132136659E-05
1.70514689799214E-05
-2.45584309992795E-05
2.11919064228322E-05
1.40039708448402E-05
-3.37957313651337E-05
-9.91991234660933E-06
-4.48947471588951E-05
-1.9195847830325E-05
1.53652228029137E-05
-3.33862561955284E-05
-4.11445460958229E-05
-2.83550713107385E-05
-4.40054923349519E-05
-1.30453260270335E-05
3.15263055969004E-05
3.27778576854455E-05
2.79389348751674E-05
2.5997806100997E-05
2.4424770005848E-05
3.52506472729247E-05
1.42668517471255E-05
-2.79136586003001E-05
3.90077708554476E-06
4.39887087173157E-05
5.67690518054616E-05
4.59393977321956E-05
4.51086724229588E-05
7.0363097581207E-05
3.3752464440928E-05
-1.35528354349413E-05
7.97131952139545E-06
3.2024395481674E-05
-1.01163476690618E-06
1.30939373003486E-05
8.14076616554517E-06
2.71511142062252E-05
4.24517447679436E-05
3.52329941623573E-05
-1.31255564016322E-05
2.31587051412851E-07
-1.1719349474043E-05
-7.30843169123339E-06
-3.78997111667108E-05
-5.04442867285358E-05
-8.33843257834086E-05
-6.94342098117586E-05
-7.2826141995012E-06
-2.55313049219377E-05
-7.84409221868576E-05
-7.75588449608665E-05
-7.54907809131201E-05
-6.87584750070273E-05
-5.14887939369461E-05
-8.52009611114344E-05
-7.35632678786394E-05
-3.82418655394487E-05
-2.42402176668148E-06
4.62719105913606E-05
3.93777376383543E-05
5.49662391924308E-05
1.06292844594538E-05
3.8237343251242E-05
1.31525224472799E-05
2.22554462934216E-05
-7.41755276012448E-06
-4.2147465303597E-06
-4.84527387796142E-05
-3.71433523542529E-06
-6.28639868482578E-05
-5.80599153406567E-05
-5.81793892356406E-05
-9.35827705853836E-05
-3.89053549552162E-05
2.08065474082128E-05
3.10002883130668E-05
5.70242565288299E-05
7.73941998374204E-05
5.11484916873472E-05
8.88154091626402E-05
3.19911064533062E-05
-1.3359055055367E-05
-3.49218762405155E-05
-3.41623315379132E-05
-3.31453919836321E-05
-1.98854805156355E-06
-3.26409517978009E-05
-1.86553392452382E-05
-1.78103288055702E-05
1.81841544362059E-05
3.54755971614887E-05
3.6184110474386E-05
2.76873866973591E-05
4.60986695007763E-05
6.07505745553096E-05
8.05151034787155E-05
6.1987557786456E-05
5.54473045641162E-05
5.28239743491088E-05
2.70341533559598E-05
-8.60876718345271E-06
-5.8384603497377E-06
-3.57029684931802E-05
-3.76475279688652E-05
-5.96029471789924E-05
-4.62844129005811E-05
-3.73256607578449E-06
-7.16719321975469E-05
-9.34491376134542E-05
-8.25871387966935E-05
-5.47066227245507E-05
-4.07700614176891E-05
-7.17058664437713E-05
-8.0707564004662E-05
3.15365595267736E-06
3.13632868674613E-05
2.36746857885757E-05
-3.3113069051656E-06
1.33471338221916E-05
1.09186447320561E-05
-1.74486069344976E-05
-1.04524532275504E-06
-1.44191674133193E-05
3.92951803133335E-05
4.75035524904122E-05
8.92934999082209E-05
0.000103957362270576
9.96844365707601E-05
5.63498111344845E-05
0.000123662007299175
8.62332620750481E-05
7.35681678764853E-05
5.61154585134492E-05
2.32752509829335E-05
6.68656095160224E-05
0.000122952556302324
4.82054851852161E-05
6.9103141220515E-06
3.50802762879732E-05
-4.20199417262673E-05
1.44050308670457E-05
1.9161608140874E-05
-1.03248527117098E-05
2.01499895032404E-05
2.11052330518276E-05
1.29390166878694E-05
5.33750778712493E-05
5.48906307485673E-05
3.5350513302967E-05
6.5998136616846E-05
5.37663493841964E-05
6.31336587813841E-05
6.31657525076225E-05
7.47365253729793E-05
4.08646597793929E-05
4.94249740818527E-05
4.12050164706949E-05
3.05703336417379E-05
2.98648659575905E-05
9.59466040088662E-06
-3.43272089495917E-05
-9.29853999611591E-06
-5.40992618455764E-05
-5.29616853734772E-05
-7.97471576246434E-05
-6.61923873000683E-05
-6.14171826284057E-05
-1.57499319699506E-05
-1.85518740189375E-05
-1.3159026676098E-05
9.88646699098765E-06
3.39670311264454E-05
4.2370121410332E-05
2.56556777293463E-05
5.66487298743396E-05
1.51477656535601E-05
4.74607786917243E-05
9.61234297313288E-06
-5.03010666174196E-07
1.19821333055509E-06
2.52504953430924E-05
-5.55197446352661E-05
5.89578184451942E-06
6.18877840194202E-06
1.43827475443631E-05
-7.29581408360236E-06
5.76251238384317E-06
1.27125903014599E-05
2.57714435533157E-05
3.39664006922829E-05
-1.98661207864553E-05
-2.21786584619664E-05
4.40975601983062E-06
-3.09201191638128E-06
-2.71657813088395E-05
-6.80376375858654E-06
-6.6688981489856E-05
-1.94212958268368E-05
-9.51415418512959E-06
-5.57442072362558E-06
-1.05408945913942E-05
2.39847501873075E-06
-1.88779503148313E-05
-1.64684745328373E-05
-6.85439525801668E-05
-3.03125953581542E-05
-6.46279176791339E-05
-9.16884655446816E-05
-0.00013818600856989
-0.00010735486431518
-4.77782454659094E-05
-2.1944626479113E-05
-7.13635596578764E-05
-1.14065670225058E-05
1.11480638240541E-05
2.71646236736321E-05
2.19816064570912E-05
-2.46424430604095E-05
3.04455376750506E-05
-3.25066577656494E-06
-4.83974885058541E-05
5.84054428149632E-07
4.15626106897412E-05
-6.25268002499433E-06
2.25012831302418E-05
-1.83390197762456E-05
1.73188778481321E-05
2.86485663102914E-05
-2.93067302064537E-05
-5.78822198111255E-05
-1.09386233549175E-05
-1.69502974956106E-05
-2.87017944518667E-05
-8.10666219805964E-05
-9.62872511395789E-05
-0.000110208841600576
-4.80247598065743E-05
-3.50646023685016E-05
-2.58088605653723E-05
-2.28238054853559E-05
2.83604273514574E-05
4.54988421144259E-05
0.000129625236150055
8.94876363490338E-05
5.40085302775766E-05
4.9754126299175E-05
9.03658626336209E-05
7.15717943675417E-05
6.35977151334102E-05
3.51965659805256E-05
6.9960570043862E-06
-1.04604999940681E-05
-4.87933964857999E-05
-6.2891155340181E-05
-3.92810349108193E-05
-5.34165513733123E-05
-5.85853307528957E-05
-5.82181151360789E-05
-1.93980563042604E-05
-1.89912627721254E-06
5.87616536989526E-06
-1.00849670620783E-05
2.37572868180599E-05
-1.45283993747781E-05
2.31238425957035E-06
-2.30787823313595E-06
1.45904448064194E-05
1.89067551669836E-05
4.31601892854289E-05
2.7451275792517E-05
5.97706899885139E-05
7.32968570000432E-05
7.14504485645727E-05
9.64657227612519E-05
3.92842928848594E-05
3.35624323091845E-05
3.5970342342172E-05
-9.64354211240118E-06
-2.2752078668236E-05
4.28112858378932E-06
-3.3662218542241E-05
1.55009606292286E-05
-1.94924236392513E-05
-4.59636201931909E-06
3.08151270747644E-05
5.23220017025484E-05
1.78953551734357E-05
1.25050008529027E-05
-3.29872668894602E-05
-7.10917341781857E-06
-1.31208297994197E-06
8.3097643633017E-06
-9.8349861903634E-06
-2.46936457118164E-06
5.26116256445675E-06
1.46166986773479E-05
2.20066032365247E-05
-1.29687729870793E-05
-0.00012656087740289
-0.000118501408525212
-0.000136984004682485
-0.000153456233987997
-0.000110818216180124
-0.000108280160712632
-9.17067277220117E-05
8.3618659595118E-06
-5.81261653553071E-06
5.94183042994393E-05
9.58950856722432E-05
7.83135510446513E-05
4.38004887972144E-05
6.50213525047652E-05
6.8690805096876E-05
6.68488493879845E-05
2.87472461321934E-05
8.16070277106978E-06
-4.64397646390913E-06
3.331337331991E-05
7.57942737009269E-06
-6.3348676153994E-05
-1.82252654423538E-05
-1.61626525035223E-05
-4.47634674611536E-05
-4.96358640433729E-05
-5.73756476958412E-05
-7.47159496601425E-05
-1.38634308198264E-07
-3.31266624010183E-05
-1.37609596626334E-05
1.0940402569606E-07
2.87729744130691E-05
2.3184806877067E-05
5.90024330504814E-05
8.95602337637798E-05
4.83575091086023E-05
3.65894051527825E-05
7.29550857599656E-05
5.90125441874327E-05
9.59423716314262E-05
8.89339476770762E-05
7.69136210126271E-05
8.38536112318676E-05
8.65487904859471E-05
6.92610893932703E-05
5.71118961897005E-05
2.76873560385307E-05
6.19205495130427E-06
-4.79095928871881E-05
-1.0610832824807E-05
-1.52785805180405E-05
1.35268597314625E-06
2.82008217133952E-05
3.61790315842946E-05
7.39724730750588E-05
8.46720766953765E-05
4.91627488553084E-05
4.41030042409316E-05
5.572551343999E-05
2.09356613780739E-05
-3.30258078750655E-05
-4.78198592133494E-05
-4.62642178620112E-05
-2.1850948501204E-05
-4.02490741192942E-05
-6.94550372591243E-05
-4.50407181714925E-05
5.10362068384822E-06
4.93385690635236E-05
6.99715110050881E-05
4.91867581273111E-05
8.6063013666689E-05
5.80660286526073E-05
4.99019176671713E-05
3.19562179192523E-05
1.01964390295389E-06
-3.92749399541601E-06
4.53757757839445E-05
9.37262055881076E-05
0.000118982243864356
9.27165207173175E-05
0.000115799221002025
0.000112119700222466
0.000111078162220421
7.80059880700355E-05
3.73433792373931E-05
2.12974675042417E-05
8.06598155674425E-05
2.65375151124566E-05
-9.73438404650411E-06
3.43445405917219E-05
6.84806047388603E-05
3.79021372647307E-05
0.000111622515022726
7.04557657078024E-05
0.000130228960369701
0.000160885869034241
0.000116821834496521
8.54608612091882E-05
9.98373150009439E-05
5.78441430666524E-05
0.000120564237576308
8.48942980808859E-05
0.000114541751423069
0.000135163050067713
0.000171988273867709
0.000147343818705496
0.000137150754619437
0.000110957595000707
0.000145000047979296
9.65801649591462E-05
7.78575838114127E-05
4.18224377404692E-05
6.67448429136924E-05
5.84225848252485E-05
5.56452033214097E-05
7.02728113930555E-05
5.60456256171673E-05
0.000100367212161719
9.44753248120573E-05
0.000110511393563262
0.000142884649062753
0.000128787646252164
7.00930455859406E-05
9.18162832873129E-05
5.62736640933016E-05
9.81227787595872E-05
1.17222844299145E-05
-3.70745327810229E-05
-5.33152585899096E-05
-7.16159155014245E-05
-1.33681190936932E-05
-1.64141259364851E-05
-6.76308656174035E-05
-7.69784442459196E-06
3.73769992364096E-06
-1.84407722734616E-05
4.82312265831698E-05
-2.67501156828067E-05
-4.26870503426901E-05
-4.50118867035046E-05
-1.32933779436469E-05
-2.29284638744963E-05
1.32858744033088E-05
-1.79356882697045E-05
-3.55399246348162E-05
-2.80759741318717E-05
-6.56281481363033E-06
-7.00984044158086E-05
-5.30282710981679E-05
-3.89351216641342E-05
-1.46035638418737E-05
-3.96602534162303E-06
-3.68322338321235E-05
-0.000187823958674462
-9.59579517003233E-05
-9.71722720315474E-05
-0.000103968785800591
-0.000149321152127715
-0.000118282619520493
-0.000106812947059227
7.82835218982313E-05
4.28537973495605E-06
-7.62411972577155E-06
-1.68535569442754E-05
2.40504265970143E-05
4.03128139043926E-05
4.8161014808392E-05
-1.1823296558846E-05
1.61399327624807E-06
1.46020334542336E-05
-1.18310664479083E-05
-5.52215169264475E-05
-6.44710380493015E-05
-1.84554448134136E-05
2.4590120393726E-05
1.40788330185734E-05
-7.76550413842726E-05
-1.47697400153241E-05
2.52409484026952E-05
1.07611387917338E-05
-1.01310472659973E-05
-2.51437791990269E-05
-2.48213547168459E-05
6.59237131865182E-05
7.16756050668054E-05
3.69105162833445E-05
1.05004109349124E-05
1.65738938115657E-05
4.403800197444E-05
5.58908723088145E-05
2.99777175807641E-05
-3.80545961873335E-05
-3.44626172063399E-05
-1.94097653336009E-05
-5.24134968137451E-05
-8.83334247226728E-05
-8.41885448042822E-05
-5.53659561991728E-05
-2.84851394832704E-05
1.27773240783526E-05
-6.90201181746175E-05
-3.51768745551039E-05
-4.0370281283988E-05
-2.80141837621887E-05
-1.02731922063499E-05
4.45702762120796E-06
-3.15188979010544E-05
5.5789477822238E-05
6.49482506083341E-05
6.44325299336683E-05
5.31515989619011E-05
1.83216145019274E-05
1.69259492254339E-05
3.71192774003102E-05
7.11839262300606E-05
3.29586526336618E-05
1.01114918857423E-05
7.33899796484952E-06
5.23685677181178E-05
2.87214078376145E-05
6.76563730107649E-06
-3.72947019615975E-05
-2.02935606267865E-05
1.74706801232593E-05
2.40027458259218E-05
-3.23616456823123E-05
-2.84176492506885E-05
2.14251575537653E-05
-3.52181127283039E-07
2.02059948799746E-05
6.80882784453168E-05
4.72948258836503E-05
3.28323209089051E-05
2.0909036632443E-05
1.14871684985311E-05
3.05962410139016E-05
1.42478236218823E-06
-3.3466788739554E-05
-3.52331538143604E-05
-3.64335155888526E-06
1.12263571361726E-05
-4.415158170441E-05
-6.95012492203573E-05
-3.96805958735692E-05
-4.25789584983601E-05
1.15749851171496E-05
-5.22166886354101E-06
-1.87866534646673E-05
-1.95304539054051E-05
3.00538886757576E-05
-1.48017937196689E-05
2.89762478465197E-05
-2.51766235356584E-05
-1.94072105437219E-05
1.06695439652194E-05
5.84502286686309E-05
5.05236019181701E-05
5.51100956005936E-05
-6.70830306739906E-06
5.72677707136033E-07
6.44116455850567E-05
3.63677376705035E-05
4.90731264675925E-05
3.46191545540067E-05
5.94271931862271E-05
8.1689202685729E-05
6.57085196522002E-05
1.54224887101452E-05
1.72879754523696E-05
-3.06010712929822E-05
1.16365610316804E-05
-5.9738761133666E-06
-3.90715091110214E-05
-1.77328013238903E-05
-3.54165937403283E-05
-2.13579038911906E-05
-5.95712689582607E-05
-5.88563210955781E-05
-6.33748111332023E-05
-0.00010056081086156
-7.63416568052564E-05
-3.91289165016614E-05
-5.06937059979452E-05
-1.54289175578467E-07
-2.42557681553781E-06
6.68794890160601E-06
6.82912888490451E-05
2.87980428172584E-05
2.10168685538881E-05
7.84820166392231E-05
6.45245406476921E-05
1.5137680826585E-06
1.67573580351E-06
3.04169518197228E-05
4.36440159087541E-05
3.82656451765989E-05
1.11160254715343E-05
2.97813871916352E-05
4.47687000292941E-05
3.7209121485583E-05
9.2315927771822E-06
7.10844366652134E-06
1.88766505909608E-05
5.03091548499521E-05
5.99065688263838E-05
2.41688409631972E-05
7.68280325938883E-05
3.79059229176977E-05
4.66725305558806E-05
4.31346378710073E-05
3.19086296578931E-05
2.73221158456385E-06
5.96342233012518E-05
2.66734714997242E-05
4.39281670334468E-05
5.23885648443644E-05
4.39727546965816E-05
-2.26615403778029E-05
-1.74787875693071E-05
-7.41171686862542E-06
-2.80460777672953E-05
-2.29807468308307E-05
-7.23025696486604E-05
-4.04614599919738E-05
1.62112638207579E-05
3.6877457104648E-05
-1.28877108276436E-06
-5.06435578026584E-06
7.0498001493897E-06
3.45200503379913E-05
6.33019929995203E-06
-2.91471605437906E-05
-7.58322998626199E-05
-4.08067142703578E-05
-4.16620934508479E-05
-3.9663753214438E-05
-3.79839530751546E-05
2.01315639654766E-07
-1.00913320518648E-06
4.33354442989918E-05
1.57855385575738E-05
3.89818932801365E-05
4.50813370605916E-05
3.37242615256631E-05
8.74151563999258E-06
1.72510357303622E-05
1.01707899246695E-05
2.38901047433936E-05
7.24134345770406E-06
-1.52682410567837E-06
9.12118738148915E-06
2.17530567104663E-05
2.01745919093255E-05
4.11547109781727E-05
-3.88458544156511E-05
-2.97496838456851E-05
-4.61608339309248E-05
-9.83878420863844E-07
-4.53881534929739E-05
-8.51334742780798E-05
-8.68538486224993E-05
-2.65078606313754E-05
-1.45552006964432E-05
1.42665383511575E-06
-9.93521513622371E-06
3.18846535885824E-07
5.40462626997492E-05
2.89300401453478E-05
2.92063114922277E-05
1.54352280486939E-05
3.4676921765825E-05
1.35163889513523E-05
-2.56187320395904E-05
-7.35298522962338E-06
1.7682811701053E-05
7.22800755446558E-05
8.34850959059626E-05
6.57302678998605E-05
7.02368006898988E-05
0.000130841576548162
7.16765491050601E-05
8.50208671002088E-05
3.54075689042375E-05
1.93201862672607E-05
3.64973308660394E-05
3.79861171828472E-05
3.1094352488491E-05
2.55275164302229E-05
6.1692587523497E-06
0.000120703766262453
9.37007567296784E-05
8.58805354199939E-05
5.03189498507252E-05
4.98417569087473E-05
0.000102203469552605
0.000108389989572124
-7.2614157967348E-06
2.88151264054406E-05
3.35042604358003E-05
7.82035284413574E-05
6.79601496205865E-05
4.25752887900182E-05
1.77708450839689E-05
9.42534339866056E-05
0.000101410312035159
8.45883472207412E-05
4.40232635910411E-05
3.10047585657873E-05
6.00181454263939E-05
2.15737746247286E-05
-1.51687761661576E-06
4.94391042835098E-05
4.13753786215631E-05
3.50721600651241E-05
6.18711126808266E-05
5.68551696470429E-05
7.96426228316388E-05
9.41937114998846E-05
4.12615228367423E-05
8.26801313871131E-05
7.98232098820336E-05
6.76018831858448E-05
8.54164223438775E-05
7.07356474279321E-05
5.09422548953477E-06
3.02937302623706E-05
-2.58802634420683E-06
2.35689221764979E-05
1.70127460496622E-05
-3.33491719474514E-05
5.13065271976695E-05
9.37873268921484E-05
7.10814268272365E-05
7.61900471974651E-05
7.66437561707056E-05
8.90470590335462E-05
0.000129195173123255
0.000115682505274478
8.68213487150373E-05
3.36446674077214E-05
3.17925850619823E-05
3.22821063675694E-05
8.64739324485172E-05
8.81542789841282E-05
7.02511132938093E-05
8.75374436775464E-05
0.000137006589809935
0.000133900635193645
0.0001521847528116
0.000117011160451736
5.91758431753878E-05
5.17940814650489E-05
5.01867412326407E-05
4.52979895015037E-05
3.77160206819365E-05
3.30064737929584E-05
8.58967438795367E-06
5.64072124626637E-05
-6.76675012032249E-08
1.67813177589658E-05
1.52642961143659E-05
2.93122475743429E-05
4.97416680553149E-05
7.32924680147995E-05
8.07814079785005E-05
0.000153654596871708
0.00012509279227902
0.000151981336830379
0.000155021223873255
9.43123107111116E-05
0.000135848773416753
0.000107976910548742
0.000121535013231848
0.000133644007041258
9.48714239863298E-05
6.24980226698018E-05
6.98134126945086E-05
1.26606546120139E-05
3.47266760543595E-05
-3.00156504861488E-05
-4.33192698390594E-05
-3.40338590385838E-05
2.72195919226144E-05
4.24780346355589E-05
4.28027098533591E-05
4.88071103197631E-05
0.000105958522293126
0.000112595600874443
0.000108571770530594
9.29451921491004E-05
9.47368431234804E-05
0.000112240264262656
0.000104854277826161
6.006561951604E-05
5.62712036943122E-05
4.07913926234264E-05
2.80736114145535E-05
5.20430869892682E-05
4.52842289201694E-05
2.76899377084502E-05
4.96880790189391E-05
3.5473615708365E-05
8.27585589388814E-05
0.000117450128654933
8.39932762941973E-05
5.72450239982368E-05
8.39321733180659E-05
5.24506408195443E-05
0.000104565559934368
4.52916735391618E-05
1.60484181232198E-05
5.12412395525593E-05
7.78985352131514E-05
9.59497027980099E-05
0.000156097271148733
0.00013224689729283
0.000193756811880594
0.000169451912916344
0.000198357221190668
0.000196340124565025
0.000131372244045728
0.000109329073405542
8.74878411352803E-05
7.67398435267236E-05
0.000122038643229538
5.81937598599752E-05
7.1476458027952E-05
0.000101183814892999
0.00012046302188375
0.000106235241907398
0.00012164968199959
9.01553591383711E-05
0.000108397281124931
6.53629634144519E-05
9.12494516615526E-05
6.40635755706136E-05
0.000123889553250471
5.7249721149373E-05
6.66731680809897E-05
9.96181206796907E-05
0.000114229128628597
8.49497094074527E-05
8.26607623669125E-05
8.10972491234991E-05
0.000101881714099706
7.96470863663157E-05
4.40513491912558E-05
4.28099735049204E-05
6.60873464648263E-05
8.22987538868693E-05
4.80767404872315E-06
3.40193199893619E-05
3.61717970477523E-05
9.11060655131118E-05
0.000137278677870314
0.000126450383025477
0.000145154007730933
0.000208780957916549
0.000204579892410046
0.000200227965122458
0.000176809268081643
0.000120872629946396
0.000115216378221752
8.24500528794445E-05
4.46914856249004E-05
3.87086600208088E-05
6.08411287758951E-05
1.58938578141115E-05
1.76045161995497E-05
-6.22796852093487E-06
1.09404858608401E-06
7.01749544474577E-05
0.000134295130508027
0.000150810720167226
0.000168552997965742
0.000191275289213257
0.000193183603282681
0.000260376417499069
0.000213867075293867
0.000136598414335701
0.000107142814754309
0.000116104830726637
0.000129253987793087
0.00010624709170082
5.54300819352627E-05
9.20973466548378E-05
0.00011774486800772
0.000105752780202096
8.29295620319225E-05
8.34712040722022E-05
0.000159503763370768
0.000136476756787166
9.3048709264811E-05
7.82166276867506E-05
0.00010466897164323
0.000130805519263716
9.43242398515782E-05
1.31941868015886E-05
-1.9554710005311E-05
-5.0334438780318E-05
-5.50341220551538E-05
-6.36744384134181E-05
-9.73330069352948E-05
-8.44606420179487E-05
2.57275499897341E-06
4.45981181422598E-05
6.1683351544697E-05
7.23260090874375E-05
4.21046756036885E-05
1.87145809824208E-05
3.12120246332957E-05
-3.78039039433648E-05
-1.43744191496496E-05
1.74629445849258E-05
-1.56310321137836E-06
3.45014226901163E-05
3.39020846136424E-05
3.23298137998705E-05
-5.20985967552516E-06
-1.68050959250583E-05
-1.54289852061871E-05
1.5664902602068E-05
-3.35880306270961E-05
-2.01701837277767E-06
-1.79209143715934E-05
8.98701681436864E-05
7.38005534593609E-05
5.72135684566999E-05
3.2540064229738E-06
8.2931552167194E-07
1.96311521714635E-05
-1.8697153970237E-05
-5.55476423726048E-05
-7.21138143234674E-05
-4.89853088215831E-05
-1.95891901578409E-05
1.78472740222815E-05
-1.32202932400457E-05
1.52169877295468E-06
-2.66129182969542E-05
-6.93971939159964E-05
-9.39148312282921E-05
-0.000139109392665662
-0.000121735032393637
-0.000148572493769906
-0.000146847558783361
-9.82718583054872E-05
-7.45559397067297E-05
-9.48287498347745E-05
-5.7124345808048E-05
-5.61312772848931E-05
-4.71652147936033E-05
-3.87665697466813E-05
-3.44693035044746E-05
-2.89391424907679E-06
1.24674884412267E-05
2.72909929781985E-05
-2.28976496225428E-05
-2.10367416042826E-05
-4.34120513679675E-05
-4.58787826922259E-05
-2.63712033493142E-05
-6.92205209370554E-06
-4.06758858584645E-05
-2.71186331165949E-06
2.73139531037942E-05
7.1625169543526E-05
7.98044148886696E-05
2.85321665212752E-05
1.50651945809718E-05
8.06123729025009E-05
7.69216429404207E-05
8.84065646803439E-05
0.000135224474021565
0.000119217516076697
0.000141165495474747
0.000122299871335022
7.9108618117293E-05
8.77927220389142E-05
9.54986109937135E-05
-2.30437037387398E-05
-6.04183958554824E-05
-7.98596542998482E-05
-1.88393109515975E-05
-5.10275873654666E-05
-9.88033032966095E-05
-0.000122778900954104
-5.66029092269044E-05
-5.33030387296579E-05
-2.59297611068913E-05
-3.53539113339589E-05
-6.61052446371831E-06
4.11651821617738E-05
4.6029687262203E-05
3.15314098817025E-05
2.75853454745748E-05
5.10550585043931E-05
4.62952408555873E-05
5.48335770952418E-05
5.66007869512309E-05
3.22716495666485E-05
7.73342796494166E-05
9.41265794921569E-05
6.84606794257869E-05
-2.6081408508781E-05
2.29824463995403E-06
-1.74040791064617E-05
9.488854036092E-06
-4.16013729845631E-05
-3.9069182745545E-05
-7.91148217424068E-05
-1.07676206178443E-05
-9.5604086472208E-06
-6.03352220349861E-06
7.09315239411316E-06
3.52148756452388E-06
-9.3711666861234E-06
3.13268101525474E-05
2.94399061670591E-05
-9.90693542193444E-06
-2.70509645674372E-05
-6.80082896128239E-05
-4.13289767136237E-05
-3.55625830806326E-05
-4.81129126077332E-05
-1.802025261046E-05
-4.01620595984519E-05
-2.47141700480814E-05
1.61565948051656E-05
3.44086519140337E-05
9.21049815835233E-05
0.000107642715360868
9.54383765034328E-05
0.000148341386829987
0.000143431880599933
9.90640679225631E-05
9.22104790922008E-05
2.5676925176494E-05
-8.99925716852929E-06
1.54483132300618E-05
-6.94332859604302E-06
6.72504028257556E-06
2.75499151917754E-05
5.26460123776214E-06
2.00524858471473E-05
6.86927972231391E-05
6.19171101742107E-05
4.74291898591977E-05
2.36647433970415E-05
4.36682996165903E-05
7.94322756599245E-05
7.80108068010513E-05
7.48327089055062E-05
2.49903059876043E-06
5.59723936054174E-05
6.5330063285523E-05
6.0854084701406E-05
2.80806362820166E-05
1.36531683732923E-05
1.01313313285702E-05
1.38354498010655E-05
-1.71888594494161E-05
1.15829360727963E-06
-3.1441086965745E-05
-2.92350085349304E-05
-4.61517071686893E-05
3.35681450784408E-06
3.84618558373521E-05
4.02746405493907E-05
0.000122842679693163
0.000127973441200333
0.000155296136469957
0.000154173495154582
8.4717412414981E-05
7.52708497479784E-05
6.27256779259159E-05
-1.92309053885762E-05
-3.58826462986896E-05
-8.89520527662665E-05
-7.54298968945426E-05
-5.91543348472904E-05
-6.35885626530838E-05
-8.28019606818701E-05
-4.02003245546794E-05
7.52914682942365E-06
3.16745639303436E-05
3.59092112056776E-05
2.60653252830487E-05
8.42133514222648E-05
0.000113088872341131
4.81974088662939E-05
1.53705243357037E-05
2.73139111409941E-05
4.5663419012009E-05
4.56896780142135E-05
-2.64976115075595E-05
-4.41259807865233E-05
-7.48351529318093E-06
2.23564561164368E-05
-2.15956692776337E-05
1.29852699650598E-05
3.82537425236516E-05
6.78497915699037E-05
8.26620822551643E-05
7.36736235763644E-05
6.79731238446846E-05
9.3156972238098E-05
4.95943706295266E-05
3.07496910219157E-05
-1.33475280930752E-06
-1.88917491077286E-05
-1.63971470458134E-05
-3.69195940069926E-05
-1.33396020708273E-05
-4.13026606201836E-05
-6.07973569603801E-05
-3.30577058064787E-05
-3.94212694452088E-06
-6.79955527101511E-06
-1.33803719167331E-05
-4.88092322480844E-05
-3.55763920266754E-05
-5.45329273570276E-06
-7.61739463650288E-06
-3.04982776871262E-05
-5.64422043438753E-05
-4.93407289199113E-05
-2.47419301768123E-05
3.27664627705484E-06
-2.35211097882562E-05
-2.87567684589405E-05
-4.6177195393192E-05
-2.1296719436734E-05
-1.87910269334297E-05
-1.53916539201036E-05
-4.17821964601974E-05
-1.56802811388243E-05
8.66360625779408E-06
1.96895364480754E-05
-2.35626395955474E-06
5.71959643038438E-06
4.39382544669619E-05
6.78076479940194E-05
8.2360984892163E-05
4.06842130232998E-05
2.86662787085654E-05
5.14329777129855E-05
6.93005279037574E-05
1.28128312304002E-05
9.66009267095189E-07
-3.87406777431606E-05
-2.62151446299599E-05
2.7451724944575E-05
-8.59407883668151E-06
-7.07883049227913E-06
1.4688479972859E-05
4.38235470953967E-06
-2.19262351240836E-05
-1.960172775481E-05
-5.82347036858089E-05
1.61797636577956E-05
-5.14718525329239E-06
-2.62098170307957E-05
-5.81141951812132E-07
7.18951278453247E-05
9.99377442673724E-05
9.28176226327083E-05
1.22309643917729E-05
4.90307222061317E-05
5.18775582161551E-05
2.17362597444871E-05
4.10837750436716E-06
7.01579859660902E-06
8.31917441925428E-06
1.90023134015757E-05
-9.40205494526248E-06
-1.77224746438308E-06
2.58629765226418E-05
2.35514807317524E-05
-4.9029242686695E-05
1.31578991052373E-05
2.52008751254904E-05
-1.17656112223091E-05
3.70630819507052E-05
1.73288531272285E-05
-4.58777277027452E-06
3.00939015149806E-05
1.38876859642576E-05
2.33647157561281E-05
9.86133903498073E-05
1.83984810322601E-05
3.68064357217579E-05
8.52425670235874E-05
7.93332206301778E-05
7.24662011838509E-05
6.45428405044498E-05
-2.16790387754751E-05
2.29650638691881E-05
-1.14062166317037E-05
-3.24478773827931E-05
-1.52127702906323E-05
-6.67055009299294E-06
1.43429040280846E-05
6.47059552779275E-05
3.60058533484275E-05
5.1351410796847E-05
4.25598775795039E-05
5.82664139673839E-05
1.75914035790846E-05
3.4445343251359E-06
-3.47677851352512E-06
1.67705646393879E-05
4.90386236041504E-05
3.73474307667282E-05
3.77199356587787E-05
4.57041545315256E-05
1.785420572151E-05
4.50417639624681E-05
4.68771060873725E-05
1.94185090274185E-05
2.57222861075038E-05
2.74199259075411E-05
3.68802618956912E-05
5.10242605066936E-05
4.02737894189112E-05
6.06545958330446E-05
9.63597157195334E-05
6.29608243941267E-05
4.01482037221609E-05
4.52714028670262E-05
6.40480418776587E-05
3.28014336891047E-05
1.89810824444133E-06
-5.0440498685874E-05
-5.87720097972987E-05
-1.49951245108063E-05
1.52495220680202E-05
4.57361215819416E-05
5.34951688422193E-05
5.30702878081825E-05
5.78848478747784E-05
0.000115391048439063
0.000101088760125642
6.56975210852103E-05
3.11334529118332E-05
3.36110165725379E-05
9.0049094320234E-05
0.000110947611577044
7.53233727674259E-05
2.98833746978464E-05
1.08285462796869E-05
-2.74465628784313E-05
-3.3256304777657E-05
-7.90540755497914E-05
-4.50944823938721E-05
-3.09364638378221E-05
2.61390645747247E-05
3.17598389812518E-06
2.76472526753105E-05
5.659442450436E-05
2.96512627962598E-05
-7.92047821567552E-05
-8.25373865751603E-05
-8.35378294676813E-05
-4.32226833984462E-05
2.02966888231071E-05
1.82433738998735E-05
4.77010335523319E-05
0.000121525124325702
0.000105576440313059
0.00012268480207455
9.25654588698291E-05
8.79841894497314E-05
7.4524288728479E-05
5.25007224077269E-05
5.58309728735335E-05
8.29058350107956E-05
4.52660875746499E-05
9.41542090957712E-05
4.30131047570216E-05
2.0355840285021E-06
2.35232324275545E-06
-1.29970645316229E-05
-4.64155111646698E-05
-2.2144080407263E-05
-4.77254190884404E-05
-4.81191722973285E-05
-5.42095550016431E-06
2.07991535293089E-05
2.65297897336878E-05
3.49120310645329E-05
-2.06113434152456E-05
-2.59379384014703E-05
-2.50054211159387E-05
-4.97007692598012E-06
-5.14374487098968E-05
-5.82695991201371E-05
-6.00681884663256E-05
-3.26345041265911E-05
-3.45685109883929E-05
3.53361492180416E-05
-2.11625426228045E-05
6.39972886882368E-07
4.2988305861715E-05
0.000106245115280914
8.0394370351628E-05
9.13634832300796E-05
3.61177969996725E-05
5.85703468857332E-05
8.40906650775895E-05
7.59766071523865E-05
-3.42298355670361E-05
-4.02601757725027E-05
-1.74248804125578E-05
-3.24921053092949E-05
-8.85091289970846E-06
-1.04923235826672E-05
-4.02833852032232E-05
3.16025605605391E-05
6.85551919918296E-05
6.72276805222522E-05
6.13909574248494E-05
4.64541928162016E-05
3.14450848871651E-05
2.90922590699115E-05
-1.01451470851916E-06
-2.52964384869488E-05
-4.40753521641672E-05
-3.57127264577024E-05
-2.94325642343079E-05
-1.98041755027364E-05
-3.4261180886409E-05
-1.09900060437489E-05
-3.2564727459713E-06
-4.97332986267874E-06
1.99202974561289E-05
1.2072779086296E-06
-7.73117387866241E-06
1.12391459911518E-05
3.28683988013958E-05
2.87635046866957E-05
1.42252146136524E-05
-2.94101371272971E-05
-8.0676323167876E-06
2.41654966430991E-05
1.21162007623578E-05
2.31665068551644E-05
3.30938450133738E-05
6.29625182729146E-05
6.21335934281437E-05
3.82199973191391E-05
2.97614273731613E-05
3.5042188053364E-05
1.61325567170374E-05
-2.85553509959791E-05
-6.67302605675737E-06
-1.05490095036827E-05
-4.11265341387052E-08
-1.31184161499897E-05
-1.04066505700333E-05
-2.18957678643246E-05
4.68244969925768E-05
1.27629845504175E-05
2.4207314324798E-05
6.99751283526889E-05
7.18562096727187E-05
6.08536741561781E-05
8.62696486712199E-05
2.00783929593612E-05
1.66888536755192E-05
2.14740698472981E-05
-2.96192612948675E-05
-1.9266176362666E-05
-9.64314500690726E-06
-1.39657372026648E-05
-1.87012789271079E-06
-1.72238861911402E-05
1.27663193765762E-05
-1.12644880337333E-06
-2.37163599962126E-05
4.34544901841414E-06
8.7991605956757E-06
1.48908037137202E-05
2.16653388311961E-05
1.55870442034199E-05
4.1950668149634E-05
6.66608222154818E-05
3.69236975161896E-06
-1.13949425710508E-05
2.36885259107423E-05
5.80888636752636E-06
5.78919190619868E-06
1.85282118623773E-05
-1.78212642809279E-05
5.88312931455209E-05
7.4919350680871E-05
8.7038685557789E-05
0.00011184036679024
0.000109320868032406
0.000107120253523818
0.000122903353231428
0.000134063337252526
8.56823935169903E-05
6.946597520674E-05
1.52146493529664E-05
3.00552943628483E-05
-1.82049683519389E-05
-2.65453063243853E-05
-9.30445726385537E-05
-3.04739731052369E-05
-2.92331215484267E-05
-1.81945196060058E-06
-5.21541780502987E-05
3.27207968683291E-05
2.83998705409815E-05
4.49207219463981E-05
-3.26091122822244E-06
-4.70445280779357E-05
2.19778487392571E-05
2.84758661256321E-05
-2.44465844832852E-06
2.45654714951356E-05
8.33932620254963E-05
0.000123904442269545
0.00018226751527898
0.000155219316754048
0.000194415781177869
0.000216979468015546
0.000209305576037577
0.000162805115430194
0.000110519717832492
7.97113359592639E-05
9.03244752755619E-05
7.707862565218E-05
4.41530194619498E-05
3.98878335494769E-05
9.97722730352631E-05
0.000145606628339772
0.000174637532857738
0.000143998179833135
0.000148572607863537
0.000156983259730838
0.000175137192294782
0.00012301875328417
0.000102347924622387
9.04489051925116E-05
0.00010024925936361
0.000112256412052029
0.000113537452679054
0.000105609838849338
7.92935998410536E-05
3.60396845754101E-05
9.11405278273965E-05
9.00200601339016E-05
8.7191123248101E-05
7.71595284752488E-05
4.71565598672536E-05
4.08007862503132E-05
9.80878696322063E-05
1.42141023638285E-05
1.86488773000764E-05
7.5534824554545E-06
-2.43845162884507E-05
3.69942540236644E-05
6.0037661066029E-05
5.81648182829227E-05
4.46461002674786E-05
4.16946973899886E-05
5.2874671341616E-05
6.30761906882447E-05
4.0573906425434E-05
1.90326669251901E-05
2.37852553094465E-05
3.47420295001674E-05
3.26311429941967E-05
-1.19828451869035E-05
7.51852458475105E-06
-7.32948235683032E-06
-4.44475639872217E-06
-4.58751976060195E-05
-2.61199230886522E-05
-1.72141791204623E-05
1.94268720339343E-05
2.7301902817935E-05
2.24314833173979E-05
4.85911096539476E-05
3.29641169104817E-05
4.49442997361839E-05
6.88263250313827E-06
-1.45746957623083E-05
-2.25015451628319E-05
7.41236198856591E-06
-7.46574324788832E-06
1.56336477901804E-05
8.18752596440925E-06
6.29849657528286E-05
6.39270024162684E-05
6.09900680969173E-05
3.7683225732905E-05
5.27113424320723E-05
5.75270469762251E-05
6.23925343084804E-05
3.53243747756033E-05
2.12623502413277E-05
4.80170674220024E-05
2.1907955079516E-05
3.09407384430954E-05
3.51727399676088E-05
2.55086912861295E-05
3.73252938910426E-05
5.12796534086559E-05
-2.89224333957642E-06
1.71996245023555E-05
-1.14860115747204E-05
-1.765011571418E-05
-4.13485747592917E-05
-7.39062808652303E-05
-6.97562062216575E-05
-4.96404342754756E-05
-1.30352080587296E-05
-2.61627128859331E-05
-2.8360797046757E-05
7.70466916274223E-06
7.29901190279551E-05
6.39249624088104E-05
4.91799234385225E-05
-4.12573531362877E-05
-3.41746338933337E-05
-1.0747114241725E-05
-3.96423060131599E-05
-9.16520818536088E-05
-5.76738673730715E-05
-4.1159657643354E-05
9.47911473351151E-06
-6.51729360590385E-06
-2.23007991911729E-05
3.38901553112004E-05
1.7588745912625E-05
-5.05979428495579E-05
-5.03112288567184E-05
-2.37587351973329E-05
-4.21825842516287E-05
-4.40283404431372E-05
-9.54199071256664E-05
-6.56023632015201E-05
-1.5355846561049E-05
6.50793058542007E-06
-2.77094793867267E-05
4.37962956461398E-06
2.16809835750218E-06
1.31023935116965E-05
2.92373684393277E-05
1.85945824196987E-05
-6.98419999736347E-06
1.76608952166114E-06
-6.31090178948378E-07
1.29852531139295E-06
2.52593832235022E-05
-2.21912798171251E-05
-3.11668098917422E-05
-1.13758291518446E-07
-2.79230665951962E-06
-1.98997638412582E-05
-7.82301666106649E-06
-8.36130352913656E-06
3.93224828085135E-05
6.43420534313794E-05
8.82600036078996E-05
0.000110470460441508
0.000129382135035626
0.0001427832231313
0.000123254441212185
0.000120782947673793
8.28931759157961E-05
3.88314801002602E-05
3.56822821700565E-06
1.75604139123858E-05
5.29322405885775E-06
1.91215417115095E-07
6.14104740897887E-06
3.97072100398883E-05
3.45262649579555E-05
6.42622295096206E-05
6.47095629967274E-05
6.56324333169721E-05
6.21531767276977E-05
6.87909712396754E-05
4.23611871118856E-05
6.80376431805894E-05
5.66271759704204E-05
6.2044632767964E-05
8.26108916373489E-05
9.07874537865072E-05
6.61015588487555E-05
8.81917426545025E-05
7.42324133464464E-05
9.13020997386079E-05
5.43885507102174E-05
3.39504579345723E-05
4.64181432189919E-05
2.52256537409415E-05
1.1538988920469E-05
4.65317828544876E-05
5.82670956614346E-05
0.000114681226778394
0.0001287174931616
0.000121969183193932
0.000124831735351706
0.000167514397341408
0.000137381878159331
0.000117143315060235
5.71873480102709E-05
4.81229502851606E-05
7.78670659414772E-05
0.000102960393747704
0.000100974537282703
7.14949808519444E-05
9.4690265637373E-05
9.77180799274236E-05
7.00976884423336E-05
8.3836411529428E-05
6.92626683487468E-05
9.99810464861048E-05
0.000134563639883463
0.000127001924077323
0.000147898876471664
0.000138218191499369
8.92289151240944E-05
6.5033211631516E-05
3.88129780111191E-07
-7.91140805764237E-06
-2.49901164762755E-05
-1.33140578457908E-05
-2.37602304379458E-05
-5.37319868752989E-06
4.18373079406367E-05
6.69658714750443E-05
5.91159707460725E-05
7.00946522407592E-05
4.43698508654339E-05
4.11217671434032E-05
6.2643375442607E-05
5.12660342982164E-05
-4.26136966008038E-06
-6.97499241518728E-06
-3.06457377507593E-05
1.55782280187317E-06
5.57145664123258E-05
1.89940294208537E-05
6.55961296262914E-06
3.68869559298608E-05
2.4799123704948E-05
2.65019016577117E-05
1.96115851209526E-05
3.78108280332403E-05
2.35103458887638E-05
1.15594155023046E-05
2.12059271950156E-05
3.65245602456348E-05
-9.26964868247777E-06
5.19730047567659E-06
-3.21470128264543E-05
-3.41573143563946E-05
-2.21548934239394E-05
-1.84634844033993E-05
-3.68255305850869E-05
1.37464764524738E-05
-1.0273354397666E-05
-1.12422564966734E-05
1.7807641910638E-05
1.98765258729401E-05
-1.92657414875785E-05
3.54196631768058E-07
-1.17847653700907E-05
-2.29019079571489E-06
-1.82117455006163E-05
-9.47301119673258E-06
-4.53820056607064E-06
9.45861786367097E-05
2.19319959195156E-05
4.45100989022687E-05
3.80288173519782E-06
1.4221573735477E-05
7.63416182104998E-07
-1.73713282324672E-05
-9.12519369225418E-05
-2.83895514044307E-06
-8.41699849032461E-05
-3.85485492789863E-05
-1.02331055784262E-05
-3.2987779461276E-05
-6.04083900835412E-06
-1.08521098272848E-05
-5.2135361935769E-05
6.70911292952648E-06
1.25807808446769E-05
-8.0402116587241E-06
-1.22447726289147E-05
3.07040106131557E-06
5.06178373877196E-06
-2.01710595279605E-05
-3.57709461930836E-05
-1.77618592382083E-05
-4.22790537984438E-05
-2.83840599984601E-05
-2.10935878583071E-05
-5.3219812526093E-05
-2.8880775153984E-05
2.26681655003988E-05
-1.82969989694208E-05
1.98667607676877E-05
3.27553329747594E-05
-3.28271054427238E-05
-1.82639003382046E-05
-1.54525410310526E-05
-3.00560790507581E-05
2.97761899687319E-05
-1.05126908095328E-05
-1.00432636021617E-05
3.26568252672649E-05
4.60945152643528E-05
9.71648920937823E-05
0.000123695576984526
0.000100783934864756
0.000129514131031104
7.74678786394999E-05
5.2491919528027E-05
6.05845159261043E-05
4.58581200162347E-05
3.46313394436902E-05
3.55607727732887E-05
-2.27201184593756E-05
3.04124001377622E-05
2.25360798388956E-05
4.36236030876898E-05
2.32189188781564E-05
-1.06560347960067E-06
-3.43988625338199E-05
-2.89961395014297E-05
-2.36250726859644E-05
1.79477772324584E-05
-1.06995997897109E-05
-1.97194903623024E-05
-9.72713657500282E-06
-1.19625703533143E-06
5.96959466044204E-05
2.00967325246851E-05
9.24523075387369E-09
5.2142873554091E-05
6.66538390335987E-05
3.9812627750772E-05
6.0251530805688E-05
3.47667957245479E-05
9.89644549819382E-05
8.41657256132413E-05
2.66036862332578E-05
-3.94123049407983E-06
-2.48487508296027E-05
-2.1865697085956E-05
-1.75284486355949E-05
-3.70158175208629E-05
-5.32391921879283E-05
-1.0406469729305E-05
-2.70202693552941E-05
1.92439912982873E-05
-2.35993085521053E-05
-2.15398686531085E-05
-1.61340475664027E-05
2.07199831713467E-05
2.11798240294313E-06
0.000102863712995567
7.13363435004428E-05
8.66834565223039E-05
0.000100095706528376
8.31112224894292E-05
0.000129528698801167
0.00010530816669472
3.13029760481472E-05
5.33806616260805E-05
8.94015588173327E-05
5.20149640556434E-05
3.62080526434709E-05
1.0356422906047E-06
-7.57527847099539E-06
4.4838386759483E-05
3.62793225288238E-05
-3.83660061920957E-05
-4.868887237917E-05
-6.01126842878505E-05
-0.00011642674127486
-9.73408011054954E-05
-0.000112896157762877
-9.63425570889865E-05
-4.18292193635273E-05
-1.51688724480541E-06
-5.68935556165867E-05
1.8377364672678E-05
1.87809401993138E-05
1.38576175949872E-05
-1.25032503495663E-05
-3.4790788741635E-05
-2.17107896496887E-05
1.05481024205747E-05
-5.03527669269724E-05
2.11318194496387E-06
-6.78248530077882E-05
-1.93666315697839E-05
-2.89871208873093E-05
-7.07616670489886E-05
-5.10697170892799E-05
-1.65254547791104E-05
-3.51666359406879E-05
3.39648203914E-05
4.94998282079571E-05
1.00492751632782E-05
2.43108199596448E-05
5.26914858854728E-05
5.52371125345122E-05
1.53099599188821E-05
-1.13445960885989E-05
-6.84536629664472E-05
2.71648634735936E-05
1.95209398770416E-05
2.0421510096424E-05
1.7017666341375E-05
-3.17651496465308E-06
4.18868366382097E-05
5.31760609984852E-05
3.86459335121477E-05
7.90664371974388E-05
4.59151124316983E-05
4.95507169657298E-05
9.47585615097685E-05
1.407717513807E-05
3.63690986476437E-05
1.88353213090068E-05
-2.40334350053995E-05
2.23534140387368E-05
1.17826885190729E-05
-9.66718508433308E-06
3.22326211222756E-05
1.20558773042791E-05
8.28904340438112E-06
1.68972250027241E-05
3.67798820888646E-07
-3.11640201152342E-05
-5.19393889010453E-05
-7.92458576717248E-05
-8.21325482191217E-05
-8.99441854400058E-05
-4.05886226966387E-05
-5.66260337615365E-05
-5.83554702526794E-05
2.19341600415581E-05
2.15562182165186E-05
3.86249727492749E-05
1.52564853253383E-05
-1.13825612268309E-05
-2.01557904426126E-05
-6.71928473968693E-06
-3.78973162662117E-05
2.66755879867826E-05
1.7031162168102E-05
1.02918294039785E-05
2.16332285055366E-08
2.29915768059857E-05
3.30582411363809E-05
-5.73676312970219E-07
-5.83970843753538E-05
-5.90422828134446E-05
-3.04560375578239E-05
-6.93737530566436E-06
8.22521833240075E-06
-1.24923888456518E-06
3.67964269234763E-06
4.742967605598E-05
8.59605033898937E-05
2.16436466194853E-05
4.70939015303019E-05
2.50675350461115E-05
5.47779761537139E-05
0.000103073683344576
8.34605364675957E-05
1.49188351829107E-05
9.34214093572952E-05
3.05983844532081E-05
2.65837130911659E-05
5.53106312738388E-06
-7.46117383028083E-05
-0.00010482274400986
-0.000106737181942388
-0.000132505609430358
-9.56957292725691E-05
-0.000126713736776205
-0.000123961489646361
-4.81753417706639E-05
-9.5148481461764E-06
3.7090594323837E-05
3.75793765287803E-05
4.65269133562979E-07
1.11309820714791E-05
1.88040736093663E-05
-5.26591977664243E-06
-2.49489591331555E-05
-7.87216166517617E-05
-8.26954155065478E-05
-7.70742526070768E-05
-6.98830697089677E-05
-0.000100006635916586
-8.44180400821143E-05
-9.43178094732464E-05
-7.75904342985702E-05
-6.60835600556658E-05
-3.10976709280065E-05
-1.98305382722411E-05
1.04571811116981E-05
-1.83832509792579E-05
-5.1642395825338E-05
-3.49517978231871E-05
-6.02761317240819E-06
-4.64891978783889E-05
-6.44689842656856E-05
-8.20562275272304E-05
-0.000118036001070986
-7.03672952864011E-05
-5.3309654442233E-05
-7.80693601473566E-05
-5.8331320902575E-05
-7.56219234660544E-05
-6.68545367100973E-05
4.76418849824281E-05
1.48003778452274E-05
-3.64131523496443E-06
-2.35445755370291E-05
-4.98403662798642E-05
-3.63460185330816E-05
-3.73131914724688E-05
-0.00011744603789191
-8.92290478298376E-05
-6.01872643938613E-05
-5.65293676058105E-05
-5.09057116633086E-06
5.4784315442844E-07
4.57820012911169E-06
-1.92588942134159E-05
-1.93664256313565E-05
-8.82011945728516E-05
-7.62872246324955E-05
-0.000123679408453386
-0.00011080230051648
-0.000100029956300661
-5.20903933994549E-05
-2.25064329831044E-05
-6.65193532634375E-06
3.85672819763742E-05
8.50625346808904E-05
6.08029056050865E-05
2.47943181413213E-06
2.35671967975737E-06
-2.13418732870515E-05
2.02587848190819E-05
-4.25013095262902E-05
-8.92732978764671E-05
-7.1378864161896E-05
-2.03093824200788E-06
-2.11260163634339E-05
1.7666731564214E-05
-4.48667874519153E-05
-3.11840327446284E-05
9.83201376759642E-06
8.05739596405636E-06
-4.172973274735E-05
-8.13966290434457E-05
-0.000112226386923656
-0.000110507398698774
-0.000122323110722474
-0.000131610203987471
-0.000182536637316582
-0.000175734350015328
-0.000142401801385432
-0.000121233653982579
-0.000125688467980194
-7.19515021055717E-05
-8.68699820194306E-05
-6.18902684218892E-05
-7.51374437050798E-05
-4.79437216559594E-05
-3.66444060152972E-05
-1.28389065912243E-06
-5.65444010981361E-05
-6.54402447094175E-05
-5.2971775032891E-05
-5.69343221454281E-06
-1.60993304938558E-05
-3.44232119499275E-05
-4.82617454203804E-05
-7.27924959403768E-05
-2.68792107263762E-05
8.78437811467217E-06
-2.13272509316442E-05
-3.40495074570448E-05
-7.98380418233341E-05
-5.68908184346955E-05
2.36847124349396E-05
2.95225685412655E-05
4.70935617165901E-05
-1.42991913397841E-05
2.94143418802529E-05
5.45354574197548E-05
5.58509615745298E-05
1.46056375910803E-05
-6.40957425392907E-05
-0.000133382228341697
-5.54802229180679E-05
-5.06607503339806E-05
-3.33398906649461E-05
-4.38428481519757E-05
-2.85803670281545E-05
5.11350767533068E-05
3.71190177505053E-05
7.723394087481E-06
2.4312908753324E-05
8.47716689920389E-06
4.55820925906661E-06
-7.09601500203607E-06
-5.45372940024389E-05
6.30123946701254E-06
9.55073551875046E-05
3.27141443944316E-05
-1.39056753883416E-05
3.99646705674309E-05
3.12658016176368E-05
5.06801666280988E-05
5.06739526125687E-05
3.25783798447613E-05
-1.51180785152682E-05
1.1737296270104E-05
1.54024331158059E-05
5.84331372974282E-05
8.67512510910267E-05
7.68265609352191E-05
5.67694935852566E-05
0.000103465258267467
9.77148419081296E-05
1.51197434374506E-05
-4.01805970571902E-05
-3.95495998391594E-05
-0.000101663181863019
-9.71927535817715E-05
-5.01614136186936E-05
-1.47578262688659E-05
-9.31100525422681E-06
2.78199299950178E-06
-1.46403156112081E-05
5.0033096069098E-05
2.50847232816127E-06
-6.65579021836935E-05
-1.280050993563E-05
-6.30913943587815E-05
-8.16453071629388E-05
-0.000152681251886095
-0.000109930724379338
-6.54440982608626E-05
-4.49775207829986E-05
-0.000127188916663888
-0.000108039341630789
-8.87411495991832E-05
-6.41162279260875E-06
-1.82306777531405E-05
-3.89415316093273E-05
-7.1558127497189E-05
-2.26508490776056E-05
7.97054367473738E-05
0.000125517122174189
9.67940503709952E-05
4.05029075709519E-05
4.62958364762474E-05
8.06508792249978E-05
5.8211085231074E-05
-2.32338072603699E-05
-8.12837250068689E-06
-3.6523539087346E-05
1.71938573109018E-05
9.69602463524711E-05
0.000115762054343498
0.000117307489059767
0.00012132950259188
3.8707163892876E-05
8.20476204768366E-05
7.86898143430487E-05
-5.00253757749913E-05
-6.27861310076609E-05
-5.44535447348454E-05
-9.50318867500378E-05
-4.19886266573146E-05
-3.24608272501248E-05
-5.87555019355177E-05
-2.7572077332141E-06
4.46456871689117E-05
2.98295149755365E-05
0.000146430059123001
9.13937995415611E-05
-4.9993899848584E-05
-2.50373322262372E-05
-8.73563476476825E-05
-9.66952370760071E-05
-9.09914366866757E-05
-0.000122590156833787
-5.39162066678622E-05
7.39082757217089E-05
1.15410848909118E-05
7.87389047962197E-05
0.00011134012874512
0.000134738860605801
0.000118280422438004
8.3186417847597E-05
8.16803194628681E-05
9.40067607155552E-05
0.00010134066936616
1.18517367946574E-05
-3.27883478539189E-05
-0.000121194515546155
-0.000154451367606131
-0.000168821549472898
-3.22983659384032E-05
-6.78623493016549E-05
-9.83651350174925E-05
-1.4561951602135E-05
8.73644265685013E-05
0.000179855890036221
0.000206447765977597
0.000222860430077121
0.000297199035452092
0.000343751404012218
0.000276430030682977
0.000267291601942113
0.000212680186215055
0.000187590484781392
6.54188969458062E-05
0
0
0
0
0
0
0
0
0
0
0
0
0
0
0
0
0
0
0
0
0
0
0
0
0
0
0
0
0
0
0
0
0
0
0
0
0
0
0
0
0
0
0
0
0
0
0
0
0
0
0
0
0
0
0
0
0
0
0
0
0
0
0
0
0
0
0
0
0
0
0
0
0
0
0
0
0
0
0
0
0
0
0
0
0
0
0
0
0
0
0
0
0
0
0
0
0
0
0
0
0
0
0
0
0
0
0
0
0
0
0
0
0
