0
0
0
0
0
0
0
-0.00379055893431187
-0.00350842536273229
-0.00311659082214584
-0.00268829664257635
-0.00219251840658956
-0.001354398715485
-0.000777985172070951
0.000585945746971583
0.000440295385000137
0.000399209562982688
0.000278275929546683
0.000165131170581877
0.000188271536887948
0.000208469354262756
0.00020069753859491
0.000229898136385209
9.62892770018195E-05
0.000109371761039799
0.000144398276811806
0.000187911496710103
0.000251489677249771
0.000227721979252977
0.00023438340460132
0.000282592440643013
0.000263990537078167
0.000159947551843102
0.000131739479873699
6.99024515520866E-05
0.000232097439764092
0.000142414125079277
0.00021564483272309
0.000281784529232929
0.000282362028135332
0.000224939674440351
0.000239875059379897
6.54266602345072E-05
8.19573284882135E-05
-3.50300079422892E-05
-5.32378806775717E-05
8.9783158134146E-05
0.000129202969682289
7.75815793382734E-05
9.45649830308975E-05
0.000117573450320887
0.000146509845495167
0.000262841967279441
0.000205881177408743
0.000119891392915283
0.00023033030022409
0.00024910240073149
0.000274088996117078
0.000292496076948946
0.000209507761283921
0.000282188321205865
0.000354369697368682
0.000261319619059922
0.000303673115482124
0.000300852272284213
0.000252180725703211
0.000152202139925167
0.0001396806734299
0.000161820999760307
8.4586051799407E-05
5.74023446857284E-05
3.07701429673848E-05
7.65494356085779E-05
0.000124067356389829
4.6866422979035E-05
-7.45227850661179E-05
-1.79944523474935E-05
3.88357888543515E-05
2.7881174166426E-05
-8.55375495777497E-06
-1.77307820503445E-05
2.80812692701047E-05
0.000133524718420077
0.00012501637769192
1.68897779508706E-05
5.11661213103287E-05
-5.56281364701311E-05
-3.93256769587974E-05
-8.68271954497455E-05
-0.000159984339688728
-0.00010745701616635
-8.77102780479661E-05
-0.000131313066173629
5.7536601041001E-05
7.82413039675265E-06
5.00207403969827E-06
0.000141453426801108
1.70258515201859E-05
-0.000119118231859997
-8.62855392081715E-05
-0.000249041143602378
-0.000165112177862193
-0.000123550674433674
-0.00027006731126692
-0.000183286329744745
-3.987906620512E-06
-0.000124716171587973
-1.36410512794553E-05
-7.32115510236754E-05
-9.76167595687201E-05
-0.000135872407943486
-0.000203245443901522
-0.000233702991258719
-3.94601912446189E-05
-1.3132160607213E-07
-4.34045547681995E-05
-9.17653482858055E-05
-3.98889735099468E-05
-1.7277221035459E-06
-6.50923364728024E-05
-0.000296193111323532
-0.00045576700839028
-0.000492333829839309
-0.000481583741958505
-0.000516765458393429
-0.00048895833583314
-0.000547599334148492
-0.000433531625930152
-0.000333466308865429
-0.000179693646604534
-0.000189068248651846
-0.000265404112792621
-0.000329874457201924
-0.000340665333138791
-0.000452002961626036
-0.000443364756341199
-0.000444555833102084
-0.000380789843768136
-0.000312035597846563
-0.000278085043854485
-0.000250146983819193
-8.49975705137671E-05
-5.71231913290184E-05
-0.000149972961019792
-0.000205674753053021
-0.000198032301691131
-0.000224772181415211
-0.000129429418564877
-0.000173602783623327
-0.00031301247439824
-0.000333883039450954
-0.000423696214397369
-0.000414589657463365
-0.000392988903388345
-0.000398364274275292
-0.000473055985779129
-0.000374773396570762
-0.000400481166943958
-0.000457165628693334
-0.000442136626846211
-0.000542523817001021
-0.000640002451184127
-0.000637791322680693
-0.000701641984363307
-0.000614537170228502
-0.000479925989175229
-0.000491734071807127
-0.000446297206732089
-0.000397924894845686
-0.000351401818638062
-0.000300922483434571
-0.000429521753869259
-0.000421722636210589
-0.000435339402693706
-0.000401870541931419
-0.000522594858370238
-0.000522172673813073
-0.000474510964047686
-0.000335963093450064
-0.000365457674716843
-0.000337132817633957
-0.000292807835000876
-0.000292665123754738
-0.000323906193372967
-0.000482507557314805
-0.000481063746475387
-0.000419617254984589
-0.000405038364979353
-0.000459378733382805
-0.000417160080056933
-0.000368740287907395
-0.000317658402917424
-0.000373303803793333
-0.000397223703316454
-0.000394591149756358
-0.000461913999535136
-0.000349374910145807
-0.000378295639658919
-0.000330142830052794
-0.000427195031590275
-0.000427701566586709
-0.000482127474342224
-0.00038943301665294
-0.000408922688189455
-0.000430553776404736
-0.000514517941621659
-0.000511130996020039
-0.000510366035918576
-0.000509171545550629
-0.000554227813876645
-0.00056305524057512
-0.00059978846453704
-0.000538383692193853
-0.00047412216014335
-0.000492788934667937
-0.000543331119024121
-0.000533135425521514
-0.000511671053831456
-0.000371144307085211
-0.000446422895182442
-0.000442627368320378
-0.000408883220002631
-0.000426657187727859
-0.000377487211932513
-0.000469672458672903
-0.000470526578120603
-0.0003883816408314
-0.000341777995493087
-0.000397827888664018
-0.000280436740466348
-0.000403231358871999
-0.000415220989625749
-0.000493009850386427
-0.000525510012843865
-0.000563456159122129
-0.000574564328616375
-0.00068149056219687
-0.000578529572420935
-0.000541114211228411
-0.000572517167957019
-0.000551550400575926
-0.00056546440470218
-0.000656566867856251
-0.000644454274660764
-0.0006801454975678
-0.000665003304074932
-0.000685789617614643
-0.000757070963172555
-0.000718306279541939
-0.000722427925936767
-0.000658843434248196
-0.000672224870167255
-0.000639890238201632
-0.0009046861831267
-0.000788562710665552
-0.000776399882717067
-0.000587796301665143
-0.000612962521821193
-0.00051894165912027
-0.000527100552010913
-0.000217885616118064
-0.000249670499838526
-0.000263595200758684
-0.000377665808858803
-0.000327060564228843
-0.000361186564928242
-0.000468198169212962
-0.000450321603848049
-0.00047200828878196
-0.000478233306918285
-0.000440928626558483
-0.000460918342750462
-0.000366503433051758
-0.000168562760142222
-0.000175588797489226
-0.000148505576105299
-0.00011521571153428
-0.000158991174838021
-0.000117474290061037
-0.000173109253404849
-0.000251144769222933
-0.000241459100541446
-0.000138714741293267
-0.000114890774942683
2.01686704820238E-05
8.26275510370387E-05
0.000101465900267724
0.000182062372115522
0.000183604629257296
0.000122297841135305
0.000131729859863031
0.000129012818432483
7.89059265865569E-05
6.03144713774466E-05
-4.47954697224859E-05
8.10059375061105E-05
8.16871072345039E-05
8.17783508057948E-05
7.72622226906851E-05
0.000133249279720841
0.000166207162746293
0.000228190895428685
0.000232019801420411
0.000271143715008869
0.000262113550835538
0.00032264230951501
0.00027546520570458
0.000270763080890073
0.000262520242893791
0.000217209537308197
0.000207700777469275
0.000227235828282745
0.000162779545927199
0.000159691348653329
0.000177560835606792
0.00021557835844504
0.000175771180883598
0.000228377291724843
0.000249281774640701
0.000257942812351174
0.000214091501058487
0.000243221434169431
0.000198664542991338
0.000215224565432097
0.00016064999581986
0.000238848768607726
0.00019701983593983
0.000285540089154216
0.000261447450420745
0.000286384362485111
0.000281006109405386
0.000337382695934928
0.000243336852619116
0.000256843100835682
0.000205398432900518
0.000152218719693578
0.000183240038907836
0.000189937074354597
0.000156319141668168
0.000175644415727481
0.000203209953547193
0.000257956778326289
0.000266242223817347
0.000260184306240374
0.000222921841270186
0.000133444477163128
6.90181975716059E-05
0.000133664996238522
5.23684369423356E-05
4.18681723818388E-05
1.87408109843311E-05
1.60316469356395E-05
0.000104742729929477
0.000104356466201607
3.45341297364755E-05
5.0497098314541E-05
1.92677956417457E-05
4.98557504363086E-05
5.69401866629291E-05
6.31256884734563E-05
6.4272388359392E-05
0.000145232523031057
0.000109316558827096
0.000168884560171164
0.000124521715731406
0.00015659900893619
7.86616570045203E-05
0.0001249869848223
2.12231865410413E-05
6.47320650870817E-05
9.62270619861469E-05
0.000147036778414101
0.000154862458780453
0.000165206399473818
0.000147258851912353
0.000207968888211782
0.000232314062315839
0.000196771681676057
0.000143187212563348
6.82714655398574E-05
0.000135222225708967
0.000106957830790138
0.000156958752753026
6.54639091485721E-05
5.21746230241048E-05
2.52204946928866E-05
9.48471147108089E-05
7.15877307071801E-05
9.09835221300476E-05
2.50192218300817E-05
7.79809331016932E-05
8.32927209962516E-05
0.000121597843302959
0.000116866713247138
0.000124440405400064
0.000146241691737598
9.42123077709022E-05
6.83198665271259E-05
-6.22906458756754E-05
-6.71435444206259E-05
-9.81812286604628E-05
-0.00010819161708867
-0.000174540631141795
-0.000134454031462802
-0.000103890786212896
1.51135567561141E-06
-4.83077827859951E-06
3.26201261547291E-05
-5.94368372913006E-05
-5.03682975104895E-05
-6.63750020916177E-05
-7.36571274027041E-05
-0.000105453632785702
-0.000101765751342641
-0.000114167686600368
-0.000106657228792064
-6.32521861734742E-05
-0.000124389623649689
-9.30254515996297E-05
-0.000118159351942697
-0.000161993083703988
-0.000151762635756851
-0.000110961351954751
-6.81118363044689E-05
-4.73805751247208E-05
-8.46016701625363E-05
-4.90309455706548E-05
-7.76348614109788E-05
-0.000101126183193685
-0.00011051532581471
-0.000207343693961635
-0.000166784972929758
-0.000183425587612799
-0.000165703956565421
-6.76955084573045E-05
-0.000134957274529574
-8.38016661987006E-05
-2.86430543724945E-05
-4.34025923959957E-05
-2.29793438191738E-05
-3.63303858845847E-05
-0.000163912776458035
-7.12200789592614E-05
-7.6036215481466E-05
-0.000107760168074558
-0.000221534197036215
-0.000211833300604917
-0.000203445391097656
-0.000112585971330073
-0.000121016164797277
-0.000220189379435256
-0.000193801259630866
-3.86491200687165E-05
-0.000108568196737654
-3.6111530457663E-05
-6.37832464134867E-05
-9.1113646272996E-05
-9.38599399052454E-05
-0.000103866358921721
-0.000113062296703053
-7.67145423070736E-05
-0.000151189681746712
-0.00013868526303798
-0.000147610673242993
-3.88917120416864E-05
-8.38329205044511E-05
-0.000109559285675293
-7.0106211153143E-05
-9.82902193038461E-05
-8.80319045736517E-05
-6.05299657170841E-05
-8.0876783426503E-05
-0.000107399096062054
-0.000139871524713185
-0.000118158936728066
-9.58463535177417E-06
-2.29191163132176E-05
-3.52283132091609E-05
-6.34983827760132E-05
-2.05798008795572E-06
3.40151662579545E-05
8.00049613930363E-05
-2.62519772875756E-05
-1.79241337250206E-05
3.8014212344109E-05
3.98362840085437E-05
5.07910679387386E-05
2.96723571981992E-05
-4.64175284555203E-05
3.56356444338998E-05
0.00010789741082013
2.70176273594167E-05
4.20010109107441E-05
7.62209794163507E-05
0.000174302836934996
0.000233781486030771
0.000227358287041253
0.000146238030695318
0.000274215923554275
0.000282539892352893
0.000254720700393455
0.000160258816215394
0.000144460811952334
0.000194707950711051
0.000186840218393475
0.000119901546263349
9.79364584952869E-05
8.39702483326225E-05
0.000181524529408272
0.000160615453300787
0.000111095369716602
0.000222829364753986
0.000277111257634739
0.000309927336778294
0.000368269672281167
0.000324080543505324
0.000408362398717153
0.000348407499070156
0.000259928772994059
0.000177958249050468
0.000262397247797967
0.000164421311194663
0.000151963408074811
7.48917992517687E-05
0.000202681631224816
0.00027873755851164
0.000357079511655757
0.000334692287667458
0.000446128687419178
0.000442084430851166
0.000490943643241634
0.000410927820188735
0.00039379165502875
0.000391832523382214
0.000329022811148944
0.000267201769805951
0.000295404328265976
0.000279897252016712
0.000283127996933497
0.000316466744285145
0.000281554379912735
0.000313110611072503
0.000270001078879143
0.000250715551021715
0.000267380063382249
0.000327285140739265
0.000285985338147785
0.000306529703526486
0.000256379008717495
0.000298926215144395
0.000311762131806378
0.000336132364863115
0.000294977172532666
0.000342799165140815
0.000358070845754888
0.000393626973105445
0.000476509870577595
0.000544019726877068
0.000432968596668365
0.00041072767445895
0.000389588088113208
0.000377259624941197
0.000350800543572935
0.000414291427158962
0.000348056387666871
0.000400913753695089
0.000439103895313339
0.000490705410308576
0.000472501004616786
0.000534315632568693
0.000384186022070575
0.000410171237675786
0.000394398328524876
0.00040546372211996
0.000395321728163581
0.000427477483780149
0.000415178527913317
0.000449087355878843
0.000482719477036388
0.000482244077997129
0.000433189995673652
0.000320992335954273
0.000264678789278958
0.000285997564491362
0.000279793702663057
0.000291994409190513
0.00026369558796084
0.00028155309305851
0.000301748355310699
0.000328442954807465
0.000269902990267814
0.000281116087523561
0.000193300434018211
0.000230661321333857
0.000227980147595418
0.000203238263188493
0.000211541770691738
0.000218613143716983
0.000227281253622991
0.000193694379689243
0.000197036632027823
0.000140018754204039
0.000193411665594605
0.000109666781451795
8.06446034090496E-05
3.5837507128687E-05
0.000116077253056788
0.000124248182619407
0.000113147905989947
0.000130665095003251
0.00017495295731104
0.000193690307749593
0.000223457316274363
0.000138677857292313
9.40062039638909E-05
9.42780683915396E-05
1.741026573482E-05
2.84117275252983E-06
-3.01522673429943E-05
-4.64717143886238E-05
4.82455684952774E-05
3.99372660474444E-05
0.000116854849090884
0.000121628272101268
0.000142111554101995
0.000109763395076456
8.39112655219237E-05
4.47555335529692E-05
6.66882787669438E-05
-1.42236580095386E-05
7.23984992249049E-06
-2.58763928363601E-05
3.76976259127862E-05
2.59174110842953E-05
6.86277477242419E-05
4.79904910677866E-05
7.44559697551229E-05
4.60971996423475E-05
4.10198340709272E-05
-1.01891466083765E-05
1.72369174728386E-06
-2.32020850193728E-05
-2.25375001584198E-05
-3.16859766402079E-05
-5.07526848751038E-05
-7.67874644738604E-05
-3.81330861588986E-05
-2.13018051457746E-05
-0.000143324674923711
-0.00015292380316545
-0.000166767713238531
-0.000175870235049535
-0.00016273386071332
-0.00015290885095949
-0.00021662716183267
-0.000129802712856132
-0.000167406289738306
-0.000160891676428505
-0.000129141672459401
-0.000146852379367503
-0.000168385098483397
-0.000128356748767489
-0.000159925208415862
-0.000144484254970241
-0.000189386359443071
-0.000146711604867989
-0.000143836232917849
-0.000147087897387528
-0.00015244780760006
-0.000182828866793603
-0.000180103525864042
-0.00016452906421937
-0.00021166852567786
-0.000137071802626919
-0.000193703014649687
-0.000172433672645525
-0.000140713505514049
-0.000117647436980313
-6.28032715865687E-05
-9.29206132552727E-05
-0.000130945521515868
-5.67045902705752E-05
-4.75884270994364E-05
-8.72166527177749E-05
-0.000108869633782337
-0.000103898482975746
-0.000113321244202933
-0.000154124654724414
-0.000122724445476633
-0.000150898975875078
-0.000122729900800116
-0.000151539248957193
-0.000142435315140022
-7.79376767722298E-05
1.82445326265288E-05
-0.000108386286817157
-0.000133029606787976
-0.000111096224353418
-1.00503611685091E-05
-1.62552581839684E-05
-4.84803673488925E-05
-0.000116960225122067
-0.000103214724739243
-5.37123571112684E-05
-3.54820118629431E-05
-0.000122270637563688
-0.000170658377288131
-0.000137735595430501
-7.54214682007631E-05
-3.18429581426101E-05
-0.000116561044694979
-0.000102656736608283
-9.32731299334834E-05
-6.96378100839195E-05
-0.000101091054053017
-0.000212525981775617
-0.000203714452697124
-0.000144689236315163
-0.000214769259109056
-0.000178965706620322
-0.000193858134976198
-0.000207537465666378
-9.13934819815553E-05
-9.44826200594955E-05
-7.28700545676473E-05
-5.44878007718998E-05
-5.6126631504205E-05
-1.76057202825294E-06
4.56848515098937E-05
-5.80614368674671E-05
-4.23437979185357E-05
-6.3636167254179E-05
-4.60440804390938E-05
-6.66921598134677E-05
-7.44416762250144E-05
-8.16313011544106E-05
2.54123851173627E-05
-8.50127481207641E-06
1.20502700220332E-05
-1.13580663585845E-05
3.35737161712245E-05
9.63788156900295E-06
1.13799539990584E-05
-4.08690733393445E-05
-6.66784228104457E-05
-9.86590497399719E-05
-4.71186531019481E-05
-8.33604277746432E-05
-8.39676948581459E-05
-9.35927175484853E-05
-5.6024031528754E-05
2.13289861363874E-05
4.32679564471063E-05
6.51541302339811E-05
5.36876823640258E-05
4.10731911626938E-05
2.64736649053552E-05
-7.26218945441535E-06
-2.13408629562266E-05
1.35295208592636E-05
-6.44304043939782E-05
-8.0942020796358E-06
-5.94649244500398E-06
1.52041546576668E-07
-5.44499810093853E-06
-1.91949436564433E-05
-6.81955773142593E-05
-4.87266896172869E-05
-9.45011602967091E-05
-6.93457406101239E-05
-0.00011656081179015
-0.000117780098278425
-0.000160321973213792
-0.000118929844887011
-8.16452517473451E-05
-6.73685547775914E-05
-2.9805383214433E-05
1.84962854774047E-05
6.06950445839208E-05
6.81296424402606E-05
-2.56887218116364E-06
-4.14263838898451E-05
-1.37036020887543E-05
-4.63582168035445E-05
-4.34696898319362E-05
-9.54190326874866E-05
-9.71446497446111E-05
-7.56003427806988E-05
-7.15435606077631E-05
-0.000101356947931979
-0.000103181711529829
-0.000110507182161856
-9.72577061785928E-05
-1.74503383664447E-05
-5.64970437041593E-05
-0.000100685963639599
-0.000128882064591174
-0.000130471985223302
-8.53634437492321E-05
-9.97057791973346E-05
-0.000108120204298803
-6.04857057759453E-05
5.17366156319846E-05
2.8865724644697E-05
2.19158203481041E-05
-6.53402790221096E-05
-6.45892187511403E-05
-0.000135537153799397
-0.000114468182601182
-0.00022049332470202
-0.000185376757031077
-0.00020102016962496
-0.000115093603667556
-8.18431286476408E-05
-5.52140809166484E-05
-7.73971955355629E-05
-7.51360022709056E-06
3.21367911434375E-05
8.05508618252562E-05
5.06851302162481E-05
2.718378811648E-06
-1.02863698950206E-05
-2.55875951700689E-06
-3.13206358012791E-05
-0.000113721651143342
-0.000195824372533095
-0.000238463749876913
-0.000204911601624028
-0.000214116282738412
-0.00023832062628326
-0.000289258940768405
-0.000235547371299212
-0.000171305073361237
-0.000137633381754273
-0.000146469900982797
-9.38035892202714E-05
-5.74129960981926E-05
9.99091487287825E-06
2.26898500826447E-05
-3.25234578825935E-06
-1.6809983805121E-05
-7.30287241427378E-06
-4.6508018730221E-05
-9.58134893080709E-05
-0.000111756221254348
-0.000106640377573278
-0.000102162267628902
-3.3139168092791E-05
-4.05105695168604E-05
-7.87772476549006E-06
7.16129461941683E-05
6.85188214470355E-05
5.72512033176345E-05
4.52809320252401E-05
-7.21703894463816E-06
2.96990155353429E-05
-1.47718662377555E-05
-5.47062699473727E-05
-6.82492159696519E-05
-6.80703759605467E-05
-4.24581898491369E-05
-4.48197610003142E-06
-7.90773404046907E-05
-2.5691477806757E-05
-5.01846684632142E-05
-9.682907163062E-06
2.95008144268631E-05
-2.90227613678405E-05
-8.59318451287262E-05
-5.55971071988659E-05
-5.99159382276171E-05
-1.26136820986534E-05
-2.65646651700688E-05
-8.7661002069913E-05
-5.15098922845309E-05
-4.51315281307316E-05
-7.625801578506E-06
1.46536557799971E-06
-1.01728190215399E-05
-4.41616443204702E-05
4.13341513679889E-05
5.31360943848427E-05
8.90675188678009E-05
7.11371047387159E-05
-1.3082962310457E-05
2.46520734385035E-05
4.81108773912663E-05
4.09631556979428E-06
6.9586773574863E-06
-7.41216948012806E-06
-1.36294991393569E-05
0.000126104067342907
8.20228178880044E-05
8.37982058224811E-05
4.38276402384785E-05
5.90708111648106E-05
8.06100988090885E-05
5.95290025316061E-05
2.87113451823612E-05
2.30074977511903E-05
2.24603609969418E-05
1.77853801432384E-05
-2.22577452239002E-05
-5.71500481530782E-05
-3.9224702277286E-05
-9.03284502987881E-05
-2.28157763483632E-05
5.45890832162583E-06
1.30063740313859E-06
1.74031781526281E-05
4.65326279229106E-05
0.000102206875461289
9.21227795953017E-05
5.24786968062506E-05
3.56927967769102E-05
3.66500694908037E-05
4.0616595947276E-05
3.49060064906386E-05
-2.36634798571852E-05
-1.37292231920517E-05
-4.19141665553741E-05
-6.41704362573973E-05
-3.89679612098055E-05
8.10888582334844E-06
4.10311992673421E-06
-2.88532424276238E-06
-2.27996108113304E-05
5.11736701445373E-05
2.53709541866816E-05
2.87118497676967E-05
1.49247524824869E-05
2.40114198180894E-05
4.86269448304072E-05
1.07927166636358E-05
-3.91250496309809E-05
1.54287185927096E-06
1.57205955402795E-05
-5.67070198481281E-05
-0.000130372724406895
-0.000120849809227523
-0.00017632358227067
-0.000190010494727297
-0.000250937304325777
-0.000241971966902466
-0.000222067960182662
-0.00019714420319608
-0.000261960040088538
-0.000178624401367541
-0.000220196757474203
-0.000167031449553274
-0.000235903733910024
-0.000265736575658994
-0.000232288380681821
-0.000235083800988056
-0.000201334900050854
-0.000196555983026434
-0.000198557866658009
-0.000142095522990175
-9.18083403617853E-05
-0.000162062074232949
-0.000165841302302201
-0.000193553474934644
-0.00023590956561256
-0.000279402662300482
-0.000271915404103207
-0.00035621571516834
-0.00029880243533212
-0.000309829710502643
-0.000323434038779797
-0.000246152400167798
-0.000230465803849743
-0.000264518435003811
-0.000210966669038062
-0.000234669244378596
-0.000397793092963811
-0.000386884754967948
-0.000464057390991452
-0.000481061166428597
-0.000485394634570663
-0.000401488201310057
-0.000430934330755618
-0.000234781779127363
-0.000224758876517423
-0.000159069292557338
-0.000131435124217807
-0.000156690232511318
-0.000248305349237073
-0.000415331324912506
-0.000470730588185005
-0.000465080083757918
-0.000473160992850386
-0.000510730847426038
-0.000472492330109971
-0.000510069872182553
-0.000321577427121866
-0.000249734284299081
-0.000233387245830601
-0.000246877580812277
-0.000202975044485833
-0.000376175983253318
-0.000370978737513375
-0.000386627111957506
-0.000360575787200324
-0.000407339159569516
-0.000399609090728534
-0.0004577399462633
-0.000282464773205286
-0.000295784875946684
-0.000256915446996832
-0.000318295111184411
-0.000338419250838261
-0.000389718821142437
-0.000516175509543174
-0.000543025192538513
-0.000486923488499748
-0.000514401138319205
-0.00048021552107545
-0.000498596138420769
-0.000447564891906871
-0.000285374511850627
-0.000325824835348952
-0.000357942494266645
-0.00035137726760502
-0.000404996223820488
-0.000392475117899481
-0.000488233631986863
-0.000508453188383785
-0.000483947769839361
-0.000466042161820131
-0.000510960090538086
-0.00049714715047342
-0.000512894312305604
-0.000418992171985991
-0.00040046102568153
-0.000429449391156498
-0.00049095774878086
-0.000478498059760192
-0.000663345309362079
-0.000656438854588542
-0.000706581802489384
-0.000698141754709259
-0.000758698074927757
-0.000775753837051349
-0.000828424906633148
-0.00072206602578588
-0.000699374950716221
-0.000698685176246662
-0.000745254205809174
-0.000675760582788321
-0.000870857590510808
-0.000813730904475116
-0.000768658595905729
-0.000781641724653731
-0.000745888582843083
-0.000763016306975094
-0.000817416800671181
-0.000587075787905616
-0.000608902738307081
-0.000630937751496481
-0.000625256224313485
-0.000667444090383204
-0.000992109334952472
-0.000998295412550553
-0.000978761828434889
-0.00102156221774213
-0.000962958023970533
-0.00101640133926644
-0.000970561527568253
-0.000589556967046144
-0.000527016587127491
-0.000493817375189325
-0.000367863001635306
-0.000579451091408144
-0.000539145265538883
-0.000531091348970805
-0.000484484071117681
-0.000462161837534436
-0.000477660622952244
-0.000541760266689293
-0.0003110301205367
-0.00029891542902853
-0.000304148580155468
-0.000326383197961858
-0.000310124279645583
-0.000255754223950931
-0.000298967174888149
-0.000285718426984018
-0.000238266626181606
-0.000172147128203289
-0.00015131065727247
-0.000130814244819565
-0.000148976468414326
-6.63847739795481E-05
-9.57913755235386E-05
-0.000126662000750831
-0.000164707840761152
-0.000214725475404791
-0.000213472276414359
-0.000195145648656248
-0.000190422706548639
-0.000138049700342111
-0.000130272444443185
-0.000167367709700366
-0.000126091357053911
-0.000159564068403831
-0.00014959332279496
-0.000153378044365928
-0.00016198503682081
-7.0401141622263E-05
-7.96926552478335E-05
-9.71749414469295E-05
-0.000105533920072262
-0.000145977583947886
-0.00011241111555323
-0.000176862335537821
-0.000250378532117696
-0.000168761139298059
-0.00011992949407764
-7.39475399032669E-05
-7.54295434436508E-05
-0.000110255141965191
-0.000101862369219308
-7.67509032483473E-05
-8.78231348724609E-05
-0.000138376681313537
-0.000178369922716106
-0.000155765145068769
-0.000127391400565917
-8.08826052001072E-05
-6.87782449093903E-05
-5.1713687257229E-05
-2.82092841202964E-05
-2.34239802064317E-05
-6.96713964887238E-05
-6.0821809290283E-05
-8.60590521438426E-05
-5.9793616176213E-05
-0.000125270722937218
-0.000182943062478133
-0.000146113054832327
-0.000135858237679023
-0.000168945656089385
-0.000176702392289255
-0.0001940682523364
-0.000208210791364394
-0.000186902790301506
-0.00018650858230315
-0.00011224654658708
-0.000131321978567437
-0.000117234045092856
-0.000125229484779753
-9.13705579485134E-05
-7.33262274313214E-05
-9.43593084398221E-05
-0.000139249293202467
-0.000134594148328075
-0.000125915061596565
-0.000215277778719278
-0.000208491587269777
-0.000294324373643348
-0.000276157494012253
-0.000321979161335044
-0.000237118462210405
-0.000227557581703867
-0.000173960431648689
-0.000206986052971686
-0.000120814266633976
-0.000180452743682926
-0.00012577650936219
-0.000216494135494862
-0.000246255089602461
-0.000290750162662734
-0.00031723444481492
-0.000252656560848133
-0.000238418044598987
-0.000290369365263855
-0.000357852771581586
-0.000355573030860173
-0.000305678246516774
-0.000275168970397953
-0.000330197206107816
-0.000295992227139367
-0.000278956411880543
-0.000343999211094786
-0.000289984793068973
-0.000319835230542804
-0.000379590707496841
-0.000400195621673679
-0.000404701171629633
-0.000385849430556825
-0.000265590486741726
-0.000331796902292845
-0.000310697359666336
-0.00031088045849967
-0.000315492984575619
-0.00039727986436344
-0.000460211242988257
-0.00045600512035924
-0.000412995934925854
-0.000411076599000028
-0.000328542119377319
-0.000380568043757356
-0.000341674349544893
-0.000279600806630119
-0.000264758978787101
-0.000282498085037919
-0.00027419570832797
-0.000477496951341421
-0.00050539271901026
-0.000497326902485896
-0.000503854173821623
-0.000519079133689642
-0.000497352066293734
-0.000531160842161168
-0.000334724773480079
-0.000322591485240717
-0.000379316429596381
-0.000328733040345727
-0.00045372274898621
-0.000503911468880069
-0.000550288167866445
-0.00049364014103955
-0.00042826747199638
-0.000395257702994767
-0.000469160003746453
-0.000348504201865138
-0.000295488165882074
-0.000260221491818041
-0.000263209392630093
-0.000236081213092049
-0.000316677428288765
-0.000253615958241037
-0.000296638688701176
-0.000394137600356684
-0.000350925412723998
-0.00040144309599498
-0.00039445593252127
-0.000313224503364624
-0.000362980747049188
-0.000296395086176425
-0.000234919044686509
-0.000250555731605404
-0.000326398063961397
-0.000377664465524094
-0.000404749323481213
-0.00037816282279814
-0.00038568173809313
-0.000454629468487972
-0.000435547366150035
-0.00034021702791496
-0.000354819533698257
-0.000308245738459029
-0.000310636422640541
-0.000323407703131132
-0.000229893163417032
-0.000202733673007209
-0.000186017320366674
-0.000207373212079857
-0.000201036144361267
-0.000331622940645026
-0.000322453324460066
-0.000401821900968408
-0.000457788987543943
-0.00051091060577458
-0.000460261810981333
-0.000442565145109528
-0.000355047303109453
-0.000344387146311505
-0.000271486282600681
-0.000226684720290033
-0.000172183595803932
-0.000246549276352925
-0.000271908702198824
-0.000294323177160285
-0.000348468272258366
-0.000424648256107563
-0.000465546794158977
-0.00043067934215214
-0.000327023846397196
-0.000331886261052072
-0.000338031234952665
-0.00023782116648291
-0.000204839395395414
-0.000247160750703354
-0.000249526304198994
-0.000298284921695661
-0.000230468465064412
-0.000147892991222109
-0.000210625923176456
-0.000196346923383442
-0.000134161607957672
-0.000115122195685759
-5.61883259537107E-05
-8.32023922706804E-05
-0.000106717608512526
-7.14646858252675E-05
-5.63653438798938E-05
-8.23486048647666E-05
-0.000121806981447969
-0.000153523851477526
-0.000187109356054905
-0.00016701433450771
-0.000179029965400899
-0.000224675942098211
-0.000141331432889685
-0.000221287304243745
-0.000237303429441957
-0.000158360307893531
-0.000179266878849792
-0.00020472684303791
-5.64429494125432E-05
-9.1720000234356E-05
-0.000126176541602918
-0.000138075230032691
-0.000189238774939176
-0.000230114251930932
-0.000204932751062832
-0.000257648437941185
-0.000279638634990863
-0.000202388243009963
-0.000170188826058527
-0.000109861996775877
-4.48917553894779E-05
-0.000130722242154876
-0.000157133117552972
-7.12049064221175E-05
-0.000107411283982725
-9.18126115066442E-05
-0.000205477027762185
-0.000227685335053766
-0.000155611831733377
-0.000166393256841209
-0.000169384009501764
-0.00017095586360745
-0.000201232238311647
-0.00012239444848916
-6.34116610763993E-05
-6.85158686811523E-05
-0.000134436300563046
-0.000195033892070517
-0.000243381464792405
-0.000234669103509294
-0.000209044922503104
-0.000250586671508934
-0.000206717768663725
-0.00021590531142621
-0.000246678832011192
-0.000111735727557737
-5.23548526697587E-05
-8.93101152000356E-05
-0.000144278839417245
-0.000124007692044838
-3.24662309662122E-05
-5.63253534637152E-05
-4.28433208020864E-05
-6.51390773297377E-05
-6.28690362731275E-05
2.41311990027879E-05
-5.99032450843261E-05
-2.75605346631208E-05
-3.20216382464195E-05
-0.000124777871828354
-0.00013104622685044
-0.0001788684687039
-0.000230522884563284
-0.000193535015879594
-0.000204400380694669
-0.000177902041421026
-0.000136581487967554
-0.00015275598000344
-8.27136366101083E-05
-6.46909588439373E-05
-7.57636717047941E-05
-9.16717798548492E-05
-0.000107617198950202
-0.000142425849648901
-0.000124529339827103
-0.000136798353797491
-0.000104176668136807
-8.5936344288082E-05
-5.9383235786656E-05
-1.45543659458518E-05
-1.26370490198594E-05
-1.84769091478866E-05
-3.55556430086558E-06
-3.6558319838494E-05
5.30691982761586E-05
5.14240076716363E-05
0.000166828336579375
0.00025097682152283
0.000319944235745324
0.000352882169443761
0.00043067674513297
0.000427628031786147
0.000475754264367163
0.000392373830669831
0.000420330312035222
0.00039980218964694
0.000412924085513147
0.000376378240300029
0.000476272681936035
0.000482609282133802
0.000521384267137644
0.00049155862073779
0.000524340270544537
0.000528610049742374
0.000601497891956363
0.000467829043842973
0.000494363953898344
0.000581471302721348
0.000565064196163947
0.000539633359368934
0.000638457161397583
0.000566276988535055
0.000550346542636333
0.000562390496161218
0.000392802759347574
0.000421503184451309
0.000435242557135852
0.000318958048984008
0.000283314996275377
0.000322632880410106
0.00026770098412312
0.000329600527913536
0.000500632657702498
0.000468220878702828
0.000496356946620686
0.000562985257137822
0.00057264058156512
0.00056944871786239
0.000568574321590444
0.00034098634473825
0.000344740962729277
0.000325389770606645
0.000216084983284342
0.00019801625221745
0.000184928826194731
0.000228569850779662
0.000287219457671832
0.000287696144170362
0.000286646755570437
0.000343847802604354
0.000390951258819293
0.000383708403447705
0.00036073969144612
0.000374199639621127
0.000497946235222839
0.000462791685103268
0.000502630981221997
0.000408608889288487
0.000403822393320178
0.000356987141208468
0.000280492700625045
0.000189604740101023
0.000177224670563434
0.000186335981693164
0.000205784987066337
0.000183262805598541
0.000161589470388625
0.000302419058052094
0.000270822740795981
0.000358373177126358
0.000335730372793582
0.00043900704108491
0.000485440083466144
0.000536897362449869
0.000379338452066163
0.000426226179372369
0.000380845198455169
0.000393214030293697
0.000364342413638287
0.000332602313048201
0.000381414842433768
0.000413176106986023
0.000409675775738519
0.000392599710212348
0.00030686436399044
0.000227463105170453
0.000184728926011079
0.000158126804284302
0.000192746565176386
9.19520213200077E-05
0.000115289088534225
0.000242041156661944
0.000224252905060193
0.000267435993734559
0.000247326850394426
0.000199611018924734
0.000280565533715688
0.000242522034709249
0.00020134051976587
0.000199979218081584
0.000159739755205154
0.000176042307909278
0.00017279654781891
5.6864289572667E-05
1.63243817042279E-05
-1.97525225414739E-06
-5.6598330156696E-06
9.93808810666285E-06
-2.20261351928078E-05
2.21733098834467E-06
9.30006112366772E-05
0.000122376553543187
2.24093988955163E-05
6.58066192319012E-05
0.000100331356715695
5.74909991898011E-05
3.06837996490181E-05
1.2068931039624E-05
4.45482475887255E-06
6.08276019067553E-05
0.000105735005114905
3.52528262951544E-05
6.98741908878001E-05
3.35044533479514E-05
1.71664985400893E-05
2.13498875892824E-05
3.23125951128449E-05
-1.5165831278347E-05
9.10211868714222E-06
-5.456999506806E-05
-6.98638326125582E-05
-7.10505796023451E-05
-3.74438674110624E-05
-8.6976960371967E-05
-9.09055470544419E-05
-5.85884242310563E-05
-9.99501975098999E-06
-1.44496210679998E-05
-1.2860743290512E-05
-8.82905085439391E-05
-5.82618129245485E-06
-2.38578551113891E-05
-4.65334647828397E-05
5.66062143683103E-06
-1.6611857664656E-05
-7.16755713443629E-05
-1.60740825787103E-05
6.61036451107315E-06
-3.48664662257913E-05
-7.45977080542705E-05
-0.000126855032461234
-6.94306874098827E-05
2.24443603999516E-05
-1.28131419455217E-05
-0.000103149182958092
-9.89192367217964E-05
-0.000103109782153511
-0.000110546037357912
-8.97861431259227E-05
-0.00015309514961684
-0.00018610499563894
-0.00011789949391908
-7.64248673888525E-05
-3.35629742292825E-05
-2.42166442248986E-05
1.89678246172695E-05
6.76078295205393E-06
6.184554278204E-05
4.38623592186167E-05
3.36675979329065E-05
-3.97802182645205E-05
-2.54442014913426E-05
-0.000101968498938927
-0.000108559733118012
-9.43295168568922E-05
-0.000125298423023293
-0.000137323950450601
-9.19078706096801E-05
-0.00012650839751167
-5.1174670903466E-05
-4.36861999024952E-07
-2.0655096368442E-05
-1.12561487716122E-05
-1.68028762143493E-05
-8.1637541244951E-06
6.59704474338793E-06
-3.01189886366338E-05
7.05760817811263E-06
1.64898749513703E-05
-3.74662175535114E-05
-7.93902502344714E-06
7.13784519498508E-07
-2.41153946716285E-05
-7.06716090542134E-05
-0.00011440327206413
-0.00013521360488999
-0.000126555751300155
-0.000171451356829532
-0.000149492715915222
-0.000127155201556
-0.000128579281775289
-9.91546404037193E-05
-8.05603279330405E-05
-1.23093968129952E-05
2.29021621574986E-05
4.45833192786212E-05
6.22562000178521E-05
9.31102623314975E-05
4.60330547293935E-05
6.400884196893E-05
4.87449720554741E-05
6.47578506285103E-05
-1.55285934398832E-05
-1.12823001257319E-05
1.57543162573243E-05
0.000136964806617044
8.596768994988E-05
7.46043910741179E-05
5.78257389490675E-05
0.000140414390788645
0.000111843928108417
0.000131313136134072
1.24995156719256E-05
5.22574447201477E-05
-1.42425401195897E-05
-1.19972960271573E-05
-4.83868019265467E-05
1.54944328323196E-05
-1.75902937707718E-05
-5.56660450689926E-05
-7.81453686882701E-05
-4.28325380344763E-06
5.33073777641547E-05
0.000124966369471345
-6.68489948388647E-06
-9.29960159798352E-06
2.29286100568677E-05
3.38304490225057E-05
2.38349372305228E-05
-8.55256666008465E-05
-0.000193236583610472
-8.10449250626805E-05
-2.00312524037281E-05
-6.55512599018303E-05
-5.90759150776406E-05
-5.06475085167432E-05
-1.83534789448104E-05
4.33652759192461E-05
-2.78419852493995E-05
-9.11970124893024E-05
-5.13031804591036E-05
-8.44704976311871E-05
-9.60873027531956E-05
-4.03977017237696E-05
-0.000129966738345074
-7.10897446702843E-05
-3.34555778748456E-06
1.07705492916194E-05
5.0944985367587E-05
1.9287643978014E-05
-1.84122406039458E-05
7.30103526300348E-05
6.00966218375815E-05
1.80427832401679E-05
5.35649893307054E-05
3.30155324037884E-05
4.91089762631619E-05
1.24468665976876E-05
2.10359392368624E-05
6.15068393507684E-05
5.29710031330767E-05
-4.64957100075363E-06
-1.41447644295447E-05
3.80242307914034E-06
5.88660227525607E-05
4.30553122225356E-05
1.78489498312611E-05
-3.17154333277467E-05
2.10936915788803E-05
4.61170312044173E-05
-9.44639255421255E-07
-4.19647750858667E-05
-7.18557032562776E-05
-0.000119228781247432
-6.006231036345E-05
-0.00013033254410085
-0.000186129172797195
-0.000143880551226199
-0.000117251133081961
-4.36131012342861E-05
-2.43354180374516E-05
-6.18385558792777E-05
-6.29309038357183E-05
-6.2951623675395E-05
-2.25801209882214E-05
-2.66059070295554E-05
-0.000115821322567611
-0.000153325348254017
-0.000171021111178761
-0.000114860511113879
-6.08788281035841E-05
-0.000104553705382622
-5.95685413319501E-05
-0.000135049324631174
-0.000112039996016602
-7.95553280578908E-05
-9.17196085117688E-05
-5.48910528951769E-05
-6.32270084240136E-05
-8.36514864044124E-05
-1.7177638593993E-06
-2.88789327380459E-06
-5.82935841920144E-05
-7.69931688770785E-05
-0.000118420368288566
-0.000123134999720497
-0.000133890757815526
-8.48711418207266E-05
-3.8153646907601E-05
3.29100319627162E-06
-6.50371040674952E-05
-7.50621309920188E-05
-3.17941720125614E-05
-3.72362371031989E-05
-5.24933950222065E-05
-8.61042086294691E-05
-9.06636949857032E-05
-3.95116167990309E-06
5.4748185833873E-05
7.01173919915902E-05
5.2023513770155E-05
1.41459659635469E-05
4.53998440834443E-05
-1.08573979290678E-08
3.59609512889193E-05
-2.31428687672113E-05
-4.92629436494673E-05
-2.58056975076355E-05
5.14817855047247E-05
2.09200842402804E-05
5.72548452007081E-05
8.75213568729947E-05
0.000120003877621898
0.000136483977356717
0.000152904053435366
5.71545120116591E-05
5.60990523781213E-05
0.000101563965899085
-1.74064745588317E-05
-0.000121744277474073
-0.00020036127898689
-0.000199817035828269
-8.99244696086646E-05
-9.42674362261766E-05
-0.00014477405706206
-4.81324573155301E-05
1.45611731336073E-05
0.000101069724633244
8.20878711625923E-05
1.28335311209296E-05
2.69441866891717E-05
1.77397497709112E-05
1.41835729546229E-05
3.71175023790571E-05
-1.04435818287103E-05
-2.75294155397039E-05
-7.32709152128547E-05
-8.16482742982284E-05
-1.24861689738936E-05
-5.83322985311758E-05
-4.29623249952504E-05
-2.81916273937154E-05
-4.26359815617183E-05
9.01657938258899E-06
1.24746956720922E-05
-3.98913538441102E-05
-5.7913999726756E-05
-0.00011125544271583
-3.57370965403442E-05
2.73277154833457E-05
6.88422848514359E-06
3.60181139552031E-06
-1.90644077372298E-05
1.31224976115921E-05
-8.34219735506716E-06
-7.27190791662769E-05
-0.000122465014283376
-0.000136434907666453
-0.000141085808230782
-0.000100654990769762
-0.000135001804416531
-8.16208722495021E-05
-8.56405065546961E-05
-4.8287344143464E-05
8.65390686227614E-06
1.06718196272462E-05
-1.92818978634789E-05
-1.18854193106345E-05
4.82719516258893E-06
1.43764057182227E-05
-1.49666397672358E-05
-3.12841280075395E-05
-3.26891110475678E-05
-1.72079358376522E-05
-2.0939260990132E-05
-7.41864546372427E-05
-8.29058308819702E-05
-0.000115384479629197
-0.000143661374431123
-0.000116781661433106
-0.000108186564559952
-8.97483591654116E-05
-8.54359635481373E-05
-0.000156415704006659
-0.000116446243315908
-7.65129123025827E-05
-9.09519972117521E-05
-0.000110053045683295
-0.000126442300463654
-0.000107498035048972
7.16778869068622E-06
-8.64558230445995E-06
-3.77313960140643E-05
-1.06903911167404E-05
-2.21246669357065E-05
-1.13183961862498E-06
-1.78236126804758E-05
-6.1778801752358E-05
-6.15654871835673E-05
-6.56083725000288E-05
-0.000129464371031372
-7.12595926810988E-05
-9.89458675925944E-05
-6.93797320396586E-05
-9.00888278579574E-05
-8.20639888950358E-05
-8.68226658795085E-05
-0.000116166069124742
-0.000135997258586445
-0.000183521021281841
-0.000163368944936542
-0.00012323728569922
-0.000107861452961101
-0.00011287441985782
-3.13524031453637E-05
-6.80806429892272E-06
5.48202872384186E-05
-1.85750523975344E-05
-4.2143246567833E-05
-9.5262336628089E-05
-5.57876172484292E-05
-7.23312979915636E-05
-9.76594734569845E-05
-8.5107773165685E-05
-7.116615139578E-05
-5.08807293438481E-05
-3.54811367807981E-05
-7.80230532647448E-05
-0.000113222930208054
-0.000106907906840509
-0.000123971835515615
-3.04281308176378E-05
-6.8365209746645E-05
-8.14537116505011E-05
-9.88530406850372E-05
-7.35508291544457E-05
-7.32536269173831E-05
-9.41485792638287E-05
-0.000103423757829131
-0.000122835740081432
-8.69805528704763E-05
-8.58916519990829E-05
-7.90699562123342E-05
-9.80941227757343E-05
-8.32296333387412E-05
-0.000233246536182537
-0.0001829129276446
-0.000201702580694507
-0.000171441098163101
-0.000191177556882533
-0.000195705825651505
-0.000191321562140264
-7.21818538024475E-05
-8.46454518028823E-05
-1.95432205948731E-05
-1.48021921184398E-05
8.12376565744817E-07
1.03079568033742E-05
-5.20206145436015E-05
-7.7573737328945E-05
-2.21886442033728E-05
-5.75855431204085E-05
-0.000124466991203792
-0.000153504614348236
-0.000167701426107667
-0.000117777133046432
-9.83493019603591E-05
-0.000141280987274159
-0.000178118400951192
-7.16464825611293E-05
-0.00010108886950769
-8.16422943993778E-05
-1.71116253398854E-05
1.2678586232755E-05
-5.72350828772537E-05
-2.39183457828244E-05
-9.2083182180206E-05
-5.63578827259404E-05
-6.97655551369396E-05
-0.000103207383696408
-0.000103568373156485
-2.97170516850463E-05
-8.95210849793255E-05
-7.12545596602808E-05
-3.94831635598578E-05
-6.59788310079685E-06
-4.63530316977599E-05
-9.11561375788439E-05
-0.000112299676512753
-7.04380874784319E-05
-9.86132028247337E-05
-0.000122398948163777
-0.000116327293740588
-0.000180907244057524
-0.000206602772613667
-0.000230254874548943
-0.000205580506554515
-0.00015122584087079
-0.000182828948864376
-0.000186948186231129
-8.75126661146675E-05
-9.23561634074575E-05
-5.84802064589656E-05
-0.000141485728939862
-0.000164208509118355
-0.000124838630666182
-0.00012595733052399
-0.000148574423585444
-0.00010472116403263
-0.000149262074821619
-8.23362247851829E-05
-8.73707443711745E-05
-0.000120460981517198
-0.000153834657496367
-0.000135895179700972
-0.000182013050365174
-0.000139865264356579
-0.000189633514667043
-0.000139468892696084
-0.000145191262206216
-0.000169242224672589
-0.000158458782136347
-0.000107307159266003
-0.000149365468458677
-5.05622491564363E-05
-0.000108824496506418
-8.405118150012E-05
-8.13037435909022E-05
-0.000125941304473976
-0.000206900928949024
-0.000154820692162847
-0.000154395279730323
-0.000237949797394441
-0.000262243101576475
-0.000265065215564677
-0.000203267044915691
-0.000186235440644343
-0.00019919177587364
-0.000251257766796199
-0.000186748374523663
-0.000178427215875721
-0.000193141546472477
-0.000222369740765451
-0.000172991205862849
-0.000158787699145012
-0.000182917703076256
-0.000168090559383353
-0.000185373890712994
-0.000133383491310014
-0.000105312270860854
-0.000124299291156372
-0.000200174219239768
-0.000168636250601958
-0.000194887739757163
-0.00019458860903239
-0.000170435465931184
-0.000223452908103327
-0.000217362667190606
-0.000209422226669318
-0.000228885912888727
-0.000179853115737314
-0.000127820594179312
-0.000188470351690029
-0.000199131524514941
-0.000226776497188335
-0.000167638579342352
-0.000253314903767121
-0.000297022010621381
-0.000277356616024299
-0.000211258730995236
-0.000200855957499591
-0.000207908296660013
-0.000220373017406139
-0.000165413796925927
-0.000129267473459067
-0.00019279046424146
-0.000228545004227583
-0.00017712891130975
-0.000188651705541018
-0.000193120983668331
-0.00016599585315513
-0.000128122284874517
-0.000147178224718943
-8.10881546067063E-05
-7.69127049452877E-05
-5.95003858644897E-05
-0.000126524899648187
-0.000141124746407189
-0.000216245517221559
-0.00012316177977083
-0.000245128632323751
-0.000290395979112076
-0.000310334835734623
-0.000278908940983572
-0.000264091752021217
-0.000246663135449069
-0.000160043125122048
-0.000111829183333942
-0.000151253250764175
-2.23317495027111E-05
-6.37815247179683E-05
-1.84706883119151E-06
-1.57865291164541E-05
-0.000141997484277782
-0.000138206077166455
-6.31900469406025E-05
-0.000124131358426769
-2.56922428470911E-05
-6.89920194898622E-05
-4.06724256623034E-05
-2.37530258647724E-05
2.92323680735521E-05
1.76730003914389E-05
7.38098212032702E-06
-1.9709832386469E-06
3.84457268662585E-06
-2.40612028967798E-06
-3.18036765187854E-05
-7.10017162133393E-05
-8.45307868670742E-05
-8.2334543148082E-05
-6.86254905791393E-05
-0.000106848834117938
-8.38170829586057E-05
-5.55356748345892E-05
3.42449112969609E-05
-2.15925292043953E-05
-0.000170659135854883
-0.000164668987584357
-0.000163853929282539
-9.06169787410618E-05
-0.000107752083422845
-0.000159620563064427
-8.21965976955928E-05
9.13660654450339E-05
6.14318287403958E-05
9.43740409855123E-05
1.9420708448292E-05
2.48804865528575E-05
-5.74525680347523E-05
-8.99547494425158E-05
-9.1620298093076E-05
-5.16183840008224E-05
-5.99027836857015E-05
-6.50088771518515E-05
-8.32186637753009E-05
2.7701127575083E-05
1.459910082182E-05
3.99997189777785E-05
-1.37933385673526E-05
1.31669172650947E-05
2.33618678850803E-05
5.05746587459786E-05
1.10087428418466E-05
5.62622577099596E-05
5.54305058583389E-06
0.000109758915099168
0.000130552175019349
0.000124409033765831
0.000162859538559583
0.000137876897716885
5.85281291157744E-05
0.000132501780334702
6.03050350412561E-05
2.35904383174688E-05
6.83554152803868E-06
1.25812320926021E-05
7.50714427677893E-05
0.000121331774312925
6.86855307546667E-05
4.35431741407941E-05
3.43432177057219E-05
0.000123072450823732
0.000131463300602816
0.000106665490932765
0.000140508775122546
0.000170153016417717
0.000239644257432112
0.000306899726375978
0.000266474533500416
0.000222381149055276
0.00022434297695458
0.000244471673341813
0.000212171892186548
0.000185392873522156
0.000194292000966148
0.000276060428986231
0.000310658167126867
0.000299221688866128
0.000313756716490511
0.000399021759599359
0.000373883875858813
0.000353094865508717
0.000284974247621257
0.000299101584692276
0.000264575258537715
0.000272815017611795
0.000190438786058174
0.000247643199660958
0.000366788185334668
0.000349224264283726
0.000309569598818743
0.000270014296684763
0.000276999068709788
0.000300225114147423
0.000315678905041022
0.000182370516108453
0.000163268721453831
0.000151829701926831
0.000248897296389557
0.000294854230471152
0.00031825314465971
0.000228049345716858
0.000238260959778742
0.000215284748396487
0.000272266397204942
0.000306159079900057
0.000220532868027061
0.000179965136618687
0.000209309216262096
0.000193458467690213
0.000196277131364568
0.00011762375829194
0.000155169940052346
0.000150941361366047
0.000214747386118066
0.00022698091755036
0.000196000068171947
0.000216048553556676
0.000255589385541134
0.000149451959169821
0.000145159699276427
1.70082033274907E-05
9.93965275097902E-06
1.12773562424211E-05
7.86876545881053E-05
0.000127936655514882
7.88851062379092E-05
0.000115294085337911
0.000115820955998363
0.00015255731844509
0.000168071786956868
0.000165916951153919
0.000117405843476062
0.000118635837623915
0.000125469369639131
0.00016789412487494
0.00016383657029668
0.00019130424520316
0.00014545421551647
0.000111082893746408
0.000171169213805048
0.000147779424506002
0.000149424099712449
0.000120283827373532
5.32773311633674E-05
3.97341946940306E-05
6.16752026446006E-05
3.4701721832035E-05
2.10052950330609E-05
7.86571967810042E-05
0.000111253427149722
0.000160018229850641
0.000167631501177476
0.000166387765514237
0.000174045319183833
0.000191801490940486
9.21139150099186E-05
4.37652450139562E-05
-3.24610772346825E-05
3.4223070099219E-05
1.23184674616127E-05
6.09137335542075E-06
-1.01896887806973E-05
2.80079116437093E-05
5.67640088374627E-05
0.000113056781292717
4.53869333679231E-05
5.17581736146254E-05
9.62082268367131E-05
7.81285341178298E-05
0.000114942336455365
7.77985483652861E-05
7.64389946278558E-05
4.48794771322416E-05
9.24148263590531E-05
8.23422916951702E-05
0.00010707463580614
0.000115951009451418
0.000125620781643544
9.0710304064711E-05
0.00010849479348645
9.52706706177469E-05
0.000113784755917627
0.000108463351231278
0.000106506521976112
0.000110141404324537
0.000186774286710747
0.000179954327501325
0.000198427437022227
0.000109167273081388
9.44346943659789E-05
8.32709963180099E-05
6.38559464419189E-05
1.55443564689368E-05
-9.11247771458645E-06
-4.19942174721932E-05
4.09463538961857E-05
6.63696675437178E-06
-9.15898835438235E-06
7.95466073777251E-06
4.51934178853375E-05
9.95028484806164E-05
6.70695366603777E-05
1.02013309362558E-05
5.48655188571567E-05
3.37756136185337E-06
-2.38418760235289E-05
-6.20056009444322E-05
-5.4479638355529E-05
-2.07256437955293E-05
1.9346242759608E-05
2.01508791401762E-05
4.10355109750202E-05
9.14893118070549E-05
0.000110072993309681
0.000110649408784892
6.48265469844623E-05
5.10373671970288E-05
6.43249901293638E-05
7.51203483477242E-05
-1.79591946752165E-05
-7.53270819102299E-05
-6.18566891854846E-05
-1.54832410967255E-05
2.44547542973034E-06
-1.39216467898966E-05
-3.48337513231818E-05
6.63767353915776E-05
0.000186399234749065
8.91485044445023E-05
7.33476546207429E-05
2.66875059440764E-05
6.37874267756147E-05
0.000150279882270156
0.000130055098903387
4.50631264634786E-05
0.000139558632031169
8.51728034320454E-05
9.85806594256605E-05
2.92430576810357E-05
-5.19829481091406E-05
-4.29543060479454E-05
-7.19219593748862E-05
-9.1648741185585E-05
-3.64343472504551E-05
-3.43962965680382E-05
-1.72262765484573E-05
-1.36555662477762E-05
-2.14328969962654E-05
-9.55725278000045E-06
-6.55513234241799E-05
-2.06949621595815E-05
-5.08718613147283E-05
-4.53840464419387E-05
-2.72885876730182E-05
-1.39326048314908E-05
-6.80676516696372E-06
1.73438883255313E-05
-5.2598624516276E-05
-1.40405883305832E-05
-2.57496753929227E-05
1.03487228655397E-05
-3.14016204328165E-06
4.25903979338352E-05
8.32724944867316E-05
8.29956158689633E-05
9.26013914773407E-05
0.000105521180780762
3.00050498433185E-05
6.94773554278739E-05
1.32218302528752E-05
-4.34037022267162E-06
-1.53124460577538E-05
-2.63802439565447E-05
-1.38090828472208E-05
-4.38085305413035E-05
-3.33277305972968E-05
-2.10291962084192E-05
-7.17861840974618E-05
-7.38269739831817E-05
-6.69115470436946E-05
-7.18240350698185E-05
-2.6901006267086E-05
-0.000120479930669826
-0.000119254163778484
-9.44496563296182E-05
-0.000105503635418173
-0.000100669215443863
-6.26172762647957E-05
-4.28968578663609E-05
-3.24855210177596E-05
-3.00939617280893E-05
1.09974780718236E-05
8.3682587146845E-05
3.4281781024445E-05
-3.23320621664249E-05
-1.18735815815316E-05
2.500490207365E-05
2.78820581143309E-05
-2.69599265503435E-05
-5.07234439313618E-05
-1.84768891019302E-05
-1.84998064230291E-05
9.35850922947391E-06
9.64597061195306E-06
-4.52258225939335E-06
-1.98446596202749E-05
-2.14254105941853E-06
-4.45279340817488E-05
-4.93116724228196E-06
-5.27527420426275E-05
-9.76066277997155E-05
-7.5500354758065E-05
-7.13592792436253E-05
-8.07370195403683E-05
-2.26402520685763E-05
-8.13220601225989E-05
-8.42993913778807E-05
-3.19879805125802E-05
-7.06643264515734E-05
-4.19998653120141E-05
-4.49397496973952E-05
-7.98306906926629E-05
-5.33704152343018E-05
-5.79298831293561E-05
-9.0163311162909E-05
-6.34262074592938E-05
-6.62798532324813E-05
-5.43637983315169E-05
-4.50130391303122E-05
-3.59027532511387E-05
-2.78941823137041E-05
2.66390124884723E-06
7.78485093540282E-06
-1.11809930330017E-05
-5.65353558977302E-05
-9.25942389835317E-05
-5.97367144059425E-05
-6.29531905559514E-05
-0.000103358042539955
-8.45959080468622E-05
-3.88862385166649E-05
-5.81413340577428E-05
1.58069369318611E-06
-5.56266930314602E-05
-6.24229298379665E-05
-4.59100800002612E-05
-4.88684707847081E-05
-7.2626632722188E-05
-5.97540665152821E-05
-1.94324089526902E-05
-6.18902945226239E-05
-2.07804705074837E-05
-8.30627380765648E-05
-8.4305299780529E-05
-3.75671522689647E-05
-1.80173527700451E-05
-0.000145068841383816
-8.23515180843956E-05
-5.58816845600809E-05
-1.92272643683387E-05
-1.89330414434458E-05
-9.6147100492964E-05
-0.000117582787684828
-7.0312191944475E-05
-9.64191818532815E-05
-0.000120140783429043
-9.42158742109987E-05
-4.367596559003E-05
1.92438599116017E-06
4.81638358222028E-06
6.52194831592668E-06
6.00973096033495E-05
-9.13933566782794E-06
-3.72613888210815E-06
-4.73835780970887E-05
-6.29941796736529E-05
-6.36384191749837E-05
-9.2379758350906E-05
-6.43825205931078E-05
-3.85761901901033E-05
-1.97769605627165E-05
-5.45448286007301E-05
-5.11666721282974E-05
-9.71608429969652E-05
-1.08843729557817E-05
-7.70699975930862E-05
-4.33079330928887E-05
-8.14026245991392E-05
-0.000111034021774644
-0.000121353148081738
-5.83449208239964E-05
-8.47308968383952E-05
-7.26215479711378E-05
-8.63767577723129E-05
-9.46881869616563E-05
-2.21846099587952E-05
1.79124014216085E-05
3.14912049884736E-05
5.6687674867179E-05
4.78339195099311E-05
1.03975932511845E-05
4.74347534251429E-05
7.74618053136971E-05
8.57608989450904E-05
2.47147804764217E-05
3.30369594743434E-05
2.49351602932227E-05
9.54220458503712E-05
7.55470967199127E-05
7.02104593141069E-05
6.06243125616042E-05
9.63067877193684E-05
1.1187878771085E-05
2.50340415598847E-05
-1.16494954029008E-05
-4.88304669054859E-05
-9.60496409892151E-05
-9.50189827929308E-05
-9.42690382323822E-05
-5.91355120427295E-05
-3.34767137082974E-05
-4.92694302445377E-05
-2.05711134290475E-05
-1.99955886447144E-05
-6.42179617759602E-05
-0.000109326715124433
-9.73038656546388E-05
-8.83552658805117E-05
-9.53985570246597E-05
-6.25043100453578E-05
-7.51704789443817E-05
-4.8630339092423E-05
-3.3021788807239E-06
9.92130139727643E-06
2.84533077256699E-05
2.57279482931916E-05
1.82315224459363E-05
5.54793536786864E-06
-2.08777835386608E-05
2.92757180602566E-05
-5.90215824223956E-06
-3.90634414496229E-05
-5.00195946043282E-05
-6.13954747965902E-05
-7.33810916342893E-05
-3.42976674218899E-05
-4.4936260709333E-05
-5.50048624796573E-05
-8.47958538017258E-05
-3.24878632039893E-05
-7.52406395475399E-05
-4.11110923261022E-05
-6.01307743913048E-05
-6.16595930320005E-05
-4.41716927983228E-05
-4.43923665773129E-05
4.11372284713957E-06
9.12032014075505E-06
2.72173271676145E-05
1.38623813347879E-05
-6.16186733647427E-05
-6.50667855681042E-05
-8.55584523117646E-05
-0.00018787349353008
-0.000144493395234592
-0.00012553720769817
-7.70197951126016E-05
-4.35183381511801E-05
-4.23219734146024E-05
6.66382085274131E-06
2.15290102835413E-05
2.3311091152274E-05
-2.61673534128055E-05
-0.000114945966734854
-8.79305946676044E-05
-5.2991969512848E-05
-6.08262022756932E-05
-6.73075087091015E-05
-7.89969770366453E-05
-8.20346770185018E-05
-3.83761017769721E-05
-7.46833792252721E-05
-0.000128283505316335
-0.000144344365116308
-0.000120677331674814
-0.00015796982753846
-0.000120568175306431
-0.00014220624561992
-0.000116747423614359
-8.5996145051486E-05
-6.15856712255291E-05
-4.58756892584437E-05
-4.24088322812479E-05
-4.38921094426359E-05
-3.03778241568499E-05
-5.20791015679637E-05
-0.000108920824696722
-9.24918814358436E-05
-9.08815407172204E-05
-4.05306818098857E-05
-4.50327208178421E-05
-3.64902470988437E-05
-4.06732831502469E-06
5.37309529515883E-05
2.91355454747434E-05
3.6551343415877E-05
3.96867189584539E-05
5.26541415045121E-05
4.80191889442305E-05
-2.38973091234946E-05
-2.16098185729644E-05
-2.14111617389123E-05
-1.55180476775714E-05
-8.71288690657918E-05
-0.000137157266986216
-0.000142486635755255
-3.41764938036824E-05
-5.3860046571592E-05
-2.99185374901871E-05
-7.05959498517605E-05
-3.99397419933961E-05
-1.74541311149589E-06
-2.09893693237094E-06
-9.60109705344898E-06
4.8106984540038E-05
-8.25041879631397E-06
-9.39442244912534E-05
-9.00983817382881E-05
-0.000143528880284523
-0.000151386724107562
-0.00013601744721345
-0.000205238723614464
-0.00018526790332139
-8.76663325197217E-05
-0.000108672203439857
-8.36234358155025E-05
-3.30964202569569E-05
-4.51804639280085E-05
-2.40155307037138E-05
-2.16333879796642E-05
1.32351224865143E-05
2.01072610733526E-05
3.8676967455786E-05
2.81334486829446E-05
-3.08009181085327E-05
-9.88997062278186E-05
-0.000117207327914382
-0.000154909284757521
-0.000122943330335608
-0.000144495230648952
-0.000156509726902183
-0.000146034536454333
-9.03053752078705E-05
-4.76054570699272E-05
-5.32708393506361E-05
-7.63175462984048E-05
-8.94595660603788E-05
-8.62839836884666E-05
-8.26666746064089E-05
-3.37387211392709E-05
-3.42741695685994E-05
-4.0411502699031E-05
-2.39327031994285E-05
-4.58906203568951E-05
-8.05206801558479E-05
-5.80061493045545E-05
-0.000136727133261322
-0.000236933530416421
-0.000245184281385795
-0.000257289608656846
-0.000185191122529651
-0.000172848856397041
-0.000149032476327542
-0.000106529166929426
-3.461884607058E-05
1.63134671744842E-05
-1.19037499074128E-05
-4.12474058072047E-05
-7.3801236761514E-05
-0.000105143070762778
-7.26237408759583E-05
-2.37267692025837E-05
-7.00585546266062E-05
-3.09841561734972E-05
-3.67640849685647E-05
-2.50409878381752E-05
-3.06268093153711E-05
-5.66603033890405E-05
-0.000108426488207173
-6.06394851244403E-05
-1.64291083540287E-05
-4.61133991896666E-05
-2.93866490542661E-05
-3.15176491384695E-05
-1.58812216578067E-05
-7.418180604995E-06
-7.62661313050965E-05
-0.000145694481018946
-0.000112021055957184
-0.000115165030783562
-0.000132275681184738
-0.00010761560647528
-0.000116336305777794
-9.36425664488682E-05
-8.20957013310758E-05
-7.70137685560583E-05
-5.64606642789043E-05
-3.59365434414597E-05
-7.13952489148117E-05
-3.39427480837408E-05
-3.58136449923883E-05
-5.68386494687741E-05
-4.91976529306425E-05
-8.01872966921911E-05
-0.000140781392985338
-0.00017301547465027
-0.000252029537029114
-0.000231225766367785
-0.000239989973648717
-0.000197194829398772
-0.000188416692504787
-0.000127300030333474
-7.51869141425135E-05
-4.05422544694068E-05
6.98777705657555E-08
-1.92431832288528E-05
-0.000101431640098823
-4.02134382436168E-05
-3.33783026369228E-05
-4.46886013093583E-05
-5.83737903648117E-05
-5.77485330464745E-05
4.70295695787103E-05
6.15684313539829E-05
2.86450441072969E-05
1.53300973390675E-05
-4.61745899455969E-05
6.56710076443093E-06
-4.08982824724758E-05
-7.92236664310529E-05
-6.227363974767E-05
-7.00868131389409E-05
-5.84595137426326E-05
-1.76806287117257E-05
-4.91700155692742E-05
-5.6939644781487E-05
-2.6207918799255E-05
5.96927302574125E-06
-3.13159376606446E-05
-4.02526352991892E-05
-4.36350000120286E-05
6.73025508942216E-06
-1.32228883180412E-05
-5.97154669043043E-05
-6.60194842545367E-05
-5.72078236360181E-05
-9.07248599427732E-05
-3.25201045327184E-05
-7.31616520989022E-05
-2.46490050025017E-05
-5.30489891036772E-05
-9.5909089301735E-05
-9.05835850124842E-05
-1.99047831709407E-05
-4.15904431509011E-05
-4.33959618892487E-05
-5.08891295336594E-05
-3.37174590684954E-05
-1.20476818977016E-05
-1.7444582619039E-05
-9.00008280986893E-05
-6.86960619046485E-05
-8.33809627033996E-05
-0.000127853752345007
-0.000106979581120217
-0.000148559588785421
-0.000132424395096237
-6.26286741556144E-05
-0.000110142088952539
-5.48729946004658E-05
7.4096327409402E-06
7.98265789043924E-05
9.36185441749007E-05
9.78500342047317E-05
0.000125344503726044
0.000112596790181409
0.000185491218653005
0.000143819492894973
6.28699866128334E-05
0.000127579188268069
0.000121859846012174
7.78338282452932E-05
0.000118695466453536
1.01046448596927E-05
2.47414877141134E-05
7.3260875721634E-05
3.40037696680763E-05
7.7232235699979E-05
7.98099784326831E-05
7.10949239559858E-05
7.08672143766566E-05
0.000110771388272083
4.99609867036374E-05
1.99856473793122E-05
6.30177005325577E-05
7.41895579051969E-05
0.00010495009866635
0.000124986925994784
7.26651822663277E-05
3.60954967517387E-05
0.00010190531010393
0.000117032143309057
0.000102413909405758
5.97096289543378E-05
6.80050682108766E-05
9.36588648762905E-05
0.000207217247537286
0.000126536515291569
1.83918031878243E-05
1.91742301007307E-05
3.86308364956744E-05
2.20759797410577E-05
9.50928454594195E-07
1.25461669831223E-05
6.15351713223908E-05
0.00016183784987334
0.000169131736059057
0.000158298817156959
0.000152308936610201
0.0001713290333757
0.000126115089327935
0.000163624070317208
5.14830326893964E-05
9.13150923138976E-06
4.02322676283984E-05
4.74867733666299E-05
0.000109259254086838
0.000109786513383773
5.47498831172366E-05
0.000111127009893334
0.000115039830863081
4.77391307407927E-05
6.42858540958786E-05
-4.64435889175196E-06
-1.41494890240374E-05
5.30674006519163E-05
6.38845216241726E-05
9.25141990218829E-05
0.000158550178940903
0.000127434912615795
0.000110530835679951
0.000102688866980109
0.000129310613195783
8.50418737459546E-05
0.000112742315613079
3.07684581730164E-05
4.38509863318645E-05
4.29336138361538E-05
4.05222268414822E-05
-2.16887573447511E-05
3.81072115971555E-05
2.86009760243959E-05
7.45815159118329E-05
7.75835906599177E-05
7.17762963319589E-05
0.000134090199052799
0.000158254733962755
0.000136326254893013
9.96010806140144E-05
0.000139830841203681
0.000148241185539417
0.000144652578461137
0.000120230157804563
3.5794042655836E-05
2.79094317153787E-05
0.00010542391041603
4.44109885603247E-05
3.4918505720395E-06
4.76715053884177E-05
2.04879002101113E-05
9.97207065099833E-05
0.000101356747069696
4.26965643557191E-05
8.31997227228978E-05
8.37054124546086E-05
9.12237963701594E-05
0.000127834439609558
9.64011088038158E-05
7.25338064222396E-05
0.000121860504372453
6.93344022594853E-05
7.58787413039051E-05
0.00012480060269398
9.42994996291404E-05
0.000130718573931507
0.000171300520566871
9.86267644766435E-05
0.000141206882720366
0.000138048391444483
9.63075827080755E-05
9.16791382844691E-05
6.81677803796982E-05
2.68218246782906E-05
5.09270072305113E-05
5.71453592658657E-05
2.71615550687176E-05
-5.81502065823764E-05
-5.9495797955581E-05
-2.52037762665941E-05
-5.84278630643598E-05
-3.72679871204467E-05
-5.40603453225255E-05
6.25986955187874E-06
3.68248632683894E-05
2.66796114703927E-05
-1.14017795236018E-05
1.80854382366643E-05
1.34781499172043E-05
3.90865669991571E-05
4.25322843486242E-05
7.65033140072112E-05
2.07408766783953E-05
1.45790930598569E-05
2.4726997442046E-05
-3.02142664946396E-05
-5.55443462843295E-05
-0.000112948890502321
-8.4071145561426E-05
2.13623102010884E-05
-3.47811744528236E-05
-2.95737662178277E-05
6.65080926522723E-06
-2.69310282083927E-05
2.69982305397432E-06
-4.62629067885069E-05
-9.38973318754241E-05
-7.88389549031908E-05
-8.82007546449521E-05
-0.000136266066914223
-0.000128399776727409
-0.000130478168191946
-0.000125239957114787
-0.000159929948037419
-0.000174963781349548
-0.000166468718870004
-0.000113932042436765
-3.25572773675724E-05
-2.21547182935585E-06
7.84594084511203E-06
4.00126677990065E-05
2.38218704617067E-05
8.77718515224312E-06
-1.18592298632751E-05
-8.10991276932912E-05
-0.000152303549826827
-0.000217496143211699
-0.000177684747136414
-0.000125630733544792
-0.000135014158464081
-0.00010982036221058
-0.000111721580256762
-2.28445064951386E-05
-2.13249338132268E-05
-6.44035397047002E-05
-8.88205839662333E-05
-6.25004782579314E-05
-8.52005508441103E-05
-8.56555793694629E-05
-0.000172029398632548
-0.000109213534916431
-9.90215006255508E-05
-0.00012092229729593
-0.00018024363280527
-0.00015241154828161
-0.000134990729474888
-0.000135719641828095
-0.000155379759333061
-0.000191979143196959
-0.000133329522640429
-5.29937882385825E-05
-0.000141478045551255
-0.000146945032432261
-0.000113815453018262
-9.10946067912463E-05
-6.74167790076265E-05
-9.79748105157435E-05
-0.000203801117759973
-0.000170460350778861
-0.000139906964281432
-0.000125159674501576
-0.000168030130755865
-0.000144131107925029
-0.000115676489774903
-6.19858871482207E-05
-2.22910292995428E-06
-3.77643603858016E-05
-6.85852065896763E-07
3.97749693749599E-05
-9.53625225993131E-05
-7.84861853340193E-05
-9.5238638748691E-05
-0.000148503317869602
-0.00018008185445601
-0.000230953008220724
-0.000283582827981484
-0.000196865907667387
-0.000169359269861602
-0.000122248080934698
-0.000116149044941197
-8.77407777739008E-05
-0.000143509053210262
-9.04435265277935E-05
-7.02144495407111E-05
-0.000135677612070596
-0.000183519655794282
-0.000173833347513713
-0.000180688379621712
-0.000105298148382327
-0.000124849418027145
-0.000144624974525393
-7.7985015254071E-05
-0.000100455312940042
-0.000159707764254324
-0.000138623837051143
-0.000166951663716305
-0.000214844330419361
-0.000153923462183713
-0.000222659132302865
-0.000200926477307244
-0.000130506254695781
-0.00017928860996169
-0.000159836348868185
-0.000112272529837938
-0.000142515154925121
-0.00015135136980653
-0.000227923835674303
-0.000251374384162284
-0.000212500968364598
-0.000264228992984352
-0.000240976725899689
-0.000223849111134016
-0.000212987814613467
-6.79345190830718E-05
-8.25107811901588E-05
-3.42571496778905E-05
-6.76614804888039E-05
-8.22984336475147E-05
-0.000237354571004246
-0.000242913048021752
-0.000253753553382316
-0.000201694447448329
-0.000286600095829207
-0.000196153075208002
-0.000190475705510372
-3.86199165875294E-05
-1.13163903489319E-05
-5.52170553381353E-05
-4.01135923294797E-05
-8.79801856689556E-05
-0.00012450145442893
-0.00015665843357649
-0.000194283695846436
-0.000191889812650697
-0.000166948753528417
-0.000196820885832179
-0.000154692720798211
-7.33178022027384E-05
-5.3934025056645E-05
-4.71788055658839E-05
-6.10038657694307E-05
-0.00011503551905707
-0.00015246802140471
-8.68808284878426E-05
-0.000143670724784019
-0.000125792025313235
-0.000116151562774998
-9.31828323605533E-05
-3.72275833490511E-06
6.00191587687861E-05
1.41837390933088E-05
2.49567946424278E-05
3.43838897124066E-05
-4.4774005286992E-05
-2.46530499329197E-05
-9.88819422215313E-05
-0.000126545618113255
-0.000155317166636903
-0.000173061045033129
-0.000188050959594554
-0.000108520999808353
-6.81658913368594E-05
-6.76443286830801E-05
-0.000119069933092977
-5.79917368554005E-05
-9.40319935772209E-05
-0.00010036531177541
-0.000105545135427697
-0.000152287416849178
-9.21297444001355E-05
-6.00644503856122E-05
-8.32841929201383E-05
-8.52809776285469E-05
-7.88621530482861E-05
-9.51248093770301E-05
-0.000163448558458223
-0.000124787225188079
-0.0001538050612048
-0.000164579743364985
-0.000136632504160824
-0.000171217200998328
-0.000140296729041891
-7.4625759177456E-05
-0.000152101503366677
-3.14139395367943E-05
-1.11036790566959E-05
-5.03349609136688E-06
2.18506072222051E-05
4.8054536001895E-05
-8.63307218142157E-05
-8.40769585255932E-05
-0.000176595986990094
-0.000189236219134432
-0.000195756371720573
-0.000173491982483704
-0.000240924268517109
-0.0001641871184681
-0.000157667164060266
-0.000103484231552173
-0.000120067425690612
-0.00014696704640223
-0.000212080328947534
-0.00017539846585952
-0.000111523404416421
-0.000113961638320365
-0.000194196455368593
-0.000167729935241653
-0.000173010410439714
-9.88801692382176E-05
-7.48604556835803E-05
-8.46927072893146E-05
-0.000129539812477456
-0.000101811231336905
-0.000109831447922951
-2.16528685095188E-05
-7.94635948015636E-05
-9.10649702329264E-05
-0.000160606477484297
-0.00014545543871894
-9.78930322534338E-05
-0.000130799250440016
-0.000132402139410467
-6.36602392146694E-05
-3.7621012631116E-05
-2.20911906073148E-05
3.49982439936803E-05
-4.24103745538227E-05
-2.54818526670349E-05
-4.54535311711812E-05
-5.67480617993269E-05
-0.000111893436959191
-0.000102420949117564
-0.000111783880958472
-3.03293402131946E-05
-1.61035219363452E-05
-3.61638320826057E-05
-0.000107384917403364
-6.87230050135262E-05
-0.000115907017768475
-0.000118956253183517
-0.000146648221054187
-0.000172354130891291
-0.000170751108466746
-0.000123792912394063
-0.000175467489655692
-7.72342412946476E-05
-7.55728203748007E-05
-8.62427340860411E-05
-6.95558364526014E-05
-7.10781425467067E-05
-4.97398511748752E-05
-4.35462063023363E-05
-3.72368569013719E-05
-8.54113961400478E-05
-7.86833597767123E-05
-3.713614749268E-05
-7.10079765702875E-05
-7.77612070748385E-05
-9.38399798946099E-05
-0.000107312112768183
-0.000154106110019075
-0.000249420654972435
-0.000346800981054508
-0.000263227523203178
-0.000277019197446078
-0.000251645961594926
-0.000201239253033267
-0.000137738106625367
-6.53280060716295E-05
1.97512890727971E-05
-6.18287502802178E-05
-4.62145697908168E-05
-8.59147771522491E-05
-0.00019953587296039
-0.000174355295312628
-0.000147987078752203
-0.000188849000107628
-0.000158892355106501
-0.000196429378633435
-0.000164338307454232
-9.49242035727368E-05
-0.000120590343192017
-0.000127629900404505
-9.91483071386445E-05
-0.000159047093094856
-0.000192464879960201
-0.000177791657269751
-0.000223995095932865
-0.00024311142858808
-0.000234316794339964
-0.000217484375469569
-0.000164266039683056
-0.000205073235140163
-0.000196445254892878
-0.000182468133242745
-0.000155707613993664
-0.000166893623702415
-0.000262084842091056
-0.000281700282082038
-0.000151024045876181
-0.000218387249371391
-0.00021722495355927
-0.000241290851088285
-0.000256114554346727
-0.000187561859135959
-0.000195279156089589
-0.000265061257745875
-0.000209507175429058
-0.00018690808475851
-0.000339826450405911
-0.000364027099599644
-0.000397835293764554
-0.000413063383219755
-0.000359286940802823
-0.000286825624765593
-0.000316924077391495
-0.000132055133033657
-5.50948540111715E-05
-6.26913919767126E-05
6.13101917776239E-06
-0.000169095849400839
-0.000261182448095215
-0.000313175709512939
-0.000377119143314274
-0.000427699185080902
-0.000374038605022918
-0.000420815820318055
-0.000278297884585534
-0.000225628564057296
-0.000128553577949441
-9.55388983546597E-05
-0.000156786845075744
-0.000534735362540354
-0.000489441830879473
-0.000441776649279423
-0.000507682220784207
-0.000580917280386963
-0.000598406192641895
-0.000535073702580394
-0.000211223007142799
-0.000193753767787779
-0.000249080865112185
-0.000178561069211365
-0.000195959673277737
-0.000259899443356324
-0.000362623339197124
-0.000342158034229155
-0.000428714850535279
-0.000391287763775692
-0.000438550875795694
-0.000383368884313097
-0.000295229143316148
-0.000196455796756465
-0.000195121361742679
-0.000161534819061725
-0.000258056502698881
-0.000277182713625152
-0.000295614604747678
-0.000279176746882159
-0.000304180407299626
-0.000258539443077114
-0.000270637845184208
-0.000205202126405174
-0.000123702940320442
-3.88340553972639E-05
-1.39656209767872E-05
-3.69720803228884E-05
-0.000125834643741456
-0.000101158720274984
-0.000141557433371127
-0.000177794084440226
-0.000274190925783504
-0.00027221123178362
-0.000188549970732679
-8.78822595185833E-05
-0.000110281914272375
-0.000111377786509636
-5.89265676768001E-05
-2.55323717719341E-05
-3.35881245581263E-05
-0.00010732731076707
-0.000297281398948327
-0.000288399543387616
-0.000224475964245188
-0.000254674915073373
-0.000312536372917553
-0.000306504795310811
-0.000261461053127888
-8.67651438222596E-05
-9.05391458146539E-05
-0.000134654080461643
-0.00011046200311339
-4.76376733543471E-05
-0.000105931660129734
-9.14699867148347E-05
-0.000102466317352254
-5.56295020759265E-05
-4.11413033605265E-05
-0.000135810730701175
-0.000119416532022935
-9.25472432963461E-05
-0.000104295703067163
-0.000112323577443057
-4.39177516193373E-05
-8.71837801196806E-05
-6.4208601276246E-05
-7.0606506099407E-05
-6.62971761004087E-05
-9.7240747038173E-05
-0.000129092825808777
-0.000231683509895927
-0.000149007110409638
-0.000142478933386945
-0.000150236116591202
-0.000180128626704547
-0.000177235178961139
-0.000175727187887326
-0.000122709015265974
-8.42714758752273E-05
-0.000123088506868146
-0.00016851847129804
-0.000156994065174032
-0.000127823292190296
-4.08761828985184E-05
-2.74473186946262E-05
-7.46379722671791E-05
-7.36401209621501E-05
-9.26536374018256E-06
-2.40647024434959E-05
2.90465446439531E-05
4.67749566613117E-05
-7.31571140332653E-06
-9.04948851464189E-05
-7.05146918877441E-05
-0.000117573592679005
-8.27792747620501E-05
-0.000137551718723052
-0.000207825375990662
-0.000241716920687588
-0.000226921823630552
-0.000205112914443826
-0.000162720153557029
-0.000175307646056035
-0.000247561512443532
-0.000356135130360602
-0.000362819370871195
-0.000281382378446943
-0.000306885414147587
-0.000306130073203774
-0.000332686362573484
-0.000281563959359761
-0.000218671043372447
-0.00013451295691141
-0.000164617630482987
-0.000143863891593631
-0.000197080404075703
-0.000260968132833245
-0.000300361662490183
-0.000258367219687504
-0.000273653028203925
-0.000297347947302761
-0.000315138305958227
-0.000345360373321478
-0.000246646982077952
-0.000224788981721906
-0.000229559457953563
-0.000307487070725862
-0.00038602314930237
-0.000396173694933436
-0.000378583182014461
-0.000363484854602151
-0.000316868101901546
-0.000255355672094859
-0.000238882759961745
-0.000220824332720149
-0.00016196485898875
-0.000127080123531143
-0.000117770398299175
-0.00015923211012901
-0.000227091210779413
-0.000247129215645636
-0.000203478217275532
-0.000184743914365812
-0.000219533091001957
-0.000264544774838085
-0.000188712407313962
-0.000194226707833638
-0.000177527779878591
-0.00014454090108619
-0.000136243818438302
-9.35757043652718E-05
-4.30245542574375E-05
-8.81519021255077E-05
-0.000108138068828995
-6.47967690941874E-05
-8.64950272102715E-05
-0.000142547807470156
-0.000151431005745584
-0.000223816392752592
-0.000230020665292495
-0.000151330047645545
-0.000162640084492929
-0.000208568899799917
-0.000193321250641148
-0.0002737784168236
-0.000248802606846977
-0.00020546345288436
-0.000322504516850565
-0.000317827274683753
-0.000268461469891971
-0.0002480012070983
-0.000188739697919847
-0.000231663570522781
-0.000205977334382458
-0.000171938763139135
-0.000208999884638537
-0.000221081316949255
-0.000312268718571454
-0.000263981673765242
-0.000225015885829736
-0.000255381577819615
-0.000204314515878687
-0.000197552021006868
-0.00016614232990574
-0.000121014640080081
-0.000120861889516407
-4.19889816610178E-05
-6.53718423372213E-05
-0.000155376950283819
-0.000150515151726509
-0.000129158467143239
-0.000170899706407026
-0.000162890553475955
-0.000191664952999501
-0.000215665094897738
-9.94205640018489E-05
-5.06588513699188E-05
-0.000105319271452769
-8.74288341592174E-05
-0.000155066955411654
-0.000124345986744358
-0.000136766483459193
-0.00014751124753615
-0.000216336048958596
-0.000209157000000388
-0.000166699437712475
-0.000180282584697235
-0.000244894672062439
-0.000202087338274038
-0.000264757117714466
-0.000180452290812931
-0.000216491605605055
-0.000241775323120353
-0.000219110290938977
-0.000184939689587361
-0.000187197831597725
-0.000154508543069051
-0.000208174333847543
-0.000180533619857283
-0.000190324221512695
-0.000195140872163542
-0.000211628546783102
-0.000307078311706943
-0.000336477462920802
-0.00040228316033146
-0.000387403951136387
-0.000335849177379287
-0.000369017878252692
-0.000289894535219441
-0.000249152813057722
-0.000230644391187428
-0.000161623242877741
-0.00014785810786614
-0.000202837935643869
-8.31343875971156E-05
-0.000237318593001798
-0.00023254142574824
-0.000259246261211186
-0.000275634817884896
-0.000284858844092157
-0.000248598044927061
-0.000351147077913494
-0.000253105985140448
-0.000256782981249999
-0.000248809399877743
-0.000292174856814999
-0.000282832692652844
-0.000279811795729168
-0.000272824131678891
-0.000283164548001375
-0.00020710975015339
-0.000237212993731803
-0.000125058767624752
-0.000202629905207703
-0.00021188026690582
-0.000204518576416566
-0.000266605849867134
-0.000342227135055194
-0.000247614815494751
-0.0003965411550929
-0.000297904312308735
-0.000307318760926071
-0.000268603117975339
-0.000305954312388533
-0.000279492731389884
-0.000328012061293197
-0.000215735798250069
-0.000317241580050354
-0.000328083032661055
-0.000418663428206744
-0.000212335136362191
-0.000285210483199889
-0.000267300116839029
-0.000313353746404023
-0.000302691417403
-0.000263301185791566
-0.000240567452112094
-0.000297878140576334
-0.000197717336266954
-0.000147964501681025
-1.51602139497567E-06
4.46438418577474E-05
6.19773623158244E-05
-3.0168054906474E-06
-0.000121578270821745
-0.000114845058272358
-0.000207647288448117
-0.000316316663012832
-0.00034531911743059
-0.000317571788071419
-0.000214481727111205
-0.000253571192496469
-0.000228985204520257
-0.000197157255449231
-0.000338115567262134
-0.000280726254055655
-0.00033396073102323
-0.000239657863531408
-8.90116853669003E-05
-0.000208515506577088
-0.000210575073045318
-0.000132409868458461
-0.00015670369205162
-0.000149320194151685
-0.000200321969979476
-0.000303099868735459
-0.000212721528000045
-0.000220715909298947
-3.6549976791107E-05
4.34585757139353E-05
2.29234915662182E-05
3.59127352142403E-06
9.92618046445223E-05
5.61498077581817E-05
7.5622854723238E-05
3.1830950606378E-05
-5.11698699694025E-05
2.07090443934571E-05
-5.20198567787381E-06
5.73481533000129E-05
0.000126518940003957
0.000156234971735338
0.000103195161912816
0.000249706747210608
0.000304071159546494
0.000334707605658665
0.000267585683256102
0.000284832677559276
0.000342468962306395
0.000388514290436799
0.000397314674302387
0.000388820237630216
0.000485160805951492
0.000562059992331396
0.00060869607389986
0.000686443507943821
0.000684676062007739
0.000698279324274482
0.000747989328321996
0.000735684763494416
0.000682985301753392
0.000626908435593457
0.000627027012353221
0.000690276671573569
0.000641960946327888
0.000569137523803363
0.000581269545315553
0.00060278441782843
0.000581009569827885
0.000511288154533227
0.00055438289396411
0.000563740650216742
0.000547943851447557
0.00040805955830061
0.000487224728685116
0.000519397492591883
0.000535503725582956
0.000513990138175546
0.000554440640890799
0.000532986056778837
0.000631757216875164
0.000528808317028226
0.000580359106449686
0.000501238397777032
0.000457998876763569
0.000404600129759888
0.000348543543007428
0.000457075427885849
0.000480885325919585
0.000431525849996574
0.000535901390593465
0.000481374962151924
0.000407665581465383
0.000482514320499026
0.000353116072473411
0.000386158775838332
0.000410901949985655
0.000351260681533033
0.000351102576381104
0.000407821825025951
0.000412192127969083
0.000456024100908288
0.000336551908723593
0.000383527811739445
0.000452387768598614
0.000355143739057195
0.000253476408764962
0.00025696504689885
0.00017060035514132
0.000300559700123887
0.000242143668663907
0.000138732388594114
0.000220756764180323
0.000279365194223929
0.000215604349335868
0.000245874975614063
0.000181775285633517
0.00018233944246269
0.00019174798539038
0.00018017826334768
0.000187263949503218
0.000184098547473391
0.000187005130901914
0.000199120426220035
0.000178423346517541
0.000282641117875486
0.000278790939544136
0.00023249419571929
0.000319088715558317
0.000312645008987067
0.000298040144493792
0.000228803446236228
8.97703306619557E-05
0.00012457471937308
0.000220728367830393
0.000221702669972838
0.000245925076561444
0.000217428102800856
0.000337059661431072
0.000325715051519731
0.000363482315788081
0.000402873036219751
0.000316216469255599
0.000326704628061225
0.00034621310945289
0.000287356568554475
0.000302421902088061
0.00025733476885487
0.000165190370606669
0.000212065636778371
0.000195469727580364
0.000191506862443084
0.000176650237360507
0.000165824420661033
0.000215454106658483
0.000260185334819578
0.000294976529198768
0.000223528709886625
0.000242857946008903
0.000246086339684512
0.000302102221045913
0.000188046367680801
0.000175462466210919
0.000186379039078849
0.000200741193823853
0.000233258519218506
0.000207071183066559
0.000186345593805883
0.000290870900143172
0.000254543071341618
0.000192183028674571
0.000181245126404898
0.000166217583217322
0.000192545429857996
0.000194840372114693
0.00020882911589207
0.000165265591578645
0.000228838473249274
0.000291587442086469
0.000254090891405574
0.000320073584574305
0.000272416413597801
0.000221610240310662
0.00028043937011133
0.000199024015687521
0.000186994148840214
0.000193683527624824
0.000167293434652091
0.000207469588528452
0.000120605118905555
0.000129277042737762
0.000118168923784462
0.000215943968304069
0.000205675603868205
0.000201368029467957
0.000278172711913104
0.000340558639168698
0.00032773008407795
0.000355656466969136
0.00034392764160667
0.000310673778357872
0.000193773105527127
9.66976402066892E-05
0.00017735871341839
0.000150941703141406
0.000214808136823311
0.000103697337274378
0.000140307854800578
0.000246837531919248
0.000288120715272729
0.000211220475583696
0.000261518012930657
0.000222598893096105
0.00035590630807144
0.000367406104352383
0.000355944029815798
0.000400317194764492
0.000472133870331586
0.000446916194713216
0.000486488460995539
0.000353418601027704
0.00037407130403792
0.00038340623377026
0.000385552023535172
0.000325222197098985
0.000382929273707336
0.000299936621002694
0.000306019201213192
0.000288681311488455
0.00030485032058348
0.00032462847179497
0.000356119070500255
0.000314142793033865
0.000310696993428816
0.000410731414750551
0.000397401631688473
0.000326686542626646
0.000258775326227195
0.00026880978930611
0.000323113568842851
0.000345868687317703
0.000241741200336539
0.000267224754158417
0.000295882687889296
0.000294792439482882
0.000310811265483443
0.000212305994630599
0.000260592368163626
0.000352324603169789
0.000333034855416239
0.000356431590860561
0.00029494325946885
0.000236779944089372
0.000352147840364148
0.000327107379912481
0.000256348407759788
0.000217867566120907
0.000234564646131726
0.000298292901298402
0.000296016173845081
0.000226655045448389
0.000187453413355409
0.000203211176868481
0.000226177297431353
0.000211357449709905
0.000231946903927185
0.000207120942467558
0.00020127107840944
0.000261771192302717
0.000297460396112388
0.000300540618681628
0.000267123880916866
0.000198027583027858
0.000257941906827827
0.000225809462874952
0.000231704498461614
0.000264720600001621
0.000304268227520319
0.000335981003886092
0.000380345311330278
0.000352999363422468
0.000364193687494405
0.000321947462166339
0.00026713500120694
0.000203634042337574
0.000167786557203512
8.43298352790089E-05
0.000180588701900204
0.000221559881234371
0.000169071370633386
0.000167743490079639
0.000211857742484882
0.000186040620995891
0.000242030973214815
0.000134692626639093
0.000101154016415271
0.000126213475602963
0.000178430303591246
0.000104367760523863
0.000132184358182165
0.00016435149106566
7.34449204704187E-05
0.000129239410361497
0.000200738551488445
0.000123582022723885
0.000234115687221654
0.000303418034659231
0.000289526262588355
0.000416050449075004
0.000451229375107936
0.000405343862600953
0.000399716767235918
0.000284313146481619
0.000233342567820974
0.000177114020684822
0.000164799352757008
0.00010051636101678
0.000129753940032046
0.000159941619883233
0.000184736821838765
0.000187239981169071
0.000252997813036649
0.000155756869014681
0.000152362037773782
0.000145847606449964
0.00010764913981366
0.000130085246374184
0.000137583090710708
9.5283508564028E-05
0.000193057374213622
0.000240234552405407
0.000230274862526278
0.000285069427797481
0.000264346288762512
0.000173735278280196
0.000293977718566369
0.00025540181644636
0.000238450796865788
0.000202935866219266
0.000198095209973907
0.00027487669349742
0.000320919775049773
0.000209106281819235
0.00027336136417215
0.000205278189325424
0.000216401608605267
0.00019179610374632
0.000169654004779329
0.000154174141244318
0.00018752873621756
0.000173034612622198
0.000164159269383114
0.000224196292157555
0.000280973375568314
0.000271467512397994
0.000342553322420454
0.000323703567919555
0.000324920660901954
0.000328181091581823
0.000309941719609342
0.000287592018952604
0.000272007228720692
0.000235126072863426
0.000211204387832356
0.000185357200800306
0.000281465422619996
0.000121603439021977
9.75981575417646E-05
0.000123121704823802
0.000171362074901167
0.000202699185451248
0.000169986804757926
0.000121326168337248
0.000189848322827091
0.00019293419346248
0.000169772613911653
0.000110650740536285
6.82214819886483E-05
1.54946501457842E-05
6.17579684238358E-05
0.000119434216814004
0.000186942762697656
0.000149750632687382
0.000192736717882007
0.00022818041349828
0.000297127665588343
0.000187084446478117
0.000171264605881103
0.000137817109184098
0.000175414637605747
0.000174345193957169
0.000187515312856938
0.000170772071151989
0.000208706917775208
0.000212665952771972
0.000179397787693394
9.20449455061732E-05
0.000102302347813335
0.000142223949639545
0.000189879222887774
0.000185599781153754
0.000186044280643812
0.000110006868777744
0.000162387531168866
0.00012786509205654
0.00014725631098591
0.000123661775837792
0.000149430214835927
0.000109834431699883
0.000204860047749909
0.000216965680434094
0.000226852148468671
0.000121524321140077
0.000106900292483427
0.000148290477276842
0.000236478067003199
0.000156763015891021
0.000233381685125401
0.000195319068536763
0.000180691329702486
0.000215442629141197
0.000221836596968922
0.000150754784746339
0.000188398190436121
6.54501893887816E-05
0.000155692171645517
0.000169664048931416
0.000147448219032873
0.000127152559619965
0.000108621414427318
9.34346567205329E-05
0.000126101698695266
6.13100597999041E-05
0.000129390782772503
9.85302386112032E-05
0.00010197531277454
0.000122718050318878
0.000161172533454781
0.000209561146110329
0.00017341986000583
0.00014558635935
0.000184434498784265
0.000156736871214856
0.000157359341656828
0.000145752274521
0.000100691960468008
0.000118063260842893
7.08834457795927E-05
2.78371619863133E-05
6.18692113776329E-06
5.50602641745909E-05
8.89224315148625E-06
4.37017327400632E-05
5.34086107911733E-05
6.94472883541719E-05
0.000148914961709191
8.96410667936855E-05
0.000104035029702078
0.000161969476321938
0.000134863305204057
0.000157938851267417
0.000156218508934038
9.00896380676787E-05
0.00012380692521275
8.2695221577153E-05
5.20317749686206E-05
9.2752359396112E-05
8.37474414724842E-05
9.35586621953969E-05
6.24805852113285E-05
-1.60160297646829E-05
3.33426297930116E-05
7.8778072910668E-05
3.1152282947884E-05
5.77676304781945E-05
0.000131621915507805
0.000184619172551732
0.000339990970645672
0.000314090512938636
0.000304955786031136
0.000316216976069549
0.000323691837235806
0.000230078412037777
0.000283757039666475
0.000219328967030319
0.000225745279614181
0.000176817849893642
0.000223067108183831
0.000162443418917991
0.00020101132970646
0.000175954447789027
0.000194330289143282
0.000169402643766441
0.000277757297090366
0.000151380921246763
0.00019305671345868
0.000203452356897389
0.000216397762969325
0.000172712296611117
0.000160642358717369
6.44630646331718E-05
0.00018533526276368
0.000178927072859588
0.000138815327780508
0.000130590007108537
0.000150406273172931
0.000139061260417896
7.22358525063779E-05
3.36560279868052E-05
8.90367144397506E-06
0.000111244776784249
0.000116755769443894
0.000101131820145782
0.000142033333056102
0.000204957652209146
0.000262770328677293
0.000285120167716504
0.000248665705373063
0.000152873487600791
0.000185576967463346
0.000124501796573937
0.000147816613682354
9.38717262334637E-05
0.000109033572890791
6.49257866996359E-05
0.00012239950460331
0.000154184665621174
0.000226698131166835
0.000237696381644641
0.000269101839217558
0.000229092590859217
0.000249753563063734
0.000234746211618605
0.000195428071053284
0.000116336698442725
6.9148362927482E-05
4.09137127426512E-05
0.000116320039198929
0.000130886742354298
0.000148437782791865
0.000149480209197126
0.000257646566257207
0.000251710119062164
0.000234617822552533
0.000229179592329282
0.000263676135258369
0.000251301887177862
0.00018839743997787
0.000172273947279479
0.000214256710933628
0.000229598203960003
0.000234398837949347
0.000202345529576899
0.000165144961621499
0.000226651088600315
0.000285663500439107
0.000211281602043205
0.000258325889277973
0.000214578288747134
0.000212124511891115
0.00026502548060362
0.000286702079176541
0.000243343924894486
0.000330306329943627
0.000321646661016278
0.000313668630394059
0.000270364363909554
0.000301813757183133
0.00018578293957687
0.00014593445653466
0.000164720103166856
0.000207218836004614
0.000217589870059918
0.000236163546574964
0.00022709178674242
0.00036492776229238
0.000306198046545747
0.000316976557304405
0.0002340980483909
0.000237782416835065
0.000302473758807973
0.000273031520800509
0.000283189136698979
0.000337851493946936
0.00026666422845774
0.000255295785043396
0.000236249297540413
0.000144943550114556
0.00021906103606578
0.000211358847122133
0.000175958676005713
0.000214864503789369
0.000292745021586467
0.000231605514266692
0.000214729429855327
0.00021203369040538
0.000264742321140526
0.000263531562410311
0.000290125958321019
0.000252016113200042
0.000403426780390798
0.000515841694299997
0.000436064302715714
0.000344202031877278
0.000401880423799768
0.000310020248274216
0.000337509591188113
0.000243016700848151
0.000153452047398307
0.000164437542061593
0.000143761438112772
0.000106637340018313
0.000290633346201984
0.000264130396043731
0.000248004918581252
0.000349654494545794
0.000311692637807616
0.000395351218979446
0.000329354809741647
0.000157744095770327
0.000175442963484294
0.000194255744047317
9.07749221515919E-05
0.000144489578989576
8.96962494482028E-05
0.000135171997231608
0.000245011661048824
0.000259689778410361
0.000228690936704522
0.000284448203013603
0.000210212899090635
0.000270006924900534
0.000318331218968556
0.000272865837289085
0.000195157087073369
0.000241666490759925
0.00026348826575024
0.000385439392656104
0.000311152460060443
0.000298494211209833
0.000269483532113785
0.000337185540096497
0.000255816437957417
0.000181697362485271
0.000130286630263278
0.000199369546498177
0.000127580347977669
0.000131998877442854
9.92131300013544E-05
0.000244987379935495
0.000327555369503146
0.000297803243011209
0.000225647706720692
0.000359879548662453
0.00029612369558732
0.000362544157427008
0.000332381307089198
0.000224122719278767
0.000215245725294758
0.000308221065156337
0.000226373298790164
0.000361173823835716
0.000271695916136256
0.000260340991246722
0.000257093288251784
0.00027467644871528
0.000221056779284546
0.000238634683565141
0.000200347865277344
0.000189120774226504
0.000202472882921745
0.000249802019444878
0.000303712130222979
0.000276433061031651
0.000226097688945285
0.000232555532490752
0.000191610562304102
0.000201663412809475
0.000100300017946606
4.49112556513154E-05
-1.13115666606185E-05
-2.21449431864485E-05
-9.85278820725134E-05
2.13128595238396E-06
-4.51714149684875E-06
0.000254886996214778
0.000229783604109214
0.000277559993120701
0.000264749980082886
0.000231489336361956
0.000219230822356604
0.000120905623884706
-6.32446669601913E-05
1.33989791225481E-06
-1.35250289648191E-05
5.19246736108845E-05
0.000145750370752191
0.00016836038585532
0.00022240582541382
0.000208747306311732
9.41335381185653E-05
-0.000387209930343279
-0.000361188277444148
-0.000306703054028329
-0.000343291448364858
-0.000211950828917325
-0.000189783543376508
-2.75683907834212E-05
0.000499650102961799
0.000440118333274151
0.000509848860119964
0.000675646533192207
0.000720145149902956
0.000699733855504813
0.000600027942817412
0.000557405055821276
0.000569469820858321
0.00040602449868606
0.000201867229332008
0
0
0
0
0
0
0
0
0
0
0
0
0
0
0
0
0
0
0
0
0
0
0
0
0
0
0
0
0
0
0
0
0
0
0
0
0
0
0
0
0
0
0
0
0
0
0
0
0
0
0
0
0
0
0
0
0
0
0
0
0
0
0
0
0
0
0
0
0
0
0
0
0
0
0
0
0
0
0
0
0
0
0
0
0
0
0
0
0
0
0
0
0
0
0
0
0
0
0
0
0
0
0
0
0
0
0
0
0
0
0
0
