0
0.00420430529954426
0.00444421179353299
0.00330891614640866
0.0043426997915392
0.00559919104654665
0.00480022366167753
0.00173354403019364
0.00179668852175889
0.00219978470515321
0.00210942918168803
0.0019469875578553
0.00174442026876424
0.00182843987008644
0.00157341111298236
0.00190523290167927
0.00172086149180815
0.00156044268533134
0.00139261862616669
0.00144280588183614
0.00155328493508832
0.00139521964562746
0.00160304491521019
0.00135210385608231
0.0017271377906961
0.0016558791968842
0.00284650783236223
0.00334753134060757
0.00142083097162708
0.00529593972643096
0.00208943021630478
0.00478431832041537
0.00325738960387772
0.00153862065244612
0.00148788460179641
0.00150954698360087
0.00147325570587348
0.00137226303145807
0.00130690541784411
0.00174047154206939
0.00142907465754251
0.00168752547451871
0.00139890297109502
0.00164913391675013
0.00143484784017268
0.00148178909480563
0.00148793725512878
0.00128232096400388
0.00190492951817073
0.00166013511513518
0.00152838312016519
0.00156752824631206
0.00160268481689475
0.00133099570398846
0.00159113826300078
0.0016620457859989
0.00138145920795884
0.00115468821382012
0.00120496376651131
0.00132493542941584
0.00142191211521974
0.00141985755872554
0.00128275720349855
0.00124806602494016
0.00131044975674032
0.00113000694020802
0.00124014852847676
0.00137191438748842
0.00160571007506171
0.00139463022780067
0.00111414574372687
0.00133341831013154
0.00141094373096807
0.00134584053183574
0.0014582085986689
0.00141839871918344
0.00136624390716786
0.00123248306898896
0.00142299288139207
0.00154289457011149
0.00118403419397386
0.00117487538959256
0.00148305561058506
0.00147953852003109
0.00126168641447858
0.00141162177285729
0.00134388530763828
0.00126819483870951
0.00131152428469414
0.00109986564425188
0.00147173063623417
0.00160424616206458
0.00137863459321415
0.00140807852683066
0.00121563502197764
0.00119117012505016
0.00126635803559938
0.00134438544331526
0.000968482940415516
0.00129071620876484
0.00111855120930867
0.00111278855544903
0.00201579767006008
0.00113352375087346
0.00126537600189515
0.00134145343781931
0.00118827027725707
0.00111273874789637
0.00113754966643515
0.00127681729866098
0.00107312288203882
0.00126948801235514
0.00140890363934939
0.00102513285488065
0.00119807985024243
0.00118334584664577
0.00114230335826526
0.00123009023538738
0.00124825142471965
0.00125687181758421
0.00125455909636607
0.0012428968991366
0.00148646668698403
0.00118727078659155
0.00144916525958348
0.00127119329880311
0.00204277624516313
0.00136177643473171
0.000994803854440627
0.00115581937915077
0.0012178232550945
0.00100162108286415
0.00117911772477183
0.00108560214420996
0.00100404684352549
0.00110743054684899
0.00110298253584383
0.00106264920039667
0.0012762644465702
0.00162288400823308
0.00116375133231181
0.00123395967903298
0.00117434009667384
0.00115921237486889
0.00110080431418892
0.00104182535762498
0.00109773313065408
0.00106118569033033
0.00114998574749359
0.000941336209657301
0.00145469961473322
0.00117674771445935
0.00108167632916082
0.00254355013939579
0.00212651159589251
0.00161194358839328
0.00102603739825
0.00100555733835256
0.00161860941261115
0.00112837743307424
0.000991838281352722
0.00121645619007906
0.00113996770660031
0.000964489916430857
0.00107097840565424
0.000967003183457744
0.000952968294389655
0.00132465397021346
0.00100357749381196
0.00110637777996715
0.0011659891531979
0.00107545239626867
0.00113043187491192
0.000926318106509031
0.00106809640690555
0.00120550417050948
0.00119202982336201
0.00100807135770078
0.00111994904114395
0.0011309606934977
0.0013431837057735
0.00100362759865499
0.00101992670503541
0.00146382539382467
0.00103069771713876
0.00111776476520942
0.00110446761191234
0.00100739118979224
0.00101294663125292
0.000957465929068372
0.000964438431661262
0.00100653550360893
0.00101085416145266
0.00101932640298227
0.000991598940197264
0.00106253982890999
0.000836242632820475
0.000975702695829407
0.00133348231972483
0.000952924670562823
0.00110951748128119
0.000951218214970272
0.00101159300450995
0.00124922247438215
0.00124806138773519
0.00102760547331985
0.000935899154816307
0.00112775405918185
0.000898764372234705
0.0011189552424507
0.00114824589341663
0.000971319643753693
0.00117186689241527
0.00122032816421423
0.000920888073110794
0.00100477957911154
0.000935173588105846
0.00118742748125557
0.00110095287654169
0.000796805928253145
0.00100246213582478
0.000982019605165159
0.000867596055584604
0.00118787187478077
0.000837870926577937
0.00108889989136744
0.00109989316568388
0.00105180067670739
0.00100931631979873
0.000965326793567172
0.0010384687980541
0.00111034248944165
0.00112167995263572
0.000932261854979961
0.000859688736265068
0.00105578704768508
0.00094145991617575
0.000900097086802284
0.000929585259123483
0.00111849957306205
0.00118588149465042
0.00102678433453293
0.00112929011410444
0.000905826444625489
0.00101750098282246
0.00134312446576825
0.000934208330616567
0.00112622548179346
0.000932181368896888
0.000983874460929396
0.000875196760624132
0.000987559137593963
0.000941895546055711
0.000886756984867761
0.00100848481747305
0.000901566165153805
0.00093154710126529
0.000928664919254521
0.000818145745291551
0.000975792139490632
0.000887995753854796
0.00101617425241595
0.00100533744688159
0.000968583906957993
0.00101380902973601
0.00123661401920113
0.000938863709076802
0.00088186708415597
0.000877119318973391
0.000894207150525075
0.00100845753309765
0.00183029157972734
0.000882489995602973
0.000984797998051092
0.0010519553527469
0.000947572009219671
0.0012021075437107
0.000861517608823032
0.000879308864112509
0.000906866850721628
0.000879507669903062
0.000794429954798029
0.000876983138148913
0.000871353281437585
0.000962337572691846
0.00096153344640393
0.000917095329189915
0.000878108155109528
0.00084335414682585
0.000827399963080127
0.000751986388238386
0.00096652767146111
0.00110403596560889
0.00106817194826363
0.000855546803254348
0.000992823358758486
0.000998999510537931
0.000960835984704225
0.000994716258358087
0.000888091079130616
0.00100986824381186
0.000973967604204827
0.000930382730447199
0.000819780821107909
0.0008775270149494
0.000904346210888571
0.00100370297627233
0.0010217384789272
0.000855675148838484
0.000872374779106699
0.000903843787604792
0.000843008166763212
0.000992096207590506
0.000911683202906451
0.000919671537744622
0.000928301511430567
0.000843648277433073
0.000896451129085047
0.000999524709943669
0.00104990036546554
0.000817729115233822
0.000856427285425224
0.000959139410121019
0.000751439982324191
0.00084877771209598
0.000926712546157558
0.000886622158266363
0.000767947827740858
0.000912907725983519
0.000798562571413827
0.000912468032466855
0.00110017689683802
0.000826941314562686
0.000883523234407654
0.000914500654933453
0.000975031120550144
0.00083479524358827
0.00102077004857813
0.000909266157670038
0.000973673221918601
0.000863038944373089
0.000869995998187535
0.000935302006575967
0.000895849531662511
0.000901055688749981
0.000868510619410015
0.00108459899967075
0.000849209362140077
0.000715904082848813
0.000844908779344219
0.000805500203793982
0.000933606560169078
0.00106573028786688
0.000887338774128714
0.000876445239673745
0.000877763499297695
0.000881335702110458
0.000891459077217033
0.000892674973871284
0.000912118919198165
0.00107491995818688
0.00115676997973875
0.00104129393158679
0.00099128553880743
0.00119532841064671
0.00139427191049427
0.000953966853534425
0.000961413883386435
0.000875468110020516
0.000878862414628778
0.00106007008132531
0.00103053767876837
0.000846831430538019
0.000722716588884548
0.000882829079278477
0.000780632188856427
0.000953272904394022
0.000970269276552289
0.000979269720242051
0.00091649786576252
0.00080184315160584
0.000821257964474339
0.00156728345131752
0.000711830153806933
0.00102189650573631
0.000867490596899554
0.000819168682834479
0.000904470307879051
0.000793509508111594
0.000853550677555484
0.000745509234447479
0.000845259671325408
0.000982588201913195
0.00076966960334195
0.000809157202340907
0.000919174166263377
0.000960227602158221
0.000782949484515006
0.000815243764044927
0.000850711075412374
0.000885049348833621
0.000982394833275844
0.000781303870099863
0.000729056526971925
0.000836685620749608
0.000863177103249593
0.00135097039307238
0.00074661901550236
0.000753418450233531
0.000856368801725545
0.000864256296829597
0.00092148684392687
0.00102043647633329
0.000916289408191792
0.0010486665081593
0.000854444902034293
0.00082689215559435
0.000951205988496999
0.000942796127807801
0.00112435901703652
0.000969470195819569
0.00084773900372382
0.00111219064375416
0.000894857940360586
0.00081797387293941
0.00110318890460109
0.000933306138797712
0.000956835223405762
0.000816782520269905
0.00102971146848217
0.000932215851896307
0.00103211613152849
0.000793606364871257
0.000869679691077895
0.000843696340537196
0.000925945226670531
0.00103385992338656
0.000865136275128064
0.00120332584611344
0.000988164942073583
0.000876012580087965
0.000862388734177684
0.00107421219936326
0.000999003933016585
0.000851645169940518
0.000891426853735362
0.000830904335364004
0.000836930997136097
0.000867510265614339
0.000812074463573236
0.000686621341785369
0.000936043520733444
0.000735293563737298
0.000891149759822578
0.000826739749868324
0.00102047601069162
0.0010683737444978
0.000857466740969871
0.000736713626673452
0.00074428618437476
0.000890591450409798
0.000814924575976207
0.000841092784211905
0.000779700883337985
0.000848529109515947
0.000795410571182453
0.00090227871913614
0.00093616779487661
0.000774606063731961
0.00083954780762124
0.000850008154888283
0.000972666897487937
0.000869854264235527
0.000820415281778536
0.000826921225124297
0.000916678159852683
0.000872216166215023
0.000938961136920154
0.000956125067781481
0.000965478535132806
0.000840155955679603
0.00100983731493579
0.00087778119420672
0.000887564887824392
0.000863989757306906
0.00136885004756706
0.000941112175174328
0.00092488732871819
0.000944593066307534
0.000756733688509492
0.000892140751013554
0.000813008547840161
0.000741763276054955
0.000846994376372491
0.000965165212543885
0.000898433151564381
0.000894033290991629
0.000922741496124546
0.000796435482203013
0.000896688299272942
0.000865338238486756
0.000747454167098595
0.000914446068497337
0.000898442877004889
0.00085674915712955
0.000818126226702185
0.00101432683026862
0.000737696336219174
0.000799591895039281
0.000910664697769164
0.000942535482609923
0.000853644394354256
0.000870593452132613
0.000741715516403486
0.000849275919891649
0.000836644707422207
0.000852144893876694
0.000756680701488079
0.000868051485645517
0.000664509185666908
0.000854382510394482
0.000831646724291204
0.000866722798598798
0.000828399595088103
0.000888799238881866
0.00077628567597029
0.000853866019094224
0.000877618658054634
0.000887283936576854
0.000850775323937933
0.000961575142189845
0.000798943962358733
0.000864565579110221
0.000740144031444013
0.000987863829415119
0.000841079958449569
0.000763474980348629
0.00093192072309393
0.000862502703157272
0.00085767113955835
0.000977392747710932
0.00103138611130725
0.000767703981754397
0.000736756975195056
0.000803843414645276
0.000887730833784697
0.000892364005416734
0.00102441916945579
0.000747653856088881
0.000803449192516506
0.000977082153748997
0.000834660222081075
0.000740740201563171
0.00094528971311522
0.000682488602813773
0.000776302077400751
0.000764553610868721
0.000861339171874101
0.000839925222969127
0.00089370457745663
0.000781168486512953
0.00095952595983391
0.00084397359202749
0.000725129010646984
0.000786136536966522
0.000920783096461603
0.000787715885698053
0.000810177600691971
0.000785080732645508
0.000684357599575351
0.000930623056950115
0.000855708585730431
0.000712277871812353
0.00085946362233284
0.000914363825652286
0.000932983574591019
0.0010123654696522
0.000736690092267854
0.000901392144082112
0.000967991888495576
0.000836440578358215
0.000794950132251813
0.000752931332270499
0.000892107737672176
0.000799766736895779
0.000858019602585971
0.000665329641190867
0.000960376630721201
0.000689746963395284
0.000692359402150507
0.000791108274663234
0.000742727783121326
0.000824261437573222
0.000927794300925007
0.000844482289395431
0.000856884588649276
0.000865240638308881
0.000899615057433602
0.000791458730826191
0.000975172856845545
0.000883373185826629
0.00147268826485025
0.00138433778904034
0.000915055048193288
0.00069964004581618
0.000913356753408011
0.000726232639764022
0.000755117281352394
0.00088382713754574
0.000741539139049765
0.000787854087719299
0.00077710659239586
0.000855996826633372
0.000826322157841324
0.000760095355464685
0.000869216314195021
0.000903106290342865
0.000874083398793059
0.000819470993795832
0.000803940361281549
0.00079365668515606
0.000806312056664844
0.000762852625511084
0.000755356424026023
0.000971371503718552
0.000899309945855238
0.000754521923694031
0.000688744565268478
0.000799902029280156
0.000825351797949023
0.00101782682778268
0.000872800876071319
0.000935934564841974
0.000903459460777879
0.00153400576289734
0.000793023875331754
0.000869188768045814
0.000795981569686671
0.000820743106260862
0.000950975177872302
0.000914458396334114
0.000815193107019344
0.000763335072204492
0.000965833133099684
0.000901636681902763
0.000776458138687816
0.000797537187565128
0.000883387441536483
0.000832623263247048
0.000681456531832727
0.000783848575809572
0.00075139355788824
0.0015471594142723
0
0
0
0
0.00074529442289618
0.000790634588166039
0.000681330824950894
0.000836133924147918
0.000708406907234562
0.000664687347812826
0.00087816715106596
0.000891741630584259
0.000882018167246723
0.000724501597594078
0.000819082087520472
0.00096807095439235
0.000947788809279162
0.00103697586277802
0.000804934505044447
0.000810356364285274
0.000839449158788387
0.00087635055327319
0.00087918940651446
0.000903367001254604
0.000751757093845268
0.000914549566692293
0.00073396410209265
0.000842629727441382
0.00075436046943043
0.00089219658803256
0.000798957778171417
0.00100307617889759
0.000803068320065802
0.00102980090867977
0.000873449021705133
0.000869117623211319
0.000861891180435113
0.000886788095991487
0.00096554840992496
0.000923272609940815
0.000949462126900949
0.000785250500201625
0.000831309205817395
0.000734562983506333
0.000837136414602778
0.0007720114987141
0.000920766499874445
0.000722591984792545
0.000928625709503242
0.000810978430076575
0.000949722293301414
0.000914871173944984
0.000762363169723553
0.000846743643283707
0.000818417684115028
0.000840740000967876
0.00080021179428262
0.000611141473626155
0.000719901089356441
0.000809150991917777
0.000727709007216595
0.000700369690347267
0.000809644932440371
0.000831460354946383
0.000800769779171434
0.000941384520328245
0.00089474090498321
0.000885619189619128
0.000872724629232077
0.00114134853260266
0.000787278605723116
0.000776671296381465
0.000852678880225573
0.00071560965088373
0.000829294113879262
0.000843286403730305
0.000751604895673816
0.00081676017871328
0.000968622037712931
0.000891719904231437
0.000820092249442165
0.000745002206284479
0.000729299063546336
0.000760133802641777
0.000880139819173931
0.000848079218130672
0.000906478176889548
0.000693685571362079
0.000749940942574719
0.000843888250136033
0.00086856203315513
0.000751829782752628
0.000832576739564123
0.000713678152719861
0.000840319874008336
0.000994336873747742
0.00100330714204501
0.000759264699007499
0.00093437439824064
0.000850953844112613
0.000778444383322819
0.000792170406757431
0.000830726862445183
0.000876724390160177
0.00122962970659696
0.000738727049309526
0.000649722097364941
0.000639356402682328
0.00101623340866482
0.000796694195179737
0.000774454959155894
0.000663881774464794
0.000766276109213441
0.0008526627215543
0.000784301587568587
0.000815246201442018
0.00117762677653252
0.000883540120678003
0.000750479818842542
0.000883692060634643
0.000599793298746965
0.000730807351882429
0.000806923255746213
0.000801884867924277
0.000807206638113013
0.000806640625813735
0.000875550689366111
0.00106652073341226
0.000763863997612137
0.000742819256026879
0.000870069071539409
0.000804441310910157
0.00068330852555556
0.000887738419133139
0.000875218252718377
0.00086616982644567
0.000686891556435869
0.000921507221472364
0.00101602177450057
0.000840203718736741
0.000835134591372957
0.000820185255825361
0.000812371187244882
0.000969287957021137
0.000756848535578649
0.000725089486401484
0.000851240710688821
0.000681951414490574
0.000832672315580166
0.000799781371244196
0.000831172430177709
0.000806078159907548
0.000760143825281844
0.000732282266751648
0.00086355734369168
0.000863256422206098
0.000778961661704554
0.000960749207769199
0.000747785416612475
0.000831745528076
0.000761780589903232
0.000837407182925269
0.000811125645531417
0.000860345717037662
0.000750091289205541
0.000752451625858114
0.000888868097838695
0.000794998602821274
0.000733411605364781
0.000882204212503434
0.000746313279677288
0.000768199340934848
0.000742113582697668
0.00110518816961935
0.00077772312829709
0.00089374797026618
0.000747849607814689
0.000710360544098125
0.000667854159670409
0.00079637897012626
0.000838316465096175
0.00082411909500951
0.000822941808305101
0.00075783809823436
0.000815198442256328
0.000818355414699491
0.00087241846666385
0.000844237203662782
0.000957348808519404
0.000831107929623046
0.000923421504808194
0.000839398193700228
0.000792358471339174
0.000866892917338553
0.000759731626817161
0.000809774010465778
0.000848979750407571
0.00085119285510687
0.000803469581779412
0.000791853719911334
0.000915480875473417
0.000798571277646442
0.000789535112764231
0.000860539004040412
0.000837647150449931
0.000768780996709523
0.000705609636930547
0.00103832862219938
0.00076421008065363
0.000737628365441052
0.000768704692517753
0.000942213108300223
0.000772455723926761
0.00075475772719764
0.000901290755802892
0.00140292161310166
0.000865768684396273
0.00175834945106984
0.000791641192082155
0.00201565330888922
0.000812047305207972
0.000846727797975581
0.000866717091543097
0.000740643243865955
0.000848304518776192
0.000701759037065442
0.000777679687211457
0.000831458971660779
0.000706615677894641
0.000798669976513109
0.000854637110399615
0.00087699197749157
0.000989851362447872
0.000872171635041809
0.000808822002430637
0.000815453861757481
0.000881204290263771
0.000831843383740573
0.000836580524578515
0.000861666782138533
0.000855994855209306
0.000748919907265005
0.000847334549233083
0.000949075320460747
0.000935864862219314
0.000818364408695299
0.000709697937738117
0.000633526381800493
0.000816801373795262
0.000694372903200394
0.00104560968308181
0.000759294636723147
0.000742691640241792
0.000944135245545407
0
0.000549150364813383
0.00063956356848612
0.000450847504772582
0.00108635017060505
0.00089252505296191
0.000853679946445421
0.000902890174739265
0.00082240604470669
0.000869645031912854
0.000813868227087043
0.00078122278520059
0.000851008180034046
0.00079480417451953
0.000735720140972933
0.000729547414321733
0.000767788010812198
0.000779618698775742
0.000837098704442275
0.000783040738948375
0.000723023699714732
0.000768999582295845
0.000829012820189636
0.000882317799956195
0.000726155758418203
0.000885251289776548
0.000673911837074381
0.000841022610393485
0.00137500109629139
0.000758401831182053
0.000859896986816914
0.000829974560211501
0.000743244819859032
0.000738471034771456
0.00066326781008572
0.000872170920598866
0.000866879205586951
0.000784185966590809
0.00079079448103524
0.000830043153328277
0.000723345467236501
0.000681709009187521
0.000812027524239645
0.000812801265975816
0.000745606740074462
0.000730520396620608
0.000742063669853923
0.00081872846459803
0.000911616154583955
0.000708291112902627
0.000707421408286567
0.000771276541033071
0.000834721368156122
0.00158536965904981
0.000779011931580681
0.000871560453360891
0.000779045485856309
0.000827897170749001
0.000884960034020334
0.00074201231227135
0.00086187615628571
0.000864678345022168
0.000829056817473547
0.000786659592655027
0.000768142689767078
0.00077605951340641
0.000759981249419127
0.000720058509255368
0.000686584111932413
0.000847564111945745
0.000797706259892139
0.000769430895232462
0.000772578516791493
0.000768311190258191
0.000713685124846681
0.000870361695004451
0.000838167495840474
0.0019239653968977
0.000860256910112519
0.000798925851563362
0.000779279492416241
0.00077416989661313
0.000849729691090484
0.000779582557271994
0.000840631631189065
0.000873180403164251
0.000698250105347264
0.000768742909670939
0.000650297873899485
0.000861527809289791
0.000677780713148555
0.000788519797993191
0.000715605588484692
0.000806291227804484
0.000930022912367142
0.000716857604762862
0.000807934989670381
0.000827431838992968
0.000774106873736744
0.000799520774871312
0.000783580264005698
0.000992746131710366
0.000775850616308309
0.000784312148915746
0.000765532339742054
0.00088226857708483
0.000743343229346555
0.000953736165532716
0.000724245393393965
0.000831488145163285
0.000846405046225151
0.000652936262988789
0.000769542408758507
0.000722590856264043
0.000728395922514971
0.000778067028161831
0.00069379601473239
0.000714229537035607
0.000816403015774823
0.000669618009430138
0.000708988762161912
0.000736572016307523
0.000941390511414822
0.000697157474261267
0.000894033391445681
0.000779557398503701
0.000764312283437889
0.000654036234461481
0.00075627791375292
0.000606846230577788
0.000813438838051405
0.000724203595467508
0.000736063228863507
0.000865826224284387
0.000893974471191017
0.000908695546808024
0.000741354342399175
0.000766309377989614
0.000778939397281951
0.000863357702159884
0.000826141212076942
0.000655576877213229
0.000746580211034213
0.000765575312557868
0.000701959678023611
0.000663779127691039
0.00075731460297558
0.000892984267494763
0.000737453355650414
0.000727485811187
0.000929297717372819
0.000740675489349118
0.000986417223946706
0.000828689886517195
0.00113170937610816
0.000876098554595147
0.000801146415505856
0.000748472201341931
0.000869562730823999
0.000873766403519078
0.000753733379274524
0.000781253337611065
0.000805485248194856
0.000794072622103616
0.000699059774740203
0.000836251007672896
0.000796406379269874
0.000917783866893599
0.00084191718842317
0.000840688987774022
0.000772057925864608
0.00167272333697621
0.00161611090620522
0.000781961027811121
0.000840848378876951
0.000865548926716101
0.00137647184697658
0.000818048959134904
0.000808297626755485
0.000659309504886638
0.000835815997420954
0.00079829976699922
0.00068581616554262
0.000842647081585036
0.000757410185653324
0.000883774215162187
0.000651982795312092
0.000871591908275547
0.000587026778055219
0.00075044953265019
0.000762300317736707
0.000873074143239011
0.000829678797229097
0.000728821207181753
0.00063958134457437
0.000867560267868623
0.000735398780266044
0.000822576707337649
0.000812979771137175
0.000802537555995279
0.000823393050256976
0.000758315316915856
0.000645792356382743
0.000682651964360545
0.000767467422105741
0.000758082900287594
0.000901912979555672
0.000823818581027219
0.000836803214535063
0.00072526375387419
0.000851137535714892
0.000861141992806889
0.000778457416059101
0.000703779078742226
0.000839744103053569
0.000679208183742921
0.000810318107547809
0.000796759166613949
0.000852854654652207
0.000709858065079138
0.000770536798169495
0.000795907146441002
0.000902921711830704
0.000748827193912913
0.000872648807974821
0.000888648443593904
0.000720864710107281
0.000832694517149209
0.0007454699221666
0.000880633789737435
0.000733066642727029
0.000863215990429257
0.000718009527668108
0.000710294029911051
0.00077235290896223
0.000765293367178721
0.000762068067897992
0.000871149141751034
0.000720246345097626
0.000789452920128919
0.000900661536901294
0.00100978083642771
0.000816721548992572
0.000999550022103381
0.000997032618452675
0.000798844266472325
0.000917159694485079
0.000837378368723067
0.000790206831731473
0.000743972269866915
0.000908804320885445
0.000823863528334228
0.000990184687962572
0.000795638236712037
0.000787831486926396
0.000817243064062549
0.000917308692990709
0.000938365377649038
0.000920331399617351
0.000770350468944312
0.000873703291973773
0.000852956780204879
0.000885309401991106
0.000804903977166638
0.000953939483624551
0.000819524923223104
0.000777116568054269
0.000821520332842482
0.000766436446585548
0.000811259537223053
0.000784872557680395
0.000891768138786897
0.000824795506784187
0.000811258588893641
0.000880436490741714
0.000733702119792167
0.000767479183583583
0.000956819691103988
0.000840906431593064
0.000937670497827649
0.000972102858202235
0.000755990190211388
0.000818931105951764
0.000808463296221766
0.000791528865447154
0.000805542606106308
0.00106854572524857
0.000748280277656666
0.000735829908226588
0.000874093372004961
0.000935175815613779
0.00124885361156011
0.00078900500659044
0.000814748274585343
0.00097626014382602
0.000751553900300408
0.00119213596307656
0.000875447053034309
0.00104670308970352
0.000846119040890735
0.00101268521601463
0.000652193626079982
0.000817143809477488
0.00151892938623844
0.000668341678703242
0.000882074308316422
0.000807342611680365
0.000849131192045515
0.000833586580081637
0.00101191484533062
0.000882149195614556
0.000713880623989323
0.000808994155327701
0.000804155820082738
0.000978913812492603
0.000908158704900698
0.00103545239102355
0.000833390190328091
0.000874223543863103
0.000865819575416043
0.000796847326592189
0.000801305726780546
0.000855244601152541
0.000736133217416697
0.000713795276629983
0.000801212972944514
0.000912219665423675
0.000838459155701946
0.000842433928721697
0.00103367482222464
0.000721403631750787
0.000769763688669858
0.000834040403442345
0.000898336094869524
0.000813246601896169
0.000780475596612245
0.00083626195211142
0.000802188433925811
0.0008163492648544
0.000846935418328003
0.00146249382264136
0.000935772126870386
0.000808154758714145
0.000876384456178214
0.00101926501036868
0.000768869774598152
0.000885537204221427
0.000866811005763203
0.000873730058986462
0.000841507885095041
0.000826857898646677
0.000800030168887795
0.00091621696064964
0.000737177748399054
0.000855973425525896
0.00081789150793446
0.000827860667069206
0.000779015083949534
0.000885471684486927
0.000914005993806665
0.000902119454028027
0.000887353253546923
0.000813419232102058
0.000919800205169733
0.00086140868417687
0.00141822516671365
0.000851316979388316
0.000733191720775358
0.000966252225751243
0.000828196129086347
0.000805733216354173
0.000887136075083636
0.000835488580313246
0.000851079834958621
0.000769132488596184
0.00076174214016929
0.00084770845737073
0.000855926142268368
0.000910864555307339
0.000800596418324852
0.000891700679603606
0.000828797017443184
0.000848826599631953
0.000701668040281496
0.000999108498665722
0.000721784663424192
0.000837687123261991
0.000784316343812518
0.00084809574378885
0.00085304825066456
0.000882635686540342
0.000900646091653298
0.00102014631301572
0.00100143632771416
0.000954138080598898
0.000825993239904752
0.000851233881734963
0.000991570209741936
0.000853424145228013
0.00113227082387644
0.000932048135309782
0.000735192339354299
0.000858734745791923
0.000857725307812755
0.000826283841202382
0.00122780580253898
0.00109503050346328
0.00104960266473216
0.00101448403885296
0.000876481766352021
0.000928840468674247
0.00103427893110781
0.00144630203134663
0.000814056120901966
0.000991746421988173
0.00119647117552589
0.000773949641266587
0.00101183340708796
0.000925228254700221
0.000810640011757819
0.000798862379205727
0.000961044973397408
0.000906451581703106
0.000922387450653162
0.000957771037400229
0.00107641111576729
0.000791463619068505
0.000949141723127191
0.000828674390261726
0.00076322172816643
0.000867694800635594
0.00077511617501221
0.000898881332930577
0.00084226616192802
0.000881060384904118
0.000936518944899086
0.000855523066502104
0.000956486523326213
0.000838644057268394
0.00236023015669279
0.00118774851158904
0.000977122538557239
0.000872726697553424
0.00120971278156463
0.000674622811607638
0.000958815534302661
0.000731031284358452
0.000989658616618583
0.000994173080667692
0.000983902657975186
0.000770291269736078
0.000762028531795305
0.000803217303583522
0.000729691749167216
0.000818025075725159
0.000801819129147843
0.000777427385849942
0.000911213806804058
0.000875969265203003
0.000891704918893306
0.000806306216402249
0.000860610141223668
0.0010172135071049
0.000844844311547132
0.00080053832655013
0.00067765183873101
0.000920902348025957
0.0007105206610093
0.000783205848166765
0.000853045122196255
0.00084166823846888
0.000863481516562909
0.000972671505390672
0.000911572379743643
0.000853820589075251
0.000821888738374944
0.000887084429539769
0.000927800322027617
0.000864531613612099
0.000798804044176602
0.00109789824327654
0.000805821494133153
0.000802755580658635
0.000887330766205817
0.000931104510350528
0.000704955899414167
0.00085477879682652
0.000885854625730967
0.000873214105937336
0.000787939249002455
0.000831452855325775
0.000765146725479203
0.000797583613030005
0.000884777289760343
0.000788104839520241
0.000829813315890948
0.000735680368823314
0.000860898884197749
0.000814493706705963
0.000809432887536225
0.000824087483168998
0.000891131356125848
0.000919839118819356
0.000752429196824278
0.000713197824315426
0.000800374927471765
0.000801680481905443
0.000809441974586938
0.000870365127631078
0.000915284143742336
0.000770458183177625
0.00085295879984288
0.000803917525472219
0.000820436059734096
0.00098072842653205
0.000806454553415221
0.000836174430536732
0.000811029539309179
0.000801905493656398
0.000906923403800536
0.000851514556393024
0.000691328314823112
0.000963909141175878
0.000895721835699305
0.000853503382319895
0.000840791621202116
0.000923375963426553
0.00086291475014971
0.000978755783048841
0.000816111270802573
0.00094412735860278
0.000954209112238983
0.000794812100575361
0.000761659234926031
0.000902228136810051
0.000794420465215941
0.00126050200407041
0.000808934765864065
0.00088488438793621
0.000727668626222834
0.000723898425373486
0.000936376114595228
0.000800535533373489
0.000796399507022044
0.00085710629521588
0.000690786677773945
0.000756780168188468
0.000714256795727994
0.000933859092883579
0.000716872596581014
0.000859766261873868
0.000727524261277717
0.000834675356084236
0.000794320230031794
0.000827750643344007
0.000776804706067386
0.000891727359297785
0.000790138001383777
0.00101361832452636
0.000850633611038214
0.000891832705404244
0.000858507483888511
0.000826114192373771
0.000784938942254959
0.000872410132894969
0.000751282589343249
0.000674877505311578
0.000791859135627325
0.000921046066128649
0.000765132246270572
0.000847581436725769
0.000633502909469885
0.000777560188996417
0.000753040796738095
0.000726108711331791
0.000758378451514762
0.00077367394641396
0.000742507096776927
0.000749190433872128
0.000804194339134196
0.000707376880416577
0.000829378074663971
0.000814064369206457
0.00078122562228479
0.000755871956698943
0.000775580527135805
0.000884630530769807
0.000833794937361861
0.000895520192677843
0.000779009408874572
0.000843506510297766
0.000771733260307366
0.000654939835396284
0.000966638097963664
0.000820138173381164
0.000857967282138245
0.000734777025626397
0.000813387155655778
0.000896892629832357
0.000797848097891179
0.000836787494301596
0.000823572744224951
0.000669097424944545
0.00087699693948059
0.000832961119085449
0.000844201255567798
0.000856609242717641
0.000865520637514307
0.00088545537055504
0.000791390747937394
0.000852266349641832
0.000878491949636477
0.000705291472510622
0.000956602031639867
0.000740919490482993
0.000915530333892372
0.000851591149442175
0.000997809297422472
0.000897884893612271
0.000878393359476532
0.000910468960332344
0.000791413862817955
0.000680406872510973
0.00109495708890657
0.000780203958003851
0.000848676920193905
0.000786770444146943
0.00075621314905113
0.0006504345570148
0.000836938367784883
0.000805624386405366
0.000835268319302843
0.000755169163023919
0.000701109380331502
0.000908862092403504
0.000807540859649351
0.000842612439339427
0.000877069373803307
0.000873580788682868
0.000727753363924827
0.000757044058837684
0.000908940070918358
0.000946347734175108
0.000757736881729532
0.000813853452246874
0.000775690803821444
0.000807942392704701
0.000838906264563044
0.000750982296200551
0.000846969800845424
0.000796577940767119
0.000861956209536161
0.000845198408231372
0.000809957617271035
0.000867389725074734
0.000705637519951056
0.000777288915054176
0.000997063555658643
0.000820967422262531
0.000756310800030424
0.000712210679245693
0.000808224522535056
0.000975555190166017
0.00103760155865254
0.000839417925295682
0.000779873345784002
0.000773005464293969
0.00083151242981826
0.000851781286216627
0.000722750074914253
0.000753170440017633
0.000758791650621997
0.000874863901096108
0.000752562660321559
0.000942565585563036
0.000773249262307086
0.00081475030239635
0.00095342769994489
0.000840688486440075
0.00101404857661369
0.000772377488508904
0.00076725348213806
0.000719233324315071
0.000767045868501196
0.000839403600228974
0.000851427697244593
0.000820775742215832
0.000845640106408878
0.00078761537198025
0.000833964571558498
0.000738980306113236
0.000886071230797928
0.000793311578861528
0.000738781945122873
0.000760390159790063
0.000672301227634424
0.00069530492268913
0.000877920999681227
0.00067553684741192
0.000884481359586921
0.000901045053747782
0.00068394785868376
0.000822982961094873
0.000815705917105589
0.000765934089055155
0.000711732429903855
0.000872097260387559
0.000849323255956189
0.00081035393609197
0.00079234151252056
0.000806380669255892
0.000815711587492896
0.000918394623392185
0.000984206778584052
0.000930373916839829
0.00082470926546853
0.00107316088203563
0.000841487673351706
0.000820594256732736
0.000844711984116688
0.000945081334268761
0.000954523594292442
0.000806912556962488
0.000718672831446253
0.000998164965696797
0.000941018815422908
0.000982854221382409
0.00078860284026956
0.000845183753107643
0.000868626782479137
0.000895890341795263
0.000792171883212953
0.000825432855833777
0.000863645413337217
0.000822746015712367
0.000788886740856944
0.000773427472010424
0.000911384784021234
0.000932189155565885
0.00085686149128165
0.000952185108835523
0.000896831161998408
0.000809875204220388
0.000876762360248005
0.000991009461921034
0.000915204045517199
0.000950999871986036
0.000935203517447507
0.000991665463033381
0.00088824707884489
0.000949440121319697
0.000850900080445312
0.00111156214130413
0.00098171689716732
0.000797484560423184
0.000861938724065254
0.00106579446376454
0.0012068894710001
0.00090395765498134
0.000852720917979217
0.000844530317617104
0.000973062120213385
0.000778829209430541
0.00117726796289471
0.000891281975816791
0.00110848441881876
0.00073519337149707
0.00106412152797282
0.00106002965510076
0.000940155932621837
0.000927677662241016
0.000924544778409281
0.00106360265503602
0.000890993040361206
0.00166980727856588
0.000965250348213453
0.00101652874713419
0.000929329590013605
0.000824438914235649
0.00104138869939831
0.000817718339429881
0.00109101317275955
0.000968694109698457
0.000999664811325664
0.000854003154228657
0.000878491519145174
0.000942311611117011
0.000974649012320177
0.000939048970359734
0.000956248263462584
0.000874342936633574
0.000892385679370986
0.000889161741636808
0.000952640550264334
0.000891209028344628
0.00118424848886885
0.000872674661175075
0.00095493794014607
0.000942526145764337
0.000881167142570562
0.000771827530921517
0.000912061531945798
0.000878154989709098
0.000894943541537602
0.000976224533415753
0.000814673400739542
0.000806589175515823
0.000848835700594915
0.00095100804014009
0.000785325549417416
0.000973626508465166
0.000866366769844389
0.000913082796994629
0.000835845030794317
0.000950069110754039
0.000859850196827924
0.000767493697186836
0.000831025569282386
0.00095840415941904
0.000893423884246935
0.000783195294819098
0.000985665868158105
0.000843251977113829
0.000877321776053662
0.00102773377626842
0.00106504345112751
0.000911222749365836
0.000884803079891549
0.000873354346642728
0.000882673367595929
0.000897354368574197
0.000918684569617885
0.000913576597567181
0.000938211355161818
0.000811348026055123
0.000935024725471876
0.00101399876820676
0.000988723328283517
0.000965282767045765
0.00102598410559826
0.000908665795222675
0.000918222070310918
0.000838400386450834
0.000838686481863102
0.000827756465348282
0.0010248906685756
0.000766781227631235
0.000972736736075614
0.000848083259193741
0.000892697631807308
0.000780300796318769
0.00101514557034541
0.00102075920315904
0.000861342082521909
0.00105597026431897
0.000811930654598254
0.000933728655858089
0.000922475737777305
0.00078439631768924
0.000932097481263381
0.00086720350683485
0.000964026389984792
0.000803666331530702
0.00103817465567026
0.000878425366127874
0.000795071985915908
0.000890616885379037
0.000885104162250544
0.00106120058420298
0.000869460250371483
0.000771084684465563
0.000900379741297979
0.000817332886041764
0.00106764571090899
0.000859854249167535
0.000832672105637756
0.000783554227789775
0.0010669537902533
0.000971252876589467
0.000947686799352061
0.000771919626522449
0.000974968144172257
0.000851310014527926
0.000997302421333302
0.00103755992014245
0.000818090728845376
0.000938648826161626
0.000954161565902169
0.000922962252572885
0.000855971010087913
0.000807164267502622
0.00127830643528069
0.00100562279821055
0.000904833868691801
0.0013403167754481
0.00104828158921744
0.000924999238050816
0.00091609239698137
0.000948153547831749
0.0008850633653689
0.00106464432511792
0.00101511216368241
0.000889086831496366
0.000813918789704602
0.000898791727384885
0.000878823878465114
0.000966550619827219
0.00218994812934507
0.000971088330946411
0.00100709460401772
0.000843014975173621
0.000857488433665666
0.000868176444177018
0.000835735023104843
0.00083686973223495
0.00077291653361068
0.000786520279896721
0.00096820859660893
0.000844846387392828
0.000924705090411377
0.000950539731173897
0.000919985560740736
0.000833763662458731
0.000866919896112558
0.000782649475269902
0.000870067098565552
0.000779343503515867
0.000913444262624782
0.0010970757551256
0.000815587620716879
0.000826299039864728
0.00115568528230301
0.000824945959477068
0.000894314590631902
0.000810033637622561
0.000860818399555202
0.000963565669695574
0.000821223296738114
0.00070379266531507
0.000891004451131025
0.000828396739287842
0.000888620012428496
0.00069845455798936
0.000814299316600112
0.000799851627138511
0.000877751295145324
0.000812636869528676
0.000806541723601964
0.00072671480404905
0.000992252928910522
0.000720601365496287
0.000951056727599838
0.000886292384170546
0.000707838239134109
0.000809590930743761
0.000731942534018492
0.000737464404488425
0.000875269799182341
0.000810571750778324
0.000742597830400555
0.000879367051607249
0.000691252016313639
0.000899138956997542
0.000878874876991743
0.000920901679145147
0.000849666142363724
0.000896532731421267
0.000878149169808396
0.000634606779733519
0.00078657253974021
0.000865777440971523
0.00090678038479236
0.000896048714967308
0.000806466648994265
0.000843813177803516
0.000812711023505872
0.000800142577511233
0.000788619366229587
0.0010232491396742
0.000756545164303649
0.000819756267344531
0.00089606544514586
0.00084016903370042
0.000800459938314525
0.000720960293666674
0.000785624390607183
0.000857843158052452
0.00094870016634175
0.00095058773389933
0.000799244411454715
0.000918169025965353
0.000824146288563458
0.000894468184149814
0.000959139263864639
0.000776943335643729
0.000858293420664662
0.000702355569999525
0.000727707325799479
0.00092525228021281
0.000882701203330896
0.000801369986742947
0.000903457386147208
0.000896132958772042
0.000788623890836892
0.000799666794000807
0.000751397808961708
0.000793354142058647
0.000847850726804328
0.000836318030014578
0.000785670931872619
0.000793040079968429
0.000735166018625485
0.000698009423655604
0.0010225609204912
0.000841783740525197
0.00111626166923427
0.000859599372700003
0.000840847628032555
0.000870444523495517
0.000751669552501254
0.000778901519541486
0.000914318073633825
0.000867818805355113
0.000760102786408361
0.00108331150971357
0.000712413071671378
0.000846846362741229
0.000791959831468145
0.000686559018435092
0.000787543748774699
0.000866458897227031
0.000846350884266066
0.000641337269003225
0.000755368035710879
0.000672261109111131
0.000699547966959586
0.00081637300687524
0.000711549178556031
0.000781587408299187
0.000909787060013894
0.000870866956044377
0.00067013550555009
0.000703589710392312
0.000853501501302896
0.000852579186100032
0.000769666823249539
0.000870734624340633
0.000825353697731371
0.000854631194234975
0.000771635628050659
0.000793752086499006
0.000806365703019298
0.000731685266762029
0.000944740305066083
0.000789597910015628
0.000646982588674175
0.000844503648337111
0.000761308492420508
0.000741220982343423
0.000916389235486683
0.000864093412512082
0.000680551065157146
0.000693474804242207
0.000802589694293036
0.000759840529164812
0.000817401588495064
0.000747364826195155
0.00070545981699237
0.000745921070138233
0.000839632949099535
0.00064944027736911
0.000696440242794624
0.000638599591327137
0.00066188836283352
0.000683790338193576
0.000697854637805437
0.000911812233829206
0.000786796103739492
0.00085622771181504
0.000846398016938635
0.000790184127627396
0.000706439994874642
0.000977069812573736
0.000823831751166989
0.000743349585472675
0.000786621048920917
0.000848966098101711
0.000800989676912486
0.000811686855129874
0.000932352262901489
0.000912066230315018
0.00117951578288636
0.00100828966454754
0.000880683532711836
0.000818347989676359
0.000811438406606294
0.000908520511028262
0.000754739284819789
0.000743702786338335
0.00082438587626869
0.000707366120645339
0.00095774226531258
0.000740934813247844
0.000823682081858471
0.00106442018329845
0.000831255451373671
0.000798062142176925
0.000817311113085728
0.000810409291868981
0.000774312460995875
0.000814856384524675
0.000813018623598258
0.00106075669159017
0.000959374004765359
0.000937511068941158
0.000688965723120896
0.000849630724880956
0.000968556852545404
0.000685951579160212
0.000796837185393978
0.000845799075915652
0.000779938402468169
0.00076671660242944
0.000836646278666275
0.000874452468253898
0.000713374436785494
0.000698472133029817
0.000850279934530681
0.000683269708123157
0.000877109729065107
0.000845600448000243
0.000878871845067083
0.000997759618854367
0.000703404711993746
0.000850099733037984
0.00120332380782538
0.000825208842285884
0.000874123199516387
0.000917421163325308
0.000917377274735072
0.000739018964269718
0.000817202128902035
0.000735426643247179
0.000832269029367491
0.000917738722347375
0.000772900398923886
0.000744374560442921
0.00102153847633368
0.000804498354215025
0.000880497166846941
0.00102125560531493
0.000655602610643044
0.000810749041107969
0.000758017958186333
0.000930949563249433
0.000819353193062649
0.00117004711543325
0.000800501952652997
0.000937074007196305
0.000799095276453528
0.000812606883327113
0.000711140367222764
0.000788351084873876
0.000711388431626377
0.000928958643567509
0.000888295690818892
0.000863820678252829
0.000706679889119673
0.000707772610599472
0.00081084613249652
0.000971574740206099
0.000776783647742579
0.000707439404583731
0.000828976236424199
0.000795121782329307
0.000854764738618648
0.000773901457546572
0.000736847993912926
0.00087788035880855
0.000726505924393442
0.000637863415625564
0.000972267127093539
0.000720477639930102
0.000827144654062763
0.000815227302535957
0.000879567431337245
0.000734884702305426
0.00065753898811062
0.000784190422942185
0.00094631556437228
0.00077532198811401
0.000776024401569682
0.000862371804891117
0.000790260920055692
0.00074583806369097
0.00117851924888795
0.000788430555919112
0.000842159902035648
0.000813057602804381
0.000767844504423687
0.000753656456340335
0.00082180140859228
0.000691540631266529
0.000749199780275537
0.000832814655388592
0.000738522148299597
0.000713658520605993
0.000716014718087146
0.000755768573455201
0.000862688998648548
0.000781900002601781
0.000768343584095791
0.000754248428898713
0.00077747375975929
0.000700130346021756
0.000669010910839561
0.00061095293569285
0.000673801541545191
0.000673353414744174
0.000745881537829093
0.000799746632863014
0.00067056646574092
0.000974654766881196
0.000650739609876305
0.000915421381155156
0.000851426303352807
0.000798386690721966
0.000808968788778451
0.000722841367729896
0.000741926863013716
0.00089117828331692
0.000898289508393273
0.000727842506111689
0.000804631240271715
0.000671974295304799
0.000793936981561911
0.000734989233356247
0.000817684322177576
0.00123755659249499
0.000762130158165684
0.000795539544126169
0.000948855242836502
0.000796250688910641
0.000651025268734231
0.000791561474659746
0.000803560352298796
0.000778477327959799
0.000839900388638368
0.000914541153628122
0.00074362979588759
0.00111294989262632
0.000793552649656228
0.000878284231446771
0.000959915973433754
0.000759671358465169
0.000830185767613495
0.000939390382596873
0.000629331972456868
0.000840404335922621
0.000854359769803421
0.000933119534197331
0.000872485812716655
0.000723521893442377
0.000806326511291127
0.00068404943657422
0.000821593391067105
0.000637025165344326
0.000707495738304229
0.00068183489878134
0.000663108463630874
0.000694122054666013
0.000841709036827504
0.000705793233959353
0.000738483946154203
0.000688588158737562
0.000557618756248666
0.000779720488070157
0.000767557272302074
0.000738866178231618
0.00076042473352803
0.000791323767010865
0.000702974176502273
0.000684419449049024
0.000658955107907877
0.000703702571628572
0.000700521036680398
0.000686175848332551
0.000801589421191058
0.000807831186308913
0.000795742880623149
0.000768168959835207
0.000648953269274353
0.00104148746080911
0.000691057182479051
0.000662592831530655
0.000823160634195211
0.000774430437603783
0.000658792266060668
0.000759326920781178
0.000897545537120643
0.000786554199849826
0.000780216241929941
0.000642155719535212
0.000779539460036196
0.000722717309202612
0.000759227424817138
0.000809735100004087
0.000659486908859954
0.000867931693963639
0.000767446473347861
0.000885591378660356
0.000769406098998626
0.000650266601566653
0.000826643865123758
0.000641245539811324
0.000769131161723689
0.000651109071585027
0.000691882020731682
0.000828690713500195
0.000757804328278287
0.000655356185242936
0.000725232277607986
0.000697604224659332
0.000774440630243588
0.000772459112130285
0.000822595221130115
0.00073351095803174
0.000671469518673328
0.000859564060357385
0.000673255440988035
0.000650384516622066
0.000773599859127644
0.000983485798730673
0.000657907875541317
0.00078282345712744
0.000847357752430405
0.000811269565990452
0.00078449724679516
0.000704779631919392
0.000639436099040648
0.000774449472139797
0.000705319824567295
0.000671506791988533
0.000830697645146777
0.000718324787143786
0.000660501608491186
0.000731032603877563
0.000769675221056881
0.000798643139004961
0.000799542431222394
0.000772224349111335
0.000822734932482985
0.000657114299366187
0.000816037174727056
0.000634563453716764
0.000656050795547279
0.0010182664707468
0.000735700688512688
0.000824774628011833
0.000998970467636213
0.00078274688830661
0.00101618782500932
0.000838802482717626
0.000886767982011011
0.000700665176493597
0.00068279443899724
0.000699867346453575
0.000632934827442766
0.000690456131116751
0.000743196704967697
0.000664856771723556
0.000684584312519749
0.000836882801761681
0.0006728887771012
0.000900248216882906
0.000935399429768702
0.000655498196222314
0.000731309520425552
0.000588281377017201
0.000763756990292399
0.000723725602405861
0.000708385977394304
0.000786334091491346
0.000650834682259979
0.000719509387715787
0.000660281042553705
0.000736473541334861
0.000768618783993046
0.000695475012404403
0.000744243126696032
0.00112932227898752
0.000691508246339508
0.00084722121906248
0.000923566694144334
0.000728005702369775
0.000689205571538148
0.000736726254746119
0.000634666911772751
0.000881724230669632
0.000828408856431209
0.000640068879971226
0.000638290604515147
0.000667866717657869
0.000867541295180368
0.000747863117023616
0.000780050027689388
0.000775055808677804
0.000663963874277641
0.000711937990816429
0.000787488885622926
0.000714464220226079
0.000740126509423092
0.000862709110525536
0.000954576846848165
0.000855975311595756
0.00067682096170297
0.000662500369562314
0.000694364620235668
0.000737444954450837
0.000913379781194878
0.00074337221761554
0.000824169229984877
0.000621275774747094
0.000787973362595943
0.000876096146685686
0.000797436062231461
0.000695135505477424
0.000733471243180479
0.000726317717665665
0.000775735375047371
0.000828320682948955
0.000771560522798822
0.000689462973625108
0.000854169987998852
0.000654984253372824
0.000872817229964024
0.00072686135333277
0.000651095806046995
0.000933504401815936
0.000860146103523738
0.0006972992165452
0.000691261982980927
0.000708738311103469
0.000750289501446489
0.000787905577960744
0.000733310919963656
0.000756202974960874
0.000732631720280214
0.000814492786171279
0.000793548391348644
0.000836500000725184
0.000737863342813874
0.000668648150942212
0.000793910897198851
0.000632207481090409
0.000846469591329952
0.000735035597579774
0.000788039830320149
0.000665986861691238
0.000840095914511716
0.00076258128534429
0.000670188899679982
0.000644666092652382
0.000760903125038886
0.000877657128047154
0.000686340040102999
0.000717792007745758
0.000771886680537064
0.00068560320909938
0.00066192857158557
0.000702206516354866
0.000653565910054105
0.000764274909829573
0.000712728287619341
0.0006416847369272
0.00125762103813556
0.000801715889912145
0.000630376071263482
0.000722175327073734
0.000635035210643327
0.000763158351784107
0.000779272366654713
0.000696159604389839
0.000734903952814033
0.0007747110232731
0.0007294091611836
0.000826103677550418
0.00076339264207747
0.000696294618207128
0.000839077483116841
0.000795872315243566
0.000784254680107051
0.00077356397456527
0.000810466092662366
0.000655145610491525
0.000726626133783101
0.000780654159985814
0.000834383920212195
0.000788886374135382
0.00077010388872827
0.000640843403768397
0.000708814942718568
0.00079836914279992
0.000805602131284388
0.00075435989398246
0.000669862613719763
0.000779775456819889
0.000869540674619047
0.000680520715111269
0.00064084494784226
0.000717482983820885
0.000694769364859617
0.000792066320491174
0.000778965671309325
0.00099261258721919
0.00100342093957315
0.000754230237275913
0.000750123325838481
0.000677683909370597
0.000704587648783633
0.000801278130136331
0.000597097282424301
0.000787683961947035
0.000684250425222948
0.000664496400876469
0.000697394919697101
0.000655693704864267
0.000529519775893719
0.000624506467898116
0.000434358244615752
0.000862428050338255
0.000787012359402135
0.000681719165250203
0.00109899338094132
0.000631364664486109
0.000715590900024629
0.000769474333375334
0.000770703792195847
0.000880843101959378
0.000612616262045945
0.000695380917263599
0.000903914257192814
0.000675420188766606
0.000798981560082438
0.000836889410566084
0.000722029343906474
0.00108661552707894
0.000518782482969689
0.000607267309288884
0.000562528228485082
0.000573330294854473
0.00089668036408369
0.000882856667556709
0.000833454029099352
0.000857000282349335
0.000774886072966473
0.000658855273682486
0.000730259490173929
0.000869443296719083
0.000826038928387393
0.000780717129264598
0.0007266906305647
0.000803978284998499
0.000639301372429238
0.000842435520210506
0.000745649036431871
0.000734210542267642
0.00103804666149463
0.000904563910502142
0.000767823959763261
0.000744573566788107
0.000675711858559622
0.000727240550013671
0.000859548873672869
0.000683146988027441
0.000708316821541581
0.00092213581910584
0.000650729012919642
0.000786208893742188
0.000694741246290347
0.000703225682799486
0.000835551117647976
0.000634974139488605
0.000861792671889734
0.000940727242512945
0.000711078087234291
0.000665356821549423
0.000763161423465508
0.000920903125577088
0.000842957910243239
0.00085664633442988
0.000859601514871988
0.00074091465091595
0.000755603140201494
0.000678662400946368
0.000711565367518893
0.000755852864516624
0.000853288897131014
0.000894344534307576
0.000836865747244908
0.000729052885336775
0.000695118274820163
0.000712376871720147
0.000641289642012843
0.000811299432645664
0.000703299688632054
0.000585832895405815
0.000788679936247049
0.000653608520447661
0.000764580728295776
0.000847520380715132
0.000843157302875708
0.000831806811062766
0.00069007390311312
0.000817557057443829
0.000784577403381864
0.000746653514907814
0.000926721865325205
0.000737814566537645
0.000653508504388835
0.000718788146342445
0.000709649846653464
0.000755849015593689
0.000663708848946233
0.000792262669258307
0.000644106732141163
0.000727166009653598
0.000753345715585603
0.000756177577006184
0.000817028763317246
0.000814610957819221
0.000705660013194844
0.000830534138680501
0.00075787694712809
0.00079137972645146
0.000697632842935679
0.000745903651961269
0.000785185862448314
0.00079223218289476
0.000802872729678575
0.000806587843742399
0.000801421516915736
0.000701384866866976
0.000899214864684966
0.000748907793611003
0.000813758307106738
0.00070492317630023
0.000723047452464735
0.000703995294994481
0.000697046141098511
0.000780160440902485
0.00076495918503924
0.000714518801026971
0.000972621119495568
0.000629991001478578
0.000766388470282472
0.000780482865160118
0.000842545792860595
0.000889879703237191
0.000851280865458581
0.000918676327848407
0.000815995918979085
0.000689927982280177
0.000849726907629026
0.000859334231240986
0.000729625953158243
0.000906081286373933
0.000777800757727803
0.000842067488340508
0.000798989879094648
0.000841566633254134
0.000734932113409218
0.000750526011248997
0.00072012919058699
0.00077985672338456
0.000691181687810849
0.000751993867101459
0.000697877657420097
0.000771360795944916
0.000824138232621448
0.00085895973925213
0.000789600302887801
0.000638416125218789
0.000788272851024204
0.000757954538764933
0.00073293728734548
0.000731861477627212
0.000841499982729115
0.000913874664610884
0.000746287673843285
0.000784330965168828
0.000773442113252169
0.000762435305514043
0.000769277189432954
0.000765113479950669
0.000830020798296268
0.000713768992250317
0.000620547834106157
0.000706898158201209
0.000751182227254567
0.000709555698307941
0.000947410369755776
0.000923753546695144
0.000958657419779251
0.000450905589679619
0.000415625854890284
0.00055907755020758
0.000632164352288897
0.000788397906296669
0.000708551114894671
0.000706560023891486
0.000632009413615966
0.000764051184199773
0.00101103268553179
0.00069189030508859
0.000806271776059324
0.000855038733524268
0.000684951227919849
0.000807013458141797
0.000849454667239759
0.000788947282649446
0.000719059975647517
0.000785793801736943
0.000880239788344596
0.000778780037412391
0.0013345128488341
0.000568473682984986
0.000470497314440395
0.000709349916439796
0.000627722248300238
0.00130069186580605
0.000988487199617296
0.000842741894073892
0.000713040672332587
0.00074062384772123
0.000809292490216562
0.000749637822670203
0.000792239802114088
0.000952385328045992
0.00074387833125544
0.000666706453937796
0.000785805017529108
0.000726342502621118
0.00080706174960743
0.000745001102201164
0.000948483345770912
0.000734346589212953
0.000791248312321304
0.000610946057639924
0.000766816904644869
0.000566984383939113
0.000780379137187593
0.000727540331534736
0.000844608274163775
0.000744028901761131
0.000766628719678075
0.000714683204861913
0.000765840385343779
0.0012616668541522
0.00088766995425503
0.000835065470511349
0.000689704756787931
0.000869836128795669
0.000704963801295514
0.000674416485910019
0.000741087042433657
0.000911570361851661
0.000778076875488036
0.000839572082954574
0.000872078696449174
0.000762800925249331
0.000854631399047783
0.000882591174794011
0.000869982867595957
0.000748153094445676
0.000869035373734084
0.000760943515851393
0.000753960728379936
0.000820580936549078
0.000796231284910109
0.000804292130434397
0.000764571181588434
0.000690099502658597
0.000836606696775673
0.000813771291318546
0.000801433600908859
0.000724820142392373
0.000832042316115947
0.000805525552010489
0.000681927152170995
0.000738389638909945
0.000811687291629288
0.000841765177861762
0.000806024322446785
0.000774817443133647
0.000813075289022774
0.00092634386856702
0.000852688139781421
0.000707638710906641
0.000754015904553747
0.000681564881843231
0.000587204432528274
0.000766460674607583
0.000739765433427066
0.00071542419396265
0.000748706468981124
0.000727280630355252
0.000817836938751037
0.000713102369319839
0.000685379442523429
0.000707527524002619
0.000756521743756043
0.000753731739617315
0.000747707732762944
0.000750942332204216
0.000845840836554145
0.000787317335265999
0.00070041453322693
0.000866378009850528
0.00079578326279389
0.000733297588918043
0.000642875890332713
0.000882168612918897
0.000776943048610848
0.000876843560235556
0.000872044652188715
0.000797288196560194
0.000794718255577052
0.000751889477980591
0.000832433161582244
0.000916294057605174
0.000923808853396117
0.000801820065360168
0.000943571855866829
0.000663144235993356
0.000815369498636578
0.000807481581633955
0.000703554830763119
0.000765447842205054
0.000745580973489294
0.000750597495490204
0.000735406084721952
0.000932590489267993
0.000963022231931077
0.000749415143145019
0.000857600309010699
0.000770074256080582
0.000786021952816814
0.000863791961880681
0.00098193965784552
0.00078503380353295
0.000829547277119072
0.000742371093104294
0.000826388850587595
0.00104796266731217
0.000729051423133731
0.000831564193799082
0.000981096943458193
0.000816640272305722
0.000828673565966444
0.000741414441116976
0.000860080435409164
0.000763608278859435
0.000647449843539528
0.000724704402499446
0.000736875151852039
0.000767185736489283
0.000721424641716415
0.000797920768293448
0.00092948150322643
0.00087780429092047
0.000769981193847543
0.000648447775557862
0.000801305194472435
0.000797547556092018
0.000903113850596002
0.000713968260798996
0.000989141062997812
0.000884009671228517
0.000774207625332049
0.000937021174530909
0.000797144408465011
0.000824906362522158
0.000780759491633141
0.000944257478603291
0.000773538920667694
0.000815169809756513
0.000740608296346272
0.000749443079330041
0.000692576264023363
0.000914448362348713
0.000786254483640549
0.000833700141217205
0.000793019124839044
0.000750518983009977
0.000836194940822445
0.000892759695678712
0.00075277400041097
0.000970632737623613
0.000903065306345725
0.000813218998692727
0.00104360816648668
0.000861633687219829
0.000802719820431898
0.000718379414082835
0.000722142392309643
0.00092817256944296
0.000985369384805659
0.000917519620070865
0.000817501308213463
0.000676864413833549
0.000866455177333716
0.000786926940588549
0.000726175766499267
0.000840514073276302
0.000737097718900546
0.000743532704391225
0.000644524639783847
0.000791490791913954
0.000744169654112287
0.000786152510575832
0.00074765046218802
0.000906162140499882
0.000712164243594391
0.000711935190519972
0.000792108431170078
0.000739052042650862
0.000790624543377795
0.000791432834260979
0.000788219413414544
0.000577064831097633
0.000833545369042243
0.00078343596686101
0.000840213698807064
0.000757849180847971
0.000781810525623472
0.000650533235486133
0.00111482472291477
0.000744149443083974
0.00076994852580035
0.000769778393436171
0.000720316232009896
0.000669583136569362
0.000799542034841341
0.000749006833423727
0.000756446984752262
0.00103615418919367
0.000775548828996903
0.000731506812538325
0.000620821416847841
0.000829982293459671
0.000766337173455974
0.000768427362608567
0.000993899177502219
0.000853906367894496
0.000662175260313566
0.000725633073925923
0.000672246104999484
0.00076498609956877
0.000799398777270662
0.000859110975190842
0.000683115532954951
0.000819302571484192
0.000830338849457794
0.000656347461764994
0.000791582870057933
0.000862308009835019
0.000742117881575073
0.000800493063009573
0.000833402968683644
0.000806510098054612
0.000700843854001876
0.000767998067643482
0.000748998185775359
0.000831037225767089
0.000661625907162
0.000737917346092235
0.000802998084902476
0.000755173377007726
0.000833139946985998
0.000665106379430407
0.000771508829544014
0.000723526894291394
0.000807264076222024
0.000662507326088261
0.000857260294301753
0.000658020278396526
0.000770446366895112
0.000899518872808036
0.000744985907099073
0.000960127309878486
0.000732607664721756
0.000804838441723091
0.000833711816109882
0.000873622866748727
0.000793574550672208
0.000730341490183431
0.000661974411157787
0.000924524894258303
0.000631539367879338
0.000662067153971372
0.000685466535282258
0.00066997803629541
0.00058691556965021
0.000865977326004149
0.00082435637267499
0.000764154247982997
0.000672120418901657
0.000867031914811578
0.000753199022598867
0.000707292641897992
0.000650951656406684
0.000777217312483383
0.000830518263469496
0.000723635592979632
0.000707404329895422
0.000652233121300968
0.000629717416282073
0.000823347942154925
0.000693558733093687
0.000771186568570011
0.000583997082991577
0.000750230642122736
0.000912947714145987
0.000723683534765567
0.000698520538596183
0.000730721392136311
0.000627509710558685
0.000776362568307711
0.000635691057358976
0.000749385434887874
0.000756611553416072
0.000677928198141492
0.000683431197094483
0.00077844095746277
0.000737437564575959
0.000744669213024507
0.000748319370891136
0.000692245657023432
0.000780104545137722
0.000694373076891758
0.000757467646510324
0.000652771401125961
0.000672553283456226
0.000693362389658288
0.000782483913798981
0.000806502557048611
0.000788283693923574
0.000774520513548254
0.000778265981176021
0.000827768031443172
0.000666874379838605
0.000756222851433422
0.000700811967218574
0.000688287293673625
0.000813750761267692
0.000943612967334588
0.000723456700851083
0.000769253204568807
0.000664993231996754
0.000707559992849069
0.00075618789772706
0.000715648219224468
0.000780801856577982
0.000673271071206945
0.000669812430241756
0.000806413747754798
0.000807822096198687
0.000803264037040149
0.000759975289284252
0.000889371926862353
0.000637594674498947
0.000817163929548991
0.000907522530781984
0.000762045871387054
0.000908384272164855
0.000761653755831225
0.000791634872765465
0.000896941255108341
0.000767413388044798
0.000745308288791224
0.000843463206534992
0.000673471204175671
0.000820159170410501
0.00080993080501341
0.00075280289649433
0.000857014069942878
0.000757829449491539
0.000741923452081621
0.000746118978253029
0.000811952782644309
0.00071139349998045
0.000744967827218326
0.000677976234241554
0.000651787983457955
0.000862270806440708
0.000782118731780661
0.000740604274061872
0.000719016616080154
0.000806338548077525
0.000780406822246268
0.000771984469556267
0.000726975285947
0.000669201234727578
0.000671951545082537
0.000792368434996951
0.000748115803654862
0.000737974262187601
0.000740761713510056
0.000811014815766405
0.000785551454407182
0.000756410185820012
0.000771876472654298
0.000744272863812011
0.000750547426922127
0.000701015237515284
0.000743004667496531
0.000650570505873428
0.000700820037018754
0.000766360671843126
0.00082249316124315
0.000820219984866614
0.00079349720071822
0.000683836854646661
0.000797858498426051
0.000782911877824087
0.000846642922633119
0.000702337941757988
0.000703799115218481
0.000702078675849882
0.000736544580522548
0.000729412367947637
0.000710153719853075
0.000868885113486522
0.000802271777800554
0.000857736553153626
0.000720651956252173
0.000775483575182545
0.000695871958180703
0.00081316350063347
0.000860682849829233
0.000711509557346618
0.000688296297482572
0.000837693215663908
0.000702851756315268
0.000760610930234718
0.000686421085659685
0.000800373917746274
0.000611788769461891
0.00085530671299959
0.000808018696682429
0.000647409021793867
0.000950169400493394
0.000700246782835407
0.000813084650694115
0.00160716833933202
0.00127641587685578
0.000967158792690185
0.00075868881387179
0.000705941699900312
0.000748157179256907
0.000845022847846643
0.000802736698626074
0.000714267689693491
0.000720304007669864
0.000679543836704453
0.000595346013403931
0.000771255709757508
0.000750728212716587
0.000749722211955346
0.000836611578750221
0.000971246722646743
0.000660062574333571
0.000806884337708518
0.000811167359278795
0.000783839740335979
0.000733216647192466
0.00107943086263484
0.000690092964326327
0.000778503966749423
0.00104685907230837
0.000743434755514247
0.000733125388738852
0.000807857036128512
0.000759813265493901
0.000877437063779937
0.000768925680408822
0.000995683074168453
0.000821953663833628
0.000842458678490502
0.000778161631425813
0.000801620642304578
0.000680347579983946
0.000764172223971122
0.000686974157375709
0.000778126914305309
0.0008612645886236
0.000663607749975998
0.000836627729463126
0.000790960516362908
0.000819204499773184
0.000705845716370764
0.000779990411039026
0.000772319056156687
0.000812349348792393
0.00227929534352264
0.000655395717552593
0.000697441799028492
0.000909601777920897
0.000688287481651753
0.000712575516159953
0.00095510135779176
0.000810013997084447
0.000870150377568355
0.000737558076663091
0.000761463645699535
0.000854909700646319
0.000716485793985893
0.000715859870674598
0.00130815591948318
0.000816742528307195
0.000629620184083358
0.000794413380337574
0.000858343066331977
0.00079205683295156
0.000745862806501392
0.000926260349232354
0.000680857053623441
0.00101585102924337
0.000759877819369632
0.000839792539196205
0.000697505961835474
0.000726481910340708
0.000690544984515514
0.000827335012661055
0.000749393903258388
0.000661960756572443
0.000650989497315522
0.00078234444545799
0.000814911317663685
0.00070237162774603
0.000774094935097949
0.000712874211439115
0.000854233023076701
0.00107856106001049
0.000693286761606463
0.000928873706035032
0.000737354688428346
0.000727824858073782
0.000814614251304628
0.000871761057695088
0.00091768721748391
0.000792536198264492
0.000648990713469043
0.000863636620892779
0.00075125501409563
0.000806786516412897
0.000755203878211225
0.000802599708134368
0.00084334272992814
0.000666914566913321
0.000930834873196037
0.00071106018922489
0.000721683053106661
0.000827234058271593
0.000714363091743793
0.000820766339762104
0.000779298557852573
0.00079481353212213
0.000765889422945451
0.000707697406799761
0.000820986839165983
0.000664841933984871
0.000863490540364092
0.000684122682465064
0.000680841269728133
0.000814813280802283
0.000852987149078648
0.000826810159964291
0.000727657442643381
0.000844798176000194
0.000815859846506586
0.000804856442005181
0.000643993040766854
0.00105342850684051
0.000813184713982597
0.000788960431715024
0.000697092586823213
0.00074516112227955
0.000749286564968761
0.000704061300802455
0.000847437870299062
0.000736028156070645
0.000813573365899539
0.000729634521066225
0.000813405517887989
0.00087284097094083
0.000815103166605724
0.000755533122378044
0.000789144700965173
0.000839353461808451
0.00070181693904868
0.000814834128983598
0.000621635070247253
0.000646725205692221
0.000842367940450867
0.000722056637106061
0.000737214229698872
0.000638658067703728
0.000759250154505197
0.000670410676432838
0.000831229870081492
0.000688605034739793
0.000902600275051558
0.00067485553736188
0.000773591116526283
0.000675828196615555
0.000835667580695142
0.000970934426603309
0.000775747495657513
0.00078648121200664
0.000838544786852347
0.000930694567982243
0.0022373907247426
0.000669506387926136
0.000663111749001198
0.000909738141351864
0.000727411916409374
0.000792705447787655
0.000815016107767108
0.00082753299708915
0.000838233733406674
0.000771175726736563
0.00104861489082749
0.000963871220689416
0.000800777842063323
0.000796456030647879
0.000647836250817193
0.000651447154429431
0.000767837790929124
0.000828004265956076
0.000791683685368877
0.000779886504756132
0.000973917546822696
0.000823462735665518
0.000680014310387619
0.000769197280789106
0.00092293305230252
0.0007127201201016
0.000865602866280924
0.000784410679367035
0.000672177682426399
0.000690038234323087
0.000682647482448595
0.000806807623509411
0.000658099501081929
0.000737116388194733
0.00081876623196393
0.000769768804778096
0.000718504652772473
0.000875917508192746
0.000734734414860443
0.000893802969217852
0.000832531719494212
0.000948714171455277
0.000846478412056807
0.00077546772405845
0.000831116740945742
0.0010243084969473
0.00100298801545421
0.000757270415035141
0.000862728762065819
0.000813114114668057
0.000688193560281039
0.00082628650935309
0.000820129117464238
0.000737865312892615
0.000809610847496787
0.000839191446333053
0.000757479025614005
0.000739209498143343
0.000707318244087238
0.000676389809490156
0.000777608432756441
0.000680763149360499
0.00073870347902853
0.000726035827968256
0.000670517096996708
0.00075823084822146
0.000611540554987606
0.000830130993887773
0.000723400668304894
0.000731741095303085
0.00092710299586038
0.000879574327545906
0.000891068638408057
0.000886125932797814
0.000908572344534624
0.000776907986077708
0.000713215812445683
0.000743935890897298
0.000783186877215595
0.000752555476313225
0.000793946071800315
0.000918194635277487
0.000851341196866184
0.000763072152794701
0.000761217595701056
0.000850796313021269
0.00104956878938168
0.000743794821307767
0.000662469424310825
0.000741542003478745
0.00078348459981259
0.00070212969412486
0.000769894931752284
0.000895127045206613
0.000745219252068654
0.000753958531974448
0.000777292692818012
0.00082087566037411
0.000859608833855039
0.000718166330740291
0.000841406266054482
0.000717865003696873
0.000720029920349735
0.000877775050468935
0.000681357655237368
0.0006976374706753
0.00080134547661469
0.000727513862173362
0.00101633377714601
0.000795190588784911
0.000840715416018642
0.000896850274841521
0.000653784990553642
0.000697645142813587
0.00073849761684373
0.000736013813160927
0.000743523222602833
0.000929373581255238
0.000818168927208678
0.00119164845794142
0.000799354720494386
0.00130649537673248
0.000715871631149754
0.000810510047449799
0.000830434694418602
0.000845764882188122
0.000965673147967636
0.000877769240153982
0.000815926162702639
0.000949760707950617
0.00104650709224132
0.000776145553292208
0.000881072780736095
0.000753288873528494
0.000893644628320302
0.00104142552943624
0.000810145824120357
0.000770187148472722
0.000765927194778945
0.000695426951110059
0.000784738336664009
0.00069019190250203
0.00082914327600888
0.000713324244864781
0.000753909500235419
0.000836984440719579
0.000819930299963142
0.000696900804675198
0.000737333452051857
0.000930117932851409
0.000725779230573931
0.000788188040176465
0.00072571886047283
0.000720922618294212
0.000877283441821899
0.000813642305775014
0.000959910988281001
0.000947148999093444
0.000806056908434539
0.000815772895494554
0.000942429866888495
0.000810217664522033
0.000781317513710538
0.000774105108752866
0.000947918232185235
0.000972582793866321
0.00078016573199155
0.00084650004758193
0.000734522574816534
0.000798494242584682
0.000884208803492687
0.000745837026847136
0.00075275196763332
0.00073175350103274
0.000728692899793904
0.000768874181935474
0.00095399177530496
0.000829784306406938
0.000812969639034979
0.000699280812018923
0.000657742363753438
0.000796886690723654
0.000704681905246332
0.0010391552633976
0.000911558078394034
0.000814766836953572
0.00071104614712018
0.000830058788687041
0.000692207647318711
0.000939557822860197
0.000845709814420533
0.000629411117950742
0.000743142115212297
0.000683782246078212
0.000784743684196514
0.000989845493245065
0.000817178172857332
0.000762640358209175
0.000631503631237121
0.000732235095167958
0.000687365039894956
0.000726334176081294
0.000912183962018248
0.000795721598733479
0.000845904886638971
0.000775123288748234
0.000816155133081025
0.000841036807654926
0.00103556804066736
0.000779614670573927
0.000794590867816643
0.000740378387075748
0.000745409086701252
0.000852994715390006
0.000869024300113244
0.000842115778018333
0.000863033257310885
0.000778333323023172
0.000702682504733969
0.00069693998195653
0.000829523077959807
0.000644008416830594
0.000903600717376563
0.000803271317414699
0.000861833678720669
0.000753342750848068
0.00074228067374903
0.00128288661003788
0.000858106629570354
0.000653056679344735
0.000727807673715301
0.000752126295891734
0.000797916604406775
0.000800388377267856
0.000770124423110202
0.000759959540103398
0.000845102181243697
0.000844844944213952
0.000875505859430173
0.000863112879082841
0.000965922469135617
0.000656943600474036
0.000786573895029858
0.000687732727216132
0.000649397108963802
0.000704211405959205
0.00103118811662211
0.00071123893038614
0.00086146369298115
0.000798417066821567
0.000708581737581255
0.000990810423290379
0.000910461300409006
0.000642681117027246
0.000792896160559056
0.000932030214550687
0.00073021826317784
0.000858120119779385
0.00072396809563478
0.000871506019989927
0.000841694427379064
0.000692019142168314
0.000753491152153337
0.000857970086219137
0.000789470308697674
0.000840894656693004
0.00071242343580957
0.000817239491699806
0.000763317289114852
0.00082144683942586
0.000804716670247888
0.000690705884205528
0.000895065207210882
0.000700065288444142
0.000700038852094864
0.000822407279523822
0.000810330735461248
0.000708197316096349
0.000645508201418304
0.000737728683739557
0.000888483125158132
0.000784284121045387
0.000771889358379303
0.000913794835554838
0.000758482952078213
0.00065037895656716
0.000859506118439556
0.000875743495610468
0.000757398165605244
0.000692152630635562
0.000871670734673497
0.000887661820249387
0.000893544235609308
0.000855376338968308
0.000896780074680328
0.000866827163207985
0.000828807014192264
0.000848774164967589
0.000886459548431133
0.000729283013068507
0.000844027350941272
0.000766609614396073
0.000924339530595069
0.000964410951244028
0.000763119886202506
0.000872432706244242
0.000923373262810487
0.00084500747381853
0.000823985416712636
0.000846897730726302
0.000715799229055376
0.000717409170469447
0.000706138809252446
0.000769464079210727
0.000759515698188276
0.00124533497535776
0.000868004340668618
0.0010338901950152
0.000752538822183017
0.00107983498686403
0.000850270828619696
0.000782008283133977
0.000886044518683777
0.000827218938053145
0.00087770775949757
0.000800910768489102
0.000698795902869028
0.000705287077447363
0.000816473944938496
0.000889426905632225
0.00071134312618643
0.000716296746411084
0.000872191596798463
0.000749542366645472
0.000766506228469943
0.000865823003727316
0.000704770777645075
0.000713902991747582
0.000714778041462062
0.000787967990217044
0.000780351428428119
0.000736797423178302
0.000755715534792523
0.000793582376813617
0.000825643963754328
0.000740580981572161
0.000822662580779845
0.000963842840011924
0.000808821597464603
0.000772996508129319
0.000730481977689575
0.000692813765534039
0.00072705026106928
0.000665932369429027
0.000817897845473191
0.000796797484045148
0.000805313756264575
0.000804476025328033
0.000979948902178286
0.000705950054681369
0.000816490140580408
0.00116816231750974
0.000758917950294224
0.000802007891904277
0.000785439719549002
0.000918128431356106
0.000697658432179554
0.00114801908791488
0.000849115422517525
0.000865669043853233
0.000802691078861247
0.000729841916676322
0.00080517949847779
0.000720706595040761
0.000882361360471311
0.000789198804930843
0.000900824563977954
0.000908653180538319
0.000918866974115292
0.000885913794795623
0.000758346129721131
0.000773850390587491
0.000786609503069961
0.000973829190485559
0.000874050410100171
0.000870157661254522
0.000758023774329224
0.000806889908558182
0.000824132154930362
0.000745196191842088
0.000779260326439358
0.000903437602064505
0.000778388988913691
0.000827117216892362
0.000751029318456498
0.000801672677379171
0.000709188306820081
0.000794516615037607
0.000779123963051382
0.00071350489296627
0.000853522901595165
0.000851686924760503
0.000701041108131517
0.000879580960468673
0.000750417112025894
0.000963432962016031
0.000706664884164591
0.000882595358733632
0.000799360791501909
0.000798561174448853
0.00100542942841236
0.000769853958384411
0.000883648657056967
0.000857772885871234
0.00078347273559157
0.000838656259603581
0.000662034078196275
0.000781536739344151
0.0008321598433076
0.000879513454797985
0.000754046199557353
0.000760791968608313
0.000616840241228363
0.00092925113842824
0.000656068255059726
0.000594301444112598
0.000580213960963757
0.000674051371493836
0.000797916297817343
0.000934837993875295
0.000756788131045375
0.000677200301816881
0.000831941133231395
0.000700936463162713
0.000717256519641986
0.000921097842898045
0.000889645293229592
0.000793948636608041
0.000848722757381047
0.00080334258409518
0.000790179943200139
0.000750015723203514
0.000737575747487407
0.00065568891989946
0.00079877526324149
0.000764541185244526
0.00084665957054148
0.000812378059989723
0.000890967706742905
0.00104500055289024
0.00066585573594354
0.000632860127864375
0.00069614706153432
0.000615201121695008
0.000875656568825038
0.000738338804938911
0.000715733378149897
0.000852690982998689
0.000857641920306544
0.000841092640947216
0.000701780757195902
0.000893579429453074
0.000751246611899901
0.000771010394677293
0.000825387607430592
0.000717418310044785
0.000774268605616215
0.000713812278508152
0.00077101676183808
0.000749061111275593
0.000764210103059344
0.000888626520182531
0.000808215855851217
0.000782470799539782
0.000840543812397545
0.000872847072543546
0.000723640909361776
0.00085405277213197
0.000840595040826752
0.000963867946165361
0.000799933579156383
0.000735151535657709
0.000736950417505997
0.000710918007954591
0.000865883706572548
0.000833775053836074
0.000807691327191271
0.000668581982111781
0.000796776391181175
0.000777706679520664
0.000733137777726934
0.000924429150942726
0.000695530415066314
0.000752456700079967
0.000828197789152143
0.000791246573358243
0.000826393770425998
0.000823581361337377
0.000752612413529793
0.000727910373171138
0.000661860364834063
0.000902913932990372
0.000739621533751255
0.000730858933859377
0.000674043261920032
0.000889093259603148
0.000882253909664811
0.000816729792870862
0.000820852355804266
0.000771898528495521
0.00102051359265309
0.000847444947153183
0.000912528861089403
0.000754571047673053
0.000768149244360216
0.000790886630955701
0.000734587736943457
0.000690821576236872
0.000780966976267292
0.000754590693703454
0.000676549355773119
0.000736066113885304
0.000753882767683398
0.000752230683879228
0.000728450803136893
0.000944611905795293
0.000690486025754641
0.000828998595546552
0.000749314762703329
0.000697402476023623
0.000778046728922997
0.00079810940416842
0.000767270037632364
0.000822257125630011
0.000767026129684568
0.000706920800044287
0.000759478250098635
0.000801747212666859
0.000877175034205769
0.000711434043992212
0.00081163336557063
0.000834447823693594
0.000777535246896138
0.000841869440462567
0.000753885836571015
0.000741360241187046
0.000694003714484734
0.000926819184301059
0.000699033333080052
0.000705005226989243
0.000646729588687611
0.000867692241003158
0.000597211607474985
0.000689027330201937
0.0006102768594758
0.000680832540522247
0.000842447007990706
0.000750784159957915
0.000675264714697867
0.000839567313518872
0.00072911581019581
0.00076715605108518
0.000759511073951002
0.000772805258762762
0.0007711010822736
0.000768375944910235
0.000791789777383113
0.000756434815733389
0.000837938459037848
0.000714250227860664
0.000682961041109886
0.000988748173923251
0.000868600786042763
0.00068627406717995
0.00082859233087529
0.000808532180632593
0.000800093092808905
0.000756789919678985
0.000725165777699055
0.000952174601482162
0.000875941145535426
0.00068192102454444
0.000588708889952804
0.000867196011297108
0.000698775949043035
0.00111943007719078
0.00098004472102544
0.000660013085329607
0.000686805776949083
0.000516141225650609
0.000706577963632634
0.000689723803547123
0.00109067842386549
0.000940638810892773
0.000794509897763943
0.00100836596487052
0.000826575622602557
0.000859604771553339
0.000786613271583335
0.000817258833553141
0.000752215270527184
0.000878481638161335
0.00077825216894853
0.000680683539972484
0.000738590491738141
0.000890858354490778
0.000723152004352394
0.000789157756805791
0.000873915513642495
0.000777149251994804
0.000757573448763542
0.000717697668778778
0.000786834097664293
0.000751935738694954
0.000710629889473234
0.000718765579410468
0.00077242316464674
0.000868521900033596
0.000734121355097091
0.000714634325287109
0.00084431022297055
0.000642193677703668
0.000843911132472174
0.000786534766167156
0.000822877686965457
0.000694788522792634
0.000762097358700482
0.000732962387056975
0.000915956816133943
0.00075641361039101
0.000812803162491967
0.000782234916579954
0.000823467818231908
0.000569610221882395
0.0010379103885587
0.000894788801851985
0.000719814391857354
0.000872725838251219
0.000874267040240943
0.000886174137946701
0.000717423955234856
0.0007463665514924
0.000860693471819426
0.000750257723122974
0.000794006552215185
0.000739728595546074
0.000689791274043821
0.000797938014104284
0.000711321841773297
0.000935768084817137
0.000832273665808814
0.000673007207345414
0.000645258716684603
0.000752227584366243
0.000755189201769103
0.000764163490561693
0.000913822614722632
0.000904063409226109
0.000847965808301559
0.000708015233602716
0.000868432518148239
0.00067455383771983
0.000864562511350547
0.000780935091855706
0.000915605800049691
0.000725919263068169
0.000731715832433542
0.000799801391131152
0.000756077373978626
0.000732913339238876
0.000977170608197519
0.000739038961806277
0.000795230273612683
0.000698316669467705
0.000591640098672024
0.000891047438757611
0.000814739309706133
0.000741862920331265
0.000807181804988754
0.000758120411779753
0.000717493846213966
0.000727829782308322
0.000835201513586606
0.000752781312322186
0.000770264021851758
0.000817122239619738
0.000854979162818582
0.000779064250196893
0.000841726202999325
0.000765049392660492
0.00070201016040757
0.000880138382948365
0.000814835799775822
0.00084545299676851
0.000802593307639839
0.00076674645284176
0.000822071011553549
0.000749267969027643
0.000631883762421633
0.000752264463297358
0.000760786927383498
0.000750409857996476
0.000734668953221718
0.00089966299000311
0.000739745557408322
0.000919282785354944
0.000711654893869777
0.000805947799201214
0.000710781151978755
0.000783094922582594
0.000754668513960167
0.000753872808228641
0.000841450598613911
0.000804725302032301
0.000847440886812526
0.000666917732063585
0.000730570782633923
0.000917239922282246
0.000806078995032534
0.000868478804308344
0.000803281436753025
0.000859711250617695
0.000936511252216907
0.000849758895127803
0.000788997964771587
0.000868708547166587
0.000721654896597838
0.000887821699895726
0.000674293942909119
0.000828935343112598
0.000877365548871851
0.000615386403584648
0.000770866711481424
0.000848298694244953
0.000753251565496924
0.000824141655629893
0.000618923356305215
0.000907688989435914
0.00084679938638776
0.000883109538153094
0.00079008493607018
0.000708264320294272
0.000761675492168396
0.00083689466728535
0.00078088025172807
0.000820962974281462
0.000900770991864027
0.000837550917007863
0.000822739243800941
0.00081903211064069
0.000869568193626198
0.000703038193626512
0.000765018842737764
0.000696044714884889
0.000821334777483055
0.000827687839151025
0.000647937397027575
0.000853820602812912
0.000838450355383258
0.000933708949090763
0.00069454710453518
0.000684742467671608
0.000822360531883979
0.000790827481706067
0.000774682160128095
0.000887769983490759
0.000741588467716665
0.00076019563115289
0.000790803118462161
0.000755623328439762
0.000800069533067378
0.000695303774834041
0.000718438618149988
0.000993738135870856
0.00084240346681897
0.000670856055504971
0.000826515498936105
0.000640054840179426
0.000791532830938848
0.000802247467162536
0.00066770001975175
0.00085875838236134
0.000789059843953985
0.000741634197013854
0.000712964940723689
0.000672812673371205
0.000765767808722649
0.000862623156339061
0.000744537565818582
0.000793850087427141
0.000773674387480252
0.000966903810927105
0.000801105347071735
0.000905898393531593
0.000780078297669922
0.000794870015624919
0.000811126390563814
0.000613695383143235
0.000838024079979357
0.000755808330727252
0.000770018689446481
0.000741223408631436
0.000685731928760008
0.000882796485673255
0.000727450169476993
0.000922826992359838
0.000848459013136487
0.000913125442483155
0.000956576881856007
0.000863770706070465
0.000761966607045035
0.000750912926382494
0.000793442391559213
0.000748799089592938
0.000691871894995945
0.000691535141760003
0.00076463555986573
0.000961726334451681
0.000754431505706239
0.000735117603191949
0.000914848580665436
0.00075709475568219
0.000900095254262136
0.000709240420001369
0.000781851609582621
0.00083097720321534
0.000729296457454644
0.00069618037553376
0.000803320446847251
0.000734705621500947
0.000773022138376869
0.000802881846019692
0.000811019135211409
0.000744510801677237
0.000820198420716586
0.000726823502068392
0.000789203380663196
0.000861995586210857
0.000663246976200263
0.000813571834570423
0.000676111865154893
0.000866738866644058
0.000775460811956173
0.000677854749885663
0.000800169000525801
0.000808707274056961
0.000755006143711976
0.000761471853244868
0.000854117944980215
0.000826403990268275
0.00080450093248266
0.000795483004331518
0.000826226224435083
0.000767425979644656
0.00080503495202301
0.000688186693098979
0.000710166501084412
0.000810085506529492
0.00100472027368432
0.000773876969622919
0.000826320722840948
0.000735378922102026
0.000816186019911639
0.000945181796256028
0.000757626186743906
0.000884315417210462
0.000829070616197576
0.00081787761739231
0.000790060442441584
0.000817789278480561
0.000744259350703456
0.000704718149792401
0.000910391852902665
0.000741899518989935
0.000926525588461148
0.000847925318180011
0.000935654987896824
0.00089137085379434
0.000928719226947355
0.00071677813399833
0.000949180436101459
0.000868659324873093
0.000743898686068371
0.000773632442777964
0.000720484510429069
0.000779369766181197
0.000750428821187416
0.00082601982059259
0.000818945228320153
0.000855812997915962
0.00097962593040447
0.000919300216112698
0.000884546242798715
0.000853333798177299
0.00088941920866043
0.000902591002842105
0.000873079785678274
0.000924387613810554
0.000837088189362111
0.000884802110387992
0.000793768330821211
0.000979411413640256
0.000697297719699575
0.000960760145865357
0.000902632826245807
0.000683358069782525
0.00111814337505805
0.00083300237766973
0.000923682976334827
0.000854889042239996
0.000871723923143077
0.000870564608016963
0.000846795347614121
0.000830098544116722
0.000755192427788727
0.000760870725892942
0.000793827974624056
0.000852460056666489
0.000884922619020317
0.000777304621060864
0.000789262883990788
0.00116961546178322
0.000830750150754055
0.000875949780529523
0.000920806046889686
0.000741871516399931
0.000918157817997086
0.000884165297109061
0.000893698857595156
0.00100339924155713
0.000855236178337174
0.000920636505868876
0.000855850159575888
0.000795070646388143
0.000787438915872743
0.000831225470672083
0.000907898365342595
0.000880780482180763
0.000771940246118403
0.00073503208883478
0.00105642982824295
0.000782261213839558
0.000843343724330943
0.000926252681767322
0.000830075611538917
0.000855313403437154
0.000912670207502732
0.000911152572249877
0.000935570603023641
0.00082423368093954
0.000910655562426334
0.000797595697008742
0.00104107098640343
0.000849699625781208
0.000776199088448095
0.000833228226386839
0.000904381167377532
0.000938394049021287
0.00078703041192224
0.000864697636779498
0.000968695391878567
0.000762216068639698
0.000821432014925465
0.000915860248448967
0.000898100039171535
0.000764986075791593
0.00088407349708594
0.000931393853129502
0.000815277137131952
0.000796276323169772
0.000985725294781111
0.000962052438545187
0.000964985741360269
0.00077533114183972
0.000854299861808463
0.000800548890914092
0.000699172306916486
0.000719328193157324
0.000777968726300699
0.000848254254862055
0.000879026592672599
0.000988289586480826
0.000766230679461132
0.00090722750396201
0.000854686014803245
0.000802186288978019
0.000765123213303954
0.00074673232904458
0.000949490269197784
0.000882433054778997
0.000765809502292353
0.000871123735041458
0.000835409230780372
0.000876429427085165
0.00100535993346467
0.000825931194800043
0.000925204697772669
0.000940396939858567
0.000940186388417138
0.000864071045010752
0.000933710804621749
0.000975191687693526
0.00082822827289085
0.00093535535157658
0.000879379200808389
0.000960665046872881
0.000763788975930594
0.000881023807673759
0.00090874244742415
0.000843928020419238
0.00083738882694043
0.000841445547125545
0.000875696189612781
0.000726574562625914
0.000781714356672354
0.000843540172254071
0.000783784063846868
0.000813722006553749
0.000893251727823042
0.000801782768191052
0.00121188454826025
0.000930080282028262
0.000938049798174293
0.00082334208200322
0.000824811806353486
0.000866422593120267
0.000698357156738457
0.000998249215273529
0.000974748531973124
0.000768167629965215
0.000787677916571764
0.000845393235639288
0.000631896596016661
0.000922287600589524
0.000768573676976568
0.000938141260015834
0.000782987659845841
0.000837112286689462
0.000910001361264482
0.000977230620197512
0.00087400833610749
0.00075437060035222
0.000812984769700086
0.000774845888974286
0.00100465884856947
0.00082073553605553
0.000708408162746997
0.000879977551407101
0.000709127475996624
0.000832496818837768
0.000906495111665108
0.000739257061372029
0.000869481529386646
0.000922853480693478
0.000772050253025409
0.000888869591926348
0.000800820543804983
0.000849172740544222
0.000763134569266741
0.000785804786706165
0.000890275252770137
0.00096124898599601
0.000862091973849721
0.000959659198225567
0.00075458167853591
0.000876872063514386
0.00106950822640781
0.00093935317330822
0.000764095533093561
0.000896304469995336
0.000961370861001565
0.00100330402841186
0.000834908643791978
0.00084559705504037
0.000842579761336006
0.000909817070473518
0.000891803801643096
0.000933438779778902
0.000990930227685893
0.000985107131320651
0.000858732354491261
0.000886975681338074
0.000901644152978271
0.00101830363476255
0.00100070995597082
0.00093584625467145
0.000996243139970045
0.000806885114510888
0.000912728372218945
0.000883129936422574
0.00104578588944043
0.0010269532920382
0.00091167999543258
0.000872482691477116
0.000888836805536468
0.000922000086460634
0.000873426854705987
0.000901822945226845
0.000924063868255143
0.00104303759030214
0.000921568802047654
0.000961474390604697
0.00081158276259335
0.000989117856157446
0.00105077690579168
0.000815652969708771
0.00114697243788126
0.000965610400009288
0.000784987222538227
0.000911381325784263
0.000960896150751245
0.000941716549078461
0.000937708477647811
0.000937510902502302
0.000942525167235593
0.000993151726554709
0.000957321084159249
0.000911534964683894
0.00106937653467379
0.000776178275917595
0.00101835115108881
0.00103690280208999
0.000880795031591809
0.000915609109558614
0.00079909715003095
0.00089695204753059
0.000964118492513504
0.00105474614581668
0.000873845257345832
0.000876648767752776
0.000894732198587427
0.000878091321348219
0.000812523961157602
0.000835095572317439
0.000841776647850623
0.000879641614320463
0.000823139769808575
0.000940045715806646
0.00102246691166581
0.000965073046761697
0.000948752415176024
0.000875768957920821
0.00098881259795237
0.00109174512892251
0.000964087371633259
0.00106747813444529
0.000920434395387818
0.000918138882976986
0.000909755899648642
0.000887428561931385
0.00095051427970655
0.000868955628437992
0.00111834646402628
0.000826806620519856
0.000788207873855211
0.000868662684017395
0.000858704347197448
0.000851952565049987
0.00103452300607419
0.00080066189114471
0.000893903912232809
0.000905659860969284
0.000888504359174447
0.000832129234756273
0.000895643755484345
0.000876951540653587
0.000806245193158989
0.000905719466186407
0.000928500365919888
0.000929111796877715
0.000829179972882072
0.000977299772738497
0.000963880853628802
0.00104048619369891
0.0010516245877684
0.000977568246316394
0.0010754237564875
0.000901868877116101
0.000940919358200611
0.000768685440454175
0.000909790490465835
0.000987019164096005
0.000947861417455302
0.000860345527581789
0.00088808426738947
0.000758408544319363
0.000920573918680755
0.000855579897229522
0.0010132541451562
0.000954645180293531
0.000869777508009309
0.000975135527690047
0.000838591729917747
0.00105657757233039
0.000718328899650137
0.000932203759496079
0.00123004008223126
0.0012207321768158
0.00102474548793727
0.00115443276190089
0.000832992329606272
0.00105165074858041
0.00107427490115194
0.000922973365625367
0.000928989215753844
0.000911884664235989
0.00102471484587263
0.000832872442504478
0.00103194235916536
0.000975730660530828
0.00095489179682291
0.00110744191010095
0.00114687030140217
0.000936919101398425
0.000974142341379161
0.00115524738170255
0.000883639085047986
0.000991419869432363
0.000955104656661695
0.000998499188002618
0.0011727104137023
0.00103633476716076
0.000959073447750868
0.00100060672824218
0.00102495217680324
0.00124923875813993
0.000988221282168459
0.00117781009706129
0.00103843819829678
0.000955890799123958
0.000979220507303441
0.00109997542606761
0.00107461265862002
0.00111508096032158
0.0012925223348016
0.00121888613652152
0.00147983181442544
0.00111760352367278
0.00110529996206713
0.000895193423506018
0.000949407200699601
0.00104850072705142
0.00120294932972119
0.00112848990182514
0.00131363940274863
0.00106105289593443
0.00135779135574277
0.0010540450606262
0.00118209315686111
0.00141951852640606
0.00123822993020839
0.00142957713197462
0.00128650032955927
0.00141025136744267
0.0013061990451722
0.00111459389624522
0.00105045267825718
0.00108192780790847
0.000848194835366528
0.000838496820362641
0.000785294920244746
0.00100523637042957
0.000745634625136272
0.000868342199106413
0.000811374646535991
0.00111888511796703
0.00092856103335123
0.000748532025573296
0.000898333573401558
0.000808490258256106
0.00107190052243393
0.00113265135584766
0.000989111745404825
0.00124023495429291
0.00106667718765026
0.00105154738197813
0.00101310443387227
0.0010150235546935
0.00110586253719027
0.00108888522079111
0.00120875437784994
0.00135404880739264
0.00094025450471399
0.00101776646389749
0.00107071270870601
0.000661097962093488
0.000542747674023702
0.000885597953640973
0.000677311513822038
0.000614008184088228
0.00058944908724246
0.000742284875069717
0.000707166413526782
0.000939965464482981
0.000688174676031596
0.000711293168466265
0.000714767176654357
0.000758378622973674
0.000764345725179821
0.000716167723173335
0.000907062170663217
0.000588967805694184
0
0
0
0
0
0
0
0
0
0
0
0
0
0
0
0
0
0
0
0
0
0
0
0
0
0
0
0
0
0
0
0
0
0
0
0
0
0
0
0
0
0
0
0
0
0
0
0
0
0
0
0
0
0
0
0
0
0
0
0
0
0
0
0
0
0
0
0
0
0
