0
0.0037611402045138
0.00426452389910291
0.00441549597690153
0.00515591619548368
0.00622323942431893
0.0024901185467256
0.00226303199671639
0.00224173307755348
0.00220874637005437
0.00188110542571355
0.00240308504688358
0.00209698016489309
0.00219483068814984
0.00166709381006471
0.0019221460075088
0.00190704885668911
0.00205021431463171
0.00142614152872811
0.00185688594758889
0.00180905166854302
0.00167239392363256
0.00196230056157549
0.00210524991990253
0.00157939509145212
0.00157353543996489
0.00181827665681727
0.00185417808911803
0.00163239249278354
0.00155819970629555
0.00153555169402163
0.00781152509321103
0.00163372818621241
0.00350723469232958
0.00174943638482649
0.00216710729037305
0.00190623510007795
0.00172626048622015
0.00164721941828567
0.00188759014534744
0.00224144463817549
0.00152215495129691
0.00173733674520887
0.00176171092405736
0.00157902918974396
0.00171135843799795
0.00152531134848296
0.00159152926576109
0.00157033823656765
0.00170041990786117
0.00124045127580437
0.00137012141398148
0.00174308237855467
0.00152516892199154
0.00162589704009461
0.00161103906828797
0.00127522192209013
0.00110377000427497
0.00191602729648372
0.00155397157402878
0.00123229788829691
0.00128800100298768
0.00150921677465389
0.00117605159166953
0.00161776275099853
0.00164232263296273
0.00138703732929795
0.00168302405508846
0.00144966468720457
0.00121524252170349
0.00146566786334077
0.00142745987383589
0.00133721433733092
0.00122935737497254
0.00161124178140808
0.00176718442895898
0.00121783552744229
0.00192727252519045
0.00142931382271716
0.00131940763504876
0.00133758977899207
0.00135060488612244
0.00123263340936582
0.00191235239298505
0.00166050547921721
0.0014450540332364
0.00146542587913118
0.00148524349280638
0.00138491233602713
0.00175983535652769
0.00163629938790154
0.00141437125974147
0.0013547444093915
0.00120315574517875
0.0015043609682151
0.00126269775856529
0.00125039567944884
0.00143253759936386
0.00169736666728053
0.00129332286450537
0.00136888952552875
0.00147279691060576
0.00120632198273022
0.00115010699106383
0.00180591364764686
0.00132517605321048
0.00139589251978172
0.00143629191284518
0.00133105120747943
0.00134984890203893
0.00145961820130189
0.00144292396391102
0.00133394370704272
0.00122474645525826
0.00133512774115565
0.00133678728164334
0.00105382445144401
0.001161338424857
0.00117298527499381
0.00170553016389014
0.00132845086280048
0.00143403632247674
0.00130098425269266
0.00147526339085471
0.00138599104087546
0.00132573451395262
0.0013186696205197
0.00179136593714999
0.00169710981059459
0.00145979988965448
0.00125545472937842
0.00123669121265442
0.0012908508779792
0.00141299833813457
0.00139909094630327
0.00123680350489432
0.00128711122888699
0.00119039358840713
0.00142077395663905
0.00113713384402596
0.00110753480434326
0.00138698736550984
0.00117870524128562
0.00113904987093809
0.00110438683631086
0.00125001165505858
0.00150598312377768
0.00128771618527184
0.00149838797639327
0.00134531026234576
0.00107382787520322
0.00118784028379561
0.00135821336567019
0.00127306783530628
0.00111732740101269
0.0014219781117236
0.00119731587413191
0.00136448900783687
0.00127865625042624
0.00126501705353536
0.00105938295172813
0.00121818474958622
0.00105563227376542
0.00109807660135681
0.00119167019467267
0.00107162969675468
0.000984258635176004
0.00136602320126748
0.00107302594576117
0.00144131795789635
0.00105684906857618
0.000999567986780976
0.00129165249797825
0.00108032350234928
0.00164906348712352
0.00121588347943793
0.00122701145584816
0.00121237148812556
0.0013147737319944
0.00108771567578259
0.00103328945245764
0.00126761088456997
0.00128941009256141
0.00126590245521035
0.00118450565178896
0.00115642322724502
0.00104339827475497
0.00131519100974105
0.0011392480868737
0.00106236479807282
0.00126659399809524
0.00107112720704569
0.00110057647812019
0.00115274311675181
0.00107868293977313
0.00111420308801736
0.000989712495694961
0.00127249816692246
0.000999413593325858
0.00132201281062491
0.00112125824369162
0.00122099579485107
0.0014964985639897
0.00102217796690553
0.00116301034372337
0.00122565002153567
0.00107543890458981
0.00134359806534744
0.00118198882473102
0.00113938654765609
0.00109256671233886
0.00108547047325809
0.00131268299521692
0.00103905164509721
0.00101762002301945
0.00100970192498361
0.00118490036492645
0.00126349939447918
0.00110335360740252
0.00120211889225275
0.00101662610118145
0.00121649581326186
0.00120816490657108
0.00108966167436133
0.00099814778292955
0.00101617932316647
0.00120546004205589
0.0011283214733274
0.00105703829569323
0.00109145474732617
0.00107134707784708
0.0016886613730977
0.000791049512715944
0.00112167457925321
0.00128277231335375
0.00142112345230704
0.00135708023433186
0.000446443266223887
0.00112035636727847
0.00145867104792439
0.000569277739358255
0.00114652262733809
0.00170050402996933
0.000762563077583521
0.00101704982335078
0.00131255489114921
0.000779226048417442
0.00103028943779063
0.00172104812080443
0.000620741501269518
0.00118304157248244
0.00176605998958188
0.000779977842910989
0.00116645722428046
0.00154707457348114
0.000602333332657548
0.00133864304283386
0.00159093601258693
0.000658077194925778
0.00117424181600915
0.00158689523032403
0.000862306053279705
0.00102787324600054
0.00145806815882671
0.000577209549551632
0.00100071222527717
0.00127093076814959
0.000581240672331248
0.00132620459302174
0.00124811283393527
0.000713800234996291
0.00135130062578302
0.00157743188514465
0.000762058951002609
0.000979087025906147
0.00141663655907824
0.000841096919891674
0.00148652943667781
0.00147712629805076
0.000697559875184412
0.00107681884732607
0.00136881077554271
0.000779464929705107
0.00107383975386455
0.0013064353635015
0.000730348850695033
0.00104675335943352
0.00129812458844265
0.000666067445451961
0.00104770240299199
0.00172836517413595
0.000843264756363015
0.00107182909994885
0.00122528218842562
0.000782794734295108
0.00107635378231709
0.00143261356835861
0.000842132557479492
0.00123127976181691
0.0012760425213643
0.000686483313304697
0.00101449178020872
0.00133366727764739
0.000752984581252137
0.00112455225942201
0.00142736615938832
0.000811600103236128
0.00123356781611271
0.00148480300449536
0.00061588509540028
0.00112505782649179
0.00129978259185006
0.000763736335213809
0.00115486377650206
0.00196273268270384
0.000760095044277034
0.0010687684070592
0.00146967791183203
0.000803827943555295
0.00115900206826901
0.00141837961725433
0.000599318616643379
0.00107048447394224
0.00107887301034861
0.00063867905425037
0.00108082682959757
0.00124235981707079
0.00063648618567768
0.00109229761459943
0.0013108669515149
0.000636176062215006
0.000965645876186048
0.00129363983209601
0.000735907059347208
0.0011387680068489
0.00121071401051101
0.000779910002140121
0.000998796449030461
0.00122358301696785
0.000665408380449123
0.00148777022386809
0.00125470175569163
0.000472320067139859
0.00100677707771635
0.00116503960996778
0.000671674486037727
0.0010401813609232
0.00122385856498736
0.000746975252966393
0.000944983423094163
0.00114628759318966
0.0013708751424542
0.00105237424111563
0.00121189740883301
0.000527219439686141
0.000863012529806697
0.00112461435933235
0.000780317031812527
0.000893219467640194
0.00136057308662878
0.000583970127235893
0.00114678413661354
0.00126450775030677
0.000834997935597797
0.0011986318199697
0.0013721263657492
0.000660444905444288
0.00121177176588575
0.00132721550564273
0.000676051098194072
0.00109582680324729
0.00136671413023825
0.00125454099584833
0.00121450314090478
0.00134304108972382
0.000705897977536675
0.000947480588487039
0.0013159957131415
0.00078200015138201
0.000912468254913355
0.00116356548731384
0.000786672809200103
0.00118076360886481
0.0012926159002023
0.000658097008991767
0.00124221285801136
0.00118574950367171
0.000934764989039795
0.000817933506472159
0.000989535333659412
0.000804427832230794
0.00152083054329963
0.00113251301838716
0.000879548048275099
0.00112365362212209
0.00125372316597071
0.00061997065546066
0.000983196836835662
0.00136745537347183
0.000594863948032516
0.00118538453108636
0.0015908416668633
0.000851629635114633
0.00122000255124713
0.0014713832135339
0.000557196192883611
0.00188492465328225
0.00103395858265696
0.000618189831548618
0.00122196292484329
0.00114324651030762
0.000688774102243548
0.00100202355039826
0.00129875709358872
0.000536941849903502
0.00104340253265115
0.00103451276557872
0.000683323562239783
0.00083311512195347
0.00107424381417005
0.0008170892869906
0.000961628879608504
0.0012035259996653
0.00064908044452634
0.000984461257792429
0.00134110342846228
0.000788151728315499
0.000867404901246541
0.00110419542277086
0.000829617531396977
0.00114700760070908
0.00152029483763264
0.000907902950728842
0.00124579027659754
0.00122774416787508
0.000959670671801301
0.00102352801269339
0.00126857178444972
0.000853502279767674
0.00104004126572289
0.00107231265418561
0.000903355877885886
0.000989011622829702
0.00113146838592421
0.000757474108041764
0.00110273669749696
0.00127298397745357
0.000819510079577377
0.000909610315505323
0.00123241933657289
0.000831759524077113
0.000840075029323956
0.000863866583650862
0.000713556930190305
0.00108576722356191
0.00115503018942776
0.000649298713666303
0.000796217946360509
0.00115218054529562
0.00078280282346823
0.000885980057839756
0.00131417063913022
0.000790115533272298
0.000919697905008323
0.0012496348485524
0.000688527862279803
0.000854568248181218
0.00115068002245343
0.000747240400806593
0.00117233716740892
0.00117385678633625
0.000836735290066818
0.000972149325098306
0.00115373207918537
0.000661779097176563
0.00100291884058212
0.00106451387258035
0.000750490482837457
0.00124209289735531
0.00124504532899334
0.000749108458061742
0.000914493079704714
0.00102698256479241
0.000690469127178796
0.000883261927325572
0.00131726722226109
0.00077091192796102
0.000885297687788833
0.00113311527682503
0.00086716732446611
0.000797487664774969
0.00100379621512305
0.000735682021310328
0.000928803464742072
0.00117599846359143
0.000786916982094397
0.000952312862262534
0.00119315076111441
0.00059238541199227
0.00088314905636242
0.00123657670989788
0.000695540186187761
0.000961778077990992
0.00119989558948752
0.000956512269624081
0.000825678749587639
0.000991134821743274
0.000580997506977157
0.00100221130015113
0.0012170336723186
0.000746439181419749
0.0011765512974144
0.00118910988191804
0.000837600726713415
0.00105073764166002
0.00120965317061853
0.000704101746627397
0.00103257313640525
0.0010665561298539
0.000700651296431625
0.00100028662599643
0.00105093096599387
0.000784656311464504
0.000932015949379657
0.000975834910305007
0.000812678112136092
0.00104013306294388
0.00112752034851564
0.00079522192489348
0.00103689672307466
0.00116272529569316
0.000952038188548279
0.00100292035557382
0.00120000361672716
0.000726704931297698
0.000900925924067481
0.00109127549951459
0.000794791359598862
0.000820479648346588
0.0010940812856167
0.000732726044746437
0.000927662914386311
0.00106759658339889
0.000763343521621112
0.000933118693636109
0.00116302322770167
0.000996679358987621
0.000799497962355691
0.00109158177774792
0.000655357632914986
0.000900424747620618
0.000981941474277729
0.000808417472861677
0.000937033240018944
0.00115829831020738
0.000819427874838885
0.000836276636603417
0.00125082622902716
0.000647860937321864
0.000988129774536115
0.000989099131227179
0.00074195504040798
0.000852015756494494
0.00101737357156189
0.000612001391163141
0.00102115244816107
0.0012638772913496
0.000726616061429253
0.000907866478490647
0.00105511164757166
0.000680757649581558
0.000832754010997734
0.00100932142820349
0.000725664128587702
0.00120377211818129
0.000975237590128389
0.000605141373057968
0.00104423943956423
0.00105488520292915
0.000763403779552452
0.000978742848935036
0.00112361376205339
0.00110940738695501
0.000912895686569965
0.00149312602353096
0.0007483253386613
0.000875037966570715
0.000929666884249356
0.0007828259024385
0.000907650310343988
0.00115081266546621
0.000778116604367758
0.000945674915339796
0.00107226070829567
0.000616687366940423
0.00149228722111242
0.00114594950911992
0.000615083607657074
0.0008441965227852
0.00110440641099717
0.000975851627654494
0.000820295631691017
0.000943438546260331
0.000897368245788188
0.000799769377785493
0.00111051971698493
0.000728022299765435
0.000969454398532757
0.000976019450311543
0.000886778932742282
0.000978768046728693
0.00110254793511306
0.00083927242115338
0.000878223630700043
0.000964261838272396
0.000659906598248334
0.00103047732625
0.00108554150345463
0.000815193591959344
0.00104508752848783
0.00104806809186
0.000767188664386848
0.000829921613802348
0.00120501932875124
0.000813087164599114
0.00101029910087569
0.0010438139755263
0.000805623972523103
0.000993855766861722
0.00116634556239286
0.000785038700934896
0.000915575035744509
0.0010280713484205
0.000804260767649903
0.000887454561497121
0.00102299810937783
0.000682290416296722
0.000845827788908192
0.00114974556980487
0.000746821294538638
0.000985685170202927
0.00114796597881692
0.000677845893388625
0.00102851733229705
0.000984085060572687
0.000807816839075803
0.000863799100735385
0.00110576795100193
0.000850508543618265
0.000774874120083673
0.00127884701320934
0.000815635595509645
0.000884097410686273
0.000942630804101456
0.000576445619358502
0.00107904901540412
0.00125060577150918
0.000928868538438165
0.000829205480212131
0.000975450961843936
0.000690509494795904
0.000908025806718776
0.00104023902548892
0.00094038347461313
0.00102433658267724
0.000969864771156809
0.00080493732154835
0.00104088417515632
0.00109282641340661
0.000985236386576258
0.000781715707297373
0.00118307836789954
0.000877406481090023
0.000935195613558084
0.00120662592099145
0.00142287945820539
0.000996120731950622
0.00104930050320676
0.000751620904947363
0.000920810831291512
0.00108205284297779
0.000901061141436126
0.000997103305679948
0.00117076000716092
0.000826357594220952
0.00095308092247932
0.00100094631207247
0.000788141932366763
0.000887537195855742
0.00110144252532634
0.000664085768218488
0.000830436297088202
0.00100396506326175
0.000677276328468563
0.000998988067579828
0.00106320468526475
0.000886053206843367
0.0010310787220317
0.00102881838308975
0.000706211359219889
0.000974074515117703
0.00106583010835265
0.000660247115018721
0.000873382290512761
0.000751665426543941
0.000814246764291881
0.000930763501701706
0.00104724030079702
0.000755858775844091
0.00100740281674461
0.000978783660366556
0.000638866640831179
0.000980238440869543
0.00101530761391565
0.000674840524820421
0.000826143557470155
0.000904691326358692
0.000804078764070335
0.0010076339528
0.00101430915290969
0.000844083944315435
0.0011398353967889
0.000925498888090581
0.000939143419458291
0.000871109523870181
0.00123238586730181
0.000628543211627531
0.000908545338046777
0.00104433356541133
0.000611550513568732
0.000901571347591324
0.00100443889896901
0.000636416170908541
0.000969835930039462
0.00097181747397436
0.000699360653417268
0.000963643173577276
0.00185007445555819
0.000736939696712678
0.000797037085514851
0.00113854504844796
0.000762104484981868
0.000989423684014938
0.00111845742948043
0.000773922258866173
0.00116816333064268
0.000967479366400997
0.000769794558189034
0.000901098674806907
0.00102407075901189
0.000796655849276107
0.000789250071152863
0.000977828774921565
0.000924133952037883
0.000827786115123586
0.00114806551096922
0.000708880881213514
0.000749356620479829
0.000971607774101009
0.000662644074104909
0.000816026294672318
0.00440154855689707
0.000754920421795743
0.000839499042447447
0.000897280995621674
0.000747509013605696
0.00101103140381957
0.00103564140974536
0.000738630580581781
0.0010128914324665
0.00158276825950643
0.00074791422070958
0.000938622278832653
0.00102880845352522
0.000629730050549057
0.000799013853889324
0.00106984940348019
0.000696940586901993
0.00131447643652005
0.00106296222011063
0.000871955849570022
0.00101278614295618
0.000899802490854088
0.000729655022369624
0.000829554472126588
0.000783873744636581
0.000853863218041683
0.001040232365735
0.000947486518020308
0.00077027746613947
0.000951713487880543
0.00108122620654276
0.000736809081238051
0.000834687256657797
0.00102298925911844
0.000978507587793801
0.000856136063851855
0.000996295469984646
0.000848778736294964
0.00102878632488009
0.000940503722115893
0.000723816110745509
0.00100224623134423
0.00501317288584317
0.000722524083210258
0.00105289654090745
0.00137829528842999
0.000766135959861606
0.000691505466487793
0.000931204767125982
0.000644603765141594
0.000791336984140915
0.00109227878914394
0.000687181365904633
0.000917477013982352
0.000934539093989682
0.000734668449219893
0.000907608916458584
0.00201961734088232
0.000616703570323632
0.000817578206173251
0.00108683337003699
0.000641110338711755
0.000838228120324381
0.00104210531863734
0.00064584867363416
0.000802374404183987
0.00117474046176204
0.000816827134209283
0.000989560064498818
0.00111702704652608
0.000667896009994346
0.00131771646418525
0.00106587170073634
0.00273462249141235
0.000909519481917681
0.000862156524196373
0.000650812254403241
0.000896556231076179
0.00101315707388169
0.000744350957332536
0.000946761081276479
0.00125948790456919
0.00085458540013006
0.00088258309304517
0.000959375649795761
0.00107008834946106
0.000998920235043576
0.00114012720332807
0.000716002200654996
0.000908084408650419
0.00127413374369744
0.000713511295366855
0.000832629275011736
0.000920083153761273
0.000711389651770056
0.000775303447580241
0.000941820690093222
0.000831751880291074
0.000844523779446023
0.000985441305434768
0.00086229132903243
0.000866677179742952
0.0009957249913808
0.000795740352346493
0.000709983732226896
0.000843942619078568
0.000794565759663691
0.000815027519388058
0.000999627384314295
0.000693576253992343
0.000750482760768487
0.000944613811511648
0.000664789048997919
0.000794114346594555
0.00105013055122958
0.000595454560649642
0.000844890392461774
0.00103772241096556
0.000734823920213441
0.00096717330082949
0.000930810077156928
0.000708030119969132
0.000808703054884623
0.000799326724734703
0.000836832510846444
0.00098225323346155
0.000897005882810547
0.000698371778082665
0.000751161282705324
0.000741817901907294
0.000823325092705384
0.0010572810642683
0.000930505152466098
0.000808177751130891
0.00086221300071224
0.00105647218862286
0.000826558747821804
0.000843592420590855
0.00112157553685014
0.000744658292116506
0.000758665593336188
0.000911684299428117
0.000766852005391382
0.000899782010455017
0.00094724149683258
0.00067926821752715
0.000812251220392842
0.00101700322361475
0.000688010321359123
0.000892397224567103
0.000959175919136041
0.000946547087501122
0.000793543394554911
0.000874748645397576
0.000716125423303812
0.000834581931899914
0.000889239080888444
0.000604746069260757
0.000741519926247884
0.00114651024885896
0.000792099773322903
0.00107111108182871
0.00101712872219811
0.000677015327229729
0.000813782215040827
0.000946644607877091
0.000738273995880111
0.000668113393877768
0.000986777602895683
0.000760522177941694
0.000725036228140402
0.000762698124143503
0.000679363370161437
0.0010964162589836
0.000973609994426778
0.000777396014305594
0.000781749895680239
0.000928264678658765
0.000779638946329615
0.000699989382669065
0.000751350538610098
0.000704964930992583
0.000821237831885464
0.000945185352496719
0.00075672021031247
0.000854190190411292
0.000932609792680706
0.000806715928873932
0.000885810661745733
0.000877531924119871
0.000734761594000772
0.000820877789696259
0.000859828890493792
0.000780366538686617
0.000709789272228132
0.00074116007731485
0.000728300534287846
0.00104463682596298
0.000993957814900064
0.000723001957256124
0.000774962298000358
0.00111569565426521
0.000949002497724055
0.000903898253981056
0.0009225224416906
0.000882269629822398
0.000851911314016377
0.000892836001577494
0.000799411976581629
0.000705821969156948
0.000989595764902777
0.00061975586103866
0.000880833028804792
0.000879400314890669
0.000747054094277542
0.000798226044408541
0.000930977856264795
0.000804154945111501
0.000753178938106369
0.00090293078193399
0.000929289313990321
0.000779783638414243
0.000936317703718602
0.000743824710915438
0.000733569106525265
0.000821567109068646
0.00063562066960501
0.00101169520697989
0.000871203512222441
0.000793667835510642
0.000750783757710347
0.000882129319167528
0.000759042998883394
0.000840023725044544
0.000925706070922496
0.000744795447538732
0.000798830478154013
0.000875443963443705
0.000693225224491594
0.00092044424422476
0.000884503164652992
0.00137264839099387
0.000948035151374682
0.00116685921522697
0.000772905365621603
0.000727374185926322
0.000919653969646223
0.000798300335496841
0.000848275811724258
0.000733188035369822
0.000716564891429496
0.00077210273357145
0.000906806667388257
0.000754011411907195
0.000633353706219092
0.000857507625549105
0.000618881357671298
0.000892150382687462
0.000686249534404419
0.000881437930033291
0.000797283514473569
0.000912400091304257
0.000651031933150511
0.000877296382465807
0.000867356933887095
0.000704289111748991
0.000834377322742903
0.000867870935635694
0.000621412012241897
0.000687061407100098
0.000881950797282162
0.000672062059076457
0.000788155141064738
0.00088781759682302
0.000736192645612019
0.000692763821984994
0.000871375048728466
0.000629240932970246
0.000755807586791426
0.000897744930836491
0.000793797421046305
0.000628902652992679
0.000721992617178486
0.000713664220660386
0.000680940601762958
0.00085276455150144
0.000722902027337761
0.000907714069748728
0.000809145848912148
0.000577237971037913
0.00084956757825438
0.000960420966565377
0.00074358151292244
0.000816691432225482
0.000816852344924157
0.000808609065985151
0.000873061016232746
0.000889886807436188
0.000708914713333148
0.000649606938933089
0.00107679709165329
0.000828454790962717
0.000762295259077313
0.000742192714759942
0.000721346439373605
0.00081787022097396
0.000832778976895328
0.000702808582261589
0.000691388915054668
0.000756213089328833
0.000754790298763172
0.000812006743792638
0.000793045751564445
0.00064492357094969
0.000753438836869087
0.000788322806030404
0.000744095435457776
0.000741667558009119
0.000792640876450845
0.000680631594001428
0.000756311940071048
0.00082777388490429
0.000631337669016969
0.000771727753773396
0.000964675533450122
0.0006791219282376
0.000793755538765888
0.00160856711376474
0.000736960203775447
0.000844794806349238
0.000963726763059879
0.000785394828362516
0.000781821265285846
0.000822701462844051
0.000693778310356574
0.000663801363089107
0.000786788215596391
0.00069608731406521
0.000811810507771435
0.000889213704214094
0.000812538619632453
0.000832270445208151
0.000824258422261666
0.000765168194015932
0.000833455463455644
0.00104514037979559
0.000697077589087151
0.000683998886441888
0.000838944268239712
0.000813602852918809
0.00085402908308407
0.000839201285149494
0.00071045241633159
0.000864834663102908
0.000855414608455964
0.000889908114119594
0.000891428156118626
0.000891506147831444
0.000870613858551278
0.00093142978971846
0.000873363834129709
0.000889295782076482
0.000774226628269891
0.00105552750970992
0.00105681162354844
0.000515205912471522
0.000974290387315407
0.000773143019783716
0.000796396530946313
0.00109708102048735
0.000596822155598057
0.000794557009212092
0.000797370418052002
0.000753178493181129
0.000749728734161543
0.000788889998915758
0.000799421772342734
0.000733388307573261
0.000940818326979955
0.000725158421551687
0.000804314146262443
0.000870885591789468
0.000830404838448886
0.000870090033474357
0.000798359244593834
0.000786386394985196
0.000906494160611673
0.000828749229526127
0.000980682303612186
0.00079990452725046
0.000873692583375271
0.000904466495765588
0.000997014392474199
0.000803440699415065
0.000874358239266659
0.000981410120813301
0.000714867324724846
0.000612965936965647
0.000854684663644691
0.000718169303899784
0.000767009202515946
0.000816233456182437
0.000844144105785514
0.000696400937812235
0.000812156721685389
0.00105931692287782
0.000713447142721051
0.000773118526224009
0.000783804893863759
0.000799378293304114
0.000787219566945951
0.000871907848732953
0.000794225562612099
0.00090783812257357
0.000857387232249267
0.000871205359100205
0.000672654764826702
0.000733819265640584
0.000914354810962151
0.000766639016047011
0.000789799094401771
0.000803864479769885
0.000776656027816083
0.000934024925500718
0.00084437092857791
0.000773824988571634
0.000903393101560699
0.000770914757735052
0.00075352598969368
0.000821007666139723
0.000748445288770888
0.000760754629048495
0.000626693325861023
0.000811650498553547
0.000728371987571556
0.000918583348937509
0.000703347768289707
0.000792364513654355
0.000906120057895489
0.000832141520223638
0.000793839254288279
0.00109160418767631
0.000867292572528725
0.000927743152043188
0.000868036854959744
0.000831165442378568
0.000833919249279688
0.00102723353938519
0.000819849841995455
0.000810954191545793
0.000879677717905864
0.000903723180564631
0.00078111962923473
0.0008119064028996
0.000714605809171476
0.000871404777844655
0.000741761254931454
0.000564386413596931
0.000752474103413268
0.00088108863386701
0.000724149720669453
0.00085713168903916
0.000788311362719441
0.00106864956072466
0.000812379084533906
0.000942672969582098
0.000803309243890858
0.000842205783634372
0.000947332914999182
0.000834428395684134
0.000718796125515325
0.000888825589479636
0.000810833972194863
0.00082002759592163
0.000996949796927589
0.000794567234754628
0.000826717373057546
0.000872331432029279
0.000975429760748637
0.000963592234790709
0.000854448900178127
0.000749093959608114
0.000826336535817792
0.000884094824650193
0.00075943418696515
0.00081884774728267
0.000845414034337004
0.000793074290623121
0.000876337137335418
0.00092410352526692
0.00068043192117744
0.000736393201133022
0.00095916487247637
0.000732455494572118
0.000842954187836975
0.000741259487883811
0.000775391792792004
0.00081793411723615
0.000807166239339638
0.000910320392473474
0.000944607222537903
0.000859678269024776
0.000813247181169902
0.00107049311010967
0.000914629304533803
0.000716737936884175
0.00114560240660586
0.000854284529429987
0.00084350779229545
0.000887597410792544
0.000695933290049678
0.000727951243251775
0.000697586383731105
0.000876599499413715
0.000872861221872607
0.000817101904763613
0.000766525152513701
0.000772262434908297
0.000845253731122544
0.000770878860429814
0.000765385434778705
0.000831533344285837
0.000742141068472139
0.000860737296331748
0.000857000561081336
0.000802362486234762
0.000741963511255901
0.00091223055482928
0.00080688164674855
0.000745313795187467
0.000887464256341487
0.000787250927633489
0.000710445050625236
0.000755317295602528
0.000829391039979049
0.000678536724239048
0.000879691990344457
0.00088491225362391
0.000703222539861089
0.000716336032315919
0.00090374910208547
0.00105254417734948
0.000906648959324003
0.000882516679049336
0.000785584600850372
0.00092309308001199
0.000730360137323548
0.000793995590048026
0.000778545963760217
0.000793890713170071
0.000709515522625522
0.000895435781189197
0.000768814741595389
0.000754602471157812
0.000794588798452905
0.000792384255043957
0.000836139991512696
0.000907770808633402
0.00062154109100918
0.000850981425079258
0.000890251624957232
0.000719978582700575
0.000815143336812188
0.000872045630492226
0.000779871995642648
0.000717951123496973
0.000760110252164502
0.000828396170842653
0.000731775240588779
0.000829015750244867
0.000783730847493563
0.000821618917564839
0.000817208310038001
0.000864216467949933
0.000754452333332517
0.000917961638663993
0.00093090035980845
0.000901971431558323
0.000781070246143155
0.000762291660010642
0.000879801616707703
0.000710491189109637
0.000979282731003435
0.000984773841697556
0.000889700805519815
0.00100150902431441
0.00103880346964656
0.000843029458970717
0.0011037793019124
0.00087083870686048
0.0010857149907558
0.000772398603733329
0.000787943902527942
0.000745120773062988
0.000815780366651294
0.000799869214088256
0.000895006718632353
0.000947755161813947
0.000903149576469516
0.00080556820648698
0.000925326766909688
0.000755919753570127
0.000961026075593451
0.000814378027196066
0.000810815876269311
0.00117212543630683
0.000949864083273059
0.000962370485106187
0.000922902914502914
0.00105839771215193
0.000906935956964716
0.000832379535625867
0.00096463207712596
0.000846429675365699
0.000754589633602194
0.000848308928043964
0.000730564237795417
0.000850068014286938
0.000777274139709524
0.000826122083087377
0.00078046259993221
0.000793041798026596
0.000944236887694992
0.000743460648304197
0.00093330444599888
0.000824340826974916
0.000919533510862384
0.000845722089492568
0.00074222593635735
0.000959123932166281
0.000853962123925188
0.000754695627048324
0.000817700628687306
0.000793549412742502
0.000798529299826032
0.000759205655992403
0.000875558220074698
0.000875778012487833
0.000752198471743194
0.000850002095229485
0.000865357394702375
0.000840976084167445
0.00110753586100538
0.000724375924359697
0.000804102678170912
0.000776283189229939
0.00086233162504416
0.000796789655932451
0.000810609456129923
0.000816858048133806
0.000739031844734715
0.000683102162277517
0.000769679447471414
0.000723746226887155
0.000912082339503783
0.000727966079604572
0.000695830602376727
0.000774109525828713
0.000725280715694883
0.000782171598652577
0.000880937516343646
0.000722058769508132
0.000857703220988176
0.000774242213371898
0.000881917602661354
0.000843281345766895
0.000865728087703964
0.000949614102262019
0.000767369349388014
0.000836019322247473
0.00104010086409924
0.000714393333569119
0.000839415696531957
0.000879434354958677
0.000814132335803972
0.000821548058239976
0.000907319828261392
0.00136277729910265
0.000887968739851889
0.00092189427694393
0.000895606484914109
0.00105707897906621
0.000832306266372493
0.000759375770121973
0.000792217848470603
0.000696097495567868
0.000858125516616115
0.000780824216288649
0.000712907185779972
0.000788916170534189
0.000746299797813517
0.000779628884024079
0.000838727395318734
0.000924290436762432
0.000831430575606576
0.000670652618526225
0.000816125651155566
0.00088077062135464
0.000712047057232498
0.000849312725076215
0.000818458530971285
0.000621264015657934
0.000691546502088546
0.000740467666667872
0.000804349513369604
0.000720248812075749
0.000820390655588423
0.000887546601276199
0.000691618209486134
0.000860432704539353
0.000940309756441606
0.000639346843384956
0.000801516702806761
0.000574474143080114
0.000709508786877675
0.00104543970505106
0.000758197045184636
0.000719393740644881
0.000749275983637375
0.000717786563283972
0.000925267420795058
0.00072419335401444
0.000714215692179029
0.000757974945447657
0.000873829250263273
0.000654634281823667
0.000691267243873341
0.000681357832650834
0.000916342946223911
0.000724317000748838
0.000669835174082144
0.000944442412326072
0.000742926057937596
0.000792862746298347
0.000807385970619357
0.000579705866646277
0.000766938563464544
0.000773030182560934
0.000888572009892787
0.000851958786077694
0.000823483714618132
0.000852339405915689
0.000732602920508736
0.00087954628253527
0.000773496233225346
0.000751853756819258
0.000875892962924278
0.000853435606063235
0.000793181185032244
0.000755383978064715
0.00077376980029323
0.000853751826839866
0.000801481899556686
0.000809733112207798
0.000916382348360564
0.000991968321829872
0.000792010037043607
0.000794476579614776
0.000927478644154987
0.000949400582921591
0.00073070077908247
0.000743979240401933
0.000786494650558567
0.00072404534798218
0.000696658845722761
0.0008027766755962
0.000829437046269685
0.000775846643240659
0.00079537211357179
0.00089630949033904
0.000804825615603061
0.000805116790758738
0.000956794747698356
0.000792702916153091
0.000804987830406041
0.000943623378489964
0.00078013249210685
0.000801528142568562
0.00077105118162231
0.000849585574673419
0.000867831806999071
0.000847680657910396
0.000871544306278455
0.000826360514912827
0.000829251646674193
0.000874200569162326
0.00077894377616113
0.000861956326705238
0.000796314927690629
0.00074803150103619
0.000752790945120463
0.000829832962944903
0.000749459718002059
0.000743977088798042
0.000721582669111965
0.000698565605579109
0.000865379326252689
0.000682831883405373
0.000753007320004303
0.000644607387393936
0.00077587838611509
0.000785823464643586
0.000843781863095105
0.000804615230689964
0.00073206622522295
0.00079651184841988
0.000748592472710946
0.000856728790228074
0.000653197167502825
0.000840574868500754
0.000798558358224099
0.0007212095261578
0.000714253231786674
0.000710734641626587
0.000906887349572962
0.000683056374289974
0.000799612452832645
0.00075402451263943
0.000711046689422835
0.000606522997031655
0.000655330771431268
0.000708589828571178
0.000692801432967152
0.00054525679603214
0.000830777466675945
0.000703249914961242
0.000693916010715052
0.000762701510798884
0.000739162370576384
0.000746412876536247
0.000812433111284807
0.00075087416716945
0.000839193936474486
0.000716929809684025
0.000608809859657738
0.000615964133426481
0.000770260877539968
0.000859789319533393
0.000739919700406155
0.000751011869053524
0.000640291851921566
0.0008577857426117
0.000836275441043017
0.000825868812025227
0.000744678709650029
0.000738187152221692
0.000786162004493316
0.00073771888566968
0.000634531204404162
0.00066045650127038
0.00079966876237036
0.000792704957694893
0.000714578640357328
0.000672215446464194
0.000788855922521646
0.00081023212762459
0.000798081812602691
0.000737155194600179
0.000659030352760158
0.000669268843736167
0.000723862511004868
0.000681405426925747
0.000764973850881218
0.000764536634936253
0.00076546655553751
0.000668216596284374
0.0006441701404733
0.000800512162818724
0.000640906621521589
0.000786616599879014
0.000819097774565032
0.000771851814674729
0.000826171965341671
0.000897452664364059
0.000918912985132636
0.000808047162072008
0.000655796263616085
0.000741264553081218
0.000826142284313104
0.000976897967928713
0.000769098450048598
0.000816831114664145
0.000766196064055215
0.000780778837731682
0.000675479680257385
0.000697132925625016
0.000821005819370253
0.000862147733613083
0.000717603115708727
0.000784638829073636
0.000751021329114546
0.00079952921353391
0.000802164617826371
0.000802474324093044
0.000673911427980645
0.000901082091872062
0.000723610753264528
0.000603592702969558
0.00077380770582654
0.000664520857305739
0.000901744695883245
0.000715613775794029
0.000748522309055591
0.000765205736501758
0.000724252412608711
0.000806563455679745
0.000893956516393765
0.000770432274681091
0.000789010121238324
0.000906038016526769
0.000926097858582111
0.000703200975268576
0.000728660287309444
0.000776125759739025
0.000741195074299949
0.000791054714015876
0.000665190913780506
0.000804768472251871
0.000700313027693635
0.000796491086786169
0.000697950198362509
0.000822421078531129
0.000653756979313434
0.000720281333753214
0.000750182365184949
0.000638645191680535
0.000795066241007611
0.000614086780135787
0.000802655540932706
0.000869627748599219
0.000965645391154634
0.00074982701647708
0.000791712270470092
0.000829648796149734
0.000892688220899365
0.00104595400796988
0.000752573949593171
0.000775138263190537
0.000908344498841458
0.000778188982259032
0.000840415814531388
0.000822362622064908
0.000812647357881851
0.000844523154156034
0.000744479751015711
0.000862497836016185
0.000749898536844432
0.000597723111878475
0.000651879159123334
0.000867955030155712
0.000795581812128994
0.000741418487603974
0.00084504467129729
0.000681616148441543
0.000723526016871416
0.000769881030569637
0.000735644288894915
0.000724793942563759
0.00081675625675373
0.00076920984224805
0.000697114902836353
0.000946059730238429
0.000650217212280506
0.000841846703954489
0.000869080477601584
0.000737965350499795
0.000719067661426574
0.000747498892693626
0.000800291637154904
0.000856071977689729
0.000948612244369832
0.000881663642477511
0.00102240730070227
0.000828487233568025
0.000730801510979456
0.000769451259529887
0.000716941249940341
0.000832006834587995
0.000867297665863638
0.000687616973172743
0.000817199985600215
0.000763416200397799
0.000828903546562044
0.000782087892982725
0.000789496489882462
0.00085724912128991
0.000733598858470656
0.000786394080323065
0.000818899102318106
0.000922345958857123
0.000744901794479276
0.000685663833336931
0.000822841263585031
0.000726612254527097
0.000757905426030657
0.0013336424449785
0.000677754896598708
0.000780223419093617
0.00098019334619901
0.000758026692603294
0.000804597039772502
0.000711129264894271
0.00094189009528655
0.000742898821184686
0.000647385374457847
0.000589973278669576
0.000828025239058389
0.00070587192037929
0.000688376644164194
0.000773274224795266
0.000960640660847135
0.000768308788951459
0.000783281379237432
0.000834501890210609
0.000850426695261271
0.000735072299048577
0.000757089514371029
0.00078016250739258
0.000733103000337618
0.00062042775799011
0.000736504529345244
0.00100522865955367
0.000748296775640899
0.000807079277308077
0.000896664035062901
0.000789474703386148
0.000670357955005331
0.000707436354275533
0.000730224981369033
0.000701360429854131
0.000777643959823086
0.000802672727876781
0.000847722093878506
0.000730615677765136
0.000977984280286429
0.00078852937352803
0.000712593782099657
0.000690575273184552
0.000819765037308127
0.000793930924035302
0.000672441453188932
0.000681144768894036
0.000854381587110501
0.000897175767560832
0.000648734713365265
0.000623711950334342
0.000619144190842518
0.000799221558715859
0.000736618920579476
0.000613272104626012
0.000751062720881124
0.000752810575971677
0.000939047605687938
0.000811421704826776
0.000612028472881308
0.000629146725672193
0.000657053991956328
0.000660487335823863
0.000869295953245063
0.000891745010470764
0.000875699354452473
0.000724094825658536
0.000629551804659523
0.000875940622184892
0.000745552904146122
0.000715157472370443
0.00106311692637071
0.000779972987719685
0.000801116100161007
0.000695657225872172
0.000693471568012451
0.000725158611938363
0.000852281821430115
0.0008348122782561
0.000700891910249779
0.000705050955161254
0.000598327257244592
0.000638737444432744
0.000778249000692444
0.000719787335283754
0.000798963005791521
0.000654190866579704
0.000742234036328826
0.000812312402813823
0.000834180923431287
0.000714305523958914
0.000627623927285645
0.000658113670268531
0.000844189306499636
0.000709207717801653
0.000755174590474297
0.000848343565854345
0.000652259635198706
0.000719569309698392
0.000666786067654668
0.000707653608141267
0.000733252866984916
0.000731057266209736
0.000634404994096681
0.000593394554571813
0.000804731171421028
0.000716036481260841
0.000739378814890217
0.00137156419921837
0.000678407339831571
0.000925206233954579
0.000808515440804854
0.000941237596224697
0.000845666700965258
0.000762274701513259
0.000798362050605453
0.000803130260579278
0.000658294369146152
0.000711385629886782
0.000736054069539441
0.000703542869415721
0.000693253621589083
0.000768436278258845
0.00081749024764793
0.000716473953356702
0.000748042070382506
0.000846836365928063
0.000698044956577249
0.00071804298426114
0.000778910814346224
0.000756935636174616
0.000726803271602468
0.000703199191104563
0.000640663546951293
0.000763684535186449
0.000722254524077266
0.000789513810083006
0.000826131097135094
0.000802844333333743
0.000657936680760736
0.0009353162850719
0.00085542100090639
0.000823504120165206
0.000903985369187615
0.000784253255982281
0.000706001188422326
0.000646866695349227
0.000689138977430364
0.000809343018192975
0.000740425842199254
0.00068163009686772
0.000762460603365386
0.000693997262766105
0.000726488486320752
0.00065137842256515
0.000677006987472007
0.000786177053304271
0.000715810421852672
0.000842071460627603
0.000800329631955925
0.000687618614705195
0.000721885787211843
0.000868151395875571
0.000765359554360691
0.000698216565977936
0.000602261907294537
0.000700843672012461
0.000749883440359004
0.000779271830858375
0.000904905787663101
0.000721650954515955
0.000803650188547909
0.000752305856000675
0.000759248464844745
0.000582539529500258
0.000820496387534458
0.000754124916150585
0.000744730787039458
0.000800692405351198
0.000760483090436087
0.000664805764646361
0.000863363165800798
0.000912250160977473
0.000772658319611958
0.000695124807641798
0.000624761962375802
0.000753219799066156
0.000749523795625352
0.000802061693474675
0.000731867263407356
0.00081280563224322
0.000733070889976672
0.000837411847839248
0.000713585164658617
0.000741122655194179
0.000766300944289141
0.000690750069514201
0.000729123429598542
0.000827534037093587
0.000743192367948585
0.000848276377835475
0.00068643855191965
0.000846869251030175
0.000842046165460897
0.000691125834989616
0.00072541848372357
0.00066026710337303
0.00077827310521543
0.000731582636503043
0.00062497696047251
0.000665666689393083
0.000830527004374508
0.000748160697145847
0.000716462784789659
0.000727453319256826
0.000766904612755501
0.000669341721789498
0.000780102863272274
0.000764823412810291
0.000743169371943556
0.000941594307675047
0.000714909697937579
0.000809473855490558
0.000594845841517705
0.00068920689414308
0.00074533936359469
0.000911753858894061
0.000670130335655268
0.000895457579676166
0.00074538297512899
0.000826658964719074
0.0007011268725039
0.000746519263244133
0.000765504869224784
0.000645481903382986
0.000681507372421025
0.000621979805075332
0.000719640923121013
0.000720504380811683
0.000887686174449944
0.000769911947770961
0.000647107369220665
0.000829644549176112
0.000718597597624851
0.000918291187108211
0.000663521172432805
0.000760872660121337
0.000608920809542167
0.000794748654471751
0.00080641442904904
0.000803425627125362
0.000731483342303055
0.000823427573922056
0.000661718654903698
0.000731428587536055
0.000751001217276073
0.000809066458791339
0.000715495460206468
0.000668386987372542
0.000764917686218176
0.000852879472611237
0.000745159031257798
0.000748015285954647
0.00067364992041099
0.000739537313461047
0.000737386063089514
0.00065385850640228
0.000823729198453866
0.000662599629395424
0.000667459940968918
0.000873295600668213
0.000808958173164449
0.000664517148088885
0.000728247046114514
0.000758677791349362
0.000736215357713264
0.000770764353409339
0.000807198531732007
0.000822890807336805
0.000826213715517941
0.000836500838960282
0.000757519934613755
0.000623042404117079
0.000644721674900947
0.000835209453516343
0.000705897311441111
0.000713374913683152
0.000737125392001588
0.000679016004353883
0.000721120288237196
0.000728420639125218
0.000839460512828352
0.00070435198088726
0.000694997794934117
0.00067647505099678
0.00060951842248784
0.000681878160401501
0.000761658580899073
0.000815776373362827
0.000794110999184726
0.000685304263705117
0.000679912003095969
0.000732266152827026
0.000806334244867182
0.000947651570295112
0.000774856862440111
0.000780830089036136
0.000742433366845826
0.000678232908949228
0.000778339419210693
0.000785613685450447
0.000655694219414151
0.000697109694230078
0.000704164681167407
0.00102932715696636
0.000815233722957768
0.000679456747805922
0.000726011676572292
0.000805242517463437
0.000856125298839622
0.000888720161983965
0.000734446951134329
0.000784369901491028
0.000954263646341958
0.000779594613822526
0.000671547804707689
0.000685306646679796
0.00060374003464691
0.000680351899342983
0.000732424454780574
0.000729726992867121
0.000796353926019446
0.000749489590022779
0.000865659930659379
0.000696166018887948
0.000693237394344431
0.000719625993250081
0.000687901135675227
0.000764918005771523
0.000812305194875176
0.000666750819142905
0.000723974739755825
0.000671954882998741
0.000601286271571797
0.000725512250673954
0.000719345144376676
0.000806635033063094
0.000750496165949985
0.000790883760354388
0.000675427978469313
0.0007346267416073
0.000669426991999804
0.00077863575755292
0.000673134888728998
0.000688515782529897
0.00078349055374526
0.000578972322302966
0.000739827023637276
0.000796481126336266
0.000728201721609602
0.000749886347576922
0.000741191488597218
0.000798871535704263
0.000685823131828698
0.000734327488326486
0.000756049592365947
0.000632841437133429
0.000591269458757791
0.000725363135695137
0.000725621532578555
0.0007776125749768
0.000950776520867179
0.000574007753193833
0.000618934379256256
0.000779533838681886
0.000768760353182914
0.000705448521013602
0.000809685396409772
0.000846055223855687
0.000651607525783002
0.000761244198326748
0.000740073707243653
0.000675633981310498
0.000738283179860471
0.000796596768601174
0.000827910099289256
0.000876050875750382
0.000742387647358238
0.000847755422338799
0.000751177297616732
0.000843097924129233
0.000660561967546774
0.000534231568018472
0.000754389592957343
0.000905097507055562
0.000649090822860198
0.000875185572033535
0.000730816672881837
0.000685081191699902
0.000734486571470847
0.000903617863616173
0.000714271654667277
0.0010205007891401
0.000764404916044782
0.000743020142513636
0.000685218554007223
0.000652056121493054
0.000642141708371492
0.000662796818312531
0.000667532622300506
0.000672059263163303
0.000744250739362425
0.000659568882712488
0.000627184850765612
0.00071114006634496
0.000717171816501744
0.000759973617633374
0.000613689006587035
0.00072036276106093
0.000647146733337181
0.00066865098952494
0.000672203068913069
0.000752261053753041
0.000620105958100612
0.000685883253631879
0.000642824373000606
0.000571484395249684
0.000638857273991332
0.000657987611701049
0.000592697075547096
0.000748533284544542
0.00071850708021255
0.000732699408187992
0.000653201297361247
0.000732916123004551
0.000653650700156638
0.000628501515502797
0.000638558100081214
0.000813283438165219
0.000693379214159209
0.000655559689644033
0.000691008764271702
0.000710131059268319
0.000582382422351167
0.000652830327970966
0.000634034367126504
0.000555044863528956
0.000760004657369307
0.000677259951913517
0.000692992045157654
0.000680380464408408
0.00066501356010156
0.000672851602482339
0.000755155045143634
0.000770241578387616
0.000814456187172211
0.000647558566653733
0.000710170455691804
0.000673577878943794
0.000630069307093819
0.000763980727340438
0.00067501669150343
0.000715605822583422
0.000693487591762637
0.000746322522111775
0.0006157007756026
0.000803877414042859
0.000747998531852843
0.00063714859395863
0.00068022144423849
0.000690188989721999
0.000680969836102347
0.000746967382866902
0.000783402398452059
0.000778809053156244
0.000761342825309166
0.000639654636411411
0.000860014557144525
0.000663549456340108
0.000623566775790512
0.000629673742053386
0.000732831619538879
0.000725377991762076
0.000696474928339651
0.000652958072665303
0.00059606576857803
0.000657723957730412
0.000697636241458358
0.000595843816629807
0.000710375024091595
0.000718621350094035
0.00072156043535498
0.000727547924693133
0.000677383453117396
0.000810636730455073
0.000579578241764983
0.000670404270556362
0.00070473112934606
0.000668586038705559
0.000639096524050671
0.000723851221663559
0.000672797996647366
0.000606558106569198
0.000785899195588254
0.000751887367622955
0.00070453969225266
0.000699853573978499
0.000718962221272348
0.000823424976661356
0.000765071931146262
0.000821927558478955
0.000793913202769518
0.000678802315357676
0.000640978510207674
0.000644203427693511
0.000670845875232623
0.000664855476161705
0.000762095259871472
0.000576339692944352
0.000654505075918747
0.000746831913060364
0.000691631460718793
0.000605661203357914
0.000750846640303931
0.000636079353910042
0.000659477007008705
0.000613014120424445
0.000649675194463502
0.000687572790730646
0.000634031850203778
0.00061702411463449
0.000685386207108901
0.000685095967735839
0.000774163548327315
0.000670399383618857
0.000633750946038513
0.000739343145755451
0.000697005373884209
0.000870895423124265
0.000800396349857822
0.000708232936272149
0.000714665377219883
0.000700076481324652
0.000640297247974183
0.000873951918635815
0.000657614064352759
0.000657171889348378
0.000682559370817148
0.000757169827387794
0.000765769034264319
0.000793011233823132
0.000679955471957359
0.000569137771696108
0.000807917948136673
0.000759387206317796
0.000725102624865103
0.000688829605232049
0.0007498064159733
0.000702803224580094
0.000658827842147292
0.000804706869932357
0.000738183363341354
0.000848045828855596
0.000666971028008069
0.0006720573931517
0.000623756693417882
0.000647714706228878
0.000683418572510536
0.00076867607676235
0.000623451129206074
0.000665836209018724
0.000755873219449877
0.000704825335045314
0.000733391727782012
0.000636576589482027
0.000697486994803818
0.000684204022992855
0.000509116316670566
0.000824306310116532
0.000624026992022646
0.000687669804147741
0.00071402593572744
0.000806799732198135
0.000944964194894957
0.000711069369347621
0.000690915266197045
0.000847590333455854
0.000593917244607353
0.000616659091536297
0.000779886104671326
0.000562017032616616
0.000707231554861265
0.000887878580745668
0.000725760916520085
0.000633689882772955
0.000605085334868006
0.000592198942121116
0.000800448679517388
0.0007615436462623
0.000789281028074032
0.000683646682045417
0.00062426435537984
0.000714454146740361
0.000657336208591149
0.000720556805095355
0.000609507499103682
0.000661624296434029
0.000830191181925087
0.00056055098806788
0.00068554426156835
0.000622349230950907
0.000619722662425281
0.000808109940666563
0.000772293751823268
0.000643420463036968
0.000712692158920731
0.000678324544089384
0.000725154935211297
0.000499264499468377
0.00064888350078211
0.000631190525910946
0.000680882923654424
0.000676212729441349
0.000745696058442264
0.000660942021095148
0.000661906729166156
0.000806850679938058
0.000730260927752411
0.000776982003723384
0.000666080033216282
0.000625890945592189
0.000682449489284217
0.000833191827332144
0.00074810779632977
0.000749905926607475
0.00065039821883971
0.000633861568689975
0.000754614926905023
0.000694148779693361
0.000793514570845259
0.000723218071356589
0.000795804722318322
0.000647535508099026
0.000744903451524377
0.000540435196317341
0.000694924172365804
0.000841203488643915
0.000741564087339373
0.000710047024067745
0.000669684942758351
0.000687719645060622
0.00076717686956301
0.000687745726737339
0.000756396021348913
0.000713578887376007
0.000661022158018244
0.000636393656874172
0.000543882708365225
0.000816773754176028
0.00101039269498109
0.000749981426659008
0.000657992925153593
0.000784481122900032
0.000687535084078714
0.000758817438538084
0.000541635815913869
0.000633430671412657
0.000680707891864617
0.000801102177958897
0.00079982486468866
0.000689168938019428
0.000618202702561152
0.000623431454570502
0.000712444998756332
0.000810060467699399
0.000643934027244769
0.000772244224894816
0.000698270436876826
0.000700030638307099
0.000744988669756252
0.000652336861980283
0.000649714804267269
0.000720306125509129
0.000748706180340516
0.000806958247751423
0.000864947562128709
0.000706295883603137
0.000675573686687002
0.000653133011172183
0.000783675188039726
0.000784311628368642
0.000683593369930861
0.000758417416655294
0.000651886152173522
0.000693236214715794
0.000681688044929484
0.000652166933961391
0.000619256206039117
0.000700358652166804
0.000787730964759365
0.000785529844504563
0.000848073324807148
0.000643474471805785
0.000620723541048856
0.000730945730995388
0.000704055965913029
0.000713684136940173
0.000733978735896366
0.000724105084592949
0.000592546507009668
0.000766391014958917
0.000712457088959571
0.000768420410051939
0.000697611627120422
0.000646106790489963
0.000605446224348997
0.000737911246027088
0.00071118710966104
0.000710457652609546
0.000689412316488266
0.000682394648005162
0.000704291765257122
0.00064923102120088
0.000574973131532512
0.000715385365259802
0.00068591180161029
0.000699087046046497
0.000689707669136521
0.000658639791397423
0.000725719344782124
0.000657487028367799
0.000689682094760918
0.000579035602443912
0.000696916984725791
0.000683299145959205
0.000759429004249654
0.000697913453245767
0.000559343936754063
0.000713277011179065
0.000712891887602967
0.000640486044739282
0.000705473453227826
0.000741027264106302
0.000666353324946342
0.000654350365412093
0.00063454927834442
0.000658988763400878
0.000693882884626008
0.000904465696740955
0.000667461864856333
0.000592566413686413
0.000682789951714821
0.000689017152001364
0.000755347922595073
0.000818047031460528
0.000669681415373541
0.000679387821395068
0.000754764498749352
0.000733614875206356
0.000768231223422469
0.000708517285857612
0.000773570572930056
0.000723908310935088
0.000629299340092793
0.000651975329607687
0.000927566122200735
0.000819332311745142
0.000721895477402302
0.000742804902288327
0.000749754462357522
0.000649655979718413
0.000583459719407229
0.000563159029120718
0.000790521607795454
0.00070194714907227
0.000640817291709959
0.00081777880128035
0.000887363585756458
0.000647816916559506
0.00086505390281612
0.000750789614352188
0.000804730905264144
0.000723822495295804
0.000607459937210772
0.000685219175757568
0.000878205760265603
0.000652113181910851
0.000542699582376881
0.00070048509752354
0.00113322099696795
0.000663736229883849
0.000644661054976793
0.000705126650203951
0.000730324101004728
0.000661974325494283
0.00072536802701044
0.000597831750805245
0.000779449259862923
0.000751167793370114
0.00076139454344552
0.00067089182772636
0.000960420632206946
0.000757433092696607
0.000619913235595517
0.00068513881685247
0.000547177651508538
0.000695146797260052
0.000673603223408702
0.0007983707954255
0.000879281668868185
0.000714745278565021
0.000702200602751817
0.000754405668392199
0.000795224347313436
0.000719660632768994
0.000719730024049779
0.000712850154862141
0.000698408098025222
0.000670521391802736
0.000707139999843075
0.000942301630785468
0.000730177283021805
0.00107175600896017
0.000669554931029811
0.000629962086103248
0.000670178806628941
0.000725105229387018
0.000647162626273797
0.000709327554910366
0.000689536115256103
0.000786290843721637
0.00140291970772278
0.00122035928515558
0.000563091602888441
0.000595134612711246
0.000738886741130881
0.000730383490326935
0.000810934727653102
0.00075589007244778
0.000658271116366918
0.000824278718704767
0.000561168893963484
0.00070692654329046
0.000798305876725127
0.000792483387332127
0.000682872823557822
0.000739780598738111
0.000838190351115744
0.000716972322844695
0.000695916678702485
0.000695684490243618
0.000754437648489204
0.000573146955324201
0.000942924796672818
0.000827449349695767
0.000768196107490671
0.000575192280167507
0.000664734591963462
0.000849034266978091
0.000657056980714898
0.000782377391889034
0.000646714473666449
0.00089857800590857
0.000806133641700976
0.000909313906649908
0.00067308349980524
0.000753336086475509
0.000766980456878181
0.000761769936716233
0.000702286491473603
0.000670551714396156
0.000707035620547474
0.000782558503614106
0.000725081846294117
0.000690821544559515
0.00086598705963838
0.000677797155642282
0.00085932944799149
0.000569610596229761
0.00115133158901909
0.000615476364954298
0.000717038563919017
0.000750718628137209
0.000735580615609379
0.000739428855765786
0.000599538864544595
0.000783238789477846
0.000868005285044125
0.000851766712812696
0.000728760141817407
0.000638550674736585
0.000709114067334203
0.000756527145401049
0.000652102201345091
0.000650204638344597
0.000817642563963391
0.000748464004719385
0.000674206305550306
0.000699303223223631
0.000767128865867068
0.00066135619259649
0.000721854145847376
0.000634828841478962
0.000721393022720398
0.000740695016313365
0.000789701942304715
0.000673856645905697
0.000631023646523859
0.000652616977103369
0.000626874220558906
0.000743264585640948
0.000727420925107353
0.000766902907507455
0.000601220098974699
0.000699539156236884
0.000657098989781142
0.000705577825957635
0.000722421785156876
0.000597811722513415
0.000772532890431625
0.000762642517449146
0.00109505641742875
0.000910130823436894
0.000652225491421605
0.000916674744845627
0.000695584928612863
0.000858003818559774
0.000738383447035014
0.000762781977248142
0.000622700978049921
0.000760533846976544
0.000715181009367484
0.000589080867857244
0.000678556488444766
0.000953319758379952
0.000780634631683434
0.000796824947907774
0.000632828436061029
0.000581779564695336
0.000707922964424779
0.000670840903316538
0.000788824104904514
0.000798885462232688
0.000896481854052255
0.00071885800319018
0.000589587255106513
0.000690832521748734
0.00079203956333844
0.000605962727240496
0.000708502797759771
0.000608463044959503
0.000957930870226402
0.000911259250639466
0.000853557428637459
0.000774131608408203
0.000680912731178947
0.000672326307449198
0.00081288439595843
0.000678394172679962
0.00081012336062684
0.000712310815017664
0.000767474025515964
0.000742749394766209
0.000660978353953286
0.00067514085962721
0.000719303645046196
0.000756874393247218
0.000797218906226613
0.000651405324287801
0.000706349587384672
0.000697779868063462
0.000817418613067757
0.000663751910746282
0.000797311629606306
0.000729819426101201
0.000727770070320447
0.00084241813247129
0.00071502668764268
0.000600748343967084
0.000729432414915604
0.000817105625678319
0.000709506349224771
0.000702118846901297
0.000675059563045519
0.000746548951751931
0.000641431726296083
0.000814861197763619
0.00076331339797842
0.000779473431742781
0.000738630418470892
0.000664154460302481
0.000607941700513572
0.000742207476333336
0.000831260412809177
0.000665505997070361
0.000917227369056355
0.00072789368553223
0.000642400669633297
0.000632070438776043
0.000769575154321393
0.000677771293139804
0.000803891562651367
0.000662203150184486
0.000734565772002498
0.00068088761408051
0.000644302174315214
0.000807841129800139
0.000835628830522544
0.000727088928475301
0.000717274300159425
0.000745950544885428
0.000714805313714076
0.000693928682068152
0.000721222295985329
0.000711405914035445
0.000622433374858488
0.000596560899645604
0.000694839424470647
0.000853280005272717
0.000744692785278959
0.000690600079662045
0.000666490840609036
0.000833680664227493
0.000685098155069427
0.000760986912329387
0.000713830124111374
0.000809256367856541
0.000752458321229989
0.000783657435763394
0.000848914276566316
0.000733750687643904
0.000659113134348529
0.000692056415212755
0.000678082393794607
0.000714886703511603
0.000861578776010111
0.000790210638762919
0.000666020017298185
0.000723770776258177
0.000722721270913539
0.000678680842566257
0.000789820417572234
0.00074286033749611
0.000630916531241558
0.000721702084930847
0.000782419408686619
0.000683371250345449
0.000740083628368223
0.000605169071565191
0.000774814726275708
0.000706235557359018
0.00077138075287332
0.00071186226373216
0.000631101199079447
0.000875585023764647
0.000631982047470838
0.000651549580780788
0.000711059187774847
0.000651543854734673
0.000717088253944837
0.000741260850167559
0.000650800798519993
0.000706914080808677
0.00073094290387283
0.000670598565070737
0.000741925889229252
0.000753581507666241
0.000739990112002922
0.000784600224872913
0.000603777904281259
0.000688218479405194
0.000653956166584095
0.000706112802210196
0.000623515758933639
0.000649864519869588
0.00075857657985632
0.000645456639055984
0.000657282116285228
0.000769266072930519
0.000732416604132182
0.000593621586176386
0.000626758712349694
0.000754469026324777
0.000825572203166176
0.000790156549669867
0.000728141492272074
0.000854796249886555
0.000632353785854235
0.000729417851196455
0.00070748181018033
0.000724050650299421
0.000722938040140229
0.000749047015828621
0.000628770519754571
0.000723128229044862
0.000781696951922954
0.00072626266490875
0.000811600340246334
0.000805115114973774
0.000564738472726376
0.000680749201369777
0.000809541383064747
0.000778992625697276
0.000868337214647003
0.000881404913778358
0.000729713671678918
0.000825413672675674
0.000717751860895249
0.000756508859873799
0.000774988383076616
0.000772648801098631
0.000750023676526734
0.000804250926725558
0.000842470346247269
0.000695989281490724
0.000832500065246272
0.00070386785948963
0.000685818286506857
0.00078878204908749
0.000803277946994733
0.000825709933122154
0.000697471802307754
0.000846597372578366
0.000852322304042363
0.000822315867743679
0.000721032498075988
0.000769821407115097
0.000790085502592125
0.00066278002278571
0.00085014461980978
0.000732785502256522
0.000905574879398298
0.000794804385069865
0.000897462710256919
0.000937557062562601
0.000733317130547817
0.000897196622603775
0.000717309738751448
0.000849034742945467
0.000861575244713099
0.000885048096335363
0.000764728270706744
0.000688314102581982
0.000722229828398627
0.000693729457807786
0.000851671243347809
0.000774747529750327
0.00112101080951862
0.000795011825119788
0.000719712030727841
0.000773901875719729
0.000730918615166781
0.000711604775136624
0.000852154150697444
0.000738748811536577
0.000714802021207796
0.000752044401459968
0.000946240588387354
0.000715511561356713
0.000701267173264361
0.000623862445568869
0.000590794989744384
0.000747129727322207
0.000703645843879856
0.00068699550136182
0.000750080339764481
0.00088847784735459
0.000913756310745681
0.00084143911639708
0.000804130093917391
0.000704082512973122
0.000725337181420103
0.000695630772088699
0.000900408244636515
0.000633322287785372
0.00066500734338548
0.000686949026404171
0.000846622632881706
0.000681602212896506
0.000892804838711604
0.000979413352100403
0.000882783994506099
0.000970793620459859
0.000730168512794474
0.000794586981798764
0.000700765238397798
0.000790718356199292
0.000706187462034774
0.000724264945159212
0.000688763251467422
0.000691636486657212
0.000697104602811485
0.000900647637410203
0.000717263807389926
0.000621688784263047
0.000657097927698135
0.000682589285327502
0.000839132062391682
0.000713490682807971
0.000739965016014238
0.000756079242939457
0.000690239159550949
0.000851896341214486
0.000818943452736532
0.000750926668651802
0.000722211203824547
0.000784967961760897
0.000756221907175668
0.000647499371651712
0.000703312399741717
0.000838719465982217
0.000771177615345386
0.000820949174588533
0.00079114832635705
0.00065759041728183
0.000753726858461261
0.000688432074620356
0.000654363593452108
0.000835356235669338
0.000763850378313206
0.000725896434750708
0.000764783497162036
0.000786546105386106
0.00066899692788359
0.000685091726326399
0.000678464862473115
0.000790671298647524
0.000730360517075138
0.000819092354413645
0.000741756746750881
0.000577018127341717
0.000859055321452802
0.000822689168776285
0.000778736540488901
0.000745452930394483
0.000665078610630145
0.000708833452592189
0.000723087813235897
0.000824664575027129
0.000868341152310809
0.000669061612452688
0.00083396108707953
0.000638524516982742
0.000642123276672787
0.000768347182963333
0.00084835633573173
0.000836316862971513
0.000725778645054214
0.00077284605345572
0.000751950102254747
0.000805848590214974
0.000857941928429462
0.000765344883023888
0.000766272907906457
0.000815037725145386
0.000790510393838913
0.000701560774631564
0.000739407651928614
0.000791521413474313
0.000618677213972268
0.000829268665305531
0.000902099652657961
0.000825337157828742
0.000780067388671522
0.000830009429301977
0.000780471283333398
0.000780168266806673
0.000719060187790689
0.000889028904254028
0.000740185441209473
0.0007864556409412
0.000886937315325354
0.000607324750400777
0.00068301215856903
0.000843574054434091
0.000701399928350501
0.000717490091867578
0.000790787620445065
0.000776851453966148
0.000804619115818876
0.000827552806022262
0.000942299676996817
0.000817801110587276
0.000975280031753291
0.000754259607386548
0.00067186640329948
0.000828679777981466
0.000757088299363548
0.000699283897362262
0.000724918204136761
0.000937371829634203
0.00070812161582608
0.000718582200345376
0.000853924342881168
0.000739526852592193
0.000718332582934475
0.000739432825065979
0.000787703555810617
0.000667067495140239
0.000787041453925386
0.00080227442088866
0.000751225790546363
0.000789970968611293
0.000735466848889715
0.000732598182799899
0.000758038722149362
0.00073714424420052
0.000693189723882883
0.00082100254772764
0.000738460134641904
0.000621330444837433
0.000743469065607482
0.000712089828383745
0.000722948159570937
0.000721242768669141
0.000654460513792312
0.000730237221143971
0.000673945906140337
0.000909704805854693
0.000815205694665823
0.000670531593790225
0.000740939135084708
0.000636140241330665
0.000801460549440776
0.000703324986546536
0.000891335232762334
0.000753537249488061
0.000741564211838003
0.000697880626720719
0.000694419178110126
0.000808406876949412
0.000676361923566001
0.000800817192296042
0.000784243841011262
0.00098779178312519
0.000857504408239205
0.000807280938992131
0.000852818401875262
0.000710316859964261
0.000731937964993044
0.000767390886342873
0.000878971045779442
0.000813303871920587
0.000656799949994401
0.00073487676376849
0.000782018569224317
0.00074727890430663
0.000730675609108831
0.000759843396552861
0.000654932737595347
0.000643202418413743
0.000581381801086773
0.000623086995959073
0.000877525307222042
0.000904878985648001
0.000795834506303135
0.000608816874361394
0.000695199989332153
0.000843674111134942
0.000834857768989805
0.000689158632065295
0.000774296692779803
0.000720370786429949
0.00080628798459239
0.000655617726238219
0.000632547264874598
0.000938157924867771
0.0008455089974863
0.000813508691238762
0.000811674977088028
0.000692697193633718
0.000667454235139678
0.000673050695411132
0.000738979620363484
0.000641820685651656
0.000731970743672581
0.000843905065835748
0.000604404490916553
0.000649678001881593
0.000691046652353655
0.000685251541086185
0.000736498223302251
0.000758394012837773
0.000762654386391098
0.000736940709625525
0.000744998751193583
0.000657260498508716
0.000567466218215292
0.000645166424343939
0.000684300393554536
0.000772048126592475
0.000830454038750063
0.000588908139091977
0.000738350545420168
0.00066153061678004
0.000906084382287763
0.000798754750344134
0.000635240225470231
0.000720094421146746
0.000674353768621924
0.000749924780488802
0.000641687743930277
0.000797670819428386
0.000665549747674013
0.000696595950114338
0.000706036838913812
0.000726299995315849
0.000730788286312534
0.000672742498536966
0.000865239155244192
0.0006137991890122
0.00069551531180883
0.00067763931409485
0.000755760332024694
0.000824393649209046
0.000614734704311485
0.000943436924835419
0.000763063682982177
0.000709503031710107
0.000758455044594796
0.000718531059022933
0.000786998196188403
0.00067578543887392
0.000751541104673802
0.000759579393510938
0.000714207526574672
0.000689898572884231
0.000814635962542725
0.000797847634572737
0.000780004624282667
0.000658377690000171
0.000662019825496256
0.000814444376191121
0.000793815397567831
0.000746648204376546
0.000678162098184674
0.000732526933755224
0.000727150148756225
0.000854687516997927
0.000726273480076957
0.000752916880390661
0.000726566794834327
0.000609225581997816
0.000727905329778306
0.000721184692564672
0.000710140305406977
0.000708232610785366
0.000763778802110609
0.000731242052916934
0.000692388641684808
0.000769939384641295
0.000691750123946705
0.000794565900275554
0.000687276984597252
0.000693127164624063
0.000718605068628026
0.000752954091865658
0.000643042328060138
0.000626935256669854
0.000725732551686002
0.000727644287645162
0.000861798517142776
0.000754900266485508
0.000712396417180443
0.000655578371029415
0.000856513467950679
0.000658164645492391
0.000653211277918427
0.000707445515656652
0.000837977316316183
0.000694216247621942
0.00071838985351878
0.00076230314461432
0.000736994325555918
0.000713108136444577
0.000750328219602319
0.000734003305190579
0.000819687493823136
0.00086998287920803
0.00105253662824564
0.000664315485262897
0.000735028548465446
0.000649485524463926
0.000733808205399826
0.0007349185373905
0.000872368711697706
0.000744695123056288
0.000782341594776439
0.000667914212808621
0.00072362984973355
0.000816531180895661
0.000812896026957021
0.000782084613888918
0.000686041035284278
0.000752757292973496
0.000684591586673542
0.000992160784930493
0.000684641165647713
0.000756391970875851
0.000789465704696753
0.000749738595275841
0.000840095489085683
0.000786905102932315
0.000599163282811336
0.000699970905321332
0.000785141522894068
0.000753056193253749
0.000867668452538775
0.000656013929188391
0.000658512087818129
0.000694451303713256
0.000801873715305667
0.000765688118155627
0.000687778733446691
0.00078080877831506
0.000622728883980071
0.000843835310857616
0.00079169356777633
0.000777756218771975
0.000779379125307963
0.000826620720756183
0.000924760084895812
0.000852060771323423
0.000778553832383512
0.000723546207056088
0.00076889119324027
0.000793130910406519
0.00083860983831266
0.000801757101279468
0.000734680494146671
0.000741741713024561
0.000881636208112974
0.000792400692704684
0.000868520651681061
0.000816330654555615
0.000709590012829639
0.000758506827236133
0.000872898261534835
0.000701901381483336
0.000765168819003141
0.000874556740617612
0.000801467088840918
0.000684895821058399
0.000926714966674067
0.000733729604573977
0.000749531583933443
0.000799937668669156
0.000728543281158496
0.000818188793288797
0.000708329239268723
0.000866600316940851
0.000823661629648554
0.000860748246871124
0.000837482880444806
0.000892237687080556
0.000769631816428281
0.00085168915154235
0.000819049449813731
0.000810084877347538
0.000898400808947185
0.000888260705530781
0.00066998614231583
0.000854105093305536
0.000867960136715415
0.000852191395555529
0.000665736341060896
0.000757061850782037
0.000780257971216245
0.000816880087472919
0.000931991737626845
0.000941542902281256
0.00074703724173894
0.000856529263675099
0.000842723987465219
0.000736823382226491
0.000714955433028284
0.000691288803787249
0.000673763633864941
0.000834449320388744
0.000805128349580762
0.000749591511969164
0.000764328752832209
0.000737173917665334
0.000691207269927997
0.000978893022646844
0.000745265237947438
0.00083690824945371
0.000760757531600706
0.00092597465631053
0.000915407533299083
0.000880443917084959
0.000727626559968845
0.00074705171684289
0.000876650618141715
0.000772259855156938
0.00106652278433777
0.000710312977302561
0.000646665361165914
0.000813936031736372
0.000902198959299284
0.000823480526071828
0.000714347291571572
0.000789033245620074
0.000769921700526256
0.000859256500046241
0.000867572507478315
0.000853275406206699
0.000867982280939151
0.000678964842736789
0.00105564021610892
0.000758475914547249
0.000745417190687511
0.000750269910127381
0.000730877370022483
0.000734597305545651
0.000840028823496487
0.000874628895019822
0.000854685493172
0.000733505981596546
0.000917348586113169
0.00090168378082976
0.00076807922162153
0.000735001304045095
0.00092182656773504
0.000838672429472591
0.000710577290884629
0.000891932381391397
0.000985534737316041
0.00078447645249666
0.000975649962715014
0.00081430073617054
0.000839921080791758
0.000802244778298581
0.00079852417960731
0.000792844966519657
0.000823076978672014
0.000804039860616244
0.000826185783261595
0.000872089568956017
0.00171670682358278
0.000701032447613205
0.000765640773217433
0.000969833533073037
0.00101109994730589
0.000644797574386401
0.00162402761054643
0.000926528464657318
0.00082291314204148
0.000780586660054429
0.000880613359063498
0.000766750925798604
0.000937584517841236
0.000867850871304101
0.00078451080697963
0.000759483116667857
0.000786034004656523
0.000870729763242587
0.000737392546678604
0.000787691172846389
0.00100363262733185
0.000854892262331465
0.000907905618798847
0.000924270260120967
0.00080309365962305
0.000666962155165496
0.000786611270470073
0.000764785565983267
0.000853385741151898
0.00100647099909325
0.000893454318384891
0.000782374896702869
0.000950611110050971
0.000780269893342066
0.000939674031773524
0.000701558275625709
0.000862793556083943
0.000923282530916431
0.000738507984188645
0.000882104698605972
0.000877982945087538
0.000747471168853087
0.000766567257076484
0.000829583745480074
0.000781725359943242
0.000833990149663037
0.000750514722673416
0.000765333188861318
0.000779217643191267
0.000880556360995886
0.000778140296811021
0.000997954276992744
0.000808909959382536
0.00088373494404069
0.000823829023415816
0.000853313531769712
0.000773001051138423
0.000821201932820269
0.00073955534570706
0.000810080927604545
0.000896879824039129
0.000688814897604717
0.000830576352040851
0.000941502600497669
0.000802747794710657
0.000899088258998655
0.000833352250177885
0.00077874527993474
0.000846430788877281
0.000805899160684009
0.000768160875798829
0.000750994264595211
0.000730238466434872
0.000845522363953327
0.000770520244282901
0.00095594823821342
0.000910212948616282
0.00086765881814797
0.000819143927032429
0.000958763164091915
0.000848973742362177
0.000688904043726173
0.000806240298630064
0.000875370476976447
0.000896174717517627
0.00109821109607832
0.00071154117092894
0.000807703892323995
0.000836427071172667
0.000877634598643174
0.000990861686093894
0.000784883631069281
0.000964632712219509
0.00075107312006443
0.000847133938593996
0.000824043963392545
0.000789739232228692
0.000922517496792119
0.000837210170398524
0.000886288461149115
0.000782262197802187
0.000849936934869613
0.000855245566946894
0.000776261003279968
0.000985407923458439
0.000938632032198001
0.000828905361164865
0.00100220175560929
0.000917314273980177
0.000772041750493778
0.000960167413931096
0.000865952632337871
0.0011645595811593
0.000821816520694754
0.00107518872596472
0.00095728075949666
0.00100242855187072
0.000924435747777324
0.000848746808670557
0.000834531761390293
0.000938528281071864
0.000807695227987113
0.000901049907553986
0.000887237589734858
0.000877637216017851
0.000749207845415683
0.00113867290637317
0.000905189398023996
0.000791613421042943
0.000838525916489853
0.000945786011682503
0.000963991150748936
0.000782357480471109
0.00077276214320256
0.00083552734993958
0.000868949238694409
0.000783805520164666
0.000921979520660723
0.000713724100815049
0.000806300300687551
0.000963435334047719
0.000720548189709076
0.000895046385606792
0.000919429386400985
0.00089487840333021
0.000857880949448292
0.0007917948958582
0.000824381912223806
0.000823466079168131
0.000763947683287482
0.000833631080305179
0.000833131960102199
0.000831104452348791
0.000835342202917576
0.000704845145132234
0.000778140170080811
0.000639131044038189
0.000757208471825378
0.000753442153236213
0.000869641531250289
0.000844401608431907
0.000737680938895965
0.000960214938920347
0.000974697005114263
0.00083672432748516
0.00096465323318164
0.000808045031866675
0.00078755870576553
0.000765582091734308
0.000923402551404785
0.000759236387720171
0.000858072166385143
0.00104702560766354
0.000814352391679633
0.000766846815962337
0.000977809355536443
0.000724137039485339
0.000762639256713714
0.000689791670775772
0.000790464271188379
0.00108263674515831
0.00087819116256317
0.000981446702094221
0.00101373507294177
0.000939615618690129
0.000936534934218385
0.00067642469663239
0.000868859001841715
0.000869047966517226
0.000840541400219595
0.0008249333315935
0.000759347544515032
0.000838393574266847
0.000826496438967448
0.000899685018181828
0.000929627594388968
0.000748256832762108
0.001165164249298
0.00112459139419379
0.00087926017947991
0.00104345430826954
0.000997425804796347
0.000910772552483887
0.000847056616411179
0.000696251142048481
0.000801151043368927
0.000974369190059096
0.000865154108205367
0.00122593322995802
0.00092899732956292
0.00120259767182796
0.0011225532901628
0.00084559518202403
0.000941624982362865
0.00112145273010861
0.000994811145223327
0.000818890087367682
0.000903286297992809
0.000994162034907135
0.000815899376468478
0.000833912761335909
0.000924324668907584
0.000901003624449111
0.000869441404015527
0.0010134520347607
0.00110017086963571
0.000912890099964957
0.000943649078761973
0.000918921015712549
0.000925958939528118
0.000697242776202251
0.000796904442539572
0.000838438518201891
0.000868757471771315
0.000962544230037875
0.000858303562065246
0.000955501446134294
0.000747451894115268
0.000879888246206596
0.000974740206567691
0.000897280754532393
0.00250051607818373
0.000976442730790026
0.000960599123199933
0.000943685507866911
0.000976081734347446
0.000911325571278593
0.000872567169686126
0.000883053701560049
0.000860755599378858
0.0009815934817186
0.000818084476856001
0.000958582935894407
0.000900646463455088
0.000872515629949271
0.000997923662986523
0.000805632388346214
0.000873195861244427
0.000943127298119162
0.00119214219372697
0.00101345156479207
0.000768136694978003
0.000892774893371582
0.000976325885402212
0.000768911649300314
0.00088052218774201
0.000931677637863495
0.000870288039205251
0.000795545700052422
0.000782962361474629
0.000881794445745595
0.000924310676267636
0.000887951174234972
0.000895763417820028
0.000960554915502657
0.000840509448696119
0.000856690169098747
0.00100973259488285
0.000890769565666634
0.00142899590182821
0.000865367612149298
0.000866212922762944
0.000827462076557231
0.000919415886230722
0.000872601024916057
0.00102773153177758
0.000882393642731531
0.00121263715262143
0.000856159279298106
0.000882199396626032
0.000957614281714587
0.000758838606770849
0.000975461716555764
0.000904319323156327
0.000994104149194814
0.000796130340366827
0.000781814929004597
0.000895013786748887
0.000902760765814298
0.000980664658139272
0.000951219298202989
0.000963560388266481
0.000838179893343696
0.000862036171988832
0.00101899752646864
0.000816533210257604
0.00414410778315126
0.00104520451106391
0.000771854612925451
0.000910021741962335
0.000904950040115992
0.000932412857858006
0.000918409870333582
0.000855124372628721
0.000851686863788701
0.000873699232345317
0.000793440879277484
0.000884585774857725
0.00102354389486628
0.00107837151176126
0.000865806179106614
0.00133169989171705
0.000853878588055037
0.000988502392440711
0.00120518958673238
0.000994573556767567
0.00096289098030004
0.000802777478088863
0.000966330120684695
0.00102867968694969
0.000906082105307415
0.000958529744748429
0.000928798588210503
0.00101174340211528
0.000794388493197148
0.00105258688299202
0.000817085527184594
0.00095373818460417
0.00105203175368385
0.000980670439528498
0.000903210919744246
0.000810972616503915
0.000813328194726648
0.00089122875533093
0.00112964722902431
0.000952591654099688
0.000918129576610741
0.000888906867217217
0.000907474371870855
0.0010517128603208
0.00109009137370189
0.000867899562468205
0.00102205137255748
0.00112350217518147
0.00112173232396416
0.00115278122431911
0.00101511781595975
0.000888119242634077
0.000910703543358339
0.000910289380773029
0.00107500145833109
0.00108746537928838
0.00145478515671637
0.000787187694053396
0.000791527912082301
0.000908780821402924
0.000978428209329435
0.000905500490617256
0.000900616632038968
0.000977985356015765
0.000919781457313169
0.000929150400279567
0.000895493598691241
0.000973366803462785
0.00110706742340427
0.000889067906741697
0.000842608077500242
0.000957059175986096
0.000929499082344185
0.00076159655856744
0.00080464224528059
0.00100063746090445
0.000723618986312604
0.000920222661478444
0.000834976924718273
0.00110713577698624
0.0010519787505108
0.000939355626400014
0.00109046810877639
0.00101893238950109
0.00133609444719584
0.000908044678281242
0.000975112937415545
0.00112834827296232
0.000944674838059878
0.000982926525089036
0.000937451374261316
0.00104185168695877
0.000811275865710751
0.000925461882232122
0.000966689931658315
0.000861069639863157
0.000867651379031848
0.000863622007457794
0.000955768326985114
0.000867338039267457
0.00100035145221447
0.000978529964730598
0.00103751337626551
0.000989039927634421
0.000861400022495589
0.000835214888499091
0.000904917305219788
0.000837288033054646
0.000784525181027231
0.00103859989486188
0.000956663319769663
0.000822510648775786
0.000979896764314426
0.000763675830334724
0.000856937610759953
0.000866998320624549
0.000767871625378755
0.00096482724987743
0.000819532916905972
0.000833699314326643
0.0019967225906441
0.00100467977942967
0.000835270842966245
0.00110464705307885
0.000841162933687779
0.00120013527075739
0.000863184755211168
0.000832811725121661
0.000864829672582306
0.000881313324469915
0.00105801153558527
0.000955942685437871
0.000980096323712617
0.000917285204388033
0.000859017121331848
0.000958141106986479
0.00127519484041742
0.00128014090150088
0.000918241029627501
0.000941596108318568
0.000960543814102228
0.000891337960127633
0.00114397058960976
0.00105868490462935
0.00111023100112167
0.00117831522741453
0.000996071934882901
0.000921216092317284
0.00104233365035398
0.00107653547630053
0.00098526104379368
0.000869558851415149
0.00093913298994968
0.000968479478686385
0.000924479799555846
0.000961351360031669
0.000835862020972893
0.000846818617479107
0.000909491261850442
0.00106984729623515
0.000930136142163371
0.00104991347322316
0.000904089661552736
0.000870172411771084
0.000825457369762906
0.000872675252435041
0.000918189731679417
0.000926420074365651
0.000916844551911225
0.000899107888630161
0.000899795152501181
0.000933557408825941
0.00104334581302326
0.00103285450967717
0.0010087647409607
0.00101162921707104
0.000852724276346687
0.00101142295452981
0.00106244136454024
0.000922040153129243
0.000968442201584847
0.00102671281399106
0.000884060725836265
0.000978119238348176
0.000955861049608171
0.000945569300920631
0.00100470561315976
0.000993866268491212
0.000925215992062074
0.00110363132023809
0.000831432494698251
0.000917931193619614
0.000878946150678803
0.000956895882607277
0.000981156727716837
0.00110115801607918
0.000983883284790223
0.00107517975008974
0.000876682405993943
0.00103147959682237
0.000840568808283997
0.00135478264078987
0.000995809458475491
0.000907796909956997
0.000998951613483298
0.00124711862598267
0.000941601909167468
0.00117201430772933
0.00101808672979203
0.000934208290608544
0.000950930966344128
0.00109077363465247
0.000996595493442979
0.000997645940324961
0.000942509442706858
0.000872928835429993
0.000980591174842329
0.000864212266606913
0.0011264616186522
0.000983435669205716
0.000963530066484935
0.00099593320707683
0.00103951327660073
0.000884067484627365
0.00106445733929931
0.000962234359410637
0.000811564228081011
0.000874305276027424
0.000873304397943638
0.000953374637136445
0.00107739515446558
0.000979524230830771
0.000809292020477363
0.000956776860608359
0.000907863147543799
0.000858450384416859
0.000913124595247178
0.00120123593010233
0.000891244636526598
0.000899328084243752
0.000899921261647879
0.000918939298067989
0.000768379130594223
0.000897223369288961
0.000905858071509657
0.000778358247363003
0.000940633699625947
0.00100010575176194
0.000918723951953989
0.00104569084021893
0.000842540561279244
0.00126945339567613
0.00110382829310548
0.0010096897825623
0.00100246976900918
0.000982972656770981
0.00091971859230102
0.00104405369403168
0.00110246394600514
0.000893307765442894
0.000908099470002672
0.00105519394193296
0.000905309575227523
0.000968468600569664
0.000991943880939624
0.00105221108444122
0.00086606639582046
0.0013178123274882
0.00077574020409461
0.000912650089365783
0.00151071309791004
0.00103653046530278
0.000914890158669084
0.00102632090973396
0.000843638656389563
0.00108196617254519
0.00099989568014164
0.000957170632509596
0.000976937673242217
0.000979510439262474
0.000868168179710777
0.000960030660732494
0.000949583216805868
0.00090559846881293
0.00118736450864353
0.000902441471917876
0.000944242861816542
0.000990718862869489
0.000885163128027153
0.00112327187194224
0.00102799903314088
0.000938594923290071
0.000965006372887674
0.00105229391408887
0.00101619777943959
0.000835683412075105
0.00115277189102563
0.000936198836910078
0.000937519788604834
0.000812595151877917
0.000914398808183973
0.00104596324237786
0.000979081874458529
0.000970358865871798
0.000933484008541601
0.000895521325170824
0.000836309615684446
0.000933207133698271
0.000854555344596347
0.000848091778391712
0.000799053277606159
0.000919480078659052
0.000960241307835767
0.00112256579198793
0.000920530920803074
0.000904127523741261
0.0010307485085726
0.00102932676050541
0.000950378154573018
0.00115313386363452
0.000914496387224299
0.000961501839268751
0.00113714502661626
0.00107903928887088
0.00122758455938904
0.000944281268365244
0.00104585576037889
0.00103152637451314
0.00108386069227528
0.000962303853954296
0.00102633481037864
0.000793897522878096
0.00114746655743835
0.00108669804908301
0.000952326783794307
0.00103945711172713
0.00090036448680515
0.00103428163752812
0.00101752520831663
0.00110696672538782
0.00119481363671724
0.00128732048989863
0.00110390898687046
0.00100102788580357
0.00126353968410933
0.000940949707097666
0.000993935517684975
0.00106679781240457
0.00119052960733471
0.000803892086376797
0.00103608507342417
0.000967709853506337
0.00102871102207947
0.000876709587691564
0.000966030198210353
0.00129675041830759
0.00120898835759653
0.0012152313175907
0.000933393887739365
0.000924438234777495
0.00103354991460748
0.00112400971556634
0.000905321043480086
0.000973719780001453
0.000967416334874233
0.000973259200098213
0.000978422688110887
0.000968195595242284
0.00106944624425994
0.00111055691209139
0.00114736515681921
0.00126340808758043
0.0010108582278937
0.00111889195084138
0.00105412919822883
0.00112179533918789
0.00111068663681883
0.00112096285309041
0.00110259914357812
0.00102328326038716
0.00106053267153762
0.0012535991304113
0.00159711665712625
0.00109962970464535
0.00108058089328128
0.00124372865676672
0.00103042403727582
0.00133781253957011
0.000972011131407443
0.0010660030134118
0.000934297318418304
0.00125070408661864
0.00102337150470048
0.00119405413645962
0.00104786127334652
0.00119444075537671
0.00126985854740451
0.00106229607012836
0.00120728731340904
0.0010593620046086
0.0012085949960114
0.000991800813164234
0.000962925989574059
0.0010655677405572
0.00107538388693559
0.00111649357608216
0.00116457865911869
0.00105599958480551
0.00103871959605224
0.000938927393856356
0.00106699288843319
0.00114635223900235
0.00100090670924731
0.00114152039938834
0.00120548961757645
0.00109829055747726
0.000961536531186156
0.000931805752392694
0.00123314399838385
0.00112168071736496
0.00125997185439004
0.00106878110827984
0.00122297499874107
0.00119470328087371
0.000953540750991777
0.00107377798678479
0.00112069943767355
0.00125746529916798
0.00112222651693468
0.00119480644108546
0.00101997840523046
0.0010854750484033
0.00114406559428415
0.00111924083510749
0.00120604945114947
0.00109360118630263
0.00101662109888761
0.00105524975002566
0.000981149753117162
0.00113326693976617
0.00105495268568139
0.00125182196296503
0.00108781031712672
0.00111753493764869
0.00139915822760799
0.00100497789265284
0.00101938786769326
0.00106964853778753
0.00115189863876259
0.00132418531748516
0.00129620343249443
0.00102340465155312
0.00128051743098881
0.00133683297388533
0.00115345386682796
0.00103013849136002
0.00131155331978807
0.00124591349315519
0.00117295226612831
0.00117325849729081
0.00115460419955886
0.00118253410390188
0.00121537986270937
0.00116236961411937
0.0013313101218697
0.00132713682727862
0.00112427019118821
0.00107522271710158
0.00151809046541656
0.00134560186435141
0.00109085990833112
0.00116094527444325
0.00123191323510448
0.00105439111457477
0.00140151200535287
0.00179511675651476
0.00159441622288034
0.00169603701914754
0.0010186401601746
0.00143340127045762
0.00149840634490349
0.00135367294435708
0.00171806738620501
0.00153125625074112
0.00150851780027666
0.00146577124998429
0.00168708798726484
0.00161256962690228
0.0016092400600402
0.00142209313865092
0.0019002432930967
0.00195113635093508
0.00108821134985349
0
0
0
0
0
0
0
0
0
0
0
0
0
0
0
0
0
0
0
0
0
0
0
0
0
0
0
0
0
0
0
0
0
0
0
0
0
0
0
0
0
0
0
0
0
0
0
0
0
0
0
0
0
0
0
0
0
0
0
0
0
0
0
0
0
0
0
0
0
0
0
0
0
0
0
0
0
0
0
0
0
0
0
0
0
0
0
0
0
0
0
0
0
0
0
0
0
0
0
0
0
0
0
0
0
0
0
0
0
0
0
0
0
0
0
0
0
0
0.000202638500240398
