0
0
0
0
0
0
0
0.00434740965189544
0.00393276824990878
0.00314680179246423
0.00264625006770084
0.0017248083257491
0.000963376438990477
0.000394819949813647
0.000109235473124573
0.000140521034662166
0.000261521622807003
0.000236859650022549
0.000248341602565167
0.000199019863368818
0.000170764102910413
0.000130448678897412
5.0013475226823E-06
1.86515815257092E-05
1.02345476325093E-05
0.000143063799060475
0.000285820314818128
0.000293414440331867
0.000613942514099561
0.000630048194351721
0.000766401539298751
0.00071982579655819
0.000677324681967701
0.000509264841080783
0.00043469783813612
0.000242886897940717
0.00022597802897233
-0.000223426385521575
-0.00018743965416596
-0.000298757864831179
-0.000227806382561281
-0.000201432122302332
-0.00025695224665678
-0.000168018865710843
7.19637326744451E-05
0.000103651211021851
0.000169887196909582
6.4796275445318E-05
0.000119128953022191
0.000103174930980814
-4.20647756731604E-05
4.3126144118773E-06
-5.83238664346297E-05
-7.41024012648077E-05
3.51949650055918E-05
9.47674033448734E-06
3.93734256864401E-05
0.000107923353439857
3.03375973732815E-05
9.01584190075503E-05
8.71971735444032E-05
3.24886405501462E-05
-6.78444173980352E-06
-5.46437099815709E-05
-6.98838236013432E-05
-1.07694301151713E-06
-2.82604693395399E-05
-3.20038173939789E-05
6.11058843967857E-06
4.99013018261145E-05
5.06942209021039E-05
9.06678849110717E-05
6.64825387010535E-05
0.00012997621139263
9.48807751180562E-05
5.90882698472091E-05
5.14674009786298E-05
0.000187338432234482
0.000188167196317969
0.000227222546769758
0.00015206019706144
0.000163165933364855
0.000185924222464577
0.000195908935252912
0.000143666815295579
8.5058903164189E-05
6.68286048406275E-05
7.2046763609025E-05
0.00012554522199694
0.000136227994640914
0.000139867488043874
7.45353870405938E-05
0.000108084574356656
9.19620272514757E-05
0.00016556547718651
0.000127238709829511
0.000148139406460499
0.000228581151981642
0.000266659959570692
0.000309760369954774
0.00030123650240498
0.000222390677276227
0.000284986766107934
0.000248506313227006
0.00018406135574715
0.000180755397405331
0.000160715100647154
0.000136087981116565
0.000150159461610729
0.000132532616461435
0.000144480196300785
0.00013080221303682
0.000146951346991184
0.000140364826752307
0.00017507195512565
0.00024165303740638
0.000240764513720018
0.000268868118482598
0.000280644042929044
0.000236940736460621
0.000242115673144106
0.000247089794824467
0.000176262800674011
0.000158471707250117
9.66246009285852E-05
0.000111192063195058
0.000127207975470424
9.48382454527443E-05
2.33227348926141E-05
2.45830217922451E-05
6.26338292839922E-05
0.000128309068171165
7.79303011433498E-05
0.000101176029210714
0.000116587939845998
0.000154960770012738
0.000170019666704424
0.000144920746472866
0.000119191983914963
4.56700226596225E-05
1.82438512830954E-05
-6.79395381908944E-06
2.2902661145634E-06
1.85954498706648E-05
-1.89124897771015E-05
2.41212582076511E-05
0.000109022906484218
0.000141955317653999
0.000160725709139629
0.00015227349677021
0.000129167450012178
9.90533912417914E-05
6.08752399139167E-05
8.3089043375311E-05
5.42458594605672E-05
6.30602305923064E-05
7.03466239105309E-05
3.32049652887468E-05
4.82914288485769E-05
2.37554744130183E-05
5.7589011765899E-05
4.9257284346994E-05
9.30660522201047E-05
0.000100672084778169
0.000119534944291631
0.000106569850955605
0.000104327642952616
4.74150024845907E-05
5.28378525813988E-05
4.68525518082434E-05
2.06916018684404E-05
3.51910688042273E-05
6.98372497344257E-05
8.77024564549585E-05
9.73738333099873E-05
5.2153319013951E-05
1.89476750483477E-05
3.03153189648107E-05
4.11630316609049E-05
1.26896348857288E-05
2.25966682929706E-05
3.55783615872767E-05
0.000127066680637757
9.27601341408157E-05
7.87974468825907E-05
0.000113300791375913
0.00020315509160392
0.000173117167560748
0.000111912784809705
7.09250561830304E-05
0.000162260260241602
0.000180084086452684
0.000128234959648986
6.40136687635878E-05
0.000102361828005666
0.000106297865051103
0.000117531790837825
8.86302896147451E-05
6.04770838497526E-05
4.50913458054596E-05
6.25959907670232E-05
3.38817002945573E-05
6.65020800304376E-05
7.57517297598196E-05
3.23514250272697E-05
5.9230288621454E-05
6.8445811293589E-05
7.69734687651589E-05
7.59151851381341E-05
9.28227321538023E-05
5.70624038702808E-05
6.6497866621088E-05
2.06095721255608E-05
7.44129121905262E-08
-1.94264808306018E-05
-2.8842974680734E-05
-2.82806978990637E-05
-5.25233220240375E-05
-0.000100933059148169
-9.22689838618237E-05
-7.62108184304276E-05
-0.000120458614897499
-0.000107729065613391
-0.000134105874118825
-6.84275453244416E-05
-1.61964950219729E-05
-1.03107079154631E-05
3.30008766317487E-05
4.40102314442639E-05
4.89723258015994E-05
-3.05477337067036E-05
-3.91210733121209E-05
-5.62437931399845E-05
-1.90595117844443E-05
-5.44546524404686E-05
-1.58166101937442E-05
-2.45472447618338E-05
7.82071122367797E-05
2.96363496388709E-05
-3.05103675796154E-05
-3.11749739022922E-05
3.36136226652856E-05
-1.82635421735219E-07
5.04190384608798E-05
3.40633253047525E-05
5.27893535914457E-05
0.000118005452027039
8.81983081235235E-05
-7.48997190043108E-06
5.27782037484111E-06
-5.06591138274345E-05
-2.84108580379179E-05
-1.5897882706315E-05
1.09159374474883E-05
3.6315700348177E-05
7.92002255207297E-05
6.08325601297949E-05
6.75657998854791E-05
5.53648113885316E-05
9.05070472799061E-05
6.28420881201978E-05
0.00011136827570837
0.000155412832403283
0.000156812567742596
0.000162460636247685
0.000165378220648832
0.000141704306320036
0.000112952622679232
7.94175247215754E-05
7.76093922304479E-05
8.74507556173039E-05
9.1206143387726E-05
7.70047311716659E-05
8.40456110755286E-05
0.000125619105779408
0.000112745947604057
7.09657311195599E-05
8.3461955683823E-05
8.08915356495189E-05
8.22380417371589E-05
2.93139727994323E-05
7.64498184920602E-06
-4.43944071412911E-05
-1.15123155385403E-05
2.26334477362648E-05
-1.73348972604419E-05
-1.68532946870252E-05
4.31327595471202E-05
1.16937921356443E-05
6.54675100328944E-05
2.10040582528609E-05
-3.36034009927291E-05
-3.5094073103555E-05
-8.96856637176032E-06
-4.33761243866144E-05
1.08780543375426E-05
-3.73297916105025E-06
9.48609454691634E-06
5.94646842408865E-05
6.6860988963471E-05
5.4366431545256E-05
7.18508937382755E-05
5.51047094193234E-05
3.65371166430317E-05
1.66894445912383E-05
3.4323740077051E-05
7.81605356052086E-05
6.32317561127281E-05
3.85294219585027E-05
2.80508125924799E-05
5.51958931023973E-05
2.95587132154432E-05
-3.36769393252637E-06
-1.54152030552773E-05
-5.36216274068393E-06
-1.11213900421415E-05
2.24959951213245E-06
-1.15485112341096E-05
2.82540956007892E-05
-1.26164360948729E-05
-4.71661907158613E-05
-4.46528222331589E-05
4.66476383304088E-06
-1.54435519093994E-05
-4.25787312224683E-05
-2.63591995467338E-05
1.46145024438221E-05
4.14818493739538E-05
7.18033556596034E-05
2.70508608284829E-05
-9.23729775271345E-06
5.90377002658792E-05
4.61425773298938E-07
3.47657880035282E-05
3.32229236152147E-05
3.43581795286329E-05
4.86920828457245E-05
0.000108586370606233
6.49629146087588E-05
0.000129014118213459
9.85360011387192E-05
0.000110091752688567
9.30359435209142E-05
9.6968164332626E-05
7.27816813445366E-05
9.90088007861293E-05
7.85127206917507E-05
3.35298611375024E-06
1.86903460511275E-05
-1.36135691619215E-05
-9.430911934826E-06
-1.60907502310172E-05
-1.50722419420901E-05
-1.68244101265811E-05
7.26361776844539E-05
8.03322254307171E-05
0.000112414106330246
9.41443082397873E-05
0.000124351623849262
0.000129414099902313
0.000110063421081221
6.46252311003758E-05
1.25712966744049E-05
-1.75819986043089E-05
-2.99912456254261E-05
-3.77417403836558E-05
-2.80179759416216E-05
-3.69160208360733E-05
-1.8488909338431E-05
2.02734003204331E-05
4.22914656585817E-05
3.11351399242819E-05
2.59020101537478E-05
2.62737352025411E-05
0.000111414785863228
7.03956233867131E-05
5.00224909182227E-05
4.44496312984741E-05
6.59718923229312E-05
0.000224415044787908
0.000182774323947663
9.76978571358917E-05
0.00018635094344556
0.000186144635289382
0.000254934288533533
0.000338559000648147
0.000162553058859153
0.000162418213948898
0.000188773184845932
0.000199279661047479
0.000144381247832516
0.000119132243541242
0.000102086171278555
0.000145601893507105
0.000160362792564987
0.000167707273241478
5.96960628715584E-05
0.000127361353179519
9.65171667335645E-05
5.95497002769848E-06
-1.0469953692214E-05
-4.06374346765601E-05
-4.8161745521598E-05
-1.42487945499583E-05
-6.34227570582471E-05
-4.64310721774562E-05
2.79565553792123E-05
-1.27277457172453E-05
-6.28913867684901E-05
-2.86489680308788E-05
5.43402660309226E-06
2.23716243686846E-05
-1.80573753437872E-05
-7.79771569810771E-05
-5.90112031966779E-06
4.27343749454682E-05
1.47586011912198E-07
-1.72194426222291E-05
1.42064137109537E-06
-1.24214719716247E-05
1.5464379289961E-05
-4.34602535398683E-05
-3.53356881125748E-05
-3.77407564831708E-05
-1.96705125998495E-05
-4.30002616550603E-05
-3.02781358851356E-05
-2.4748522653562E-05
-1.12804984279978E-05
1.42299419935065E-05
3.57011627586809E-05
3.04524764038737E-07
-3.65831104904683E-05
-6.61789912673943E-06
-8.04687148959663E-06
-3.8591810161723E-06
-1.82454748499741E-05
-1.7319250703136E-05
-1.00823202963741E-05
4.70577868504179E-05
3.86011536685739E-05
1.15740807353735E-05
4.14757550154814E-05
4.27239842182965E-05
3.95076385518585E-05
7.8576253470017E-05
6.66655106258938E-05
4.96490529347884E-05
5.4003186015202E-05
7.35306321258493E-05
6.04967631746802E-05
6.03030791893727E-05
6.23630761023343E-06
3.05513048278945E-05
5.094157455215E-05
7.53468664061472E-05
-5.02540107428777E-06
1.83261188947006E-05
-1.28405436815158E-05
4.70136281213073E-05
-1.75000473700572E-05
-8.63398615546158E-06
-4.48424581919989E-05
1.72025774650756E-05
1.06521975581832E-05
6.74947064975557E-05
6.44021527731193E-06
7.05352134017996E-05
5.94050108691057E-05
9.12488986174364E-05
5.71130328314658E-05
5.82136297689398E-05
4.0740068753884E-05
0.000116083851079909
0.000102077548711448
6.75626071361738E-05
4.30687246415447E-05
4.61220473419645E-05
5.32807251446298E-05
4.8677500968062E-05
1.59903267673864E-05
2.86934542938808E-05
1.33727530751726E-05
3.50017745672476E-05
1.46162856697468E-05
-7.13348829652137E-06
-3.09231495735625E-05
-6.61011812813394E-05
-0.000107136799213502
-8.40056208584577E-05
-9.68942795959179E-05
-8.40795302866419E-05
-4.15318509781043E-05
-4.18865862295676E-07
1.2397215279667E-05
7.42063735288616E-05
0.000122429582685148
9.45595198430227E-05
0.000105958264620065
8.73710065859992E-05
7.62633327533241E-05
0.000100190559584606
4.88521919704775E-05
3.92682069914076E-05
6.13512454948796E-05
7.95659971771764E-05
3.49680812765256E-05
4.20695898993316E-05
7.30082104346057E-05
0.000103946026061275
0.000111822666448731
7.92765783333197E-05
2.79897761038795E-05
2.15006294782154E-05
3.95803661614032E-06
-2.14705721112E-05
-1.40840232559305E-05
-8.92894604365014E-05
-4.05792189844088E-05
-8.77703402709952E-06
-3.4114878563546E-06
-2.22176458042585E-05
-4.16469509119139E-05
-5.54569476733994E-05
-2.03199801186531E-05
-3.39032523066218E-05
1.35028662427872E-05
5.56931788064421E-05
6.11860248469083E-05
6.50515147663752E-05
7.8537630831366E-05
8.23356933628716E-05
2.46554666348253E-05
1.42926291510548E-05
2.37285740469341E-06
9.82206761658087E-06
9.53292425766842E-06
2.38074151643956E-05
2.49611559392486E-05
9.89115039503687E-05
3.89441600379053E-05
1.31969134857451E-05
6.5773371232956E-06
5.94567981473998E-05
3.77979779233625E-05
4.26118096837398E-05
5.99257042720227E-05
6.21191789904888E-05
8.29103792225569E-05
9.75406710272699E-05
4.16103525164751E-05
6.11493570533638E-05
4.1924810672047E-05
1.98883092304126E-05
5.26947583818238E-05
6.2911291756411E-05
2.68725201438434E-05
4.00672679065918E-05
9.11597215423283E-06
-1.38890708987309E-05
1.14051949824518E-05
2.91452227503919E-05
5.01136672679907E-05
5.91480642802318E-05
5.69376974295926E-05
4.17531862548722E-05
6.75405873478452E-05
1.70639717294847E-05
-2.90718783557878E-05
-5.87087376992739E-05
-7.23182204113054E-05
-6.34167500837556E-05
-1.57457179621772E-05
-7.06715264053537E-07
6.88458000348091E-05
5.83316841409776E-05
7.99002347678717E-05
9.37072477825543E-05
6.20239631625877E-05
4.28630272895489E-05
5.50561256536539E-05
1.98168651462614E-05
4.39939750329455E-05
-6.91266296454577E-06
8.75254975097615E-06
4.76930122960359E-05
4.74469148424911E-05
4.88041774680116E-05
4.38255943545535E-05
5.76634323706088E-05
8.29577553628871E-05
5.5057620019494E-05
6.36721120798787E-05
5.72994087401193E-05
3.5931884118719E-05
3.67297661553134E-05
2.44757078268154E-06
1.53449684641711E-06
2.39968201842574E-05
-3.79076426873213E-05
-6.8507275934551E-06
-2.6581537734462E-05
-3.43596662084549E-05
-2.13376932445912E-05
-1.29239502377402E-05
-1.09825903048404E-05
5.62355629841866E-05
1.16348124378593E-05
5.72000320689669E-05
3.5746514030167E-05
7.38021369343765E-05
9.28011986697704E-05
7.74154517768257E-05
5.92260690761422E-05
9.49925930993331E-05
8.42524560889798E-05
8.57087580839866E-05
6.83605936951252E-05
7.57923318435968E-05
6.75924984208864E-05
9.26472987581649E-05
9.62987604683831E-05
0.000102115520943551
0.000145620840986741
0.000159073397138261
0.000183039154906474
0.000235221265737692
0.00018130433273173
0.000138612697872247
0.000117455967963364
0.000114452771400978
6.64770464820775E-05
2.37960639706556E-05
-7.0986663702685E-06
2.66215915484212E-05
6.16417425603958E-05
2.62006874237027E-05
1.69925875230719E-05
7.67123310014919E-05
0.000100616992103892
6.77555240356603E-05
3.29753858892851E-05
3.2051368712448E-05
0.000100116282677551
6.42437297909206E-05
2.61421875611554E-05
-2.15081604249581E-05
2.67592947697586E-05
2.04422824938143E-05
-1.38022093621734E-05
-5.00629183194164E-06
3.1166981783147E-05
6.05582762660579E-05
8.95160507816305E-05
4.36124170837036E-05
7.59973785686674E-05
8.35378460235512E-05
5.82923770336161E-05
4.9481107700323E-05
3.67139862912616E-05
1.80412030116478E-05
9.16305237947378E-05
8.48728210259247E-05
9.0320323056633E-05
7.06706461201468E-05
2.9470875621456E-05
4.3389402045334E-05
1.98432464768525E-05
-7.71904012361907E-07
-3.29857860988903E-05
-2.23234975009661E-05
-3.32508152222834E-05
1.91199846191935E-05
-3.51237487850819E-05
-4.35062102874148E-06
-1.92576986872452E-06
1.24591793872731E-05
-1.73992922690224E-05
1.38906100262349E-06
-1.74015824242992E-05
5.5399970084677E-06
-2.22410485673266E-05
-1.51950181422754E-06
-5.32999403423374E-06
1.78746782303602E-05
2.40580182422696E-05
2.98585710926624E-05
4.4335065371748E-05
8.1804589357658E-05
5.7424636452988E-05
7.43248782401413E-05
6.99433205907191E-05
4.29114099176516E-05
7.876667063545E-05
8.34727783073005E-05
6.52148220262714E-05
4.40786463657352E-05
1.37298234265784E-05
3.62499683716928E-05
4.91396506369343E-05
2.66683431924681E-05
7.34075142644347E-08
6.1091408816623E-06
-8.55116469468721E-06
-2.18442917838585E-05
-1.05665751994606E-05
-1.11391654986103E-05
-5.85056505258352E-05
-3.5384629098429E-05
-1.49988850943165E-05
-2.02690275074995E-05
2.71614472027534E-06
-1.39010825349789E-05
-1.40627828147563E-05
1.46350078801798E-05
3.26464612083134E-06
-3.8172291994411E-05
5.10820087848583E-07
2.58857186971178E-05
4.15538287160113E-05
2.03815367171355E-05
3.83287458166095E-05
4.81719734281503E-05
8.00286742931535E-05
1.7015456360704E-05
1.39296251861469E-05
1.44645647875391E-05
2.58070678073876E-06
-1.73330724068625E-05
-1.47521289988323E-05
-5.48279393140846E-06
6.76247315490544E-05
5.30189268351132E-05
2.26614193229238E-05
8.95482927209483E-05
9.69380524040665E-05
7.68687163441659E-05
3.62665192939738E-05
2.5177278134114E-05
6.19254743338199E-05
3.16545567863252E-05
-1.98279664391352E-06
-2.06963470067112E-05
-3.41926471008924E-05
-4.79852069098043E-06
2.03977993728203E-05
-4.25953171330819E-05
-9.28801154464529E-06
1.75937382723098E-05
-1.4010576824055E-06
-3.94832259915919E-07
-3.33587547498019E-06
-2.62086886578782E-05
3.66695133242193E-06
6.92746726060962E-06
-2.29314721279583E-05
-6.04152574484932E-06
1.38532358403629E-05
1.15263865375686E-05
6.69699286380028E-06
1.30842059528953E-05
1.52235386721055E-05
6.05152262411016E-05
6.82149379634187E-05
4.95827681259627E-05
2.29704773119678E-05
7.28732537970838E-06
8.12452168387029E-06
-2.3789473353773E-05
-5.19251420285631E-05
-8.5084833155095E-05
-7.4564498722069E-05
-5.40753154526376E-05
-6.32471027746649E-05
-7.02263032424298E-05
-4.83277801346232E-05
-6.61777452963785E-05
-3.2400073343095E-05
-6.55045412997526E-06
-5.43940351803668E-06
-3.54618751831927E-05
-2.7872713017881E-05
2.8762359247744E-05
3.89676011923271E-06
3.40789379565278E-05
-9.39092575391152E-06
-4.95682577267277E-05
1.7244705020449E-05
1.64301626935335E-05
-2.38947180691777E-05
1.23743325605442E-05
2.08326945209382E-05
6.73116732740729E-05
0.00014056969248463
0.000148653469349164
0.000133735573324216
0.000109455736124463
0.000113602953662995
9.46687062818675E-05
5.30282115876832E-05
4.41227443002158E-05
4.34372709842899E-05
3.80504189912404E-05
4.91097201025552E-05
2.63036069674788E-05
1.35775335996286E-05
3.52867405697527E-05
2.01138074094753E-05
-6.96173532145879E-06
-9.15994231753926E-06
-1.5769036198686E-06
1.22853562459405E-05
9.47900097122177E-06
2.56815220980709E-06
-2.08148619370819E-06
-2.50786126144464E-05
-1.09897088886701E-05
-3.15137708196262E-05
-3.85278944321833E-05
-2.58826587402873E-05
-4.89425797488711E-05
-4.26714215014402E-05
-4.57655513839743E-05
-6.38213181061899E-05
-5.12591803929912E-05
-4.96965212463041E-05
-2.6289116150348E-05
-1.22360171525116E-05
-3.23925246934698E-05
8.95392465905595E-06
5.22337491070759E-05
4.94128038033724E-05
4.6642785807601E-05
4.96555585580679E-05
9.11199948383306E-05
0.000102665865338101
0.000106013467083907
5.5297873459433E-05
9.24918023874688E-05
0.00011366381740233
9.63869733409984E-05
6.64294725732838E-05
8.58343645404348E-05
4.70659644440759E-05
4.87071812901344E-05
4.38688263391107E-05
1.33887717805956E-05
-1.10726033617958E-05
-6.06422449912088E-06
-1.67939158598412E-05
1.7378419436249E-07
-1.664591113685E-06
-5.45534476853286E-05
-2.45449147020606E-05
-3.21131213711552E-05
-3.15206359956395E-05
-4.32987208283925E-05
-3.81179767503419E-05
-5.49676395775751E-06
-1.13176427260007E-05
-2.29055238618934E-05
-9.14096823832494E-06
-1.84795786855529E-05
-2.16828318309752E-05
-2.12433581049156E-05
-6.01837942620223E-05
7.26211132634543E-05
7.42377012947833E-05
9.74091988901964E-05
0.000103079495864953
0.000131660564664316
0.000136394710784322
0.000172946268747327
8.37921104477065E-05
0.000125344659432442
9.00261038537195E-05
9.16260502203097E-05
4.61825945094876E-05
1.82717228124062E-05
3.82024926968338E-05
1.48148286476291E-05
-5.71569866345949E-05
-3.52800185863214E-05
-3.75058373484978E-05
-3.36239902722654E-05
-2.53440559311342E-05
-6.84340772947976E-05
-7.3687449249335E-05
-2.36473827707497E-05
-2.4441641209274E-05
-2.53736194545922E-05
7.20071825600135E-06
6.08393623464824E-05
9.45842234066146E-05
0.000116685407398586
8.37143354479501E-05
6.39373100026853E-05
4.9337520670457E-05
3.67148619555538E-05
9.62775019522811E-06
-4.23671710757637E-05
-4.96000145227734E-05
-7.07382668479031E-06
3.97667086070815E-05
5.41779507804681E-05
4.82406993038443E-05
4.16305950104569E-05
6.6317084362924E-05
4.2534626733014E-05
-3.35788670559538E-05
-5.27736154410316E-05
-8.7900604085452E-05
-9.27111528405332E-05
-6.90530369513619E-05
3.351163022807E-06
4.20856489330851E-05
9.43716603396628E-05
4.92601535910474E-05
7.74886530813264E-05
7.77112439575949E-05
8.59789074196951E-05
4.24791907399259E-06
8.80206402169705E-05
6.87664707788117E-05
9.1708785129388E-05
8.06195414018465E-05
8.55685099940611E-05
0.000101575140197308
0.000120082974364824
-3.20966117842883E-05
-1.0562257633332E-05
4.77566433163531E-05
6.24013188755214E-05
6.40755989135775E-05
-3.64786340403312E-07
-4.6704983007901E-05
3.19175679492441E-05
3.43935617427546E-05
4.96321763842475E-06
-1.79144535907484E-05
1.07744131114355E-05
2.53686784098253E-05
6.79326242318238E-05
3.96950288589871E-05
3.10261707949124E-05
1.10324489373427E-05
8.62968943956506E-06
-2.36388351402018E-06
2.66973771623077E-05
2.2071465900113E-05
5.87213522123223E-05
8.41872139866464E-05
0.000123587091415558
0.000164150868497517
0.000178920464142099
0.000113536245234976
9.42640277530065E-05
1.74426928908319E-05
-6.03220735126482E-05
-7.8483810799442E-05
-3.34295436012097E-05
-6.30748991840807E-05
-3.50494937113606E-05
-9.89790177647225E-06
6.74836809598117E-05
0.000122178770929037
0.000109475086154702
4.57756543211951E-05
3.14423522481936E-05
2.96904974508675E-05
3.97992250997323E-05
2.94027961250012E-05
2.30256186782304E-05
1.04360849457864E-05
3.21272070439196E-05
2.28572716696372E-05
2.11630374382164E-05
8.61646299379287E-05
9.48641813576848E-05
0.000124846309726201
0.000157298088085891
0.000122086976837203
0.000159035210440924
0.000190082899055114
6.96715387256988E-05
5.16603220077692E-05
8.06252652836067E-05
3.63138400687221E-05
8.88706201104031E-05
9.84660836493496E-05
8.47082304148035E-05
0.000131807706390833
9.02012710481812E-05
3.90386802933642E-05
7.33271320472611E-05
3.44147533127393E-05
6.17950962484178E-05
4.35345550712245E-05
4.96214443350813E-05
4.79360143583061E-05
5.08241120606905E-05
5.00890389165886E-05
9.72213683785373E-05
6.60307265046378E-05
4.51723611503563E-05
1.48274442997343E-05
3.39879930673014E-05
4.45751990328748E-05
1.35904146559503E-05
-3.20431473319959E-05
-2.73499129414476E-05
4.22973446113231E-05
3.3167089268731E-05
3.27193586181095E-05
3.61230921373062E-05
4.48384371582401E-05
6.47449419704877E-07
-2.58100506543054E-05
-2.11327020361724E-05
3.50048240452152E-05
4.19787668318983E-05
5.41323944749896E-05
6.28040500504974E-05
0.00010607453198288
0.000128398099102429
4.34686620456018E-05
1.36386655728747E-05
-1.12697705840335E-05
-4.49245527918431E-05
-4.52086434372114E-05
-5.20502863240472E-05
-7.23994357444814E-05
-8.19638283508542E-05
-9.63856893918022E-05
-3.66608714790894E-05
-4.92539330836861E-05
-5.60777034715535E-05
-2.71120030649073E-05
-2.69674696607704E-05
2.91949749839554E-05
6.66412106300572E-05
1.59863951255196E-05
2.90425047721889E-05
2.19602573678848E-05
-1.47304386336709E-05
-1.45005276074049E-05
2.29963392260129E-05
1.46549626969781E-05
2.65987293601727E-05
-1.81258531390545E-06
5.66685208475052E-08
-2.52504207219565E-05
-3.28945803031781E-06
-5.20718659050093E-05
-5.83480255999221E-05
-9.38361818765985E-05
-7.65756264772139E-05
-6.5404549242656E-05
-3.50604803913421E-05
-7.3917124051559E-05
-4.52830162860759E-05
-2.29191433519539E-05
2.0645382335692E-05
4.28352799098959E-06
2.68998800182482E-05
-1.28595187791838E-05
-3.0684894644699E-06
-1.42041318626509E-05
-3.87973300871107E-05
-5.20384825085483E-05
-4.99591837470352E-05
-9.31172895355337E-05
-3.27968117991294E-05
1.16093063867316E-05
2.2303429738351E-05
4.38194686576709E-05
1.86907983220429E-05
5.57663369728879E-05
8.70476588817906E-05
7.36055710819507E-05
3.13259217280521E-05
1.77108461832194E-05
-1.57701847466728E-05
1.26971812109745E-05
1.35017747023195E-05
1.67506985516787E-05
-2.3110652932143E-05
-4.41640265922335E-06
1.84354565330381E-06
2.13743731282686E-05
-1.63447428686243E-06
6.4194972300113E-06
4.96007090500946E-06
5.42692071213011E-05
6.49888064922273E-05
3.95817288949267E-05
-1.73060032311467E-05
5.07810070327269E-05
6.74995517841218E-05
2.95088357752E-05
-5.65540520778302E-06
-7.08967103610969E-07
-2.49118994927082E-05
3.79324249927498E-05
1.50706070257618E-05
-3.05258377930691E-05
-3.86209569545909E-05
-2.25771553558902E-05
-4.75834113202253E-05
-7.75119039510884E-06
1.75448724547024E-05
-2.18857983715812E-05
5.00251091807692E-06
3.9224572682196E-05
7.43957725249778E-05
9.57571875681697E-05
5.35949594513227E-05
5.32980491927271E-06
5.1407797274542E-05
4.08185714934853E-05
2.55923816244566E-05
2.2908306120288E-05
1.34081923354105E-05
4.85309987756693E-05
3.50944173250233E-05
-2.62167537158176E-05
1.72547538441651E-05
-1.94928921300033E-06
-5.14952011026987E-05
-4.68561046063378E-05
-2.41468329839057E-05
-1.87312846790648E-05
1.53144763710134E-05
-1.57561828952733E-05
2.35224390761077E-05
5.1252189096481E-05
1.98244100729081E-05
-4.04759113470107E-05
-2.07197023303492E-05
3.08990346296512E-05
-1.3551889968892E-05
7.6351404872457E-06
4.11023223236895E-05
8.35309722893227E-05
0.000147404274318862
0.000142694627742488
9.65258461613753E-05
8.35363032000503E-05
1.7892599621996E-05
2.03733788013057E-05
2.11114013023909E-05
1.11334547331662E-05
3.52630206397173E-05
8.37110928114305E-06
4.99690305962473E-05
6.19112675531959E-05
0.000122117004060199
8.50046414235479E-05
7.33580138657552E-05
2.85879125771119E-05
3.070720208986E-05
5.14641112768484E-05
5.34280338398672E-05
-1.44602902895843E-05
-1.66841909944875E-05
-2.11749131212468E-05
-6.08463702502503E-06
9.38362559023098E-06
-1.68317955730823E-05
-8.04994806882894E-06
-1.9349795623733E-05
-1.14275993431285E-05
-1.41803120541586E-05
-2.19386766948021E-05
8.30325185131262E-07
-1.90701858202406E-05
-3.11444751453004E-05
-8.48439427319756E-06
7.98112335686504E-06
-7.80180611014882E-06
4.6563209418461E-05
2.77472884677174E-05
7.41704616723172E-05
9.73234252842132E-05
5.42870996408657E-05
1.01395914616149E-05
2.36725182663667E-05
5.09339235473473E-06
-1.08164019947743E-05
-4.76510447337765E-05
-5.13309199722028E-05
-2.73065495892199E-05
6.02385091463376E-06
1.90745091917856E-05
6.25974165117518E-06
7.96596179913175E-06
3.16534610018217E-05
5.64224242867905E-05
4.01488841014832E-05
4.52438547636729E-05
5.88796616211784E-05
6.54895061767899E-05
4.22124529732456E-05
-3.69825965662654E-05
-3.00253434587744E-05
-8.72001780654046E-06
-7.33897664545708E-07
-5.1974920613668E-05
-5.40580974247385E-05
-6.21356661170975E-06
6.11233755930178E-05
2.44180722022132E-05
2.18055888107739E-05
-3.13350286899712E-05
3.69740765247077E-05
7.38238945388615E-06
-3.49057237885231E-05
-5.76238011322301E-05
-3.34222008499642E-06
2.35109112641198E-06
-1.24358552609358E-07
-1.30740717032019E-05
-2.06395440565314E-06
2.3274849039494E-05
3.50254832976065E-05
-5.28591263303964E-05
-6.44889366570021E-05
-3.75436588683466E-05
-5.74749325863476E-05
1.17503178957919E-05
-7.29851015211855E-06
-3.08789276319469E-05
7.36058192689085E-06
1.306167332205E-05
2.24149106236425E-05
-5.38846093655684E-06
-5.57363949062286E-05
-6.04813563478865E-05
-2.04492125907813E-05
-4.28219648623301E-05
-5.96605125484793E-05
-3.57015980251505E-05
-2.90619095301481E-05
-4.38899519989001E-05
-1.14531272111302E-05
-3.20255391272444E-05
1.19672925881884E-05
2.91459623842401E-06
-4.21284332071856E-05
-2.1417396836164E-05
-1.99100863181767E-05
-1.21054090168455E-05
-4.59276656063509E-06
3.03787574669489E-05
4.64639358967568E-05
5.54322584006304E-05
3.4092972343199E-05
7.89427381344921E-05
6.73930329654478E-05
6.11842457935248E-05
-1.0561979042303E-05
-2.20593147137259E-05
-4.94031401883823E-06
2.31600257058814E-05
5.21990655888886E-07
-4.41713351927021E-05
-2.0457632507575E-05
-5.07618899960424E-05
-6.25214027969285E-05
-4.05312499985153E-05
-5.1517471962591E-05
-8.31698563627868E-05
-3.52689535598617E-05
-1.76834490928874E-05
1.67748377936657E-05
9.78119251561128E-08
-4.92069011923799E-05
-8.5456502453944E-05
-6.6574709274339E-05
-5.67026690520077E-05
-6.64945058576136E-05
-5.82050372918951E-05
-9.1266649996793E-06
3.49250805600708E-05
3.59408642624026E-05
6.52975433845802E-05
6.24355769165263E-05
2.70771937510718E-05
3.72947902358862E-05
2.71803561592458E-05
4.06608799377483E-05
4.40245543905639E-05
2.60340515380531E-05
2.18956392316392E-05
2.07675727607529E-05
5.20645676521501E-05
6.46764452272294E-05
1.98428374545802E-05
2.01674584505055E-05
-3.57822406909574E-06
3.24782984398897E-06
1.76700573943284E-05
-1.73594972841755E-05
-1.75305823699374E-05
-2.66458009157584E-05
1.08352101250523E-05
-1.303973566948E-05
-1.90011625365087E-05
-3.52591532418033E-06
8.4022995383759E-06
-2.75989210167799E-06
2.93912193071021E-05
2.47259165636406E-05
6.47081320915326E-05
5.32615580004048E-05
3.74575880967975E-05
9.76420215465862E-06
4.02321260589003E-05
1.67288637440679E-05
6.44063616133089E-06
6.41418515698049E-06
3.15110722562646E-05
6.46318525770285E-05
7.4131971292834E-05
2.4167626727735E-05
3.59751725300602E-05
4.6460847819848E-05
2.81029160582223E-05
2.8904297801537E-05
-3.99005100366368E-05
-1.74742573816458E-05
9.07337703605275E-06
2.27188390623224E-05
3.46015607655858E-05
3.16887852135957E-05
4.11857986069717E-05
4.256983723563E-05
4.33384198999793E-05
3.39593482136944E-05
6.5519047007178E-06
-6.07221304197959E-06
5.37175592643622E-06
-1.91725021974935E-06
8.45605801300672E-06
-6.84801089611175E-05
-4.76568599908548E-05
-7.42393390975612E-05
-5.89325556460893E-05
-5.77468596668689E-05
-8.58195824851891E-05
-6.50315105592238E-05
-2.38249724786738E-05
-2.74158781258902E-05
1.69461011831349E-05
3.12019394709508E-05
-2.67738273248987E-05
-2.92696004289907E-05
-2.63538263573793E-05
2.2126825803099E-06
-1.57162451510929E-05
-3.9238075991492E-05
-6.75960681866407E-05
1.17788472409276E-06
3.2832339127283E-05
3.49955166104218E-05
5.65995461800959E-06
-1.41753191167127E-05
1.35358510305151E-05
1.43566542509275E-05
-5.10957898288868E-05
-6.23421984174038E-05
-6.72673929611797E-05
-5.06495998672424E-05
-2.12336360580334E-05
-4.72079949836146E-06
-6.68967214135999E-05
1.94015827788741E-05
6.90078334143059E-06
-6.86998056700441E-06
1.10329001369114E-05
-5.37230188044413E-06
-3.70185668503076E-05
1.20495120958344E-05
-3.19223320068158E-05
-2.33090849338861E-05
1.29106511062226E-06
4.95046367417942E-06
7.9198018680565E-05
5.01531204360961E-05
5.38333208879455E-05
6.64752492389418E-05
5.32029176794405E-05
3.25636706104856E-05
1.15439389532056E-05
-6.1394912810445E-05
-1.83730487716055E-05
-4.62845118209519E-05
-3.9396937544838E-05
-3.08959524873229E-05
-3.16795289073538E-05
-2.04719828604086E-05
2.66347944844043E-05
2.51310030868203E-05
2.14972171024784E-05
2.55195886001886E-05
4.29220687374884E-06
1.95543582220811E-05
-1.18538422919765E-05
-7.50646712616222E-05
-7.72761273268904E-05
-6.74265335727881E-05
-0.000108104638081547
-0.000119063987078318
-0.000135308030645288
-4.74425343720494E-05
-3.28933833723488E-05
-4.25997059730998E-05
-7.87737269052809E-05
-6.86822926747538E-05
-4.54092785664887E-05
-5.60803435538145E-05
-7.83988613080098E-05
-9.2700926385516E-05
-9.22485014444314E-05
-2.36411583796819E-05
2.98462545262663E-05
-4.16151763155896E-05
-3.49800582792756E-05
-5.26334839414961E-05
-4.29568072771472E-05
-6.03481533854882E-06
1.10850641727986E-05
-2.70305899686848E-05
3.00448925922008E-05
1.66249318506729E-06
-3.4005097146096E-05
-5.34156768391882E-05
-0.000110086887801703
-0.000136038072374942
-0.000149541516369661
-0.000163238188287559
-0.000118855918967125
-0.000106878033799183
-0.000107466136392947
-8.57687930534781E-05
-9.11936454661582E-05
-8.23750012696764E-05
-2.7081439280487E-05
-2.45047312464651E-05
-4.17180216369796E-05
-5.33825520010748E-05
-8.3844554379052E-05
-0.00010051740652213
-9.46106308723294E-05
-0.000108059521036456
-0.000106771075451802
-7.14586518498713E-05
-4.04248137961405E-05
-2.52336383088614E-05
1.10055732119571E-05
2.24057570157711E-05
-2.82083104566181E-05
-2.85724804672491E-05
-4.61572662813688E-05
-2.962321974478E-05
-3.36247094801149E-05
-4.98951687172178E-05
-7.64095459978517E-05
-9.95237628888862E-05
-9.51669915319405E-05
-9.26473847788632E-05
-0.000111489070013553
-7.39336094915526E-05
-3.86855225602393E-05
-4.86225499428942E-05
4.69935095107421E-05
4.72806514594481E-05
1.99598595554088E-05
6.00980318754946E-05
6.06542963200659E-05
4.1602899265889E-07
3.34104962221258E-05
-2.57740549615944E-06
-6.73733496631177E-05
-3.78327439428931E-05
-6.31109939438929E-05
-0.000127793823622263
-9.59061889332688E-05
-0.000101092702098091
-0.000101154475987535
-8.53081325652264E-05
-5.26956613143106E-05
-6.13835756607177E-05
-3.53234961810604E-06
4.9646424933672E-06
9.02685533800223E-06
-4.44621830777736E-05
2.09212549006438E-05
1.69548323954645E-05
-8.57325721460878E-06
-6.45117362779778E-06
-1.6870852661627E-05
-3.16505434646257E-05
3.71827939709519E-05
3.83294904875908E-05
-3.51240507792866E-05
-4.02626773013302E-06
-1.10726367242417E-05
-1.42307639677986E-05
-2.3152811979184E-06
4.23935041239276E-06
-1.84806222102264E-05
-4.89344372967486E-05
-3.45383594845746E-05
-1.99904986110091E-05
-5.96472320973664E-05
-4.07095536478775E-05
-5.47189531225843E-05
-7.27609673465515E-05
3.814025962954E-06
1.2778672103198E-05
-3.51676787914566E-05
-3.65162117092422E-05
-1.89863306678047E-05
1.24913776718919E-05
3.8574486408662E-06
5.0185394445034E-06
-3.28466529392966E-05
-3.12629896248884E-06
6.7268646395354E-05
2.53739379665686E-05
6.89488176922113E-07
2.23786538980892E-05
-1.36582629569313E-05
1.88630739431828E-05
2.23820709238953E-05
8.96307266880947E-06
2.15862015985512E-05
-1.41247344802944E-05
7.1000780778957E-06
3.48863165797316E-05
-5.17382225947717E-07
-2.67989969722793E-05
-2.97807151244E-05
-2.55996317692777E-05
1.85118998661319E-05
-1.11717990880073E-05
8.4760993593727E-06
1.58701097176575E-05
5.18942060540868E-05
7.02208632884078E-05
8.72650999072718E-05
6.33356982375635E-05
1.2823189166143E-05
-1.88904377510791E-06
-8.00872373424121E-06
-1.11809081192426E-05
-6.5623351260129E-05
-0.00011326875330757
-0.000127883156888712
-3.70636111995917E-05
-9.28836139300876E-05
-3.84191218164931E-05
-3.65742205860108E-05
-4.68600260665481E-06
-2.52361490987402E-05
1.75927534407657E-05
-1.85094377414363E-05
8.8347553950284E-06
-1.31300052217491E-05
-5.28249651527372E-05
-5.86494127443451E-05
-3.85926982441271E-05
-5.40004649230278E-05
-3.98254927199127E-05
1.54576451631245E-05
-2.94847616187081E-05
2.49037332679762E-06
-5.16186677936958E-05
-1.67069492715976E-05
-3.15887313364592E-05
-4.92455309859148E-05
-6.18055922194557E-05
-4.58170411087694E-05
7.87144257843691E-06
7.10511065076856E-05
9.26304800815875E-05
0.000108987973381651
0.000113920439285621
7.36871507428599E-05
8.26341550705189E-05
4.66838340555957E-05
1.11191194324175E-05
-9.99036286949327E-06
-1.6578344528793E-05
1.66211285336477E-05
2.86725818753455E-05
5.7230425208804E-05
-1.36446101191042E-05
5.89179467040136E-06
1.32423942355102E-05
4.01962987432473E-05
1.37006566844895E-05
-8.08675482306656E-06
-2.08304233729157E-05
6.2199974289288E-05
8.32582958289525E-05
5.86275403150367E-05
4.48491264247249E-05
5.77944302635468E-05
5.05730773882972E-05
6.45638003899588E-05
4.37068461724672E-05
3.91294404407568E-05
2.19662683474142E-05
1.91619565663429E-05
4.29069651748192E-05
6.80752781687991E-05
5.05152245820478E-05
1.86083539452355E-05
2.87013933303923E-05
6.95165578471226E-05
3.8686594706145E-05
2.02570838782459E-05
4.63525768588773E-05
2.53669844582802E-05
4.14668477964448E-05
-9.90217436715969E-06
-3.65392112929476E-05
2.3815461267757E-05
1.89803164693814E-05
3.61895958903108E-05
5.50478492705658E-05
7.30500995648255E-05
0.000104832410415314
0.000101316663763974
5.823745934856E-05
5.79903104350332E-05
5.66490433990949E-07
-1.15794225385557E-05
-1.0387163593567E-05
-3.49325164242889E-05
-5.21090887706821E-05
-4.35695036280491E-05
-6.49093915318992E-05
-1.83362369321827E-05
1.60296348278958E-05
1.96083271722555E-06
3.83804617662885E-05
4.10384756445663E-05
8.40719334105465E-05
0.000121845303986187
0.000110433941531105
8.12842893983793E-05
9.55353842877501E-05
8.24330306722293E-05
0.00010306116426125
3.29602067584289E-05
-3.17193105022919E-05
-8.86052244791745E-06
-4.89444353027175E-06
-2.82050670594265E-06
-1.97408595462907E-05
-7.3864822543389E-05
-2.82666849721834E-05
1.30640033116768E-05
-5.54629003063135E-05
-5.31376312943535E-05
-9.62675097123903E-05
-5.06313599085471E-05
-6.05225999842051E-06
-3.64313897371823E-05
-2.69610817422781E-05
9.83067276676316E-07
4.34571815886213E-06
1.00937802328522E-05
-2.7702055629459E-06
1.91018423705843E-06
3.00495293933004E-05
1.80391843470706E-05
-1.7059572867712E-06
-5.49463406126095E-05
-4.41136824600694E-05
-7.42258347008127E-05
-2.99526050965939E-05
-5.38330266225116E-05
-3.25772736969406E-05
-6.25226853799124E-05
-3.14699977456198E-05
-5.03783477413973E-06
2.53827026728915E-05
-6.8057982281543E-06
2.71171763213078E-06
1.42420956013417E-05
2.62563691524652E-05
9.64787720188451E-06
9.44732032735153E-06
-5.12727445918846E-05
-9.56419703571178E-05
-0.000106475116223411
-0.000128448908629157
-9.81136135119318E-05
-5.94591879121792E-05
-8.14352401803307E-05
-4.29141392658818E-05
3.94721902766789E-05
2.75045536775228E-05
3.8024847440972E-05
4.91620506243099E-05
5.27784165872003E-05
5.90320825553554E-05
5.36905781298251E-05
1.60271217796491E-05
-1.20071019629756E-05
-3.42854526208423E-05
-1.77818517797368E-05
-6.23223209573968E-06
-6.57485459918172E-06
-1.66215504388048E-05
-5.07010950411027E-05
2.32163660458582E-06
1.46963296148041E-05
2.65559927271319E-05
1.6333655485469E-05
1.92947202158117E-06
4.51233836752807E-05
9.63018802852537E-05
8.94143911971195E-05
8.65526361284866E-05
1.94530207470591E-05
4.42170264595336E-05
6.91104596778651E-05
5.33678358243594E-05
7.26385436062291E-06
-2.29096780333163E-05
4.59984820017644E-05
0.000130229302724243
7.02823407236604E-05
2.64845914313986E-05
1.21033099995986E-05
8.86223134622499E-05
0.000116045476126825
2.09036698620474E-06
-4.24233077821781E-05
-4.30704544022459E-05
-2.03551864747832E-05
-2.30351154038617E-06
-4.53341594808205E-05
-5.04004442501604E-05
-2.04579485381676E-05
-9.51969071013888E-06
9.58211602771473E-06
2.08428737923497E-05
-1.00115102300152E-05
-7.74755525053691E-07
3.21117838985201E-06
4.82059556330919E-05
4.8040844364112E-05
6.88595594062631E-05
3.44128488078312E-05
6.48175547717641E-05
8.5743109869196E-05
7.76149530801242E-05
6.00722862530772E-05
1.078337350459E-05
-3.37104016089648E-05
4.09548696768144E-06
-3.96555083487802E-05
-5.38704178630133E-05
-7.60896998804974E-06
-5.00618106172353E-05
3.38822960990331E-05
4.92913091689138E-05
2.96155766269933E-05
1.42215846996031E-05
-2.6075897612224E-05
-0.000113485718149665
-9.12087783826661E-06
-9.16798658822981E-05
-0.000100769831178602
-0.000100701433640541
-5.59902486089425E-05
-1.08107194444789E-05
2.7563439684054E-05
-7.50481657797925E-05
-5.2429559437118E-05
-4.45444743953458E-05
-3.18134884273904E-05
-5.81252583956722E-05
-6.26858660999917E-05
-7.03538717813487E-05
-2.13765296652049E-05
-2.94004881448792E-06
2.01716851867731E-05
3.15080678518705E-05
6.11632805393562E-05
2.96761389007575E-05
5.1185827003699E-05
-1.21316070621382E-05
1.87756038638074E-05
3.75443354324215E-05
-1.27844290487964E-05
-4.33898030927924E-05
-3.71107637175694E-05
-6.04340033328056E-05
-4.44608291286772E-05
-5.43213606029761E-05
-8.68275882726951E-05
-7.07523161759291E-05
-4.91151420626604E-06
-2.14877156998468E-06
5.54086597692431E-05
0.000106064606930701
8.96568358121366E-05
6.28613211350167E-05
5.47130092937017E-05
5.1527251690605E-05
5.20717295165027E-05
4.36276044785686E-05
-1.22185793137647E-05
-3.92001649084055E-05
7.10011948865855E-06
4.44240965113976E-05
3.26575903259654E-05
1.35224741960549E-05
-7.43771598772248E-06
-3.60902587600433E-07
7.75378414114534E-05
6.01048678329586E-05
4.00496395340738E-05
1.68860290028594E-05
1.52912986071445E-05
4.8279676667818E-05
8.24226537846694E-05
-9.68080921771771E-06
-2.27104102809028E-05
-5.7235018987009E-05
-8.36112689064232E-06
-1.53488933142595E-05
-3.07978968760739E-05
-6.83867761956453E-05
-1.72048323773935E-05
-6.69308941655423E-06
2.18967106200733E-05
-3.7036553069005E-05
-1.66613629517253E-05
-3.53885065149421E-05
2.02657385648794E-05
-1.65890392067192E-05
-1.91621541152783E-05
1.81063192472318E-05
1.84969799684675E-06
-4.97305951137974E-06
-2.65421483050185E-05
-2.83758129081708E-05
-9.87113502700733E-06
7.29061988619628E-06
1.74006413485106E-05
2.68341771441805E-05
-4.77591457458418E-06
8.99341282105508E-06
-2.7991981062599E-06
5.07795295034222E-05
4.60264286094984E-05
5.92550705818051E-06
-1.43608146146829E-05
5.80444900122809E-05
9.40090458095655E-05
7.14154617806059E-05
2.99015210569206E-05
-2.22355863796147E-06
2.74846843948733E-05
7.42844594237604E-05
4.83443956495387E-05
2.07785742203898E-05
-8.4856618220574E-07
-5.45070183924135E-06
3.07242801373384E-05
1.35765699370513E-05
3.05107055874032E-05
2.95139737030908E-05
1.52984580507222E-05
3.59606155315958E-07
1.32417796466804E-06
2.64755773879655E-05
-7.34780317907588E-06
-1.98266293018489E-05
-9.67750895971386E-06
1.1375701959862E-05
6.70134703520793E-05
1.7800778181635E-05
-1.72701447985295E-05
8.64526345868266E-06
8.46793887913944E-06
-2.92417752533472E-05
2.37386329013715E-05
3.07751170054487E-05
5.87144597829116E-05
4.07974650629504E-05
3.32539963203163E-05
1.65220182240723E-05
5.79165777992132E-05
1.86295060186926E-05
-1.20084124668938E-05
2.32190193775968E-05
1.81180977354647E-05
2.34312435066348E-05
-2.79975997900141E-06
-3.65762556889467E-05
-6.4023093333534E-05
4.0760002407796E-06
-8.10164427228184E-06
1.07969981512918E-05
3.58798148179706E-05
8.37877541159192E-05
7.23514555659727E-05
9.17864289064497E-05
2.49171733189457E-05
2.00570389767337E-05
5.96549399819224E-05
9.95006717064833E-06
-4.45868862773129E-06
5.19277392685987E-05
4.82405449172924E-05
4.41705745799586E-05
6.73129736772536E-05
2.8885818894241E-05
5.24397941502851E-05
4.22242396101844E-05
3.28920613003171E-05
3.4599148781816E-05
4.70347099401303E-05
3.31406402149735E-05
3.09611978320098E-05
1.95833539567112E-05
-1.00986175957014E-05
-9.31780370011262E-06
1.09712832356422E-05
3.30037568923097E-05
-6.48909143825102E-06
2.24650362305992E-06
7.53777494752398E-07
-2.01815520709676E-06
-2.92487588781694E-05
-9.12090159073285E-05
-0.000116896213407863
-5.33447723989288E-05
-2.63934803796568E-05
-2.8755985660031E-05
-3.0895335199836E-05
-2.54933278596576E-05
-1.37574429706751E-05
1.5546305490709E-05
-1.18662597131336E-05
-4.71494508873647E-05
-4.62093634969304E-05
-3.49951047305887E-06
4.20337809216712E-06
2.55438145266782E-05
-2.14202278414663E-05
-2.13379095968019E-06
3.61967658499636E-06
3.0810986151642E-05
5.76724356347864E-05
4.14021310982358E-05
6.98167569230847E-05
9.14076573414335E-05
2.09198661578022E-05
3.62406311440418E-05
4.02800520461989E-05
2.70529921395507E-05
1.09909233078447E-05
-5.98753726847596E-05
-9.74082594543291E-05
-7.64236249848546E-05
-0.000111006918351787
-0.00011116476644856
-0.000103183198845447
-0.000110023425031077
-7.01663347853363E-05
-4.24675394317032E-05
1.34179259057422E-05
4.55302618383829E-05
2.69546408083972E-05
8.60174254408668E-06
3.6259524125172E-05
5.05173704275306E-05
5.65347735271343E-05
2.61114176828877E-05
4.89923541322386E-05
4.46159195479467E-05
3.28580914880753E-05
8.68613558426573E-06
2.00218459728739E-06
2.84278515350797E-05
4.81768591155353E-05
2.12702410596796E-05
5.9185781856354E-06
2.3579517414669E-05
4.5492524798397E-05
2.04421448122497E-05
-9.33012539320578E-06
-6.53188386604701E-05
-6.70551375802114E-05
-4.23189035159427E-05
-3.96325944581322E-05
-7.85261554256704E-05
-6.28081406735947E-05
-4.64459555533958E-05
-2.41310327507367E-06
-3.15062636283152E-05
7.00490838903223E-07
-2.35942546036865E-05
4.50430973276621E-05
4.12673105542811E-05
1.27909883903897E-05
4.55484074275637E-05
6.31387567112824E-05
5.42702636613411E-05
8.19202957510213E-05
5.35937760712398E-05
9.23379269784624E-05
0.000122441050038909
0.000103849505753424
0.000121165804196945
0.0001087422333759
6.71163666987441E-05
5.76376204966424E-05
4.28401639306489E-05
3.6761479204861E-05
5.20824166738994E-06
-6.25775439443659E-07
2.68124325746726E-07
-4.51358131211021E-07
-3.07062175863802E-05
-3.15950812308665E-05
-6.01222103728895E-05
-5.25338064246635E-05
-2.54029822114832E-05
-5.40787758548236E-05
-1.41132672122529E-05
4.60947526141511E-05
2.45065552764702E-05
9.17801172084956E-05
0.000115565079602836
8.10375566668494E-05
0.000104829687594317
8.59848209018878E-05
5.72766135488401E-05
5.42877321189255E-05
-3.0626766646522E-05
-5.65407411172232E-05
-4.02346845284828E-06
1.96733384851828E-05
1.90247677594295E-05
3.30930798755182E-05
4.11916679953426E-05
0.000112457714084403
9.81104356391841E-05
3.1188907419247E-05
2.41466744053479E-05
1.80520789024903E-05
2.53582262444597E-06
-3.61680614327032E-05
-7.89797633578552E-05
-2.3975707702737E-05
1.98649732405893E-05
-6.84773949745451E-06
1.24610842853217E-05
2.7372468657662E-05
6.21125307575511E-05
3.73939212880089E-05
9.70466073597689E-06
-4.2870605783631E-06
3.31017609971231E-05
3.11827567932422E-06
-4.61056626085467E-05
-4.7208562773318E-05
-2.29345698361691E-05
-3.53611994972414E-07
-8.17153647557542E-07
-5.58026969933789E-05
-1.61114220435514E-05
1.46720216270615E-05
4.58038619075433E-06
-1.88199715406344E-05
-3.1809534748109E-05
-5.02353542554939E-05
-2.26407231758166E-05
-2.02938486812167E-05
-2.34529577383399E-06
-4.89219731824124E-05
1.49189797233517E-06
-2.99814836201384E-05
-1.29866092851262E-05
-3.78299399774363E-05
-5.81280897915455E-05
9.60868705441602E-06
5.8873794033609E-05
1.51495788110362E-05
-9.09989869913773E-06
-9.79688432903386E-06
2.17891202913139E-05
2.59767086275589E-05
-2.39157506843766E-05
-4.15926534646419E-05
-1.50784779360505E-05
1.64897101131739E-05
1.40637786351924E-05
2.16874702944164E-05
2.88807082116884E-05
2.26842675022045E-05
3.65546623427695E-05
3.47177966481525E-05
5.86271474897978E-05
5.20765227557136E-05
5.77327523190512E-05
2.68867134263645E-05
2.63041820590845E-05
5.82320008896768E-05
4.38133101376454E-05
1.86484327779055E-05
2.10385651249402E-05
1.99978022934368E-05
5.78390515211213E-05
2.3620715239562E-05
4.31126591487791E-06
-1.49011919654651E-05
-9.31898174645593E-06
-2.31614148736205E-05
-3.64827327176583E-05
-6.21935443637384E-05
-1.48063949938824E-05
-4.18981562100733E-05
-1.44441239353933E-05
-3.98295246639656E-06
-1.40747938530048E-05
1.82151407040533E-05
1.43957993667358E-05
-1.42891261009252E-05
2.54573989922779E-05
2.02444166872081E-05
1.96201915792556E-05
4.40374475890029E-05
1.04384320483557E-06
4.06546106149589E-05
4.42661386138464E-05
2.50399161361862E-05
1.49119990750608E-05
1.22565410085861E-05
3.20750228575429E-05
6.55605601834871E-06
-2.71335355787993E-05
2.6026865733069E-05
2.56914775559737E-05
1.47284698075077E-05
-1.61387347262932E-06
-4.62167048504807E-06
1.69758240863593E-05
8.12862879818103E-06
-3.7444123613339E-05
-2.31226883847639E-05
3.76942623294786E-05
5.8222056217847E-05
4.87411646661745E-05
2.88909078908567E-05
4.51999400535081E-05
3.5627078295858E-05
4.01878790031913E-05
-9.45815717293608E-06
-1.97358893136232E-05
1.6248255922113E-05
1.1426201929515E-05
3.52534591490156E-05
4.08251171866024E-05
3.5682385742785E-05
1.00075720333603E-05
2.07280924812845E-05
-8.92616090404252E-06
2.30072770762524E-05
-3.2327841962688E-05
-2.79322278659782E-05
-3.77251837435229E-05
2.12580076651741E-05
1.4706741724044E-05
7.94745002325715E-06
1.12460705082834E-05
5.25568730022587E-05
4.68950310467752E-05
9.1334190680249E-07
-2.52489216420318E-05
-3.04026406707845E-05
-3.21211374438826E-05
-5.18393255704429E-05
-5.18419481008648E-05
-5.25621647330763E-05
-2.3678587289647E-05
2.23554145130125E-05
7.14972656663616E-06
-3.61516538915524E-05
1.15201825813419E-05
-6.71256790109209E-06
4.88581241427516E-05
5.5965141682018E-05
-1.05249635727214E-05
2.91006675410587E-05
8.22559408270041E-05
7.44464398116156E-05
0.000120056999266113
7.00495121796126E-05
4.77296212556569E-05
3.10882771732263E-05
-7.55843613375371E-06
-1.62437842319933E-05
-4.67436594590614E-05
-6.53069101495446E-05
-8.83737645609657E-05
-4.33928212815091E-05
5.20468156688119E-05
3.74953663220791E-05
3.28693839966063E-05
2.63265093951006E-05
-3.27603535448014E-06
3.18122232139568E-05
9.65288260034906E-06
-5.60542970387108E-05
8.90114015233838E-06
1.00461017784993E-05
1.9052037079961E-05
3.19949566854856E-05
2.86788377204628E-05
2.439688483842E-05
8.44179272646785E-06
-1.91565241163192E-05
-2.43773040803845E-05
-2.12323801028568E-06
-5.77775227052024E-06
-1.86032594805467E-05
2.41387593196976E-05
4.14423164222501E-05
5.03440399901797E-05
1.72270045611356E-05
2.95418511355986E-05
2.26730879475525E-05
1.12499649885052E-05
-1.80899595498176E-05
1.29437459162266E-05
-7.85039779184008E-06
1.75716489452424E-05
-4.16300694772973E-05
-1.18171392341485E-05
-1.06619194067491E-05
-1.09402045220996E-05
-8.44474155063683E-06
-2.57497013644562E-05
1.34737121189589E-05
5.92717059394039E-05
3.3146161837972E-05
7.87065139441974E-05
4.48876590961955E-05
2.19244326434637E-05
3.61167732917735E-05
-2.77493555483258E-06
-7.03699547124478E-06
1.90501307732811E-05
-3.08691358275389E-05
-3.38365510793427E-05
-2.13015870163909E-05
-4.72358812609652E-05
-3.67003148051475E-05
-4.28715229032474E-05
-5.07797042222696E-05
-5.20859294797464E-05
-2.46008284035259E-05
1.12600351742713E-05
5.20188772923299E-05
3.92745266856194E-05
3.94269319184232E-05
-3.06786635835934E-05
-1.67549123573227E-05
-1.2359351409874E-05
-7.00033821302713E-05
-9.79334200419226E-05
-9.08540973058518E-05
-7.55709958481194E-05
-2.20292973093694E-05
-4.62871816395426E-05
-5.75381169627936E-05
-5.01088987665677E-05
-6.03418003368632E-05
-7.79224634425068E-05
-8.62234724763956E-05
-6.90444388816668E-05
-5.46181148113507E-05
-3.96153884307647E-05
-2.86240350068644E-05
1.07562310208037E-05
-8.13097842312248E-06
-7.32553823617455E-06
-1.78112115790998E-05
5.37480934561384E-06
-3.83623757248416E-06
-1.892626876501E-05
-7.40571777439583E-05
-4.74536404655076E-05
-6.72002382315077E-05
-6.32058514772573E-05
-7.81866419862861E-05
-4.57890957599926E-05
7.78000920165814E-06
3.64006705121919E-05
6.77525959038958E-05
4.74512205180645E-05
4.08516181104432E-05
2.58236679656454E-05
1.65800504069931E-06
-7.85804708003785E-06
-2.48554719835166E-05
-3.60836470986428E-05
-1.49031866500147E-05
-4.47097623338108E-05
-3.01957445750612E-05
-6.28819834481182E-06
-5.48773049487795E-05
-1.98721684220785E-05
-5.31560649053805E-05
-2.7961428120807E-05
1.70887490855274E-05
2.64339044838698E-05
9.45224483629234E-06
2.52835808010441E-05
2.80303677527656E-05
3.77559237868259E-05
-1.47930487255443E-05
-4.55087296958349E-05
-4.11010090391859E-05
-6.44950572181098E-05
-8.72215657216413E-05
-6.88211616576644E-05
-0.000104989796789261
-1.2059500974571E-05
4.36733370391754E-08
2.30811984029875E-05
3.68389683374702E-05
6.96230935331745E-05
2.82316907798815E-05
3.70116352424033E-05
-3.20930753896726E-05
-2.11494374484928E-06
-3.10604641097591E-05
-3.09482798882878E-05
-3.92501781737939E-05
-2.93285748200466E-05
2.49369917435399E-05
1.06437915615954E-05
-2.58179706251192E-05
-1.69996337027212E-05
1.24737148783833E-05
-8.92357387985653E-06
6.88826290925785E-06
3.16628245762025E-05
6.07996633835313E-05
5.41521933752968E-05
2.13308477754073E-05
3.77330332823587E-06
2.18521752447109E-05
-7.15004633800076E-06
-3.77648470226712E-05
-4.70538611967099E-05
-3.42462561282976E-05
-1.44840066467945E-05
-1.35351463819408E-05
-1.16659631540197E-05
1.2333549148313E-05
-1.08760689245885E-05
-2.80783475359365E-05
-2.65508639979401E-05
-1.85918393093517E-05
2.81138777799001E-05
2.39024878231453E-06
-1.2765204672191E-05
-1.20239726846011E-05
1.3262046707493E-06
-2.24338937662054E-06
-1.50170783032588E-05
-7.96286375955293E-05
-3.59982251572595E-05
-3.08465265181556E-05
-3.12393022773144E-06
5.90492904572602E-06
1.85245715284455E-05
3.95322869942391E-05
9.32524429509036E-05
7.2764677710601E-05
5.17171802608749E-05
-1.33912111357493E-05
2.22006352819206E-05
3.45169449362072E-05
6.40314709359556E-06
-4.99884793851499E-05
-0.000114606798948916
-6.48555715284418E-05
-1.43150681312807E-05
-6.19620174494316E-05
-5.23637112168917E-05
-2.26571569186555E-05
2.53745969821667E-05
8.77033742511899E-05
5.49678202622582E-05
5.83242654984337E-05
7.89543625466454E-05
7.82162026055614E-05
8.09536516472319E-05
6.55101103386574E-05
6.1906150505181E-05
3.50191481045663E-05
4.35936001718603E-05
1.05783504591322E-05
-1.18446405636893E-05
-3.24348214026419E-05
-5.89289786748156E-05
-5.82269848859001E-05
-3.03485744721946E-05
-6.27630652172343E-05
-4.70568851048335E-05
-4.41056693828098E-05
-4.50128602499347E-05
-1.41899746889424E-05
-4.91102056284785E-05
-5.37082557114307E-05
-9.20465950516563E-06
2.3546560942982E-05
1.08385157147109E-05
2.04968871021875E-06
-2.55236884731477E-05
1.22002756429038E-05
3.41267231730996E-05
4.65727207157594E-05
-1.45697283886407E-05
-3.82060954836389E-05
-7.65771130747972E-05
-3.82847028230067E-05
-2.27083903067133E-05
-1.90771006980876E-05
-8.40327993516586E-05
-8.94541465296491E-05
-5.85138321211121E-05
2.02032007029886E-05
-8.02188860642851E-06
1.58677278437434E-05
2.992346046318E-05
2.16269332633048E-05
5.49036737599778E-05
5.43015889278866E-05
1.23673940939499E-05
1.36711839569012E-05
-1.33673503204783E-05
-2.47611730468435E-05
-2.29162206978763E-05
-1.36737554241875E-05
-1.48045521372032E-05
3.10269303030029E-05
7.75244301093949E-06
-1.29821917662155E-05
-2.76283084558417E-05
2.47151994331399E-05
5.89054502654547E-05
1.55669939935641E-05
-2.91806760342535E-05
-4.04923605293032E-05
-3.85521041030154E-05
-2.65041790915041E-05
-5.75345802585057E-05
-6.84547399936818E-05
-3.34335635056516E-05
-5.32160367702829E-05
-1.00246965150485E-05
-4.52572308717827E-05
-2.84527711793515E-05
-3.18789826214632E-06
-8.64360384023437E-05
-4.4822262908225E-05
-1.73066724981147E-06
-3.58292920064155E-05
-1.69414167966772E-05
-2.10391222396099E-05
-2.14581227937723E-05
5.62226098336976E-05
1.30366550489676E-05
3.06908769568159E-06
1.57972912695642E-05
2.33927682349445E-05
-6.30410279844808E-06
-5.7606769769543E-06
-3.93074986623449E-05
-4.59681626464001E-05
1.82165942275872E-05
6.52987808810061E-06
4.3947351174589E-05
7.09711536828867E-05
5.41333598413618E-05
6.77879328901296E-05
7.6017445868417E-05
-4.85431661190334E-06
6.7600119957281E-06
-3.70773521806448E-05
-6.19218248372981E-05
-6.4562689625037E-05
-4.60571023724184E-05
-6.32576445993606E-05
-5.28568034525926E-05
-4.29786201982874E-05
-2.3756253199486E-05
-1.43291072425681E-05
1.32388819879169E-05
1.24528364010429E-05
7.34803626612689E-05
3.48363516968265E-05
3.50830495488188E-05
9.39653946330837E-05
8.59907427120444E-05
5.38379163401485E-05
5.61888191797762E-05
-8.2408206208998E-06
4.711513515825E-05
8.38591579834693E-05
1.66522804240526E-06
1.10523609429061E-05
3.67006072807232E-05
2.97572636555604E-05
6.76691242662591E-05
4.72456792987508E-05
1.65024117815541E-05
5.57122201490092E-05
5.44972358940493E-05
3.00200560719072E-05
1.79348563224766E-05
9.21530438425499E-06
4.67575679326657E-05
4.28761475305932E-05
3.86989274836345E-05
3.24478393431537E-06
-1.50775947399631E-06
2.72428388208645E-05
-3.2470783039681E-05
-3.83105427409066E-05
-5.9138695049726E-05
-5.19857051500018E-05
-3.64962120096361E-05
-2.24470441180595E-05
9.05758648107041E-06
6.17442425514042E-05
6.00942286049032E-05
7.4380084039243E-05
6.01410252677361E-05
5.17989708889801E-05
3.4544657211636E-05
-6.74094183747252E-05
-6.78165524793541E-05
-9.58499783037612E-05
-0.000129086992523957
-8.84822069242818E-05
-7.6228383899122E-05
-0.000115902819850997
-8.68486455851512E-05
-6.5196196166285E-05
-3.70414040162301E-05
4.02351537295039E-05
-3.58152646075006E-06
-5.25906277448817E-07
6.21944490075333E-06
1.76227209217976E-05
-5.02110031747955E-05
-6.35055123779642E-05
-9.05212083115775E-05
-5.80586122868391E-05
-5.94131509045038E-05
1.72017651121271E-05
1.20978778280839E-05
6.05170667166869E-05
7.36910075668729E-05
3.20727706022108E-05
2.2512200786257E-05
1.84736594587755E-05
2.41991988420738E-05
4.48989323633449E-05
2.53645768528996E-05
-2.08947213180134E-05
2.73949790224523E-05
-2.83677615662227E-05
-4.22946078864408E-06
-3.5065048912206E-05
-6.02696177850803E-05
-2.99000174076763E-05
7.68363222855753E-06
-2.5014769176014E-05
2.82146376252352E-05
-4.83669538902624E-06
-1.45021247227732E-05
1.42812746870627E-05
5.53907209162647E-06
-2.32214448178777E-05
-1.63470130458416E-05
-1.8993038820636E-05
8.68284753174885E-06
4.10763013903523E-05
-9.84112638391003E-07
2.75830509408952E-06
1.99941722914614E-05
6.02610601416185E-05
8.2244042515186E-05
3.01049847396327E-05
6.48095683034453E-06
3.55051866698452E-05
2.18623731992774E-05
3.03737123253894E-05
-4.33759456911319E-06
-8.24243841298849E-06
4.64682006723761E-05
8.01756110841511E-05
0.000103118333766029
0.000107509340455505
9.0231671667949E-05
0.00011984427063838
7.56831947018613E-05
5.6937385986336E-05
1.30333283467818E-05
-7.49376804985677E-06
4.88349821542323E-05
3.90862353968691E-05
1.59882533398888E-05
2.08374908743015E-05
4.28615799478143E-05
7.10018165021868E-05
6.58337021830295E-05
2.74697961667723E-06
1.64726500436125E-06
-5.76605717241715E-06
3.03328979791473E-05
5.58492869613793E-06
-1.58240590970765E-05
-3.45340729878969E-05
-3.06548524170604E-05
7.98956105496339E-07
-2.41344657139692E-05
-6.09994238910711E-05
-3.98157532227405E-05
-3.00909833212088E-05
-5.0584101415695E-05
-5.15293754325436E-05
-5.28337074948337E-05
-5.70177243449228E-05
-6.96724530680996E-06
9.79682095643132E-06
3.11093090921209E-05
5.47734974465515E-05
4.05827363632203E-05
1.68483622881818E-05
0.000105689102246382
6.32135139313951E-05
5.0229349187961E-06
-3.06033753005464E-05
-2.00822029317103E-05
-2.43913342762969E-06
-1.12241573457575E-05
-3.65488789350262E-05
-6.93480071865701E-05
-5.61431403426141E-05
-4.91474409773129E-05
-8.10468401478474E-05
-9.24155489651232E-05
-7.45610750301052E-05
-5.61507863230364E-05
-1.46341971198209E-06
2.11270939890275E-05
2.57203356055327E-05
6.7699508318926E-05
0.000102133250085105
0.000117335194401634
8.54132319213471E-05
9.40430734644098E-05
7.35372139514655E-05
9.27743687263006E-05
0.000118569770474133
9.19462401801553E-05
7.64223772544521E-05
4.68973822125316E-05
4.06308536868498E-05
7.44828197730588E-05
4.31505767090743E-05
-4.10894490706525E-06
1.65067274432068E-05
-9.1027754168499E-06
1.88807501930946E-05
1.30961416493453E-05
3.43750896479645E-06
3.92335637056134E-05
5.20188404582135E-05
2.76418155687953E-05
6.56488741510408E-05
6.24627574378358E-05
4.73681172426556E-05
1.50805467417277E-05
-3.54446339464627E-05
-3.06147887714014E-05
-7.93892986464095E-06
-2.08062533959857E-05
-4.31465671357907E-05
3.57234706053074E-06
1.58053985694023E-05
4.18551301540203E-05
4.99567509824149E-05
2.92355565481443E-05
2.45248774936622E-05
3.71089915305884E-05
-1.23374845054374E-05
1.31420141748817E-05
-1.74217176201966E-06
-5.69020326705323E-06
-3.15428652873608E-06
-9.47015249218122E-06
-5.40545668098235E-06
4.27034078755944E-06
-6.49608488618351E-07
2.55993454992903E-05
2.61279485920605E-05
4.4294843899889E-05
4.16021220111815E-05
2.84181043066526E-05
1.98611083053287E-05
1.66181035981008E-05
-1.941083021212E-05
1.0517075238478E-05
5.72820592903767E-07
3.46430368944272E-05
5.57531211286473E-05
7.03912839221053E-05
0.000104693061739657
0.000108175713939608
6.43215323847241E-05
3.49435298469602E-05
1.49789889747521E-05
-2.74580232648187E-05
-2.66328476213344E-05
-6.94790079131503E-05
-3.53710379200593E-05
-4.28664458098757E-05
-2.77983765904559E-05
-4.11564562739138E-05
2.05245086945796E-06
-1.5967956696168E-05
-3.07940976812653E-05
-6.14710089361956E-05
-6.81915072542277E-05
-2.7414796783771E-05
-1.32645164184298E-05
-1.5790177840773E-05
-1.45009194072171E-06
1.26636738830106E-05
-1.34923740644262E-05
8.12060979698031E-06
2.58987476971309E-05
2.70417744444432E-05
3.9613023095317E-06
1.39114921388392E-05
3.38929173598116E-06
0.000101523217000094
0.000111967181540857
6.37392666165154E-05
6.77612874805423E-05
4.93963692855265E-05
3.44636076076729E-05
2.7602523889974E-05
-3.26476146000998E-05
-3.48447878313354E-05
-6.55399224820744E-05
-7.34616891568391E-05
-4.58052269383558E-05
-4.63561993526102E-05
-2.36684499935701E-05
-2.13530939351418E-05
-2.93181142366354E-05
-2.56296487100899E-05
-5.64245284927694E-05
-3.18447420339118E-05
-2.28796652515048E-05
-4.3627977780973E-05
-3.05220013206309E-05
-3.95070828670358E-05
-9.72962305043344E-06
3.90922939614158E-05
2.45556326736722E-05
2.26923708066971E-05
7.12151052350718E-05
4.02282605908492E-05
3.16093755143954E-05
2.32958497296125E-05
1.34434542760552E-05
4.81954155723281E-06
-4.12703323658986E-05
-4.17592137247488E-05
-2.70903779712337E-05
1.42849511113926E-05
6.27718223492348E-05
8.80795842818597E-05
8.58086431514903E-05
0.000117077521986339
0.000113036621988356
7.85464583188893E-05
7.13342567146284E-05
3.08423721279077E-05
-8.35631376227523E-06
-2.53364981812834E-05
-3.29689038463756E-05
-4.71902808766767E-05
2.00961272461066E-06
-1.67249061032085E-06
-1.25119663210461E-05
3.29603846188949E-05
6.02594031394711E-05
7.97085571080709E-05
7.39565203792001E-05
5.87437256786447E-05
3.15563748549257E-05
1.56497526421676E-05
-1.02187136289489E-05
1.03362315379286E-05
-2.6875431997846E-05
-1.63608074118885E-05
-1.15476266592054E-05
1.44401478389688E-05
4.39279093950321E-05
6.40769527108613E-05
4.02987921082626E-05
7.45659552532416E-05
2.79031401919793E-05
3.87544847756204E-05
2.71750381693223E-05
3.11672284797592E-05
4.40383630822485E-05
3.81822679669937E-06
-1.04065936164067E-05
1.48960627439306E-05
-6.31837290011336E-07
-1.12563632570007E-05
-2.36013029077432E-05
-7.67699338350075E-05
-8.59801267123343E-05
-5.06665747300025E-05
-1.69887519375483E-05
3.31146820854745E-05
6.16454319430839E-05
5.85729287446511E-05
6.69508260700279E-05
6.37677886232912E-05
2.30586187523146E-05
-3.72865093947039E-05
-7.288683590706E-05
-9.6493716562582E-05
-0.00011504758967836
-7.10349975346463E-05
-2.66620496316812E-06
3.91285268786455E-05
5.03038469156394E-05
2.70932846555808E-05
6.13226958205954E-05
9.5986293987912E-05
7.64456650838236E-05
2.44380852667505E-05
9.28083354180058E-06
7.77071031917955E-05
9.10147007203425E-05
4.22543752934196E-05
3.94841322734003E-05
3.09015313151237E-05
8.50064021261323E-05
5.81178350523226E-05
3.05451749712121E-05
3.36009916301487E-05
3.44835375555161E-05
2.39497847815657E-05
-1.48055223334172E-05
-2.93741957858816E-05
-6.64626442131236E-06
-2.94744451616846E-05
-3.26836197229415E-05
-6.64377928571873E-06
1.20494870595683E-05
4.07994733697265E-05
4.48726542914607E-05
2.90507004852637E-05
3.41429188148007E-05
2.25397715171488E-05
2.25360492637634E-05
-2.46814289145215E-05
-4.51760318566692E-06
-5.36002409105418E-05
-1.3723402440187E-05
-4.64333242630204E-05
-1.99204610226268E-05
-2.48237524425457E-05
5.43580140504545E-06
-1.33009311193221E-05
2.38300855217803E-05
1.25663057050632E-05
4.92515840879202E-05
1.88798555371396E-05
1.86940660777769E-05
5.06756637478784E-05
1.28521262711525E-05
2.36950080787611E-06
2.50679763938753E-05
-7.70047840502296E-06
-1.58264847730846E-05
-1.65570621043575E-05
-5.54591165121816E-05
-1.41152821836783E-05
-1.16734664979877E-05
-3.77576796323084E-05
4.40402537786647E-05
1.25987403188538E-05
-6.15836519517931E-06
1.45735966862569E-06
2.53271927502936E-05
3.31939185664476E-05
2.66308369693417E-05
6.76449917314159E-06
5.38977834685152E-05
5.74816046883034E-05
6.93414307369504E-05
7.08090197226076E-05
3.33759165279849E-05
9.05529721898685E-06
-1.0852922464595E-05
-2.05839365909897E-06
1.97401557109023E-05
6.17169899652195E-05
3.06522220398571E-05
4.28243745139714E-05
2.95360083936631E-05
1.32207318082628E-05
-3.37457799678367E-05
2.8483165671287E-06
-5.86548324977834E-05
-6.37970728791489E-05
-1.9285220893953E-05
1.84436450981172E-05
2.10087044571332E-05
8.69128014060809E-05
4.34972177995299E-05
5.93313211280296E-05
7.03047446328219E-05
4.89282777966311E-05
7.56346847290774E-05
6.23635530163617E-05
6.00492051756871E-05
4.74972838404238E-05
2.23117318169045E-05
1.1793861687312E-05
1.13472090655807E-05
-2.17987592673811E-05
4.39938684370678E-05
1.53924437686263E-05
3.36426680532565E-05
9.09336132366167E-05
5.50875535449149E-05
5.40642314324902E-05
4.80347895144442E-05
-7.19399678335071E-07
7.0694570527265E-06
-1.6091972390052E-05
-6.2809175302633E-05
-7.50625973302833E-06
-6.77374730427719E-06
-3.80212381764576E-06
-1.56708140118667E-05
-1.02881497588218E-05
3.97059286372112E-05
6.06530798709644E-05
1.20285461852792E-05
1.89331138087789E-05
3.76509010753591E-06
5.16542345257684E-06
2.71551745021489E-05
-8.13398246066537E-06
3.37992165824889E-06
3.42111954459794E-05
1.9463363543594E-06
2.81463164500406E-05
4.27846185615393E-05
-2.94201617872825E-06
-1.64816885656217E-05
-4.14360222983193E-05
-3.94344017702307E-05
1.64053677789315E-05
2.54289238208982E-05
-5.46840526494998E-05
-1.78681715661945E-05
3.58809030414059E-05
4.57009600095457E-05
2.85522225485189E-05
-5.72152262357581E-07
-3.25895324913677E-05
6.01388322295341E-05
3.08585062811765E-05
-1.95196851356239E-05
9.02532074114361E-07
3.06905404443284E-05
-2.6336724728923E-06
2.94419423846203E-05
1.97565483823044E-05
2.72519014964861E-05
3.50750798890393E-05
2.03393785905956E-05
-1.49702566613393E-05
2.53735861933895E-05
-2.40496367880396E-05
-2.95721288187218E-05
-1.78533382162499E-05
-1.76725252045094E-06
-2.29267879731242E-05
1.74286585846738E-05
-1.0467529041522E-06
5.4447984627249E-05
1.48435967799051E-05
2.16435884430294E-05
-1.86381663484367E-05
-8.56664605137983E-07
-3.80350102832996E-05
-1.78070940033956E-05
-5.68981266595552E-05
-1.19262039774754E-05
-4.12104892550123E-05
-2.47530006428882E-07
-1.39919666437416E-05
-3.32554000522867E-05
-5.11820501177051E-05
-4.45345524060129E-05
-2.01914984216579E-05
-8.14521760249152E-06
-2.44750438489131E-05
-1.2027703706256E-05
2.59926419902345E-05
6.73449895947616E-05
4.59118008163209E-05
1.19748208570009E-05
5.56932859284608E-05
4.5688272662361E-05
4.80201026230023E-05
5.88588346906488E-05
1.87013103237408E-05
3.12862189092527E-05
2.22010862109911E-05
-9.5835973399075E-06
-2.437239188345E-05
-1.93230749915034E-05
-3.09726069164091E-05
-3.04160805598905E-05
-1.09971103242111E-05
9.59609209020884E-06
1.19641319436507E-05
5.06616602450216E-05
4.62724272017383E-05
3.35439356443078E-05
9.96560323905569E-06
-2.1447941490322E-05
-3.18014694535295E-05
-9.68218418665175E-06
-3.29380865677993E-05
-3.63370295809326E-05
-1.01025429048009E-05
-2.36012439726859E-05
2.17904914642719E-05
-6.93675715029228E-06
-1.86815422253513E-05
1.5356338217672E-05
-5.51932880851284E-06
-3.51131164652336E-05
3.69029158173587E-05
5.47439650081123E-06
3.39139479998605E-05
2.48398943405338E-05
-1.32339286024454E-05
4.17361641659599E-05
1.39892055643584E-05
-4.99288095005676E-06
1.83585638667091E-05
2.73051922915987E-05
5.14786435671222E-05
7.72430395518193E-05
4.01598837082213E-05
5.64336140002246E-05
3.47097494410138E-05
2.12749724849684E-05
1.93521415412848E-05
-3.19134908737872E-05
-2.66547514993667E-05
-3.09168495321997E-05
2.13969657723713E-06
1.75792284814925E-05
2.24465264239739E-05
1.57907071837235E-05
9.17311625566268E-06
7.47418006679195E-06
-2.92885093805117E-05
-5.24995104634711E-05
-7.4840271412008E-05
-6.95520130677707E-05
-5.31059921840121E-05
-5.42637392824482E-05
-0.00010091946000483
-3.2131436317562E-05
-1.62834572231793E-05
2.26881142645304E-05
-1.40357887304752E-05
-3.09497697452577E-05
1.05535354082082E-05
5.8663450858542E-05
4.03487526672973E-05
1.94223820627016E-05
1.76146873307102E-05
3.44592824921802E-05
9.10276883620184E-06
-1.29802552740138E-05
-3.87200948526154E-05
-7.64893707028866E-05
-6.74597790664906E-05
-5.56030618960953E-05
-5.99214640616994E-05
3.96253421679071E-07
4.52181447922074E-05
4.136441181012E-05
6.61963822182419E-05
8.8845571962929E-05
3.51148723718168E-05
3.62046125072498E-05
4.08206100504282E-05
2.44803984447595E-06
-1.15135032956762E-06
-3.7978942404275E-05
-4.55077173241755E-05
1.58780471738027E-05
7.250003718104E-06
-5.94424968836191E-05
-4.01539398607172E-05
-3.94012155654785E-05
-1.38107521859892E-05
-7.95203452639247E-06
-6.18385011745676E-05
-4.19642754722637E-05
-2.65677208098154E-05
-3.77422556856109E-05
9.07169662205618E-07
-9.67106766427859E-07
-1.90824798760189E-05
1.25091550203347E-05
2.90992140011919E-06
-1.22762943056716E-05
-7.44139341193956E-06
-2.54201111872972E-05
-1.77083381072728E-05
-3.14154282775933E-05
-5.71043137743665E-05
-1.9588588249841E-05
4.3643483460939E-06
7.20185059349473E-06
-1.92871409310152E-05
-5.91747327486114E-05
-1.69656094882093E-05
-1.15248493125402E-05
-3.07315629618635E-05
9.58454590470441E-06
-3.15692455483085E-05
-1.45695210533141E-05
6.06297119907343E-05
1.89635437376706E-05
1.84780263657261E-05
-1.88712267041939E-06
-2.91480892501783E-05
-4.49834814895079E-05
-4.58468816436847E-05
-6.80405249087156E-05
-4.44306003873131E-05
-2.59668203215305E-05
4.61226762952359E-06
-2.30002958897903E-05
3.6615276852974E-05
2.36804134808662E-05
6.99856833366855E-06
9.52879650284181E-06
8.52347994779347E-06
-1.8470108849513E-05
-2.37857661499614E-05
-4.50333554190192E-05
3.66463055478595E-06
-4.99581951295116E-05
-3.63125360297603E-05
-0.000110508224281336
-6.39842525735574E-05
-5.78957293828947E-05
-1.32980274626952E-05
-3.1982904407316E-05
7.19246060805114E-05
7.03917613661115E-05
0.000113188947042386
7.36576187918021E-05
8.74420351737402E-05
5.63956557331395E-05
4.08692554761557E-05
3.0615630179389E-05
-1.8659956405111E-05
9.05251388330663E-06
2.5292887945181E-05
-1.18615339357177E-05
-1.57880593035091E-05
6.56969346844013E-06
-2.59968010071156E-05
1.42127293519823E-05
-4.00403834580246E-06
-2.77835908075341E-05
-2.63219042332654E-06
1.83791111094282E-06
-1.77125387817691E-05
-1.82725431598841E-07
-3.05112623140901E-05
-1.86208178613671E-05
-2.76438861349487E-06
9.12797132876742E-06
-1.37373964397799E-05
-2.22370449522099E-05
-2.07855225245434E-05
-2.57012003886838E-06
-1.4926881589816E-06
1.85426568364629E-05
2.01306619909551E-05
1.08333892460597E-05
2.6904926773314E-05
2.03437247237443E-05
1.97511576172317E-05
8.04952286392319E-06
-2.55786123628894E-06
-6.09117461483561E-06
2.11355548633022E-05
1.27793612591178E-05
-4.07438926466671E-07
-2.03472251224417E-05
-7.17632602785066E-06
1.47140289232644E-05
-3.87731916255064E-06
-5.53591051162907E-06
3.37300082786231E-05
-2.44547824528165E-05
1.75540977589599E-05
1.10166409973299E-05
-4.10052954202965E-05
-2.97483667555293E-05
-1.15293229759497E-06
1.20151382388545E-08
4.59477572490542E-05
4.14682321278721E-05
2.34541549943896E-05
5.65627328030111E-05
8.05550102226553E-05
2.27332371172444E-05
1.85908751479882E-05
1.51313249933203E-06
-1.89536255253685E-07
4.15700181261041E-05
3.97794694545882E-05
-2.37074495362444E-05
-2.26416130595355E-05
-5.67901248307996E-05
-1.40739684850545E-05
-2.74626175640706E-05
-1.01284115502478E-05
-3.12607598320194E-05
1.16336696085503E-05
4.96904295175607E-05
3.2066156294514E-05
4.46028502102021E-05
1.36558517599482E-05
-1.7227849160171E-05
-2.00067612518864E-05
-3.84358236772625E-05
-4.78832246505961E-05
-4.29229528382296E-06
-3.96748625155548E-05
-2.05991315869968E-05
-5.45708384835308E-07
-3.84818986644146E-06
2.52752337690025E-07
1.07972603636306E-05
-5.68428512050753E-06
9.48726903798076E-06
3.3232281376136E-05
-1.25641603807347E-05
1.17976863481342E-05
2.17968053185468E-05
-1.03073595019695E-05
1.29222083882943E-05
1.53169476402973E-06
-6.3283292807225E-06
3.30680204841598E-05
1.23002407559207E-05
1.69059703697677E-05
2.06216537981005E-05
-2.91622591745188E-05
-2.3844320908571E-05
-3.57982693776899E-05
-6.27724313422661E-05
-7.85049829061437E-05
-5.36410989563445E-05
-5.22389183922858E-05
-2.9789149703904E-05
-6.47636779603144E-05
-4.38299458934228E-05
-5.28365271351774E-05
-3.88471643484093E-05
-0.000114667300341213
-0.000146469986966947
-0.000158005806363623
-9.65929956918774E-05
-0.000104165733239872
-5.91672212174119E-05
-4.8571798275599E-05
-5.59398918793188E-06
4.84324626151473E-05
5.32591767684956E-05
3.93466525034426E-05
3.76546534865306E-05
4.49200012101231E-06
8.71991342675125E-06
2.05429246506295E-05
9.20024796076772E-06
1.06075312372315E-05
-1.88394934959387E-05
-6.74679824500366E-06
-3.35458750650511E-05
-1.50199229335975E-05
-2.86019139653409E-05
-5.34934248864635E-05
-4.42150434804799E-05
1.02683871042936E-05
1.77681700522285E-05
2.82115246413122E-05
3.13291516314597E-06
1.89108133784484E-05
8.14784554098249E-05
4.57151157249256E-05
2.08921809654918E-05
-1.33614260807703E-05
-5.81963736806272E-06
8.47632813320717E-06
4.02086361547167E-06
-5.23916616697696E-05
-2.52074459667855E-05
-1.94577645389517E-05
-5.42927120684186E-05
-4.13533604567439E-05
-6.18462169893194E-05
-2.69190949156242E-05
-1.48295201987588E-05
-3.05553035342157E-06
-1.99684054900748E-05
2.50756964906564E-05
-2.87005084628084E-05
-9.22993993673468E-06
-3.33339546477086E-05
-3.58483236731522E-05
-6.49327677452878E-05
-4.06378059214106E-05
-1.28643902280859E-05
5.78347280720759E-05
4.64697226263026E-05
7.07592832694827E-05
9.19599119571293E-05
0.000116825572810954
9.0975300283891E-05
4.52008542895536E-05
5.55346717505079E-05
3.44477864482605E-05
-1.35813515573292E-05
-5.51289290882793E-05
-4.11725642999876E-05
-2.43374936839565E-05
-1.77387470296937E-05
-8.08333846215362E-05
-6.92880755581976E-05
-3.6280457014831E-05
-3.14473163219158E-05
-5.40474033960507E-05
-7.48052276244332E-05
-2.28832348775613E-05
2.18851851215364E-05
3.0811039636971E-06
5.26630752964126E-06
4.91545475064217E-05
5.06069687085919E-05
4.30399880708691E-05
3.85069310521411E-05
-1.0181713339495E-06
5.7774008550859E-06
-2.58888732707595E-05
-4.03714101909578E-05
-4.00134224536543E-05
-2.29396629219958E-05
-2.98270923460852E-05
-1.98983327828256E-05
3.83986288647019E-05
3.9334683994556E-05
2.15927581120356E-05
2.13622274583153E-05
2.49061842736901E-05
-3.91902345889025E-06
3.21863321246116E-06
-6.20668094979746E-05
-6.04513641561897E-05
-2.97101995061396E-05
-2.41245178447412E-05
-3.9341278989659E-05
-1.07462558187988E-05
-4.15801907826959E-06
1.68208159878017E-05
2.80794485752545E-05
3.77261831808808E-05
7.07868758076666E-05
8.53289818667256E-05
4.76186537538832E-05
8.90164579465466E-06
4.33966264380052E-05
4.43308037127613E-05
2.73778392673987E-06
-4.44220101021327E-05
-5.62608676718128E-05
-3.20471489854005E-05
4.06179227131188E-05
3.88775391810949E-05
3.94594772949584E-05
4.53377383536421E-05
2.3138662268509E-05
1.21158932082003E-05
-2.08386358775384E-05
-5.10150568956063E-05
-4.71638587361416E-05
-5.06492585934618E-05
-5.21737434258262E-05
9.9631997647527E-07
2.17963784535589E-05
5.8700540066003E-05
4.35128391450597E-05
1.19948788924742E-05
3.39491047117223E-05
3.25943440739212E-05
1.72129638620731E-06
3.41479383973704E-06
6.56976712738442E-06
3.68597248587016E-05
4.5768816837106E-05
2.28268688678163E-05
8.38235745738502E-06
1.07510328816125E-05
2.40381634669983E-05
2.53596811411449E-05
4.03075898868121E-05
2.58010341518245E-05
4.93088257916347E-05
5.74906029646443E-05
8.23493648417958E-05
8.38099248797216E-05
8.69273769723341E-05
1.12416932407559E-06
2.45309611194086E-05
5.54762455354803E-05
8.95364553228491E-05
7.7971320372107E-05
4.39107181108603E-05
2.07381486508344E-05
5.32366084974852E-05
6.09770477932664E-05
4.02213401394247E-05
5.57819161160428E-05
7.29894291346942E-05
7.36094488514649E-05
6.03053708191146E-05
8.37009964918118E-05
7.1341391996492E-05
4.11793907953476E-05
-8.92045810521439E-06
1.56289993744805E-05
8.13351803032038E-06
-1.0601087030393E-05
-1.62076619584105E-05
1.75001133404923E-06
-9.06756501384198E-07
-3.97265184438788E-05
-8.72913031548249E-05
-8.36304065337429E-05
-7.60455710570299E-05
-7.90257930776158E-05
-0.000105056872133129
-0.000122998789109271
-7.24861079667432E-05
-6.72456666647339E-05
-7.58533194398576E-05
-2.94920196393673E-05
1.40265967666883E-05
3.94794676827672E-06
8.59809473100119E-07
7.73799618386575E-06
1.37276228822971E-05
4.04000809158407E-05
1.41643074284964E-05
-4.27474261935176E-05
-4.2828420776369E-05
-4.13359170899173E-05
-8.60989248415979E-08
-3.11527195799846E-05
-4.52893728297464E-05
-2.3327163129534E-05
-1.42267135543058E-05
-1.95606982087981E-05
3.61521567299176E-05
-7.74716089127391E-06
-3.21626888009453E-05
4.66127816662699E-06
8.75570909749647E-06
2.84506556942049E-06
1.93729260288154E-05
-2.42065445323686E-05
3.13612420636075E-05
8.39376850446316E-05
5.97651542674449E-05
3.6236731022517E-05
3.61808591606896E-05
3.19438083513903E-05
3.60179641353642E-06
-1.91374575925776E-05
-2.03352231061877E-05
-2.98144698279664E-05
-2.24377999309237E-05
-2.46059253709539E-05
1.8663902216532E-05
6.45502979129371E-05
1.10841065632305E-05
1.3853141602781E-05
5.06228881170389E-06
-1.08589756060313E-05
-6.08456876231942E-06
-1.39974077117055E-05
-1.42023985409015E-05
2.45158984922803E-05
-7.64172919027633E-07
-4.81091986780388E-06
5.39903859873214E-05
6.13844056795791E-05
1.68973793050463E-05
4.91911105455989E-06
-1.52013319215982E-06
3.48784621741122E-05
6.52472307968813E-05
-1.82055341091064E-05
9.40616787378394E-06
4.12669816983457E-05
2.1395721342224E-05
3.35927720634142E-05
1.46345617843078E-05
2.57606048960368E-05
5.4894531142183E-05
1.87599850926206E-05
1.43258408874241E-05
4.31030142016608E-05
1.72423274688934E-05
-2.2618198351187E-05
-2.43263758372919E-05
-1.72410027991195E-05
1.19130256225603E-05
-6.51905042301181E-06
-1.55259123290023E-05
1.09154196510993E-05
3.88753103630771E-05
4.41858064407258E-05
2.73453171792742E-05
2.95902287618633E-05
1.98350572496737E-05
6.15497406088387E-05
-6.44268279343533E-06
-1.11816403587963E-05
-5.76227595386787E-05
-4.83485998226096E-05
-3.89391688525326E-05
-3.82571036126378E-05
-8.99910492286101E-05
-1.81466603911945E-05
-3.74829614807539E-05
-2.52228462692264E-05
1.90319980305123E-05
9.93662501104422E-06
3.17489251242611E-05
3.8258459552089E-05
7.9980983287843E-06
1.55486540103669E-05
7.45096090643561E-06
3.73583451872143E-05
5.23450655592103E-06
-1.6928730309994E-06
9.44941445747424E-06
1.82624385758901E-05
7.06029835222968E-05
0.000103594877277143
4.49343526375387E-05
4.47051188771531E-05
4.48541775362432E-05
2.31321428636317E-05
-1.27833925770903E-06
-1.19099188677753E-05
-1.13185358782288E-06
1.68042112350601E-06
1.30924847269274E-05
1.5220272153585E-05
5.42814680396485E-05
7.17668900183703E-05
4.48856306489851E-05
9.726423145517E-06
6.07852175695916E-06
-9.47760556764828E-06
-3.55913620184342E-05
-6.94589880150651E-05
-7.40823562969015E-05
-3.97440325347395E-05
9.4292995925238E-06
8.7303091175947E-06
1.26149740192626E-05
2.99546309857449E-06
3.67727246217424E-05
5.3059547186165E-05
5.00071126363026E-05
1.28645114859534E-05
4.35225407500474E-05
5.87577533614981E-05
0.000102796307001125
5.87630067298499E-05
1.69589199038284E-05
-3.81204375255297E-05
-3.02298744857608E-05
-5.31483350634849E-05
-6.83234881519567E-05
-0.000102820435625518
-6.76740511926226E-05
-4.22836281456809E-05
-3.29956301299867E-05
1.75626949218939E-05
2.28396709122307E-05
1.01012959371311E-05
6.75651280530539E-05
4.90085770789849E-06
5.2986110172277E-05
9.62813277897207E-05
5.28106909558107E-05
2.06464869027189E-05
7.62101247958014E-05
2.22585025589615E-05
3.41777273428681E-05
1.28058640636707E-05
-3.83248859210639E-06
-4.58878929296333E-05
-2.87851547712627E-05
-1.76927211103919E-05
-2.41449933500556E-05
1.29956309078899E-05
-2.58107215440852E-06
1.70075881186182E-05
4.06752726337603E-05
5.68098025081923E-05
3.62099075126106E-05
8.63590400543335E-05
7.64674741127899E-05
9.3679476801347E-05
4.47324041978916E-05
1.62393034304806E-05
-9.9331690039075E-06
1.15965765076085E-05
-5.35231082126963E-05
-5.21458364457496E-05
-6.6632323813643E-05
-3.76335972929658E-05
-1.90701041566775E-05
-6.09804561176229E-06
-6.51436753437855E-05
-4.40546096280623E-05
-7.81465309588705E-05
-5.64889008424794E-05
-8.80772404963081E-05
-6.07989688588632E-05
-9.55426546171827E-05
-7.14028921155179E-05
-4.34838412209413E-05
4.66521561980667E-06
-1.38197698140451E-05
3.2723299485644E-05
-1.45476715009433E-05
8.38425473618787E-06
-1.2008076858068E-07
3.34808055334947E-05
3.89975383277368E-06
-2.55041664871217E-05
-1.15364334106281E-05
3.00996688005697E-05
4.93049583902528E-05
7.39607851485361E-05
3.62150388587813E-05
8.79277046926286E-05
0.000128766982835429
8.58270810886054E-05
8.57313564852732E-05
6.20155616049692E-05
1.8738506844211E-05
-1.58135847222207E-05
-1.78211125822573E-05
6.92635527957418E-06
2.67365399588991E-05
5.32388454624576E-06
4.73361285407396E-07
5.44034810316191E-05
8.10342714679899E-05
3.13029509974536E-05
-1.57706657581364E-05
-5.35421726772531E-05
-4.1899501073604E-05
-3.1637756198055E-05
-6.40626829115193E-05
-5.27546329671429E-05
-1.66821645991833E-05
-3.45991972151395E-05
3.65375662588462E-07
-1.18053776472776E-05
8.15624682523742E-06
1.97891134350587E-05
1.11990875918969E-05
-2.37860714321542E-06
1.06045787264502E-05
2.12006533585803E-05
-5.4571799207866E-06
-2.20327298498157E-05
-3.92487456856132E-05
-2.22709260887691E-05
5.62892448714686E-06
-1.23687662548646E-07
-9.58551677249084E-06
4.01222071832085E-05
5.23036333439415E-05
5.85966186838714E-05
3.99706872357614E-05
2.86757419893452E-07
2.01137632162869E-05
1.51400186948221E-05
2.0153444137516E-05
9.24873736451042E-06
-1.07207812184399E-06
1.77490175513832E-05
1.65039907683934E-05
1.64792285404611E-05
6.84890701540952E-05
5.29032437346679E-05
4.11472106767383E-05
3.19779326380856E-05
3.85875079487471E-05
2.25437631819237E-05
-1.22031591682574E-05
-4.76810335826969E-05
-5.15556150721017E-05
-8.6255629464558E-06
-3.22751359406968E-05
-6.68888431320891E-05
-4.37483693805355E-05
-4.57421902685583E-05
-6.59379678682002E-05
-8.07839743947237E-05
-0.000117562658145477
-7.87487164254254E-05
-4.1853822399496E-05
-5.64386800624886E-05
-3.91891296215404E-05
-5.59775819275076E-05
-1.27794383444282E-05
-2.92863719459072E-05
3.5211152647149E-05
6.38482604474289E-07
2.38725225410886E-05
3.61937420505212E-08
6.6030802446254E-05
5.66782740635225E-05
0.000109904582982955
4.92777387447707E-05
2.65036088678296E-05
3.05662506100767E-06
1.61166733068436E-05
-3.58136814288641E-05
-6.2238290488116E-05
-0.000105935829782394
-9.66448521761323E-05
-4.05827330225082E-05
4.78173950223601E-06
4.32324579642336E-05
5.22885070003945E-05
7.03105451741807E-05
8.81992504536307E-05
6.35703182623648E-05
3.69014033970608E-05
3.61989217929344E-05
9.27900130425581E-06
-2.94030897594536E-05
2.19083469145781E-05
-6.4060629881733E-06
8.47325194436986E-06
1.24138493452501E-05
-1.82333814134599E-05
-1.74877324802737E-05
-1.01312616442395E-05
-0.000100021790985922
-6.14472441814741E-05
-4.11987769166184E-05
-6.78940600053247E-05
-4.56905295350893E-05
-2.79537002018691E-05
-3.57244520168583E-05
-1.60805788784791E-05
-4.36046248356118E-05
-5.39843604286986E-05
-5.34229448058287E-05
-5.8986432596625E-05
-6.16552513694118E-05
9.34328776819834E-06
1.06804643644085E-05
-1.2795073860827E-05
-8.36644823599149E-05
-9.63885083117444E-05
-8.52473983441841E-05
-4.52836017398914E-05
-6.26986040473853E-05
-7.20720222000337E-05
-1.27597575231157E-05
7.95056631668076E-06
2.62549552695112E-05
7.39375759153123E-06
-1.26707210640409E-05
-8.23564190640654E-05
-1.20244898124188E-05
-2.66725976072444E-05
2.23412007253172E-05
7.59037939090159E-05
6.68970915584673E-05
8.39864659630312E-06
4.9700296611414E-05
-4.4199589410267E-06
-3.75406798259785E-05
-1.8288760302631E-06
-1.5781989475913E-05
-1.4507564870131E-05
1.62068114989675E-05
-7.64970139269229E-06
3.1362409422831E-05
2.78930703039663E-05
-2.10838068752748E-05
-8.06905862454903E-06
1.49025350435481E-05
3.78115298303031E-05
2.3416413395001E-05
-1.21927934394371E-05
1.4809663435973E-05
6.74600029082407E-06
-5.91379267755232E-05
-8.04877634498847E-05
-9.75928436462271E-05
-6.06791776666415E-05
-5.51233181136147E-05
-3.46332737659328E-05
-3.8911225520823E-05
-7.47792568956323E-06
-1.63090408216488E-05
-3.6479251801942E-05
-0.000113596760177175
-0.000104672219695265
-6.42146550471585E-05
-6.91807839296776E-05
-7.16850082118235E-05
-5.50608244072251E-05
-7.76106927191354E-06
7.6688744195237E-05
5.4613199465939E-05
-4.07147721197264E-05
5.26010416629764E-05
0.000103869015495716
0.000117970054118639
7.52495040627516E-05
2.49190419722995E-05
1.84248830800014E-05
2.30296288009534E-05
-6.30339252155307E-05
-0.000123062867717957
-0.000102017755137302
-0.000168055167470693
-9.7514924836786E-05
-6.76057536826142E-05
-3.29308007309006E-05
-2.19423097810936E-05
-4.70957793368696E-06
-6.82997787639574E-05
7.21964884678857E-06
1.810936481922E-05
-1.00502706451488E-05
-4.71084477532224E-05
-1.20135775137966E-05
-1.89337214016368E-05
3.46304231877926E-08
-1.67025522486279E-05
-8.11754896934214E-05
-3.22550969920919E-05
5.42489624234488E-07
-0.000126416198553095
-8.34164825841036E-05
-3.73582376126803E-05
4.39917974023594E-06
3.10299232311568E-05
-5.86520932270699E-05
-1.92856628874119E-05
0.000106773772212573
6.70194833049045E-05
4.68212564015671E-05
2.74951078734405E-05
8.52370412384044E-05
0.000111511246367352
8.30202619079208E-05
2.18790066237936E-05
3.02969441986435E-06
5.41282066072408E-05
5.27728827489879E-05
4.18073443275614E-06
-2.05188019352622E-06
-1.75678907595331E-05
3.0527254090413E-05
3.5832330440472E-05
-8.94488335575845E-05
-9.26658243239598E-05
-4.30282743495902E-05
-1.7340568061055E-05
-2.97744079416367E-05
-4.02880464357359E-05
-2.41019549870596E-05
2.83257916170446E-05
-6.89568867266579E-05
-0.000137354182288324
-7.36538747638396E-05
3.66305617286199E-05
-1.88828430781608E-06
5.21535456479955E-05
2.00194931409229E-05
0.000129224679389285
5.49148768739494E-05
-1.03179590317952E-05
-0.000153704298256908
-0.000134271868369381
-0.000152905661464292
-0.000123014031308521
-0.000150424179866439
-1.88281661055383E-05
4.61322075309419E-06
5.84783576319597E-05
6.84539701543332E-05
-4.23567205673887E-05
7.58773561569084E-06
5.04539471845166E-05
6.14634148344821E-05
7.22562268715061E-05
6.47196644195966E-05
8.2547329959469E-05
0.00013308582236434
7.27992324274424E-05
7.55855819860367E-06
-1.22915928860321E-05
-5.77129862628806E-05
-1.49668877380526E-05
-1.77984538932911E-05
-1.06127119068766E-05
3.29782059784698E-05
0.000108344210858403
6.07177626928498E-05
6.47293137527098E-05
7.84607657301814E-05
8.97336545291798E-05
0.000104606825776854
7.68881157050529E-05
4.2675735742032E-05
8.83777379875157E-05
8.24941909223924E-05
-2.26961273491067E-05
-2.17812781705894E-05
-1.95529846609442E-05
-2.18103770991388E-05
3.40046458682835E-05
-7.0430255972862E-06
2.27635341125771E-05
4.19132003330491E-05
1.98701788265494E-05
-7.55185341904082E-06
-3.71627819818233E-05
-8.1391687266211E-05
-6.19692062924623E-05
-5.1164219592977E-05
-1.83148180876007E-05
-7.16651013405702E-06
4.08407695462586E-05
7.63566204687362E-05
4.6217490813189E-05
6.73450188027609E-05
2.13918227979519E-05
6.62007442064472E-05
4.18629749130314E-05
3.97831663736255E-05
5.32099632885466E-05
4.88425564890226E-05
1.19167079807241E-05
3.65507620311608E-05
2.98946662818396E-05
2.23303700480149E-05
-4.55738705368053E-05
-5.63628113361438E-05
-4.6277535841129E-05
-1.94820429497659E-05
-3.55123521924967E-05
-9.86723149384516E-05
-5.68356550574393E-05
-9.44138042534036E-06
-2.47819351810578E-05
1.42390827559549E-05
-4.69037828549325E-05
-3.81551897757576E-05
-6.78403049562101E-07
5.59985484249204E-06
-2.90831661669115E-05
-2.18567640612461E-05
-7.1717106619478E-06
4.56792152449046E-05
8.47929955184787E-05
0.000108287600505647
4.30965327473047E-05
5.8321418204639E-05
3.4734303878874E-05
-7.17776528556008E-05
-4.0605597089873E-05
-0.000106805292197487
-0.000125525616401176
-7.36855648682106E-05
-6.20499309086663E-05
1.77736781497255E-05
7.17404430224165E-05
3.4296388570166E-05
2.30691385183261E-05
7.6758097031524E-06
1.54470302730477E-06
2.08805063298519E-05
1.30681849135754E-05
-1.06521544090802E-06
-4.34736786242339E-05
2.97663971831419E-05
-5.03709475548728E-05
-7.4058991606708E-05
-5.24666970111557E-05
-9.31888478191154E-05
-8.50486768775672E-05
-8.56580831970507E-05
-0.000118920601262883
-4.78871496852128E-05
-2.19507021370031E-05
-0.000102709344439582
-6.83081580185419E-05
-3.61256296228835E-05
3.16979957783522E-05
3.21831344952134E-05
2.52791054377105E-05
2.05524819529386E-05
5.36242132444112E-05
3.09140694981435E-05
-1.08437037121659E-05
2.69153044668479E-05
3.12640268395662E-05
2.40523807033855E-05
3.6037646912735E-05
3.2619865623583E-05
-2.6877448580114E-05
-2.0282827063009E-05
-4.38651286423936E-05
-0.00010724279820668
-8.97770204124636E-05
-4.58635227181528E-05
-3.28136103125253E-05
-8.17240346897021E-06
-2.75823965201737E-05
-9.31641189545796E-05
-3.31965601110902E-05
-3.281821557493E-05
-0.000116490953056652
-4.92971172029754E-05
-2.83947539416367E-05
8.28404482913847E-06
3.17267648572618E-05
7.60740555271241E-05
3.04836205707165E-05
4.91877122622461E-05
-5.60673421949322E-05
-4.09350840536573E-05
-2.58115086375196E-05
-9.1289737278451E-06
-3.78676574749338E-05
2.38400360777177E-05
4.17279583026495E-05
6.37149760238463E-05
6.34757686167792E-06
-2.17167081610859E-05
-1.82843830427984E-05
-3.52943275291082E-05
-3.80118366431415E-05
-5.37404129729158E-05
-3.40118893094732E-05
2.70962821150217E-05
1.64899465444307E-05
-2.84161132805299E-05
-9.44124683027035E-05
-3.65809146830954E-06
-2.26851318282208E-05
-3.22487152749074E-05
-2.03029351956494E-05
5.68613135138772E-05
6.11990488912514E-05
9.89962059107794E-05
-2.43754261132053E-06
2.45425947396616E-05
0.000107466640930639
5.74197700003013E-05
2.31844200649101E-05
4.72934690384471E-05
8.65495406687129E-05
7.74999398042954E-05
0.000124034853427882
3.32086456416289E-05
4.92438363211568E-05
0.000109699083723004
4.9076946092576E-05
3.30916906260054E-05
8.45290516906734E-05
7.59238634495798E-06
8.01139199276762E-05
8.80980707663259E-05
-1.39676449485573E-05
5.83349988033779E-05
8.85675632377372E-05
2.81208195885328E-05
0.000105416095529978
4.83838902113465E-05
2.16809837600348E-05
5.85561898716236E-05
7.79148676279482E-05
7.37968339987031E-05
9.74632520531297E-05
4.17744967369514E-05
4.43556878491067E-05
5.44316769217946E-05
7.8613912971579E-05
5.04422094608531E-05
5.9734217338295E-05
4.93220189229618E-05
0.000115072979196017
7.19360447450401E-05
6.86447919693891E-05
3.66521340593522E-05
4.10364075620744E-05
1.09170587609533E-05
-3.86781374966141E-06
-4.13974457357683E-05
3.85385676462292E-05
4.3264864508688E-05
8.82305491569385E-05
0.000142885110214746
9.52392686822027E-05
0.000133677570565213
0.000108953639237209
5.64012667832514E-05
9.61345494646238E-05
5.57805802419255E-05
4.35744880940928E-05
0.000141095200530926
0.00012475967998717
0.000182452412678869
0.000292944193551097
0.000314666504335643
0.000304767557602629
0.00025643383942514
0.000215694202956226
0.000212687011256953
0.000152346749380097
5.52469083259155E-05
0
0
0
0
0
0
0
0
0
0
0
0
0
0
0
0
0
0
0
0
0
0
0
0
0
0
0
0
0
0
0
0
0
0
0
0
0
0
0
0
0
0
0
0
0
0
0
0
0
0
0
0
0
0
0
0
0
0
0
0
0
0
0
0
0
0
0
0
0
0
0
0
0
0
0
0
0
0
0
0
0
0
0
0
0
0
0
0
0
0
0
0
0
0
0
0
0
0
0
0
0
0
0
0
0
0
0
0
0
0
0
0
-5.02328072488824E-06
