0
0.00376308405453403
0.00450371239671179
0.00345124529105967
0.00438588485752243
0.00452494899103172
0.0018621648843964
0.00163844884237661
0.00204289830486151
0.00191786863002681
0.0014250535448924
0.00185457097991614
0.00183485080985865
0.00198216474300162
0.0015746149032631
0.00168389550348777
0.00172233441672371
0.00180796832765271
0.00128416625770299
0.00217447150103596
0.00170655805378854
0.00172400719504976
0.00171184808820052
0.00145601435210909
0.00157548849521107
0.0016697199973419
0.00319297667939941
0.0014855675841423
0.00148154097696032
0.00179037449855874
0.00136677699523674
0.00466608492377012
0.00150561775593764
0.00318679977724642
0.00157033397013977
0.0014167751969933
0.00201265601835641
0.00129200857775666
0.00117398541575732
0.00151242686528824
0.00180092091729242
0.00159924446292447
0
0.00189502524848875
0.00133112113633913
0.00134529519294537
0.00146068727280589
0.00154914491029014
0.00134657790363064
0
0.0017438992831594
0.00122480413262369
0.00141534675756324
0.00135455467256496
0.00132235488039131
0.00150635518062099
0.00146192952710029
0.00150587126794957
0.00179282145892927
0.00185380646127289
0.00118370028358278
0.00146859801907886
0.00121310728498166
0.00147427321783407
0.00160338776375246
0.00132887680899389
0.00138373424308972
0.00140034004705272
0.00128096606206332
0.00167109053195621
0.00134682502549811
0.00112035288440056
0.00130062177847764
0.00152223293573531
0.00141120849632655
0.00161149202714163
0.00174863274172923
0.00118425538063858
0.00129569532596753
0.00112360951637655
0.00172237428507071
0.00140325869922075
0.00130640708232246
0.00118645178271918
0.00147283160492226
0.00115501480184843
0.00111943498895195
0.00143061042958187
0.00110111526363999
0.00145689860007581
0.00140203062872733
0.00132730129443702
0.00140879645329352
0.00122149557865143
0.00137714549020061
0.0012869331164238
0.00110740262294906
0.00131995009426752
0.00113263701187058
0.00114393965477057
0.00126408412031318
0.00118809820860991
0.00109010542234737
0.00123174242722716
0.00118380521594121
0.00120852287549853
0.00118607655661557
0.00121553428772949
0.00127674585184732
0.00106223102883444
0.00107392945337535
0.00124365492981724
0.00124562676865521
0.00119997288060241
0.00125068017204254
0.00126563577429027
0.00108828475073161
0.00123981509140083
0.00113321277642851
0.00129184278927712
0.0012183011357085
0.00177231347933361
0.00125079501455685
0.00121054788919573
0.00141453550227805
0.00182650424230715
0.000949592743213249
0.00106238431137578
0.00116230233843548
0.00107437198538742
0.00158051835056775
0.00115903325463974
0.001093537239387
0.00123730771430927
0.000984009711899771
0.00127856501262929
0.000957962612396438
0.00123860385693954
0.00100668097281597
0.00122632879847111
0.00121223821135817
0.00111134718257976
0.00107045715936715
0.00114007122899209
0.00120727573549842
0.00119674626710895
0.00111883199335957
0.0012529841407186
0.00135780532715648
0.00109018962607938
0.0010813543631504
0.00117691079343023
0.00107434335441992
0.00119671509389345
0.000978518528168613
0.00116550308126178
0.000983138321724889
0.00110279741958773
0.00103660812893856
0.00110187413784763
0.00124712215452069
0.00119755353724212
0.00105995850150756
0.00125775696661802
0.000940367703660712
0.00106470975947348
0.00107762549077321
0.000984907681439974
0.0009332352815104
0.00105444755784966
0.000970164804830399
0.000922109921525664
0.00100205696250329
0.00106255448828898
0.00105897660972372
0.000920790203309362
0.000929760630222693
0.0010639032528012
0.00142325819667295
0.00103580206552675
0.00107851065061183
0.00147999773047396
0.00099837621577951
0.00096019129691488
0.000982194677144287
0.00099287138816694
0.00106731874164082
0.00115615772396379
0.00093812475726879
0.0010868039033314
0.00102017191268897
0.00104809029388518
0.000913097380338194
0.0010286655982992
0.00100077033716431
0.00135464435691546
0.000965069571957287
0.000952023178790007
0.00100619916889523
0.000974071542244906
0.00137432499009723
0.00092773524691444
0.000937752645435774
0.00104338366892093
0.000994563697407354
0.00090946175357132
0.00096748953231781
0.00118684487360361
0.000939306507158819
0.000944003013140756
0.00145222483692465
0.00102264374599119
0.000895102965762115
0.00114626975587067
0.000943300270595237
0.00103338171521992
0.0010533142213831
0.00154079632906476
0.000893195737745518
0.000922616335338641
0.00111894003418537
0.00116962006400095
0.00103770487578101
0.00100214963100653
0.00113559000481926
0.000987742678810098
0.000976398001277278
0.00109569932169378
0.000985265383624338
0.00115078089022797
0.0011013855892463
0.00104374280476552
0.0012022763809181
0.000981447378109977
0.00110223651582808
0.000896330404621301
0.00110142193780528
0.000956226109561069
0.00113659800792835
0.00115996281058004
0.00107857860618289
0.00106815084448548
0.000861720595963643
0.00110190618786202
0.00099442065468671
0.00137014568077752
0.00108963777394078
0.00110900351899532
0.000894158815489577
0.00110528934981301
0.000906206419584663
0.00108280117331388
0.000876968355696928
0.00094808586249828
0.00106628869976183
0.00104896979206415
0.00105100015566387
0.0010542936416401
0.00102761015690541
0.0009042006418636
0.000853628054716535
0.00115655212631165
0.000986139999118941
0.00112761069237551
0.00110639073147508
0.000890799772754791
0.000904756408115947
0.00096876770442005
0.000937569370171859
0.00110154555382814
0.000907137349447165
0.00103693043557622
0.0010160494033363
0.00100076594291762
0.00115228781683267
0.000959085437291007
0.000894866392906286
0.000758825849738653
0.000905736218904821
0.00104443694369062
0.000977305315037863
0.00113357985618566
0.00107329573129043
0.00101154089296194
0.00108180356634631
0.00108679870881789
0.000944494176391157
0.000901095802488588
0.00104715630752612
0.00105121160472834
0.00101225906427036
0.00110157982326521
0.000947164441555927
0.00180394746610062
0.00103718655026326
0.000946084370944254
0.00102542303694894
0.000765283203066391
0.00096822739643204
0.000988567370972119
0.000922156219642495
0.00105684825647135
0.00108044804019783
0.000939891672762618
0.000879559119061489
0.000888421283132764
0.00077979963310608
0.000932095167846468
0.000998253536694306
0.000908167116498464
0.000864843662746898
0.000869147815221721
0.000862663942881569
0.00103450765903618
0.000785920181705764
0.000872232436603753
0.000827025194985183
0.0012383195012168
0.000993845567667782
0.00102978031450454
0.000996644403659239
0.000979968663329857
0.00101441552118887
0.00101785227074532
0.00109648239200725
0.000969969763500417
0.00104207387679455
0.000905585683514391
0.00110724613097006
0.000858104545919269
0.000988110277299676
0.000990699617754905
0.000996275057033527
0.000894704269408526
0.00127985865431962
0.000942448166344661
0.000813916767294909
0.0010455448021313
0.00103484284368348
0.000920818115131174
0.000799361163641609
0.000915901827126367
0.000958772239586106
0.000974442533438298
0.000915052751610293
0.000815024432943414
0.00107373388478598
0.000867233789470737
0.000954015402647159
0.00104801593760722
0.000940791296150368
0.000859617853580689
0.000869592293279726
0.000928393513322554
0.000890738031958722
0.00112677376950026
0.000874051995230621
0.000858682629850629
0.00110360143126756
0.000906866264951922
0.000957489227934047
0.000887560055248396
0.000901542765893633
0.000939500665534661
0.00134109960608741
0.00118004755507857
0.000943377951197814
0.000849919354049698
0.00100288277021958
0.000842821693639234
0.0011186415811758
0.00103649671453322
0.000950685966282183
0.000770155104749993
0.000822779620705955
0.000835617715588319
0.00084533489521449
0.000852097812461384
0.000840688747472361
0.000971132073893989
0.000855057279859634
0.000857581190716933
0.000837235758346056
0.000981404163395497
0.000849391335955934
0.000893405777570983
0.000865290008491258
0.00092031124743241
0.000982568406194524
0.000820222514865903
0.000908938164999908
0.000961576580980146
0.000804404163028162
0.000968386326213619
0.00088295312766786
0.000947919344041659
0.000949653577710898
0.00109189542524801
0.000879186199569845
0.000877934815973752
0.000937946960878605
0.000945721796406746
0.000847652088807932
0.000976053494086039
0.000882878763476688
0.000921226524437442
0.000982394733075963
0.00120945697839778
0.00102429612204833
0.000952604174096946
0.000898018872336291
0.000860934917905549
0.000888134958255476
0.00111367494036817
0.000928049050237712
0.000833811059440461
0.00094435281398371
0.00124762235347646
0.00104542494824941
0.00088233193080807
0.000841371370969436
0.00100007533559532
0.00087028960412525
0.00088659551207546
0.000793034875566254
0.000928299155781233
0.00103777197388948
0.000957588161586209
0.000945280338417854
0.000902585949688552
0.000958042898881414
0.000974245999231505
0.000973164605302598
0.00095436800721157
0.00083839574002562
0.000858224831781651
0.000874015341985218
0.000920635912084927
0.000821466763482154
0.000955529863045861
0.000804522972964735
0.00092851453280628
0.000760146334249954
0.000904973628815402
0.00094934348995461
0.000861331142913373
0.000949469394491151
0.000872257960479679
0.000965524972983616
0.000992515582772543
0.000928053155628476
0.000986869436751741
0.000959999343360746
0.000882536404934878
0.000939230123443164
0.000857379594133366
0.00099805001114407
0.000931350329859176
0.00109105302917667
0.000908302034652792
0.000903432467875864
0.00102918032744013
0.000929161112087585
0.000983336229261998
0.000932263081432687
0.0010137186920386
0.00100602654345135
0.000963247465238442
0.000912865525448518
0.000907654788467362
0.00100437749210766
0.000902687614869552
0.000864951713518708
0.00102689197282015
0.000892328363813555
0.000868966958295745
0.000991854634923107
0.000896391829013406
0.000970684546884774
0.000783791617701422
0.000874895685595087
0.00105655520130118
0.00096884608034694
0.00117766340070271
0.0016260655707427
0.00104785812811668
0.000953944848530663
0.00081968349949885
0.0010104758862375
0.000840909679951373
0.00102263074156649
0.000931058186445015
0.000968469082107981
0.000906791487753226
0.000949083314581228
0.000917240613915644
0.000798513375515533
0.000868125532923812
0.000888751619271661
0.000782361274924676
0.000907119399151255
0.000855257861981275
0.000858948238512994
0.000815233763823418
0.000906938207864606
0.000850111685032047
0.000927344229787485
0.00137372254680642
0.000982604895753383
0.0011209325689481
0.000912532820973422
0.000915495268059306
0.00115924846561839
0.000737546340953363
0.00104303364697134
0.000933099766486581
0.000962588299733086
0.00112878189030791
0.00124533385952079
0.000862955645215297
0.000896865152046861
0.00110094429810454
0.00101070414958999
0.000868844725970376
0.000782582768930538
0.000800507846671375
0.00101789062438685
0.000876079781430598
0.000942897642778216
0.000933289340462751
0.000892818889767978
0.000831581744103017
0.000932145199057747
0.000747015659288209
0.000777087780469504
0.000764251691517084
0.00090797945226838
0.000865131303394798
0.000896114449520091
0.000945621891289392
0.000914021010565088
0.000848945140812963
0.000921359181047688
0.000890551431464014
0.000890873526342443
0.00100402384749657
0.000881233693520598
0.000910754753658632
0.000877240544439925
0.000801928227853412
0.000915169930375508
0.000842596463233371
0.000745537535544236
0.000884326712027877
0.00100886236972081
0.000982399583473608
0.000903920037650775
0.000842648145241028
0.000844906626724984
0.000866133532394581
0.000853019773244387
0.000749949812362279
0.000857052854240126
0.000994876192032634
0.000834612692671863
0.000758270095890796
0.00115750318005099
0.000734399443728746
0.00090354030377908
0.000895861560582858
0.000893540375654804
0.000793810527534903
0.00104292056089972
0.000815696612880176
0.000995885060917248
0.000876541622254859
0.000957136572990452
0.000879815713624919
0.00086661064530292
0.000839762558467269
0.000998208454696881
0.000835322365207605
0.000851217346174679
0.000821837589890057
0.000823371080519809
0.000947554199791478
0.000934226229798652
0.000938466429356302
0.000973287253275943
0.000870662615737525
0.000882622506906176
0.000786909270515297
0.000964345511996209
0.00149770909119838
0.000792606737880915
0.00106357293293458
0.000986720014474299
0.000890211852479567
0.000876840824098309
0.00106861324295856
0.00101239632966111
0.000981611641208076
0.000993123889709717
0.000998132267430745
0.00131455484248316
0.000871029387039974
0.000876925633159511
0.000927727189020772
0.000869070263744384
0.000850267145833754
0.000918236520782564
0.000884834686591992
0.00094453569791917
0.000892646125602728
0.000944134369225025
0.000938560735579669
0.000978334024074336
0.0010105065384555
0.00105066519733081
0.000976555369194595
0.000948294688075171
0.0014935398328027
0.000968712872157999
0.00086733575576196
0.00082769753729851
0.0008945277156215
0.000890494177620768
0.00104361589550149
0.00099265372667948
0.00104885283297859
0.000956324159802454
0.00125804007174016
0.00322880760310018
0.000933861550227261
0.00101397544500895
0.000863945642003942
0.000868894149040134
0.000766511866824972
0.000966569500478998
0.000887323577193266
0.000855512740088687
0.000829786230850758
0.000855829466359505
0.000873969778148346
0.000878984401202861
0.000803751270753465
0.000941948971907508
0.000878546754897746
0.000914852153492938
0.000904142418409775
0.000935222049931325
0.000944995847545156
0.000833831093793646
0.00083099028644623
0.000977681773687015
0.000892105439877619
0.000872414049636869
0.000966970226839038
0.00107809680346659
0.0010247569848401
0.000971867824281144
0.00099809406111246
0.00101013557435487
0.000924510797148377
0.000802956911906186
0.00109061303298865
0.0010489644647007
0.000914730691165362
0.000812376355196965
0.000788514188370532
0.000855289926452572
0.000929462147307278
0.000927655139374768
0.000854352305079595
0.000909724893527806
0.000936359620049053
0.000796888384169697
0.000810699743430973
0.000917638947349862
0.000791308436118366
0.00118118734716703
0.000839897056519327
0.000829078898678507
0.000872955940279349
0.000958849786397505
0.000894209721233914
0.000854331736175274
0.000775800487744204
0.000896771524516732
0.000837874256186272
0.000756018448322714
0.000840508538972396
0.000802068273465569
0.000851313031744214
0.00083837989081294
0.000909574399220928
0.000753742644710919
0.00102480744626701
0.000894213164945974
0.000886670033548274
0.000832307811801441
0.000905771077086539
0.000843668148223007
0.000984677169357203
0.000837522493978164
0.000800384729525195
0.000851656822196025
0.000818440435503978
0.000677899823364457
0.000861948250239104
0.000912990487985426
0.000978525780380948
0.00088663542191104
0.000982302359866116
0.000821957823622439
0.000798394760641886
0.000797629763495525
0.000863963647997271
0.000841097030629343
0.000970168664027597
0.0008319705706123
0.000874077564425266
0.000894010204435232
0.00112797184214308
0.00126198467665401
0.00073792067591837
0.000941414817517517
0.000839474065959639
0.000786592045466646
0.000933340139342205
0.000838819238644904
0.00108117129664548
0.000807084380567664
0.0008541240221664
0.000998793061743599
0.000834422233975334
0.000888252990219126
0.00092482117834678
0.00083312909393462
0.000820505602816471
0.00080638785729179
0.000868587652362563
0.000884518002028329
0.000884658977644499
0.00141646659054096
0.000757448284725666
0.000861118794828495
0.000921017489198779
0.000970749168569564
0.000911766740600103
0.00088989150849902
0.000736427457951687
0.000883543684618951
0.000908028799786993
0.00082903730021939
0.00116152613451035
0.000857105348161566
0.000885582646802302
0.000769661514213755
0.000770000432255912
0.000723546615326856
0.00104751914422995
0.000875122468300339
0.00103123376340266
0.000796468236998496
0.000978894708059873
0.000907566434127481
0.000849606411933891
0.000925111118184668
0.00125386916770031
0.00115413943869193
0.000870764969076915
0.000876555140619376
0.000900517287656433
0.000970886544094716
0.000895948539582114
0.000919167116471578
0.000927943846196528
0.000872604791556805
0.000826369419743705
0.00101241996819092
0.000807325976353592
0.000751447892163396
0.000725098539293015
0.000819604412151437
0.000924796167309995
0.000740550274315602
0.000873584602974431
0.000802342686762114
0.000763185459229092
0.000828861723441506
0.000708997061460249
0.000895655654975291
0.000894932699729883
0.000843483289181664
0.000850502324565533
0.000822180027940171
0.00108024452576261
0.00114647987045769
0.000887513964511731
0.000693420836051864
0.000872136651384805
0.000906693002807361
0.000980656303665429
0.000789514783100333
0.000885818047981811
0.000786439759256575
0.00103235312636571
0.000911843249392174
0.000722534855486186
0.00138790872801727
0.000834397888906164
0.000903946334275101
0.000723224509588094
0.000798801121674055
0.000741008785914721
0.00106712149816545
0.000989665633009301
0.000986222245608806
0.000795052909244045
0.000957659453770397
0.000715639159923101
0.00112661845004153
0.000999998405608066
0.000697174911734429
0.000871857576192797
0.00095312341231095
0.000870718841410025
0.000771876187424245
0.000926033077331984
0.000732735476693261
0.000779665220891225
0.000950020045462563
0.000887205241749898
0.000760050829789325
0.000797112352046018
0.000823578459970732
0.00101099198453811
0.000849539310446502
0.0010168268992706
0.000791427199524573
0.000723712348608248
0.000883439633258797
0.0007566311467011
0.00097429134183628
0.000783831326747687
0.000746663377903971
0.000754177217067717
0.000850760453193546
0.000678341025290863
0.000859617467738985
0.000940995105415548
0.000834302616720818
0.000823167072638233
0.000777880215456542
0.000684683941539468
0.000794469527819094
0.00082747154833972
0.000856649425984764
0.00074249621275546
0.000791903191766865
0.00078801438773705
0.000778507633066126
0.000836642470952685
0.000827159263091891
0.00067558160206852
0.000799856227731826
0.000812969202852297
0.000809837661027965
0.000705635339323219
0.000748764605767422
0.000804327664019052
0.000696080184819881
0.000810591102478862
0.000824355699203521
0.000666518276129615
0.000710394458852376
0.000793268211135198
0.000989745905994664
0.000798076391997319
0.000702196970279089
0.000765142846408568
0.000868290592752056
0.000772618986960696
0.000744624730934645
0.000847495616201138
0.000788128314992289
0.000728052363522005
0.000832205377769813
0.000658837801207553
0.00083546363324468
0.000716811203109941
0.000774100360848531
0.000723768222203353
0.000755686168178354
0.000774743286315036
0.000743187319392252
0.000754592426370041
0.00128652651592122
0.000920249884397993
0.000777800358142248
0.000776519021118699
0.00100098597940915
0.00068047984740456
0.000740057242669464
0.000754715716610574
0.000699353018134169
0.000664749940405058
0.000635361746524113
0.000766784740284198
0.000809455486830085
0.000776759179590146
0.000742447706149267
0.00083212730190675
0.0007440362734153
0.000741765406449872
0.000779458711127427
0.000780270263091129
0.000733196437485854
0.000792781836330743
0.000823933238102226
0.000753789089450456
0.000732264997974305
0.000722532490317313
0.00075210012549446
0.000740094512036218
0.00106614127173042
0.00077471031672048
0.000739459343377235
0.00096125876093674
0.00101783272659945
0.000804897022822795
0.000774860815693187
0.000774203052593848
0.000728478296576902
0.000718732061030465
0.000801568771317768
0.000750025425680467
0.000726266787075817
0.000684067468600737
0.000917714300581591
0.000750908601211276
0.000762579111559898
0.000858373333198593
0.000757857233159867
0.000798040652855893
0.000778344502624985
0.000781386650315901
0.000796184778572606
0.000739413718305092
0.000706094761663572
0.00081209101408942
0.000867844985969291
0.000739991919951962
0.000765301457944634
0.000705248241251491
0.000701536389793495
0.000888486777015589
0.000776410402353234
0.000754676367027237
0.000858113866633332
0.000879747301418212
0.000775359129743632
0.000850148696907548
0.00122139290930225
0.000968214278135807
0.000832366792075896
0.000943063911317321
0.000932160668105594
0.000894503889176566
0.000861106628220264
0.000805051344012288
0.000758641280306083
0.000903878040257801
0.000806174041552193
0.00093119060618657
0.000896856565272085
0.00080492925543891
0.000754033146036699
0.000722770726568764
0.000858022441345021
0.000676174924734922
0.000696817955606319
0.000680299788295205
0.000974708358329545
0.000778451434950451
0.000915687463954942
0.000930579786828404
0.000835315395505789
0.000857801208678321
0.000762585163954017
0.000688940881921325
0.000726938550871738
0.00081956700319839
0.000924085044997794
0.000825630689842368
0.00080607121687426
0.000777437207151807
0.000700448817199511
0.000828374307173175
0.000826069854047086
0.000956697265270624
0.000805735365370632
0.00072470600194762
0.00115111232157466
0.00094734500938012
0.000971979334150249
0.000779403077526051
0.00109205614727943
0.000726043528429819
0.00074471034901593
0.000888852142371436
0.000863618609873541
0.000826919371048481
0.000673417038889828
0.000871680136097942
0.00116074170429645
0.00108049124938112
0.00075290193800226
0.000839140966515092
0.000870822757795073
0.00075096819939499
0.00080060897401645
0.000823037933214533
0.000864152056467566
0.000733942862650774
0.000783383096298075
0.000780683625995698
0.000762748951604226
0.000816315858792066
0.000862340674362257
0.000730109690959232
0.000943423678748765
0.000867295304157916
0.000728309962576618
0.00086065953501538
0.000797452391401028
0.000853891401469051
0.000842209462996516
0.000874271352491405
0.000825850677770236
0.000935943307899858
0.000822711555729874
0.000687935551945043
0.000775098697211098
0.00087446430360442
0.000807186445473204
0.000885992116982431
0.000834041910401402
0.000825023791313655
0.000731075090392463
0.000889427088038899
0.000921043732795704
0.000804317615160252
0.000837905255846704
0.000802486836488016
0.000926133046109558
0.000914311075516273
0.000739198423677557
0.000858770053388603
0.00079528621078813
0.000833614074438479
0.000632650864634746
0.000797878177719285
0.000745618938879682
0.000897983755664642
0.000934637647154556
0.000824802824026879
0.000755385956168067
0.000770483395228524
0.000925989324640511
0.000855246628959939
0.000747989833857627
0.000746990196778987
0.000830408585609145
0.00075565494561439
0.000860732557285624
0.000851017459589766
0.000782942643206304
0.000745942248181149
0.000639844368046184
0.000881468747496595
0.000771285008080328
0.000883409343494773
0.000830565100332562
0.000798648913533288
0.000665249631405446
0.000749636219390486
0.000858531040451601
0.000827643510095241
0.000971904409887966
0.000789858337904639
0.000884188365316985
0.000743823594866882
0.000791012083100751
0.000720345758809981
0.000798381056818582
0.000770482750769715
0.000740860763274259
0.0010711101261096
0.000705472384566886
0.000779158186216354
0.000601523961528641
0.000773006431794469
0.000903000936705289
0.000680979881605478
0.000864991613765624
0.000805906448692305
0.00082478348549
0.000858045472491447
0.000810290286191973
0.000813877081383622
0.000807915663508859
0.000968206557579469
0.00100258421826708
0.000864201078265443
0.00088014763614335
0.000709585141585952
0.000678359750453663
0.000873695917960457
0.000769094529253549
0.000672180036295922
0.000777397445961439
0.000716822116193338
0.000855656631279018
0.000849647964113474
0.000750505991094999
0.000678825732193209
0.000804328421513547
0.000711451547435456
0.000748134209552366
0.000709901505749504
0.000704434924654414
0.000781417473706686
0.000612935662336506
0.000786295904257301
0.000891771568503669
0.000789467601401795
0.000807436146191749
0.000868197032936556
0.000777058044038328
0.000857556816492834
0.000839459212773214
0.000977376894700546
0.000803551066656395
0.000932655420622959
0.000761558307915216
0.000859371168121573
0.000778281558595432
0.000698152267918224
0.000821761275251386
0.000914729549026267
0.000910282106524741
0.000798775899728857
0.000826147849630159
0.000895484942584895
0.000791458131478588
0.000865065556353501
0.000872219157058149
0.00101612552684817
0.000675462040440488
0.000745658188939856
0.000792009357103875
0.000838455169275331
0.000690901039300504
0.000850576288126325
0.000888877797570981
0.000832186447761262
0.000764926377316044
0.000771427908685894
0.000766814108422035
0.000710981207715371
0.000797316569295468
0.0008092452901603
0.00087536070846497
0.000704111073559054
0.000739889249467278
0.000926080050653182
0.00076462557969798
0.000948096551853579
0.000699565618260277
0.000835205851001532
0.000768959023455579
0.000662967174556722
0.000889043654725637
0.000820907504491282
0.000820885185514051
0.000801515487101981
0.000815552016264101
0.000790720057628871
0.000687595298581675
0.000893817908453696
0.000766304509657052
0.000807452675676946
0.000947818919106362
0.000756936501349163
0.000932839766636398
0.000908830605998885
0.000750474082887732
0.000750038236180639
0.000879694046090305
0.000703025107281077
0.000750437223674938
0.000884993606504705
0.000729090699733939
0.000786198344862156
0.000587675857163901
0.000803965214864363
0.000694860240331408
0.000903897723994087
0.000879682049170321
0.000766833694999811
0.000838897520645869
0.000825234559348049
0.000809274044003439
0.000857010817821901
0.000925347543422247
0.000788470255894508
0.000883473470161622
0.000852310939139547
0.000810647655475555
0.000826693721321058
0.0008063641868157
0.000740177538593472
0.000701915962971468
0.000751676383451238
0.000839096003966214
0.000847296690343249
0.000709326371205293
0.000694663394711535
0.000702526371632583
0.00083430028691284
0.000648452816904679
0.000742897894095007
0.000879518511046397
0.000721140236824641
0.000741484910164449
0.00085937483539464
0.000748856898604855
0.000887404180239596
0.000752391473156047
0.000772449091996199
0.000829854648245493
0.000799026480416169
0.000855729092667533
0.000748446707514601
0.000791236709008784
0.000893683535891554
0.000732566552794386
0.000829062962650523
0.000782289341434683
0.000752189283385678
0.000736474514185801
0.000798769923798394
0.000694139906164261
0.000813241651266224
0.000782821531516775
0.000791378798877374
0.000703996042160179
0.000691551091978097
0.000778257799840009
0.000880031843226309
0.000860461344413061
0.00066689084632591
0.000817715017425353
0.00077629129329263
0.000836376043410736
0.000694628590128134
0.000797435026950352
0.00079135464434922
0.000894365721254787
0.000679538196095367
0.000715674261880922
0.000942609325970454
0.000743875878008324
0.000845428934396329
0.000739756217340221
0.000643538150237839
0.000750438076160518
0.000745813291435555
0.000707544222095303
0.000795834355051603
0.000827426146129477
0.000747593366846064
0.000742604247573404
0.000887460091939458
0.000657268094729458
0.000775076715470878
0.000749540649173054
0.000778222351367435
0.000766845027782974
0.000844077581273669
0.000742385874157219
0.000753860823877333
0.000796254135783348
0.000847234882487579
0.000719398712988023
0.000640011568866798
0.000813312340757322
0.000925518070545367
0.000727779713535177
0.00076695888060323
0.000698893398830961
0.000926242653203501
0.000923272048776437
0.00088618822105628
0.000933245180746053
0.000747320939023707
0.000813210050570466
0.000726125297609218
0.000681657942754803
0.000867746025366353
0.000806988711524358
0.000698255081860681
0.000720507065743935
0.000741626195129223
0.000914400973854475
0.000892335364295042
0.000727386538489187
0.000739854254270913
0.000734412955163244
0.00137534757295679
0.000754801279264383
0.00128727518922967
0.000725016587236676
0.000767523342832425
0.000822309038781851
0.000895680602665851
0.000792878054096175
0.000819478346273187
0.000894759828239005
0.000825819236102269
0.00083907707748314
0.000754555069533774
0.000785812128380416
0.000911394528700127
0.000848575066764559
0.000666876472655843
0.000684240505930923
0.000847239232938934
0.000696137279148433
0.000835144675231463
0.000615959087111919
0.000923849911839364
0
0.000888363092705733
0.000724568787718863
0.000793684295327334
0.000725761343173479
0.000755461205283719
0.000683580263085233
0.000939000732402142
0.000732702398701294
0.000766804765208111
0.00079962139617055
0.00087757770205839
0.00095893492630198
0.000764162188207929
0.000703108561386528
0.000806395879194055
0.000701756300020272
0.000843014188223683
0.000811065558200171
0.0007942434132736
0.000759464176877331
0.000752922536817742
0.000747834082537632
0.00084159735722049
0.00075181587261242
0.000791063593393333
0.000732692392496699
0.000769405254599072
0.000698483822405737
0.000808567574935696
0.000795021138734295
0.000651307479204611
0.000663275324510219
0.000962997243950402
0.000655359804866116
0.000818545826843074
0.000708274137811418
0.00073590144157752
0.000815048494531078
0.000775781388165475
0.000659743666872824
0.000717904566410867
0.000780791296552544
0.000754689437697077
0.000691505392174643
0.000644207962050545
0.000690225511175567
0.000655546941529308
0.000694875233113226
0.000747621783185991
0.000688200356264957
0.000741546525117669
0.000777780540250594
0.000651365098281121
0.000738883556145483
0.000740159490254626
0.000748784135553863
0.000841240145642608
0.000638939125465012
0.000763762980373435
0.000782279388194236
0.000829534277321618
0.000748385043746752
0.000754626935963996
0.000712577942917155
0.000759264845610782
0.000816706703610059
0.000653022955072578
0.00074275707369628
0.000865980436112949
0.000906390225534934
0.000819843851006457
0.000683380254379176
0.000754952047640634
0.00068241663997638
0.000747886330295478
0.00073506608767051
0.000753467331349528
0.000821599208280955
0.000735133504414376
0.000651423335885795
0.000677159525057668
0.000710248123737506
0.000755333727563073
0.000665845162775266
0.000739601351871978
0.00090264239820282
0.000805891167046685
0.000755664639354006
0.000753661470544748
0.000814421698270481
0.000790687054136083
0.000803036852509112
0.000990414048057194
0.000710404694268952
0.00074057429386038
0.000677660545563827
0.000728646626796804
0.000792758862830775
0.000857185774932746
0.000711150971272756
0.000775803050092619
0.000897218967406486
0.000761197345020268
0.000703574421783951
0.000732117219072284
0.000661850515120081
0.000712597048174111
0.000702216996213214
0.000655458941317956
0.000659088211404633
0.000783597350096688
0.00106543941366936
0.000812666783251795
0.000698141157980787
0.000784942772910676
0.000823013837552912
0.0007201220075353
0.000932120944996843
0.000774813506001633
0.000770949511985708
0.000703624033800308
0.000800824066474321
0.000800722133178268
0.000761328378892286
0.000693174280420983
0.000710493465589163
0.000712894981645696
0.000714547805634377
0.000777802532083144
0.000731665050922142
0.000703147215128188
0.00078019318170983
0.000835983997363718
0.000700312146188173
0.000819415150311404
0.000829797039097147
0.000670043112712267
0.000754600302474215
0.00080898429756958
0.00087914960146552
0.000808687632638557
0.000903229277875613
0.000706468731369137
0.000771639398394944
0.000802103681374572
0.000737847395476333
0.000651984645330615
0.000628495015170353
0.000886661494685464
0.000716059104392895
0.000783698125418108
0.000825128933492245
0.000724369809721219
0.00147414703918666
0.000660639348127616
0.000865555311085474
0.000792879542548525
0.000805897912349016
0.000778304599646118
0.000742926880517538
0.000778577902367573
0.000727994270503869
0.000799930233924606
0.000903537224418799
0.000819169894270429
0.000633034101506398
0.000832384159479924
0.00072865422510154
0.000826721000851371
0.000774646560320874
0.000782293273394635
0.000691810302177589
0.000753192361608309
0.000829132090403744
0.000656860014713219
0.000796054167470683
0.000644958468686608
0.000823063348709337
0.000857408591901425
0.000721682404582533
0.000921452689856226
0.000679438897348454
0.000837969744412574
0.00115192773568604
0.000859230965257138
0.00107228555557594
0.000814966435439068
0.000855845144415724
0.000712342275960323
0.000841999112226359
0.000792086759249382
0.000833562412895897
0.000843448748349699
0.000785420041103435
0.000720570594571293
0.000768858813180708
0.0007753631181444
0.000757109155863353
0.000745220671204255
0.000717832096418321
0.000770395690024274
0.000697561128869296
0.000739141216560177
0.000808700810621025
0.000848094752658515
0.00083683910683675
0.0006429108880354
0.000788500985787139
0.000797228378395839
0.000851386519680931
0.000720701489803683
0.000710518555902156
0.000637801182283601
0.000738460812131772
0.000718344330173981
0.00071503869998664
0.000734784111332527
0.000796456327239961
0.000904910413367744
0.000714441668986053
0.00067534268523316
0.00101934779658584
0.000807705234961884
0.000769652065019785
0.0018388804548792
0.000684618726444538
0.000740960252826075
0.000811726681160693
0.000748791690025629
0.000758785589147166
0.000984783209122875
0.000866431861410233
0.000774280467682823
0.000824878485647017
0.000704289979066592
0.000833118248648691
0.000789944392645027
0.000830497209379622
0.000793219096752133
0.000712557540421813
0.000711654598367031
0.000933008065718056
0.000778733937811579
0.000919520190726751
0.000805768390728194
0.000828526692022849
0.00074880628703451
0.000819148942490958
0.000664424701815409
0.000833594242777622
0.00123055005326663
0.000910048829694431
0.000769510980028112
0.000787583158827544
0.000877141647645635
0.000729193543513942
0.000933637639698896
0.000764245655798863
0.000754417597835734
0.00064773810808065
0.000808898449709326
0.000843149700080399
0.000949215236915725
0.000713906614184609
0.000752754471154274
0.000803438145755105
0.000787884435098124
0.000766364133352534
0.000678426972198517
0.000820684116510842
0.000730094157656859
0.000858448534162795
0.000875996819874378
0.00110514146531173
0.000815391105495698
0.000774277033018703
0.000790927407317838
0.00102744086029503
0.000737826791662794
0.000821685794068073
0.000820927291482712
0.000848182504113799
0.000761562649750217
0.000807571589544461
0.000778951821086826
0.00084997184790618
0.000852451684440759
0.000759670259165975
0.000871654952954471
0.000812501600737908
0.000836701526576551
0.00064708280639889
0.000738177837898422
0.000767389764638916
0.000765551847704137
0.000843235730484474
0.000734847110590087
0.00074269224882142
0.000797843187957829
0.000676112366321374
0.000850100684188345
0.000730257606624908
0.000831160844320137
0.000782057824256863
0.000736482494906918
0.000857763184922146
0.000840828344690514
0.000713195582112635
0.000716682253452327
0.000818170919601131
0.000789829462608731
0.000914143825829933
0.000800507180690155
0.000755110159951737
0.00089624716093486
0.000926972339867958
0.000705085956655462
0.000772759045870363
0.000756370138662359
0.000767684629590328
0.00070871891491663
0.000787681025807741
0.000797269843472339
0.00087692637406943
0.000768280787866044
0.000713605495990689
0.000776320342138993
0.000779523507376013
0.00082028741023228
0.000694796447644473
0.000705831115302951
0.000828135936163465
0.000726690393559496
0.000834063793666135
0.000600610327432295
0.000885466233410164
0.000748758901558814
0.00102117907157134
0.000816972944223988
0.001102779876638
0.000854304669604061
0.000838325393279226
0.000832247266083235
0.000812841715824813
0.00101805362313547
0.000898662799304456
0.000804122849238603
0.00070776154557613
0.000777369631513104
0.000847394188681255
0.000762006135839994
0.000740003361907762
0.000708499641625698
0.000843607151331456
0.00075445611325387
0.00082346794306286
0.00065164618418582
0.000755668776105666
0.000825593216177024
0.000872657086891505
0.000826835836139683
0.000776154552597147
0.000787933886213787
0.000644962143431683
0.000705109743748736
0.000754880219981015
0.000839757817930853
0.0007809501771468
0.000699308658990224
0.000809738409835426
0.000824409006276216
0.000779467153724584
0.000794681323691312
0.000739154349301205
0.000712232606505018
0.000644197072315825
0.000794283956911989
0.000869668217295986
0.000798668804683181
0.000799458018497082
0.000826201462074675
0.000805321121350112
0.000751159787643944
0.000920990598900338
0.000740232770439702
0.000723151613522498
0.000822498236483514
0.000711138469404072
0.000692126489298918
0.000758875501311212
0.000807504790529815
0.000839949718399333
0.000773763764366853
0.000900006247025101
0.000837392699201249
0.000790805720460105
0.000797432413954123
0.000703671959302076
0.000821984407785372
0.000903692724489844
0.000830051056444487
0.000839790839774076
0.000699893872942144
0.000818151551971404
0.000832935759360968
0.000761747336057605
0.000839701191459574
0.000766891517413057
0.000746656760285793
0.000852270979822222
0.000761632765312925
0.000728441726322101
0.00099318801980687
0.000848340582457181
0.000881663931678137
0.000743174286476867
0.000811900806609576
0.000793126600906485
0.000789679945861444
0.000709617587049923
0.000817293760405697
0.000808496286154451
0.000751891972089441
0.000837793157826248
0.000772913506147965
0.00076070693424619
0.000703808839994717
0.000779371192198373
0.000874827764938625
0.000811777922583346
0.000773074211356391
0.000731521016126509
0.000737285090831093
0.000802985793702423
0.000770192795842893
0.000766145281726028
0.000873519444838271
0.000779547077333842
0.000800239576334122
0.000786938538167128
0.000891976795215029
0.000915056882735219
0.000773022846297693
0.00076058379006555
0.000718396438962548
0.000724951903870555
0.000819039458644555
0.000810324320856158
0.000820492960456067
0.000743161412667905
0.000717680487407032
0.000805074687117299
0.000782625565185243
0.000958485804234229
0.000781777183167969
0.000793901911536486
0.00087943905600555
0.000700412812645356
0.000825177564483836
0.000805658787188058
0.000783873572353689
0.00070935635444533
0.00075593422416288
0.00079729653495522
0.000600432020433677
0.000743065530465626
0.000883952303207113
0.000633885883356051
0.000796006028765578
0.000776311074020478
0.000702448162958863
0.000750119107117986
0.000672340371025681
0.000752705611430124
0.000756733455284477
0.000802197680873085
0.000715823761263764
0.000678450777419109
0.000842738698362244
0.000803634537326663
0.000872587899915008
0.0006978230910765
0.000867448521032343
0.000771769715116761
0.000652431220649669
0.000695059453240287
0.000804912600482599
0.000812979194807743
0.000625985035563958
0.000786564865394181
0.00085283349909
0.00075836043899155
0.000663442881606377
0.000775296081639781
0.000754948528803372
0.000744240448818068
0.000677124293687663
0.000765455527975962
0.000812615836023122
0.000942499945694457
0.000721049239227555
0.000784538387395099
0.00067752485574454
0.000793503190954844
0.000766526201643297
0.000864053403891506
0.000842937515658883
0.000730854809826554
0.000889002430851558
0.000900129024093947
0.000881727473692822
0.000742756865405971
0.000709919558045989
0.000700725006722021
0.000728795005903769
0.000907063498837791
0.000660732712449674
0.000878487332557828
0.000680884606189558
0.000766645772678981
0.000804438289923141
0.000740274734428162
0.000763695824054204
0.00074072896064632
0.000696546289686269
0.00076203557061241
0.000711103150300044
0.000754183886578936
0.000924883176384848
0.000806657391372751
0.000834562442528015
0.000711798774240267
0.000773668570524848
0.000738027706847565
0.000805548505945085
0.000629846347047469
0.000748631223004282
0.000729187142285096
0.000652142619713969
0.000703699258382434
0.000702096293054245
0.000802618606009578
0.000804420251657989
0.000680957556441141
0.000772225670159015
0.000872059286931646
0.000988914933580399
0.000871156078988967
0.000673647396015727
0.000678579999683894
0.00070750976200021
0.000728432348429174
0.000705693384587234
0.000759135396117865
0.000793713161813301
0.00085895090195839
0.000650001331186716
0.00067484109333356
0.000703745799790244
0.0007536254128076
0.000832392901543128
0.000679106818405791
0.000699626767926309
0.000681968782013697
0.000698442510198644
0.000813943498581369
0.000653730494242217
0.000730219124709544
0.000755509788499212
0.000678630413452692
0.000705863356733694
0.000975345183838863
0.000662316677097366
0.00130589666407428
0.000826373545034044
0.000843630151796364
0.000613718846151279
0.00102050257600075
0.000762933742070206
0.000746886856167843
0.000775920636486739
0.00094216051669181
0.0017907693495038
0.000580130682600295
0.000718947569211729
0.000686216667869126
0.000591781041765485
0.000769394289317117
0.000855688645811281
0.000793980108881825
0.000748080262748429
0.000710330335316785
0.000778954211188441
0.000786945349503318
0.000777756597888568
0.000860772350645061
0.000914856609373253
0.00068639190468153
0.000778562662409053
0.000548801694076255
0.000656151192466849
0.000664909798564668
0.000753739043880474
0.000729684700743141
0.000605539256443631
0.000559989412748585
0.000725704929275765
0.000688029363223213
0.000787437125183466
0.000677329336781011
0.000692752526484856
0.00165108683453635
0.000742844488635009
0.00091069227695094
0.000681982775804453
0.000866278235126704
0.000884387407837773
0.000736330602612855
0.000669676618169032
0.000907761598823326
0.000978268744686792
0.000792279257941498
0.000715001313369482
0.000678296158960761
0.00080863383522168
0.000736532813377332
0.000735520034335945
0.000659222028283447
0.000667414070763443
0.000770500007050607
0.000901283011214722
0.000775791937967209
0.000712532722695746
0.00074681815631474
0.000677736740730039
0.000841003443234646
0.000757919540488302
0.000873704708788295
0.00076840007963302
0.000686955835593231
0.000678096681657534
0.00070836519166728
0.00071926344417891
0.000723952205551726
0.000759484843470754
0.00085350735685121
0.000749315781630578
0.00069993118293414
0.000734684869928593
0.000680561523367043
0.000734420679269955
0.000712444678011335
0.000798026417133999
0.000676188031598525
0.000769770793104518
0.000719682738270051
0.000793837266943773
0.000681839353826897
0.000830437419259127
0.000973319020038197
0.000719206464029244
0.000719123505621413
0.00077693459640094
0.000649110494446077
0.000763131724736038
0.000738734092643462
0.000734499569055659
0.000710349955019723
0.000748813054731902
0.000939975505596929
0.000618681164101097
0.000658215632565519
0.000719711119679634
0.000664061940536364
0.000655284018180137
0.000799235371677293
0.000781939694016128
0.000658037557905988
0.000672244101395896
0.000669890775682351
0.000686740825823835
0.00066881088008896
0.000779412518367232
0.00058695240301335
0.0006822241988195
0.000679429196464351
0.00066176831299817
0.000761981790542587
0.000685338092420982
0.000724245251925714
0.000603753577414708
0.00076591401180011
0.000793813744609376
0.000702907189010089
0.000758654536926324
0.000695649289326209
0.00074179716573034
0.000852600591338113
0.000579837024832197
0.000775891423966498
0.00067282168783741
0.00071583309600428
0.000731387818278477
0.000841601172408107
0.000645522029665312
0.000666121289253041
0.000653807383684942
0.000769147719178097
0.000836808593671608
0.000733877149347425
0.000772014171633956
0.00066278047471141
0.000685790211231949
0.000766027028298326
0.00072696743876486
0.00074074045179066
0.000725265093620198
0.000786007626148765
0.000913335074264082
0.000773792146346623
0.00075384028197417
0.000877706974742449
0.000755799001950491
0.000792011316998557
0.000776373905266294
0.000801386287005883
0.000801428490662967
0.000743477947544402
0.000618748066912104
0.000700088622103085
0.000879087412387333
0.000670836474341278
0.000694481960265161
0.000732776231600946
0.000714719250155062
0.000656576854336365
0.000617988408510482
0.000595533622948236
0.000674976698360058
0.000818168632313442
0.000853206759362767
0.000581011668445256
0.000657126967476882
0.000668066258347879
0.000690096672050417
0.000697520078843501
0.000638968834925868
0.00060854324762737
0.000773668458873213
0.000604612599560239
0.000672086117908961
0.000607928635871283
0.000689733439022365
0.000724260753177499
0.000569461970217383
0.000789484077257243
0.000800073131868614
0.00073950654106558
0.000707769008838517
0.000643045017883587
0.000675602843198209
0.000615002944359203
0.000777225765870854
0.000682897602572114
0.000706906485952646
0.000735219592351857
0.000618681458921792
0.000839733102239104
0.000721637598933169
0.000738991686260483
0.000687401416076105
0.000739389050069779
0.000748478286867293
0.000684112878480654
0.000763585857744399
0.000719399475957025
0.000783950101574464
0.000849115425194391
0.000716264822811777
0.000692057519469457
0.000822438035206794
0.000744690421735486
0.000704008346488633
0.000651381742040542
0.00071799851760409
0.000729027816442713
0.000687690777081981
0.000735388127669017
0.000598890211164027
0.000692311809229661
0.000685214232335806
0.000649087058892426
0.000651534293995598
0.000720194076553009
0.000552051246461665
0.00073778547506288
0.000571956948850385
0.000613543451567984
0.000664136712985311
0.000739239799683866
0.000688511921810266
0.000681290913967417
0.000623214701631928
0.000686828227316765
0.000682428867616487
0.000655816399238291
0.000718503906301224
0.000708326712251498
0.000619846335367029
0.000605059319840816
0.000801139011559014
0.000783428935934675
0.000850985282390462
0.000749982083458727
0.000717648727495696
0.000647777260945604
0.000633401979436072
0.00074628912368896
0.000628291573102111
0.000684386132243519
0.000669919741605516
0.00062792514219447
0.000751014036644853
0.000685161648637077
0.000778529906786903
0.000781767021653649
0.000659142216116655
0.000749954002168825
0.000790125128220838
0.000738062745347355
0.000733639971321749
0.00077567506847459
0.000628748189571543
0.000739329187417055
0.000693195557298662
0.000683453478539332
0.000701469461386304
0.000714519161489084
0.000811467403432171
0.000787065891631734
0.000758674269625949
0.000786767249091102
0.000637411786464688
0.000637809814645237
0.000720424691476993
0.000787736117556883
0.00078329876574694
0.000746223908651059
0.000717494223690219
0.00056845553397884
0.000782665786794547
0.00071267291193132
0.000744098491724196
0.000716260306360874
0.000610576244464899
0.000566191264198303
0.000584392785916113
0.000744019527274033
0.000812187245494277
0.000654191830515643
0.000715228292604289
0.00076382778517526
0.000655264389648093
0.000618949396652375
0.000772179464509743
0.000593280432021996
0.0007081402251425
0.000820962772493636
0.00066868546762878
0.000597178123825584
0.000566665949817234
0.000747460327570627
0.000679654659158139
0.000643851437867628
0.000665565837432236
0.000651300371358256
0.000736843824250831
0.000595412628503584
0.000913256022584121
0.000718223428388925
0.000792810483487887
0.000781855721976344
0.000825229155185054
0.000790726357417402
0.000858170889210321
0.00101475560934087
0.000593842719521607
0.000830543585648341
0.000832951495592309
0.000845668764681542
0.000557548359346577
0.000789442430122024
0.000772985352278608
0.000793324987630601
0.00078402235935585
0.00065202355144633
0.000643403326112339
0.000835720287908287
0.000682337165934071
0.000719689469889011
0.00080788084998877
0.00076071586419801
0.000778383725194016
0.00079747949151333
0.000736591029394443
0.000728657714077129
0.000748936540943882
0.00072650132158411
0.000688562318522719
0.000674432294452928
0.000733602963120172
0.000622775309247054
0.000717554997317663
0.000641708602399981
0.000713131089778196
0.000669972704142479
0.00060358595593458
0.000744279532691069
0.000720935420566018
0.000787348920081606
0.000644269233497132
0.000860072184827282
0.000651957218408791
0.000698433461513278
0.000787347190447147
0.000710480823503151
0.000613507712022139
0.000620241965709009
0.000609409196332288
0.000678956411578478
0.000788121711224823
0.000597496818605404
0.000633239266668549
0.000699751010609274
0.000671273359594809
0.000723078974214643
0.000806605279447181
0.000801111600120108
0.000649979076557462
0.00069160105432129
0.000652219208322389
0.000749573989312502
0.000653914395320487
0.000745496680007111
0.000718142143020139
0.000671266792176528
0.000609627436854805
0.000682361292150448
0.000819686416745108
0.00075735533603691
0.000710775294408583
0.000759102726972395
0.00074946827080473
0.000770777986831924
0.000703167791528431
0.000627631312344605
0.000706051541364575
0.000565608137266182
0.000678587308057756
0.00066295813814049
0.000688601091890192
0.000647652165764437
0.000739980016870453
0.000741701575158464
0.000584243072315713
0.000722189940679676
0.000598504130512469
0.000676911143975408
0.000633924531767103
0.000559195242636718
0.000600938215268283
0.000857573051121265
0.000696711858740281
0.000610257273942834
0.000582236118039786
0.000662928016389579
0.000637621507677986
0.000598088556971801
0.000636378769676469
0.000784174631577328
0.000870621755072862
0.000663768140847268
0.000796116688653024
0.000685449467680601
0.000627777682180062
0.000776888799597856
0.000692104861285377
0.000564329810920574
0.000737846880662983
0.000594662639609333
0.000678641553727505
0.000844347223413278
0.000626212975782947
0.000637210160005659
0.000639728138671163
0.000506470748589548
0.000569229511435376
0.000688127850690961
0.000839386799509832
0.000714735371901536
0.000598008349557461
0.000815528162621658
0.00065381889538424
0.000669637941157603
0.000696368646269887
0.000546252881250745
0.00071853814394869
0.00119445873501842
0.000705930640168729
0.00084119334603748
0.000617042059164482
0.000697185664684948
0.00079045354576843
0.000630589942501825
0.000672078295096542
0.000600178443952463
0.000726919628161975
0.000604887446660277
0.000678570850284434
0.000563155382557787
0.000676578088993763
0.000773980110117725
0.000777864323092912
0.000640189618332092
0.000737726493211291
0.000685109932592525
0.000710061223798085
0.000754963936050109
0.000743017689675899
0.000672762665889448
0.000688715011797244
0.000652710875787008
0.000681281986862313
0.000679362364257014
0.000724821789064097
0.000655500087314171
0.000755466385732833
0.00067492277347386
0.000732783335413589
0.000695685121031929
0.000644787491134507
0.000646350796934351
0.000595299565602734
0.000662618860175892
0.000586376743299186
0.000728519222872834
0.000705038662204547
0.000685822189918714
0.000694318147307539
0.000671907969936998
0.000681270026083522
0.00127882440013169
0.00072212933204151
0.000610948236774363
0.000685090496733778
0.00113083080568974
0.000770999198130876
0.000648571462917434
0.00071004450826363
0.000579568638110866
0.000654851343667895
0.000703894494797932
0.00069916474720418
0.000758706301454312
0.000783073241886987
0.000827375033312741
0.00070070064701702
0.000614358975269346
0.000816169406491258
0.000833084012027074
0.000772796919741327
0.000656624135596898
0.000682549644797714
0.000613892979686815
0.000788050449198004
0.000739554594032333
0.00111156744082923
0.000617108533687264
0.00073085967133456
0.000754827216549892
0.000676993549715943
0.000676794573680026
0.000681435783162171
0.000825719168848372
0.000568554783517624
0.000716523910406697
0.000756086206391972
0.000665680560037065
0.000641010937703907
0.00080551607703043
0.000598060860954489
0.00064437419606632
0.000935902987750992
0.000813937579494355
0.000740424662582961
0.000682076985975011
0.000674884847185766
0.000630286982418034
0.000794190006440669
0.000715795861775338
0.000774431613017418
0.000557200779177073
0.000656809057668169
0.000674537786875336
0.00069703685821932
0.000727891745734503
0.000680264408056429
0.000635549672197191
0.000784080695858132
0.00061107821124677
0.000681652673458234
0.00065508004070145
0.000629941618944528
0.00073798477312429
0.000721381358732304
0.000656743060589471
0.000757805173360074
0.000705153880165511
0.000716438197200237
0.000706789335916157
0.000629105494778544
0.000616221480411971
0.000763674421933322
0.000674763458217578
0.0007433569816565
0.000731023928100926
0.000745639460901382
0.000776491317265717
0.000646080896761169
0.000600843051763889
0.000733508056965268
0.00070920062322312
0.000671251902139026
0.000747761765369915
0.000690853730240205
0.000641936844410338
0.000560442973920656
0.000675861612770114
0.0006942273540892
0.000682972803953244
0.000600261026785165
0.000620862109512363
0.000646858196871889
0.000657794542634202
0.000665644163773824
0.000706801520381254
0.000790879662306799
0.000815169700408111
0.00069345538868446
0.000643489485412313
0.000772895219411067
0.000765410583328608
0.000695731726264289
0.000717533846070895
0.000633851345235904
0.000661490903287284
0.000587643957709197
0.000702183713049416
0.000742826835915224
0.000681309856356144
0.000539168609879241
0.000578305630622478
0.000585404394089853
0.000689637855566322
0.000629051701807211
0.000701945964646662
0.000637571513188196
0.000622261238456915
0.000649290166530039
0.000566267900838331
0.000673627112873584
0.000615469297037659
0.000743735466996764
0.000790691659585414
0.000688659164826753
0.000679292184126447
0.000827967353358402
0.000667196622167047
0.000719930964172525
0.000543150773927723
0.000698215868719624
0.000731719960780448
0.000734857439118874
0.00068856318174987
0.000668399390548547
0.000690002404361315
0.000600966790617846
0.000711045844723754
0.000604339004615881
0.000656256928408701
0.000773615911739896
0.000658410212974274
0.000714153388711988
0.000636113673896378
0.00067854240070047
0.00062953756302949
0.000684365216346533
0.000585052004351351
0.000753805333837699
0.000668254768420606
0.000690052886415897
0.000795260616861268
0.000709879606811092
0.000639291412908787
0.000755082729237309
0.000687345959868945
0.000762397426111131
0.000645895527858704
0.000829666552517607
0.000739773558299551
0.000653461813122463
0.000808734344731103
0.000696590208565875
0.000754197024206214
0.000592427755373531
0.000699626688873619
0.000620536398659889
0.000670463015342854
0.000745160298592041
0.000684031818528476
0.000643021976797769
0.000744478844986901
0.000645480830004895
0.000660253180975323
0.000653490010939811
0.000721484817743136
0.000587137951275376
0.00074637572049411
0.000609834293288785
0.000780644741136493
0.000592816160399089
0.00072926325159009
0.000739394062502438
0.000703229817331013
0.00067814365948592
0.000692036806691598
0.000651219417681313
0.000630241908154776
0.000793599575907332
0.000570410781966048
0.000651171690970151
0.000631135962629347
0.000713995539740845
0.00069443304571408
0.000643531238757181
0.000648109649061391
0.000609885240853009
0.000698854290744799
0.000729879791663099
0.000658444815830686
0.000842880708957619
0.000609622546848216
0.000876830074428491
0.000667181771683134
0.00071914775256351
0.000652714480708447
0.000706420783145201
0.000634764445418897
0.000670317693131998
0.000848987089888237
0.0007790050483284
0.000649670629401146
0.000688743049605533
0.000724972033597772
0.000627205250777609
0.000618707467320678
0.000822729519758036
0.000608724794285272
0.000671389196036959
0.000745006361122322
0.000709768226358308
0.000696562830316221
0.00080481589215941
0.00068480284023012
0.000652115075480418
0.000756941402199723
0.000639396673944203
0.000774403827060277
0.000593038557338938
0.000764654882609228
0.000735296711001689
0.000640074966155925
0.000659767844763525
0.000836313320394071
0.000679316237546796
0.000821906637497967
0.000649173489497689
0.000794346927763639
0.000606230768941812
0.000764588460629486
0.000667118195064296
0.000747686202656377
0.000766160068196643
0.00077736744743524
0.000717400528411463
0.000616943040607607
0.000778282319229756
0.000736649584925153
0.000635842784458104
0.000640311663056947
0.000909448715388057
0.000789606041992502
0.000651372108130967
0.000713186394814765
0.000651132908551033
0.000748843257232754
0.000847436886313751
0.000731988284893751
0.000687480783053173
0.000623547020491564
0.000657939345425425
0.000783926536911199
0.000766153189046312
0.000719500106039763
0.000854762806562233
0.000794031885252598
0.000795269393969988
0.000603474187028707
0.000752546297846642
0.000682145777770795
0.000869860360087623
0.000729524199389623
0.000715657396227396
0.000625154169746058
0.000692282020786508
0.000723308587694793
0.000691809877647808
0.000689542652294026
0.000697638527126146
0.000701568922869872
0.00063549319313622
0.000748975507466753
0.000714241434724625
0.000733162537050671
0.000827857681608217
0.000664053462094426
0.000619030608108145
0.000796744520905286
0.000641034137262819
0.000720205895594757
0.000691326748425477
0.00082053528528777
0.000607361891928559
0.000910158227728029
0.000857157217884509
0.00074806338650042
0.000715364378285321
0.00067568962771442
0.00077195133153709
0.000773254408499504
0.000731375302323818
0.000623919906981332
0.000634927502901155
0.00064988302012491
0.000673310940571536
0.000685979110733478
0.000658015581719507
0.000659105973699132
0.000696389231109518
0.000654438073296964
0.000643508904307941
0.000665403011242077
0.000648907122264028
0.000658346791024621
0.000748856354495848
0.000775369939524252
0.000758192890723026
0.000719448207624321
0.000673823038916425
0.000807990858993435
0.000722970482206732
0.000608018921980786
0.00061045825646543
0.000878337717789728
0.000634976224484096
0.000764273692224299
0.000691541294327555
0.000746850147712426
0.000687316582350936
0.000733577301643489
0.000710845799273956
0.000710000062986189
0.000692935995692884
0.000648483790019675
0.000560319954655894
0.000742457774123878
0.000710226930193014
0.000923922077695077
0.00065594885624164
0.000649055700128993
0.000711622329017903
0.000593685354500055
0.000611896684366114
0.000687632252683202
0.000803724874137251
0.000772586406921715
0.000713215734988306
0.000750823755409917
0.000773000617699571
0.000843292443996194
0.000804656134230485
0.000740809876509908
0.000814105288112603
0.000679473786991857
0.000639195674206149
0.000672315107355785
0.000817714257960992
0.000785176113406506
0.000916294980650968
0.000764957223177442
0.000748664259008716
0.000843354878931199
0.000713058737675266
0.000731297328835498
0.00074913449222458
0.000788414666502781
0.00102848961278557
0.00066470402616381
0.000711529100696662
0.000675349264508705
0.000728343928725282
0.000782921176351597
0.000761685941866568
0.000715919496033055
0.00068145897387887
0.000747047413449242
0.000661050000808188
0.000707554429409436
0.000734648884855694
0.000826015647259791
0.000658714376233145
0.000705442205234274
0.000713530700717784
0.000622689785370848
0.000747366530610084
0.000660688120985539
0.000741002410577131
0.000773038809812621
0.000668357824104479
0.000592105524171026
0.00067006120033851
0.000682364279589488
0.000810123156501958
0.000694427044943697
0.000587927957755807
0.000665479021918227
0.000760016581911666
0.000595123303441331
0.000694540448635674
0.000674175398969631
0.000775152275815733
0.00065116823085347
0.000645636954286812
0.000779321737035951
0.000654005566252693
0.000605178829394337
0.000781998050702387
0.00062147560033203
0.000654207167278475
0.000643067055113416
0.000807215375988024
0.000839141532720875
0.000803518665126961
0.000733836624322267
0.000697488857834397
0.000666073069425768
0.000746368481555569
0.000616009394524434
0.000794583491228492
0.000636861030347125
0.000663994768599786
0.000739091582370089
0.00077102357612653
0.000736467058867937
0.000734583249683918
0.000641520920600126
0.00060416396267826
0.000712616406801873
0.000608887050038765
0.000697256783942253
0.00067522251472841
0.000739430235197483
0.000619204048597654
0.000699096084177077
0.000700778059795315
0.000581225096167381
0.000826735361007859
0.00091464739250865
0.000723346532837955
0.00074664903427072
0.000756525382029686
0.000721452791206622
0.000666217438433253
0.000697563922588419
0.000720622505332323
0.000601200786015447
0.000750591631063305
0.000687536205998995
0.000679362113320781
0.000876074190254843
0.000665612317693024
0.000733889188778518
0.000718265944163434
0.000892023306459132
0.000755997428522914
0.000674220123571806
0.000679148693976053
0.000760109173168561
0.000757476146290423
0.00072874089662132
0.000665514679568116
0.000644355744111658
0.000733554094664622
0.000697593236011477
0.000721912409253821
0.000768575807920135
0.000612963434079913
0.00078804805984465
0.000784606109836863
0.000876202441519425
0.000776837691324032
0.000660115353415615
0.000680162986568715
0.000677713522194712
0.000743652960759426
0.000791674732353133
0.000701502990606586
0.000595001128861331
0.000629797124217217
0.000672191457371386
0.000810625038348667
0.000696284474406872
0.000673274815096419
0.000662010383969395
0.000705632898501396
0.000756135395806228
0.000841775170965378
0.000738243844625851
0.000651375648272366
0.000610259124313573
0.000750536102069514
0.000705419044262292
0.000719382775957836
0.000700371420873912
0.000670398471547321
0.00067214634268659
0.000681776130654845
0.000970044438357776
0.000698189251988855
0.00067850852427023
0.000846354904640667
0.000684643794063044
0.000711761291239496
0.000668119117852471
0.000722245280889867
0.000648300808432114
0.000562861613028205
0.000553692388505281
0.000717240343573603
0.000687355946452322
0.000677203931517933
0.000709611111857747
0.000852289965455558
0.000706332216030847
0.000726904130641248
0.000767810228469563
0.00081673871608765
0.000680213214351085
0.000652063436080166
0.00073442430618062
0.000614839011796528
0.000819543406435041
0.000712505519180463
0.000745844986069588
0.000851298569270835
0.000702453705925315
0.000698075664833554
0.00062843752409756
0.000674144395093629
0.000641581170449256
0.000604016774026697
0.00055606097297432
0.000679115032426076
0.000743556192027428
0.000678833366569255
0.000641771640428238
0.00061778811318474
0.000723721043022605
0.000646735702811892
0.000720333936542672
0.000639114997898517
0.000871521845387338
0.000880078025410867
0.000689167606488677
0.000637760690883992
0.000680174709213258
0.000724872127987872
0.000811337397915532
0.000741059792756059
0.000754237761624609
0.000680707436513472
0.000699814740124204
0.000711250186544628
0.000620479281876909
0.000631645983016185
0.00072347752629693
0.00067445437728578
0.000572449554242148
0.000685781051618873
0.00066611591640633
0.000712097701268499
0.000646376298987655
0.000707631004364196
0.00072460390461527
0.00081377026744518
0.000712411977750523
0.000818305294601516
0.000676952755061972
0.00085170450089981
0.000715064996470201
0.000674200181232739
0.000745174715609939
0.000780543015432711
0.000798211303396454
0.000731552415024991
0.000715572243569522
0.000721695720945066
0.000775649880517263
0.000802732356804252
0.000675907114690703
0.000705354010640855
0.000750244932640004
0.0007291490986403
0.000675489426227706
0.000793345849769992
0.000719801482404303
0.000631601309207371
0.00074576867675563
0.000684147127415261
0.000768306750362235
0.000698063176287341
0.000714268022100755
0.000701725434592336
0.000585571888393726
0.000687457408593918
0.000635490820692877
0.000822742386048956
0.00067955501320417
0.000667148477936003
0.000741615273916676
0.000737520369205465
0.000745985932493796
0.00064536831440407
0.00077556045508608
0.000709726551792765
0.000824855953081618
0.000792214824514303
0.000706458695091055
0.000623008394858065
0.000747661184478113
0.00077274521072592
0.000805625288124324
0.000663248987032985
0.000875819118105528
0.000678760322741857
0.000692460554550206
0.000697262275318159
0.000687055193797098
0.00062569943512139
0.000762189054974362
0.000698398083987748
0.00081142024068247
0.000765319736697837
0.000753162999333799
0.00070575532964809
0.000656874529700167
0.000672387135864317
0.000679492262868015
0.000694238621712014
0.000731314236682525
0.000674448156106792
0.000714857000862459
0.00056801486169725
0.00074906321254452
0.000663502416013272
0.000682007255980789
0.000732764795105934
0.000765670397453409
0.000563738321242785
0.000593457567822084
0.000589143916599484
0.00067072964709767
0.000681494564282637
0.000787165391017436
0.000693850953226971
0.000752228671206146
0.000723074028160959
0.00075881185551926
0.000738523678099188
0.000711724768809494
0.000687817992728519
0.000626904546250343
0.000713978716099734
0.000657055038465556
0.000652831751736508
0.000738209381399153
0.000708503488259121
0.000665902738170763
0.000795088772270137
0.000781743679091288
0.000717016064789518
0.000728127149077132
0.000950737214107487
0.000763344670167054
0.00073283048563932
0.000658787393176722
0.000753548126761373
0.00066660295219445
0.00064901640144393
0.000825759757475515
0.000774243225511309
0.000753682200182144
0.000666379951724501
0.000716926010538232
0.000843389175616167
0.0007130223746732
0.000668161115613461
0.000799570147346024
0.000644026543114777
0.000748480858067872
0.000816415289915298
0.000775417133442813
0.000802370025124913
0.000926113664047596
0.000705917693823223
0.000719438031998981
0.000679560561077712
0.00080231455760082
0.000602011960836123
0.000784070598479339
0.000734340394666444
0.00066256549659722
0.00080133018736973
0.000688979964692626
0.000614923225555098
0.000804249197498413
0.000848812046660708
0.000750524385479648
0.000666540739119061
0.00072513601077996
0.000704402582643678
0.000714195415827399
0.000686695318830411
0.000810364779238854
0.000751625086854513
0.000790825789654993
0.000766404877186184
0.000614840024664365
0.000732044466022743
0.000576492395096863
0.000633762908070188
0.000612705009391682
0.000745027638580352
0.000846678601355364
0.000694496944129687
0.000848851704705141
0.000777385525445022
0.000821648357897096
0.000724196733300765
0.000747642355237281
0.000672247381504866
0.000757530078406033
0.000667595103821781
0.000698134077224361
0.000648001809816203
0.000909519832196763
0.000727145568646248
0.00077359448153386
0.000716347164673189
0.000668690695371799
0.000707071413604826
0.000698875299142483
0.00066638942228795
0.000718780832233644
0.000719107414940006
0.000728422968826752
0.000732754194034455
0.000839858973285847
0.000779776638907508
0.000730152925569479
0.000684751196203245
0.000726883778737481
0.000797268857829435
0.000744851264197259
0.000760549091771746
0.000699936721059386
0.000698199247282001
0.000592825043379733
0.000887995654537649
0.00089359823011911
0.000707456890272825
0.003832129061707
0.000765658378659638
0.000791648003514626
0.000834007186353964
0.000930933549103298
0.000818195708598688
0.000641947990842913
0.000735773603312322
0.000638773626730693
0.000566951415136899
0.000671459395274465
0.0006070841136354
0.000800489336499573
0.000722593477367896
0.000709653361099528
0.000769876095185045
0.00082143275782029
0.000613273271530815
0.000830852219584418
0.000693390575697745
0.000747891777483443
0.000693845469608876
0.000754580011809144
0.000731882455665058
0.000633443262458273
0.000769362189432687
0.000762611556041598
0.000710958079154863
0.000729366381484121
0.000662751739745186
0.000657412620744824
0.000732226354535978
0.000781536313117913
0.000737107364882421
0.000733752765444017
0.000631106322102061
0.000650211528401537
0.000680717140811698
0.000610590633505244
0.000670276303261066
0.000781209164847604
0.000732966204714261
0.000702259029475214
0.000762849698850033
0.00069712954523317
0.000695877119793774
0.000631361870201888
0.000658605892764551
0.000667482522293065
0.000706754263314719
0.000758996446071094
0.000659457639042089
0.000675941844164913
0.000646397626850607
0.000777339988845909
0.000862210208406796
0.000759241146324061
0.000656934259591828
0.00078846163620763
0.000746227194387038
0.000696211679021748
0.000633057596052505
0.000811286347697339
0.000761409179921297
0.000636799950871588
0.000745089849344873
0.000695077083771906
0.000734545743191491
0.000738639929499037
0.000778105878928684
0.000712704360409708
0.000774470016383487
0.000804738097573578
0.000702420212707289
0.000817162265636333
0.000757564079771386
0.000806301732810952
0.000690396033517266
0.000654967862906759
0.000733282163633703
0.000799060532428161
0.000615835826927662
0.000754717686153883
0.000671401330782214
0.000615531882126122
0.000675258832895991
0.000694131116285032
0.000835057527565267
0.00063704416227427
0.00081126218170626
0.000721204571694079
0.000700420109576954
0.000962478100948231
0.000793538482586159
0.000690470645195013
0.000711794534972375
0.000732974617278699
0.000799858066230264
0.000739869879081742
0.000699618455356272
0.000866582763198982
0.000840420838213386
0.000686748201102217
0.000703242202302985
0.000703723842300951
0.000690469866597245
0.000708528242540355
0.000782832510110722
0.000741931344987522
0.000864176754849694
0.000731031059643966
0.000760210696412709
0.000711938685967951
0.000706540740776233
0.000627618212483841
0.000729048449111032
0.000759790768345461
0.000710695372603374
0.00073380844054783
0.000775305717098849
0.000892505295156376
0.000710995644576249
0.0007071332348761
0.000682017666446393
0.000708804298501686
0.000712446382471142
0.000799563517142706
0.000759777700701405
0.000801986133107715
0.000644676000424215
0.000790249168287142
0.00076718481471923
0.000742038533952557
0.000751363703857356
0.00086761222374913
0.000779057135427329
0.000845448177653014
0.000701181181669763
0.000725407256103656
0.000670664525914628
0.000751574557021234
0.000787382928018667
0.000694025413637264
0.00079616256410055
0.000790111780639926
0.000742956672688987
0.000729885216867555
0.000724334742049757
0.000700433031549728
0.000770285304333427
0.000824618537892991
0.000699175288987598
0.000811000650493118
0.000777128330602056
0.000693179533094597
0.000710591836439033
0.000667556967884625
0.000621410383050525
0.000730891459159924
0.000684702640727084
0.000753632987195174
0.000703773022437636
0.000787092904133211
0.000593468690029008
0.000815981840904228
0.000688147143809582
0.000783585779730642
0.000656370803304429
0.000760170893430109
0.000836989465666097
0.00078823641910432
0.000684483212403479
0.000710226509666998
0.000694639158406455
0.000735722474705038
0.000698461089378507
0.000706599413263335
0.000788689762416361
0.000760412458910596
0.000713940772407974
0.000748843750926275
0.000697226277537657
0.000715648375578016
0.000748184831670636
0.000669271617524777
0.00127505716505147
0.0010758031338157
0.000890534814135527
0.000880173813855689
0.00109174938145762
0.000679821408152175
0.000892633795462243
0.000664252128422939
0.000780286230666495
0.0007729118458045
0.000635730066420029
0.000775585366602364
0.000794839612527974
0.000826585168137424
0.000802387647190288
0.000721431682693827
0.000764411223499745
0.000865144424648874
0.000820990956967948
0.00071447201314294
0.000765439947325784
0.000681667574537812
0.000783466976432901
0.000686411921237284
0.000703854804271136
0.000663394150399599
0.000794636133434142
0.000827367314019802
0.000763633116390649
0.000725250453825667
0.000812465120404817
0.000765025290312841
0.000728781038544431
0.000701130986011779
0.000653734388378959
0.000738856659682049
0.00084412266073997
0.000818824797551877
0.000771297402302052
0.000831250169568991
0.000792206227149926
0.000895185715242139
0.000874534281973653
0.000684502979558682
0.000704728362437749
0.000894534431122628
0.000661763785460392
0.000658893025322016
0.000812826964889369
0.000839092133417963
0.00077237747300613
0.000745257203805209
0.000695355174180004
0.000813407309203108
0.000686121212852841
0.000670452213728727
0.00245601668762175
0.000669396144373215
0.000709072011652513
0.00105331565453867
0.000852396500897025
0.00076727864086075
0.000760919639324716
0.000851502130739383
0.000725739014283847
0.000831303116646954
0.00078237722805539
0.000813339164211448
0.000853340062474405
0.000649683981303816
0.000612947266440969
0.000724737598996146
0.000774414053074188
0.000827692270415225
0.000714034820582216
0.000796714450918045
0.000713996466065051
0.000719053254872157
0.000852086028441157
0.000720459966274533
0.00085398321773658
0.000795616325309632
0.000828220941540798
0.000641717201794613
0.000697389665164217
0.000759710056173851
0.000697902629517477
0.000691811201830189
0.000663504478281342
0.000719985057229943
0.000747982096571964
0.000694189570166365
0.000781368344862669
0.000896038428018678
0.00102501369293861
0.000764359030407786
0.000647838713198488
0.000909388258217708
0.000969481116525996
0.000813538249883782
0.000764277800801844
0.000833102120109995
0.000712787874847722
0.000659035462912944
0.000651003609485756
0.000822585084117909
0.000732697276708157
0.000845449154750103
0.000863948891494283
0.000622984089925802
0.000744144040698118
0.00077334363516275
0.000725165432360122
0.000775946417367226
0.000907598101313798
0.000841611583029389
0.000786552067532086
0.000821375909016038
0.000833210381482403
0.000707289977244007
0.000754997476058827
0.000701633713476019
0.000879174786497889
0.00072576288469649
0.000842494955093434
0.000746313939168271
0.000846954809832986
0.000713465049305975
0.000766669483550996
0.000779957778069561
0.00059729406230023
0.000743978960409006
0.000809034269573541
0.000718175979214219
0.00094356576126274
0.000843672288013201
0.000709463865221809
0.000831526082654678
0.000704617832530077
0.000698922682766001
0.000634382532665226
0.000830640152465685
0.000759293686906479
0.000993999485036305
0.000695521266200536
0.000628270529478961
0.000705425051688861
0.000606860518680017
0.000792868346089877
0.0011034417186065
0.000711043249895616
0.00082039913664055
0.00073430125431394
0.000696836151515302
0.000702865750399918
0.000808373450032814
0.000686263745094741
0.000705784305931688
0.000757259833791134
0.000712576851315754
0.000752926334894807
0.000679582637887437
0.00076165128400741
0.00067573604452465
0.000745457558295257
0.000737371617108205
0.000786527970767043
0.000731847959742289
0.000652162968644117
0.000827822973845741
0.000786072963385855
0.00079935025571641
0.000834143268366695
0.00229609900244853
0.00068812198764033
0.00064411795849111
0.000823157136179323
0.000784170887733976
0.000616743497522489
0.000796621304789108
0.000729284071704621
0.000761047043762494
0.000780234892188021
0.000717205903162524
0.000837639649900407
0.000724104517831342
0.000718335858581119
0.000714063643302085
0.000670394139789096
0.000743256470057812
0.000659035628814758
0.000708633689020138
0.000780550705706429
0.000756976746477855
0.000762717460323247
0.0008104584578442
0.000841292303409573
0.000815500563116393
0.000734269482503717
0.000816278117338644
0.000744558788602657
0.000801277395641768
0.00077562315675603
0.000716177285650808
0.000845079626306611
0.000732971449652963
0.000704742694338197
0.000735794856761983
0.000640876098819575
0.000695757551369433
0.000754085332160337
0.000773474901966129
0.0007020314402985
0.000771968525881822
0.000759628724367429
0.000779052941722972
0.000833742105798838
0.000763070561688788
0.000899125865762618
0.000677800290054628
0.000729330263704821
0.0007873293290844
0.000675742600863296
0.000813979730107632
0.000651607930079893
0.000742897258310387
0.000771350101155809
0.000867220316940121
0.000722835843701641
0.000779645578050008
0.000682013295257539
0.000786960273523568
0.000964737464586154
0.000814017973310655
0.000773527285802233
0.000702856493020077
0.000692877780372391
0.0006670044169426
0.00069224318667228
0.000793708628244645
0.00081128741449597
0.000848071530043835
0.000772966100168646
0.000681301682548628
0.000765668471633979
0.000716004111045801
0.000594898466253772
0.00065219478552059
0.000742267048216446
0.000704542075104206
0.000689723258399548
0.000841878365666668
0.000856900402903829
0.000967719715504815
0.000837471260935184
0.000730569757054509
0.000673685448884414
0.000756677568681052
0.00068189865446669
0.000756558352242835
0.000721682905743094
0.000761336203324242
0.000964892359514945
0.0014362642678509
0.00134916014088726
0.000730544430506005
0.000682187668380424
0.000940875154927649
0.000867670048624099
0.000808470281193695
0.00086442815230699
0.000684168668767215
0.000836233711140026
0.000743809852028706
0.000991803420576684
0.00094988433901738
0.000800847877307406
0.00081967232757107
0.00079857643749346
0.000758714709344472
0.000873173862879509
0.000775181420228971
0.0008269073315044
0.000718891164612535
0.000807132610926906
0.000808060429666241
0.000786491080225208
0.000759779445220552
0.000684397365895838
0.000835250101808961
0.000701758866436343
0.000749694493431498
0.000777104289164377
0.000833761845156367
0.000639184235002408
0.000742872103558326
0.000853341030625453
0.000743373052812784
0.000780071186218974
0.000691829347438413
0.000744875343800289
0.000669296944843769
0.000751899873983142
0.000689607615428849
0.000783370786312328
0.000819956722884197
0.000703558075626506
0.00068070112733434
0.000739223878437718
0.000728016485227753
0.00067857981975308
0.000672452572603699
0.000696804384109806
0.000673325270544672
0.000618583074616455
0.000676939937968626
0.000710284991002708
0.00077068764270631
0.000754383247014956
0.000795638029522886
0.000765030615646517
0.000707174897221881
0.000806044298725587
0.000736509788590212
0.000760343815580575
0.000841286583856383
0.000757477397354902
0.000822555588456032
0.000734607817903129
0.000771725331497765
0.000847402367139619
0.000791629070785392
0.000617416580891194
0.000621839618057703
0.000721849840557448
0.00075723498241774
0.000761465085830905
0.000814498961378402
0.000732322226407677
0.000708449924940315
0.000735155772677497
0.000797209687552741
0.00069604927298102
0.000670199466963256
0.000820304576196207
0.000748141880042506
0.000807656183389049
0.000922165007084776
0.000737553784731222
0.000813055460219995
0.000816907244300726
0.000741912073246242
0.000673366353255153
0.000732419429538521
0.000765790894609053
0.000828206926196184
0.000740619517942131
0.000869472896019158
0.000803770912516229
0.000716003527934597
0.00084969236304397
0.000815165993988185
0.000779090599350572
0.000700220649234922
0.000813994771329069
0.000740141137559315
0.00082983825371802
0.000724035380219168
0.000737006644729573
0.000798768568205391
0.000849865304410945
0.000755218494309958
0.00074065078939431
0.000767954466962184
0.000797247083516644
0.000810496202604232
0.000838322234636494
0.000729139325251827
0.000774985387964502
0.000727660747996067
0.000746105353534555
0.000868705284243936
0.000777208489281051
0.000907095345139554
0.00088419268838059
0.000815115707407076
0.000833294461647752
0.000755189884861917
0.000862877699440365
0.000704749202442609
0.000717322534938424
0.00174372931311121
0.000922840614039632
0.000742760410352837
0.000934779454368816
0.00075621086514314
0.000921000917812434
0.00162915880956186
0.000896109335159094
0.00102052372506201
0.00118797425660182
0.000882466399060411
0.000843933523448334
0.000790352186801099
0.000663591495561509
0.000908111252551943
0.000885095930119749
0.000948934872649569
0.000754258424393713
0.000913633005284218
0.000908816300378896
0.00086618163428241
0.000857056680154106
0.000886578667818008
0.000916963030639918
0.00085020481409138
0.000848967078821735
0.000960997883869419
0.000870410719184368
0.00093543673954616
0.000911420548209431
0.000688534777271311
0.000913589691329758
0.000891970723526323
0.000766812945729506
0.00108369773403299
0.000727311729142616
0.000809365109129285
0.000756984300546892
0.000765554898499978
0.000839408636902307
0.000826563794352399
0.000839636629910038
0.000904887049363376
0.000831999063308016
0.000782520306746396
0.000786250168233298
0.000733607959162652
0.000735467696763028
0.000741800848883845
0.000766821601641859
0.000746153453614587
0.000956083944508438
0.000838925282206998
0.000726736673773451
0.00086438238183421
0.00079552148618683
0.000927496593702954
0.000789929865714645
0.00101801085890075
0.000832650065657872
0.000882003947688912
0.000745305231142395
0.000802353366026384
0.000756035761134188
0.000955583953173915
0.000893462843072963
0.000797173384551732
0.000650245272719949
0.000747061149950578
0.000726698192775706
0.000688241809956683
0.000834718657515983
0.000843067448373756
0.000695774953382351
0.000690135165929485
0.000891352893005226
0.000845904112510093
0.000829730239773185
0.00079279285015896
0.00070291278037176
0.000825901718703478
0.000788145245996803
0.000983125562264464
0.000805009087268508
0.000789704818112215
0.000765100209193143
0.000862635162099369
0.000725862804909246
0.000846062841982818
0.000711662602177794
0.000725050314448622
0.000749297281015122
0.000805082050090253
0.000779023710838612
0.00063826099973588
0.000870702736198852
0.000791230574667669
0.000856206919937893
0.000834520466300039
0.000766300923319487
0.000899461358104684
0.000744861624560733
0.000847990196739844
0.000759409255997051
0.000800716286523179
0.000874586876929521
0.000863007848735543
0.000699256087263868
0.000828966498015739
0.00071275879954509
0.000894604263832074
0.000900133883026131
0.000777523105904584
0.000806667262063184
0.000851922037881479
0.000878699709643851
0.000864045454359079
0.00115066433942335
0.000820318569027857
0.000870595833451365
0.000864405153762149
0.000709871778214743
0.000734213883541316
0.000851980890374053
0.000833828885380923
0.000802724754984319
0.000765920118274722
0.000713775808310969
0.000805390313169755
0.000827047843836896
0.000686782717150386
0.000727254072037217
0.000742489810964437
0.000716805025532485
0.000826103064444168
0.000822907145665731
0.000785188969969324
0.000857591554627778
0.000758427232347234
0.000770277824936471
0.000815235318436223
0.000794724518395991
0.000875593989467524
0.000814474421626568
0.000752292276543024
0.000774979878804022
0.000712254027500071
0.000731795318335378
0.000790404217080909
0.000720134584388109
0.00079809084492972
0.000755352425249088
0.000822060126393666
0.000829893773227637
0.000810060531705189
0.000728772439659127
0.00085225222600182
0.000811982368637087
0.00081572495612596
0.000817322763689131
0.000793918556187943
0.000691905134046009
0.000772895537907353
0.000863990216348181
0.000734352775972184
0.000789781992923809
0.000783489372305374
0.000765234262319244
0.000706566645759777
0.000807356494730737
0.000790777969942416
0.00079447582993118
0.000878648026220563
0.000799721239937408
0.000826849524098386
0.000738327700396249
0.000772904544536494
0.000686066742186361
0.000718171383064763
0.00079835646184138
0.000795138976286421
0.000781931480920745
0.000843605371456749
0.000836036195461832
0.000902362574694617
0.000820105107807375
0.000824774836480257
0.000750660938347952
0.000754838341046684
0.000973989304760149
0.000754682400976882
0.00100489650283919
0.000844191119549122
0.000803568813865383
0.000833402868303931
0.000855979018454171
0.00102597329469855
0.000865214313978284
0.000933965928177849
0.000736836458750993
0.000932923450043544
0.000974527782436888
0.000779699812370335
0.000837354140532358
0.000886681778581949
0.000837163198950183
0.000742708600344961
0.000949533579053041
0.00097114602337923
0.000916945109170839
0.000805415455302741
0.000866930930102945
0.00083274416090025
0.000844169674644538
0.000912667820451554
0.000767333214655617
0.000740036687378146
0.000795760199613117
0.000762629015928658
0.000806303032287061
0.000790770065894966
0.000739514405508848
0.000795704892842487
0.00073205059407093
0.000830828990901889
0.000774862858755736
0.000808536372501435
0.000705392632621978
0.000799819244524532
0.000824639573810906
0.000877650080277028
0.000763342205334774
0.000957719194789267
0.00101143065270176
0.000870266617126256
0.000883293045855853
0.000800160717831048
0.00103374773142087
0.000773215351995373
0.000837611917341808
0.000737601509795215
0.000798162508512816
0.000865642850738359
0.000898667483355829
0.000809570821110998
0.00066679150828467
0.000747757067273761
0.000803902104609624
0.000712749240192215
0.000783117678251744
0.000811300227426182
0.000732870991936705
0.00073127634401545
0.000794188480693491
0.000680302830975082
0.00079507710551995
0.000738892329094221
0.000774696399682467
0.000795344401112873
0.000798024700175792
0.00103082983971545
0.000860372139350339
0.000729744905679589
0.000802878091738669
0.000748928316013884
0.000766143813556871
0.000755926089244173
0.000796267671365135
0.000731952181652262
0.000873045078024935
0.000915799168919523
0.000770822945470253
0.000702870614768896
0.000671544841323171
0.000759904912596318
0.000832027894089892
0.000941231411145547
0.000806115555542071
0.00085855282084437
0.000803932029048193
0.000811400890906581
0.000864639921384595
0.000730672541961447
0.000904619625132739
0.000863196910722642
0.000750132701015625
0.000865944083980994
0.000780455809512385
0.000932528253712868
0.000763456279188059
0.000778276063121573
0.00097733657547201
0.000786451664887493
0.000916134597187643
0.00077001861120903
0.000748192053082762
0.000817660988035574
0.000791880356618496
0.00080190614776115
0.000852092098326284
0.000705653909693418
0.00107867800637406
0.00111651304545769
0.000818791644060894
0.000816656199134865
0.000827711050249173
0.00074294008465521
0.000753316400787596
0.000739192417374181
0.000740642417732472
0.000826788946051436
0.000739504408625821
0.000756402966596483
0.00076807668988221
0.000719625666149412
0.000753412474146895
0.000718593930012734
0.000893963896666997
0.000878917778481107
0.000800461384297911
0.000870603254593967
0.000900689415493755
0.000763916236799895
0.000755910921008491
0.000810706996880147
0.000695480672753792
0.000671081599692869
0.000807323084488843
0.000795676821568282
0.000690946664719024
0.000797488635022946
0.000681584860908005
0.000937588309692791
0.00103982941669712
0.000755588701840574
0.000789340989774194
0.000861243314024158
0.000789002217559255
0.000888894488825173
0.000788563161862194
0.000752678877267093
0.000765535496109339
0.000777433875351383
0.00075136955839722
0.00076770590090913
0.000795458601253459
0.000836542449096884
0.000819846619344082
0.000801342399630144
0.00100383616354883
0.000857041093877407
0.000826824162316
0.000731248077457313
0.000728833673588048
0.000739471617425759
0.000811074677903898
0.000828636110914894
0.000955912938188678
0.000767379391029589
0.000728408697932848
0.000745845857261597
0.000785374834034689
0.000682875705464066
0.000860425177300294
0.000842543097789339
0.000847958515358872
0.00067004189156495
0.000788844209657455
0.000660856273165628
0.000787895466117815
0.000810429216568091
0.000810729045153276
0.000660983919934793
0.000712913523031436
0.000745337506329518
0.000832238260293804
0.000771025801755323
0.000709437239394176
0.000797976323170459
0.000744325509286253
0.00091615909169671
0.000787475609426994
0.000688365167475146
0.000797341493052161
0.000883635949768383
0.00106440556235327
0.000740296481823331
0.000744300782524153
0.000867705745303989
0.000844488734204125
0.000836563374269803
0.000827725547799363
0.000769159479946646
0.000816557822124811
0.000881494653907729
0.000843403982203917
0.000814889030397064
0.000889767755117781
0.000837494200196713
0.000828385738161311
0.000911006894528971
0.000834244619590801
0.000826667550647582
0.000743388251407396
0.00093015615574461
0.000812967858561892
0.000826341387730177
0.000817347644865764
0.000835548936959171
0.000875345991940021
0.000861881010586005
0.000892006639749161
0.000843362910371979
0.000797983021589084
0.000947144925885617
0.000927906065970552
0.000779072196633701
0.000839198208396013
0.000891522205513608
0.000844758688131955
0.000724812056769923
0.000822499051218907
0.00093584611081509
0.000670371128625013
0.000763384564320078
0.00082893465142964
0.000867717513462041
0.00102764922671777
0.000861524532031934
0.000953289685981855
0.000930758600869475
0.000808443510708291
0.000776455743013802
0.000850089373121057
0.000800335580190274
0.000857306561030101
0.000710623250585858
0.00083383364205834
0.000953170774187155
0.000962540945560241
0.000752464267482576
0.000689355271087111
0.000724485340224403
0.000802397832796081
0.000730687021385859
0.000856396874618
0.000865777814323036
0.000848086815261662
0.000818500305737412
0.000831648764985661
0.000863628114450268
0.00122617189638999
0.000760620499380139
0.000883973834594579
0.000882730001572425
0.000836820523668644
0.000794101685462522
0.000886320625077059
0.000884580354583679
0.000879076750917662
0.000945061154219302
0.000787407108886534
0.000848557616878984
0.000871729354593766
0.000939062220406959
0.000973499382918695
0.000813486953801574
0.000928173881609875
0.000818773937048578
0.00102118188152602
0.000842539686616031
0.000850075599965656
0.000873072259560605
0.00097084817634727
0.000869100473239455
0.000801538848794426
0.00089452334587841
0.000856248370317519
0.0010078058042746
0.000944182736532469
0.000894726525223616
0.000790822598958117
0.000837554268116156
0.000842727000299624
0.000790984607886221
0.000801440251906269
0.000828299104307731
0.000964194228591681
0.000920641270805069
0.00082239808783279
0.000812432063229516
0.000978774328623646
0.000786094438752811
0.00102457012501168
0.000783125914872338
0.000803614491142173
0.000862020500224732
0.000927726481845901
0.000901401773730228
0.00085485170107534
0.000706586681896899
0.00072205999328677
0.000820046280658924
0.000973626502574603
0.00103004379865927
0.000817810463751386
0.00109179044143234
0.000847027868189113
0.000899660976993571
0.0010340228103398
0.000749726490464158
0.00105153690345252
0.000886530117754893
0.00082848774980716
0.000859167301767022
0.00100995789066818
0.000858171176116718
0.000716097792854829
0.000852688972862766
0.000844378607064476
0.000882082056986248
0.000882464886626443
0.000779353267469541
0.000760289370593726
0.000955617863159867
0.000830924286528527
0.000755356738900644
0.000879841308820462
0.000933166997341038
0.000857075050272211
0.000851470075815609
0.000677543760991057
0.00087379116145008
0.000947661274177735
0.000929616539189848
0.000738037035243678
0.000951268802781678
0.000817536620063353
0.000888319915417246
0.00086088155826832
0.000879344271216922
0.00079067496510151
0.000903841451803818
0.000983772501070068
0.00075104771394215
0.000896789410124599
0.000783620484691256
0.000786210342742655
0.000941930135777327
0.000837225752912071
0.000915168001794919
0.000946272055458647
0.00103456077780582
0.000876758476721675
0.000867202128894768
0.000908056553255273
0.000825888663326293
0.000901720046382237
0.00081786581613063
0.000879800102829933
0.000903860949623166
0.000932377957940771
0.000843099441588378
0.000860064498749402
0.000893741353633881
0.000811885295806139
0.000879849251147992
0.000822643046992346
0.000846976628260244
0.000915868373939115
0.00101071839371135
0.000799490461070849
0.000850978771987603
0.0010452763676682
0.000784094379427134
0.00089377083692535
0.000845032822388489
0.000823174437779663
0.000847926327984787
0.00100331191116819
0.000900922371060794
0.000786860921257095
0.000875049740144681
0.000886448192987682
0.000833685652089415
0.000796194376310071
0.000881089374425242
0.000936091858751302
0.00087701775391199
0.000855280048834705
0.00119075350336568
0.000928401788861666
0.0011349841799651
0.000867129660905949
0.000855298497653186
0.00083950845571088
0.000950183158625728
0.000821197942186651
0.000803455715558459
0.000753042934164662
0.00072177342424698
0.000769648245961516
0.000840006491827886
0.000912320039153624
0.000782785617218177
0.000821336215328181
0.000787146342677095
0.000785316726076292
0.000950214284136223
0.000779507956866326
0.000769307741048925
0.000713071568675357
0.000701797242787349
0.000761338166527888
0.000778132835091171
0.000825176697073073
0.000941275627293072
0.000737079119629068
0.000936141240393893
0.0010784764392451
0.000805254722937447
0.000860979207718508
0.000933278898771304
0.00176343423598387
0.000933799785879385
0.000813881087975075
0.000855179436571157
0.000990524771301701
0.000876155662285007
0.000829168667827997
0.000762170377740901
0.000848004494162374
0.000829668343414512
0.000886207245327733
0.000851232110969472
0.000864124567841285
0.000965503313051694
0.000788164192240663
0.0008868504703184
0.000853427747369132
0.000946359985912011
0.000834241258015305
0.000840303416387672
0.00103402046087142
0.000926021440735149
0.000814122530771245
0.00105753157281275
0.000784840609530242
0.000852086345470576
0.000826393847816042
0.000933055402983962
0.000946296618433312
0.000941006394376499
0.00096022991851103
0.00113310466379322
0.000952866793771003
0.000967587164754526
0.000950552847207735
0.000791186275144502
0.000851772154306503
0.000885071352777181
0.000818833049759291
0.000934281884567073
0.000904723680806792
0.000902927714557762
0.00097415147130688
0.00103669286933354
0.000936648901641552
0.000857784796076071
0.000916735806765235
0.000884874888676703
0.000832567051684022
0.000836310881796939
0.000879046697260323
0.00082366291646099
0.000973594213013272
0.000869079603284062
0.000843606052207588
0.000979009308380489
0.000862720626135335
0.000797179470591711
0.00106194619435862
0.000843704984426256
0.000794931882349088
0.000822925114497938
0.000925770889270317
0.000795493357320986
0.000778444849032906
0.000863331232467527
0.00100182326183947
0.000912545677431774
0.000949550404149332
0.000852901849137229
0.0010047736559452
0.000829867889289272
0.000955918830906481
0.000853348165014949
0.00088821637786187
0.000933763702833749
0.000846643443835021
0.000887762190416536
0.000756069282958752
0.00104127328489303
0.000899012779197014
0.000970017335842581
0.00100936285929305
0.000895872918643182
0.0010631011692873
0.000849109539801481
0.000947110435290748
0.00109059736683748
0.000916278508236239
0.00103459190343112
0.000800308235059425
0.000977737323237933
0.00103318170642135
0.00111273224182947
0.000908814499841014
0.000850005687334437
0.00107017580649749
0.000935770093973799
0.000949823066585112
0.000953359854537077
0.000762710904097238
0.00103191307034979
0.00108436725472713
0.00107489019027609
0.00104561965283146
0.000984800034133475
0.000935474552147919
0.0009848378896608
0.000893169833654864
0.000918411174990591
0.00102700240615517
0.00097293510737451
0.000779799744632568
0.000951524202385746
0.000977287116419259
0.000991094796354329
0.00104506100252901
0.000974628462699188
0.000868134917645315
0.00094443844928655
0.000906378970899873
0.000914161631426384
0.00091564758392525
0.00104182600295782
0.000837281253127864
0.000974689729633688
0.00108220916765616
0.000977174998252843
0.000907512993557109
0.00096936466887767
0.00102539224956251
0.00109682740906758
0.000911217168070717
0.00098758468579622
0.00101571919501861
0.00101141686281522
0.00106295383032827
0.000955459797525253
0.00105789484653984
0.000946242284511603
0.00101011435189704
0.00101390449754167
0.000983779752246873
0.000885971416743053
0.00102405591503489
0.000959077572241975
0.000870754102345947
0.00119480231890597
0.000946360046533597
0.000879012929064152
0.000960130997037791
0.000852748709448402
0.000950584161762281
0.00117246073307379
0.00106743538833497
0.000928737753021921
0.00102029732994666
0.000832688938344098
0.00100146260030332
0.00105361442262975
0.000954712780641873
0.00103240352130313
0.00096695495041519
0.000869666225110323
0.000956851968690296
0.000901430259794557
0.000942159154956007
0.000943880961853897
0.00120330547273033
0.00100555141329438
0.000997389856110709
0.00118581750976705
0.00100608876493286
0.00103367344402204
0.0010193348284657
0.00106095417027206
0.000911853090418725
0.00105836671538752
0.00119331224359015
0.00110200010614767
0.00113559615289223
0.00115988040506737
0.00106165278297527
0.00121216993958176
0.00116107829647404
0.00147312605858152
0.00106160088446765
0.000988576932857174
0.00109603078701929
0.0011002493383659
0.00104924951483086
0.00111054743594845
0.00112806494242131
0.00107653235318526
0.00106113984989291
0.00122660747412536
0.00137018067242417
0.00136046980695414
0.00132369357503227
0.00136118047048108
0.00137737163346821
0.00190132848937882
0.00161497959957953
0.00159645357494687
0.00147772656972802
0.00154976847679668
0.00156519902726294
0.00127518391828108
0
0
0
0
0
0
0
0
0
0
0
0
0
0
0
0
0
0
0
0
0
0
0
0
0
0
0
0
0
0
0
0
0
0
0
0
0
0
0
0
0
0
0
0
0
0
0
0
0
0
0
0
0
0
0
0
0
0
0
0
0
0
0
0
0
0
0
0
0
0
0
0
0
0
0
0
0
0
0
0
0
0
0
0
0
0
0
0
0
0
0
0
0
0
0
0
0
0
0
0
0
0
0
0
0
0
0
0
0
0
0
0
0
0
0
0
0
0
0.000306052231007855
