0
0
0
0
0
0
0
-0.000279650803686076
-0.000220070297052172
-0.000193799850958529
-4.55539590315299E-05
-3.50846283225125E-06
0.000138156895034051
0.000170919016456851
0.000216052666702469
0.000255080559295777
0.000211139756320138
0.00011636681380595
1.27389805214665E-06
-2.00606855160258E-05
-3.59124615121582E-05
-2.49674017458606E-05
-3.15843106255827E-05
-2.96515913580853E-05
-3.26188176369995E-07
-3.58123823067391E-06
-8.53365840705585E-05
-0.000114837423862142
-0.000177315808924368
-0.000110604783207766
-0.000154314011305087
-0.000181148547383152
-0.000104291243180961
-8.15310542913771E-05
-0.000123936900393738
-0.000187262677015368
-0.000280800473165285
-0.000236959390575392
-0.000231217410474173
-0.000288296983544692
-0.000210050142706781
-0.000135859213827236
-6.04108311721017E-05
-5.46314006778217E-05
-2.84191391220454E-05
-6.0935597263324E-05
-3.89974164783236E-05
-4.7299494201643E-05
-5.13583413220082E-05
-6.02430281052419E-05
-9.03276444860798E-05
-0.000221681419406729
-0.000138997426467514
-0.000259302303018677
-0.000247756001446882
-0.000265254277524741
-0.000270750383377093
-0.000340529730651046
-0.000183534198172924
-0.000295042647952022
-0.000257671921075028
-0.00031849835155791
-0.000386027230412633
-0.000458783700685256
-0.000355667405045392
-0.000400139931164224
-0.000352151209764828
-0.000308840901896918
-0.000283358806028197
-0.00028779845015619
-0.00019164585217729
-0.000209089715314764
-0.000202340963473953
-0.000279886974418839
-0.000289889910769047
-0.000343348368667441
-0.000274312311497971
-0.000326946593960627
-0.000266244058451876
-0.000263136531783017
-0.000164758974957043
-0.000178674150701746
-9.98773901834531E-05
-6.67762649115257E-05
1.72371981764602E-05
-1.17960485560152E-05
-4.50238209107855E-05
-4.27083467348958E-05
1.69388979941999E-05
-2.25941687975463E-05
-4.06094094934917E-05
-6.09431591639808E-05
-7.34653439621226E-05
-4.1335180904872E-05
-2.49903444529235E-05
-1.00989044088949E-05
-2.59238714088417E-05
1.73219559236691E-05
2.78377589355122E-05
8.96651843686501E-05
0.00011825733544395
0.00010948616091914
0.000133781334433249
0.000233700880652846
0.000238174313388055
0.000250560383100155
0.000277493406494248
0.000296889471355454
0.000313600402591541
0.000332206782003937
0.000300670121767891
0.000280178395022384
0.000263363919542384
0.000311576437303808
0.000271620608347019
0.000263519577113861
0.000264309142133297
0.000221062677477529
0.000191317486741938
0.000181726624333786
6.32740757161531E-05
7.06006403990521E-05
4.65169468973766E-05
6.30730769801596E-05
0.000116752573270708
9.1977903340117E-05
0.00012890678959472
0.000179767974628622
0.000183800003638815
0.000186572303604812
0.000140728892419923
0.000147230734334481
0.000270970301584055
0.000216487819829695
0.000179742365404582
0.000146859215156474
0.000119734541232154
7.69967315754535E-05
8.58958089481135E-05
1.19808694645228E-05
3.04291896630185E-05
2.24043309948979E-05
1.95201508976988E-05
6.06383824054959E-05
0.000131620862055663
0.000119295909961851
0.000126256728304147
0.000163205583526621
0.000175379751433652
0.000264062784512871
0.000247699499108237
0.000181310754256181
0.000150112567762666
9.54208524530744E-05
6.05188976470808E-05
8.81991445697028E-05
-4.0963846878355E-06
1.56570394023941E-05
3.70837781806206E-05
5.80650968749408E-05
0.00010198930777281
0.000133141938154114
0.000104253343460502
0.000148707327573794
0.000156689789367647
0.000175451858512862
0.000170023471675485
0.000212530076754492
0.000212419401581971
0.000241617591380928
0.000209580805317308
0.00024748179229536
0.00022950604657821
0.000222769767302401
0.000207431803417603
0.000180496072901776
0.000196825814976683
0.00020847212381724
0.000195699592758753
0.00021105680076262
0.000198859974450116
0.000200323814714385
0.000225305075295717
0.000168822487229293
0.000177509333364406
0.000157042776363981
0.000193885238232704
0.000205744409872038
0.000193798758305474
0.000149230954317637
0.000195901087329323
0.000207641062812633
0.000211006794306761
0.000156831083451
0.000131992334844773
0.000170048513207569
0.000152995115616993
7.19006741352085E-05
5.7479719334406E-05
2.27790715708787E-05
8.15749147082314E-07
2.85152209160091E-05
-2.12336256703229E-06
-1.78251120502588E-05
8.87825287982662E-05
4.89499140354054E-05
8.04823813835748E-05
0.000137832397105574
0.000122596249102881
8.96811677737653E-05
0.000121281730033418
1.20986538660022E-05
3.47254939309452E-05
1.20234077031075E-05
3.02227467565627E-06
2.71890046873609E-05
3.2024977964632E-05
-1.22709579756456E-07
8.97470125908048E-06
6.19247056700615E-05
6.33734178364595E-05
-1.02699205731532E-05
-6.49940834809303E-05
-9.42112342396748E-05
-5.46480776772092E-05
-5.70595798987481E-05
-0.000105184308120216
-0.000121861676837788
-9.20030463184035E-05
-4.06425327226333E-05
-6.83526103950014E-06
-3.95744036934023E-05
4.18581449786976E-05
5.79801517061154E-05
9.00042232157845E-05
7.47098202616323E-05
3.77630718873986E-05
4.42909138089178E-05
7.46985416544377E-05
4.66658603110458E-05
-2.25370717720082E-05
-3.0612588774874E-05
-1.81541996747905E-05
6.41318835525335E-05
0.000114485708973851
0.000110938039803166
9.48985962648409E-05
0.000186852396654101
0.000214115376364148
0.000250647555248781
0.000198311948592267
9.08210816471781E-05
7.1990147205202E-05
7.74812500036237E-05
3.2734975184235E-05
3.14750679790185E-05
3.23587274424136E-06
-1.02610668449605E-05
6.59154056100496E-05
0.000110443455877395
8.92145287134463E-05
0.000105166529757528
0.000100302397878548
0.000103609976126716
0.00010376071267482
0.000132894546208319
0.000126933067710931
0.000138245744455256
0.00013934200515926
0.00010914649958397
8.28259599278825E-05
8.62831755970606E-05
5.31882560589995E-05
3.35140806329155E-05
5.54178797616556E-05
4.79992213522518E-05
6.36930987034264E-05
9.0979896743893E-05
9.56845210762651E-05
6.79148336722142E-05
0.000137283898381472
0.000140470828485027
0.000147316308887048
0.000145823253043467
0.00011705031778639
7.40311474891437E-05
8.96783392083419E-05
7.87819351200986E-06
-1.25781947300363E-05
1.03909280148148E-06
-5.56499649090698E-05
-2.02665770778945E-05
4.89109409006536E-05
3.64977734587266E-05
3.27129555774062E-05
3.68438923682875E-05
1.83481642910636E-05
9.42021604883506E-05
0.000107420713600159
4.19251238226417E-05
5.00380778705749E-05
8.08407453998525E-05
7.03265276016694E-05
5.59421893266668E-05
3.68844028619324E-05
3.22729216140398E-05
0.000104058954304532
9.83116884630211E-05
7.15909449093541E-05
8.77234330942947E-05
8.12163247775258E-05
7.03766377212302E-05
1.92571719034543E-05
-1.23267193717031E-05
-1.43070757783736E-05
-2.78167405943016E-05
-7.44933833393038E-05
-6.95282693843324E-05
-5.28889317956934E-05
1.85236364925242E-06
-1.23900107569358E-05
-3.38235178920519E-05
-1.48781839578258E-05
1.00499872797328E-05
1.2432260613912E-05
2.52623162886906E-05
-2.73714885070823E-05
-3.97047468097743E-05
-2.53362267277036E-05
-2.79888608492148E-05
-6.06536579904255E-06
-3.80163360305452E-05
-6.36726933605836E-05
-8.80941331939655E-06
-7.35471508707375E-06
1.62691900609706E-05
4.30482771650411E-06
-5.86081570698707E-06
2.59041646546443E-05
6.6245989658108E-06
-3.05329491894568E-05
-4.4538733244437E-05
-0.000109854002892562
-9.99175473615252E-05
-8.03102576491996E-05
-5.24070802433894E-05
-3.63816486926463E-05
-2.31879891165776E-05
1.2400374485695E-05
4.6621156349314E-05
5.26014448081637E-05
1.99605589837172E-05
4.2624145549486E-05
5.36278791761754E-05
5.63481224349877E-05
6.39628236066056E-05
6.035395272664E-05
4.20462039918077E-05
7.02023947243692E-05
2.31663863373825E-05
8.88410726771758E-06
8.19855304406407E-06
2.04841180357966E-05
4.96814668541453E-05
5.93647033318354E-05
3.33663935004184E-05
7.97168819765108E-05
7.82162042336257E-05
9.11485824369934E-05
8.10253696075306E-05
8.93720783091829E-05
8.95876022535845E-05
-5.93946318837964E-06
-6.70553694378679E-06
-5.71134627903048E-06
-8.77094772966048E-07
-5.3033404883046E-05
-5.02686551387964E-05
-1.86672151991918E-05
0.000104506530288636
6.5005462188077E-05
4.46734376710843E-05
2.9081298379986E-05
5.58729401667649E-05
2.5458638425486E-05
-3.15584023482965E-06
-2.12355801932848E-05
-2.49188411394453E-05
-1.98438098988616E-05
-2.67371648087103E-05
-6.87443826393308E-06
1.87177016441384E-06
1.14644992417282E-05
-2.87651680455901E-06
3.23489940995241E-06
3.1090468612893E-06
-2.24858593145743E-06
3.03002827563348E-05
2.11107341956195E-05
1.74996119738797E-05
3.59993084980977E-05
2.03988086089176E-05
1.82001994713176E-05
-3.86477373971601E-07
-9.08012995129631E-05
-0.000109357813761457
-0.000110140453211123
-0.000114853276028992
-0.000125708397218859
-0.000121297802902338
-0.000109425754841383
-8.21063875272512E-05
-5.32759563139443E-05
-4.71561811556598E-05
-9.08479123712084E-05
-7.62877923383149E-05
-8.19248114962767E-05
-9.25130049426646E-05
-7.7754918368961E-05
-5.37937663282405E-05
-3.06144083343673E-05
-1.77813498470321E-05
1.19395456657297E-05
4.98067818421037E-07
9.44098251512672E-06
1.92553882040855E-06
-4.38003248889889E-05
-6.86240809402968E-05
-5.4739930306451E-05
-5.41919337587072E-05
-3.68017876307726E-05
2.00087578468079E-05
-1.25901105935493E-05
1.99783998469685E-05
-1.56617431648377E-05
1.1983279973659E-05
-4.51564385311331E-05
-2.99341142206372E-05
-7.89348233194533E-05
-2.11839174184758E-05
-4.09516921135298E-05
5.29035125194128E-06
-5.64823095666485E-06
2.39715062552865E-05
1.16402821237446E-05
3.17324938416233E-05
5.34751147818343E-05
7.73884298412189E-05
6.85547054116493E-05
5.40119125326368E-05
5.78172980141316E-05
0.000119802958417969
0.000111368435814694
7.68182254746286E-05
5.69943972703151E-05
4.49790124601865E-05
7.6052985766948E-05
0.000105762617828021
6.0995176249968E-05
6.40891778903322E-05
8.30212793393499E-05
8.98849223581829E-05
0.000100304005215559
8.87021909297879E-05
7.59692971214933E-05
7.90647559985363E-05
6.72662895022957E-05
5.56975798897189E-05
7.01967625660047E-05
0.000124484346418967
0.00012305609637575
0.000130117439709684
0.00011905357112465
0.000152768683535036
0.000163082503538513
0.000144498234462121
7.92943178919986E-05
7.32926066397537E-05
6.14143355828391E-05
4.40584413549841E-05
2.22554450751124E-05
2.99510695015451E-05
3.09807127215899E-05
2.54546065958813E-05
5.81723999202789E-05
5.72112187118416E-05
6.40152234220927E-05
7.06273733428716E-05
6.10821219304346E-05
0.000108451129603584
0.000118685104514794
9.51795263147471E-05
0.000100898774697722
0.000100696946700398
8.95823195200714E-05
6.29416916257482E-05
1.47302090326308E-05
1.13747013162603E-06
-3.68569289644897E-06
-5.78605142929618E-06
1.60843651337048E-05
4.00727883336455E-05
5.23156022074355E-05
6.63949924374386E-05
0.00010185360007088
0.000103510802584999
7.24833072575274E-05
4.25490513407455E-05
4.44191413449878E-05
6.4061189882479E-05
3.31123523021312E-05
1.77938078378306E-05
5.14140423563438E-05
4.22646973970751E-05
6.65614676791395E-05
5.02474945895122E-05
5.08180670250691E-05
6.82070373886437E-05
5.29838900675239E-05
9.49958731733029E-07
3.06809415876636E-05
1.98352740412806E-05
-1.11189994096233E-05
-2.57575286489396E-05
-1.50178972879175E-05
-1.7877369694847E-05
-1.56006512000593E-05
-4.85179203206157E-05
-2.22722793038402E-05
4.8429558680138E-05
5.81325695892369E-05
2.23793564540737E-05
3.26587943787633E-05
4.78675569235349E-05
7.79538178303347E-05
6.93398952514816E-05
4.10709032402816E-05
1.97851869181201E-05
5.28633791352865E-05
8.28593408017046E-05
7.78924789975872E-05
7.14844180041821E-05
6.66216495432959E-05
3.56693369147291E-05
4.10106541248011E-05
3.27067230103461E-05
2.08800973460416E-05
5.9637435186889E-06
-1.94750864449132E-05
4.42492430275431E-06
1.56234355293553E-05
1.2289728161638E-05
2.76770537655458E-05
9.20597400020412E-06
3.22445844467368E-05
8.02372504356913E-05
5.4260443365882E-05
3.65911197410316E-05
1.10574268254291E-05
-2.49936916611509E-05
2.93845446179085E-06
-1.98429333942379E-05
-3.93372269627486E-05
-4.64855856781827E-05
-4.92447606952099E-05
-2.95608962617254E-05
-1.28501630122753E-05
-3.51290406011005E-05
-4.18027571897854E-05
-4.49399988567609E-05
-6.05273672350166E-05
-3.00541039187079E-05
-1.94950166105478E-05
-4.10629609434888E-05
-2.39356828849978E-05
-1.0832251920279E-05
1.41500305313202E-06
1.55062226271893E-05
5.28966233378251E-06
-9.07046476370638E-06
-1.86959416418586E-06
5.72215075567977E-07
-1.47281170061324E-05
-1.61609206507992E-05
3.29881648155513E-06
-2.58083080895145E-06
-6.0291502939705E-06
-1.67583804265306E-05
-6.48211145535209E-05
-1.89792989228355E-05
-2.6625279492111E-05
-4.65077482461607E-05
-4.15489904704294E-05
-4.15942766417753E-05
-2.9386419766163E-05
-1.96009261800455E-05
-4.07401699143779E-05
-4.42538101377649E-05
-6.1651506051791E-05
-5.52002841094866E-05
-2.97578948121752E-05
-1.777414714394E-05
4.07189260119932E-06
-3.5485782749396E-06
-3.4433194951857E-05
-6.08395183474667E-05
-0.000120563674390158
-0.000179833709753436
-0.000148749937142779
-0.000191762056241462
-0.000189450618362874
-0.000149263185928583
-0.000114422262681385
-8.90225045317803E-05
-6.12463307420866E-05
-9.99886267446584E-05
-4.80394854077432E-05
-3.63604143210441E-05
-5.57544216358717E-05
-4.46287083584574E-05
-1.64997021734914E-05
5.72245120477717E-06
-6.04052980511271E-06
8.14891273737577E-06
4.22267796864305E-06
4.35508686007897E-05
2.5838334763548E-05
1.40040610345679E-05
1.06869875182786E-05
3.2071623231578E-05
-1.71489607649169E-05
-6.38309359588215E-05
-8.82079104871922E-05
-5.7813729674886E-05
-2.62683766304331E-05
-2.16449740273241E-05
6.80118920932847E-06
5.19789321281754E-05
9.6457803600037E-05
0.000147559881760545
0.000139048578497915
0.000116926448651205
9.83321362035478E-05
9.65048483365506E-05
7.00257489548734E-05
8.24586162933444E-05
4.42462885347363E-05
9.00017319235244E-05
8.15472659990491E-05
8.90457952723567E-05
8.47285215240501E-05
7.18199333874162E-05
7.45616525080781E-05
4.60225783398584E-05
-3.70668475084408E-05
-2.22466453636444E-05
-5.74349438553034E-05
-8.42903365255541E-05
-4.15047940857532E-05
-0.00010118480627518
-7.23188751490917E-05
-2.55988862353491E-05
-4.27324211667157E-05
-2.75564229677663E-06
5.0111396981527E-05
3.38187064630753E-05
6.32874604563817E-05
6.15684754432932E-05
5.09184537532388E-05
9.62114586980587E-05
0.000114636244894201
7.16894079107525E-05
8.25892389576028E-05
9.41935593514779E-05
7.94314045370668E-05
7.09591482989321E-05
2.47511770400109E-05
8.82966952967195E-06
-1.16109021060859E-05
-3.0032316805174E-05
-7.06100319320228E-05
1.11538151000302E-05
2.1830018118369E-05
1.63137572458225E-05
2.4454474570316E-06
3.31199445790469E-05
1.6435405434308E-05
3.33816759778394E-05
-3.79029163217589E-05
-1.34460495100934E-05
2.64835565521685E-05
2.24126849470914E-05
1.4266664382384E-05
1.81798699752347E-05
3.47921108180087E-05
4.46296188393057E-06
-1.76681535107463E-05
-6.64961730768699E-05
-1.67025255690373E-05
-6.06883956336081E-05
-1.22950673782815E-05
-5.81447909978141E-05
-6.91298685893795E-05
-6.54832302437381E-05
-5.03439560177545E-05
-7.37867225920906E-05
-4.75783110960101E-05
-3.00796705292034E-05
2.92460495533533E-05
5.10003420469925E-05
3.73400628837477E-05
3.47116203108091E-05
2.37295722102196E-05
3.21985981690528E-05
-4.96655068466522E-05
-7.67778866222686E-05
-7.29492649970327E-05
-5.4632805923889E-05
-5.71420903707605E-05
-6.3600248949573E-05
-6.45020671023779E-05
-3.47978630675037E-05
3.5390614804976E-06
2.28777268191869E-05
-1.80906035231595E-05
-9.40500990399266E-06
-2.87197870943931E-06
3.81646538217439E-06
-1.66317765141169E-05
-7.85777425754313E-05
-7.48025424040199E-05
-6.34439293966657E-05
-2.7546570213873E-05
1.58878670656328E-05
-4.75904462084714E-06
3.5110017446444E-05
6.30786493565638E-05
6.95618909032562E-05
5.84054216975823E-05
2.09508726963907E-05
-3.14051712689847E-05
-2.51283639954274E-05
-2.70866297442952E-05
-4.64272927392319E-05
-7.5958245647289E-05
-5.95452167122289E-05
-4.0538610589179E-05
-1.79766265810985E-05
-2.69660002170482E-05
-1.14810432504133E-05
1.33094548704813E-05
3.3990181329303E-06
9.61235599195045E-06
-3.3896243135024E-05
-6.81585446322815E-05
-3.46428921300408E-05
-0.000104813980098623
-9.89731229770705E-05
-0.00013092571714538
-0.00012020716487529
-8.81361167763454E-05
-7.07136298783588E-05
-5.47019177197609E-05
-3.61984665243037E-05
-6.96986183754357E-05
-2.21496772450355E-05
-5.28180727423241E-05
-6.0538931065828E-05
-4.23808029526048E-05
-4.24371599415042E-05
-1.80947082162626E-07
2.63572605341444E-05
4.80340768762574E-06
3.16315734070167E-05
1.54922219727821E-05
-1.45050807035754E-06
-5.35471394915736E-05
-8.43092235677179E-05
-7.02417675967128E-05
-2.55040252220394E-05
-3.3543312978115E-05
-5.62872340649687E-06
-3.85811669921125E-06
2.72505635529821E-05
4.88526406162388E-05
4.89991568172975E-05
1.46397415085151E-05
-3.85910932289142E-06
-1.75630142995119E-05
7.29638142339774E-06
2.78492060365911E-05
-3.61082235730856E-05
-7.06695569308326E-05
-3.19755330194037E-06
2.54161854053065E-05
5.42210871162119E-05
7.0971495597825E-05
2.76984175087078E-05
0.000104440464786449
8.61559864168338E-05
2.06363260694149E-05
2.87263907274758E-05
1.53014840155868E-05
-4.70211622210142E-05
-3.08463701693112E-05
-6.54924633833898E-05
8.05966433695448E-06
2.15198292353754E-05
1.90262234166341E-05
-1.44182663137623E-05
-7.24955974906452E-06
3.32333473008087E-07
-3.80248654830658E-06
-4.04408342066212E-05
-2.70281502664683E-05
-2.79804439918914E-05
1.40726354563704E-05
1.02871895107253E-05
-1.11098573140657E-05
9.72670157063999E-06
2.14453815626909E-05
2.15543261085091E-05
-7.39582099772009E-06
-2.28003473237621E-05
1.01834482039252E-05
1.22614469481317E-05
3.58657295678806E-06
-1.46684179570792E-05
-2.52583455885483E-05
1.3800126135911E-06
1.89194987038723E-05
-1.89026179922179E-05
3.9829487267649E-06
-2.17072927910328E-05
9.29156784073886E-06
1.57461616848276E-05
-3.89558410587278E-06
-2.6047378217174E-05
1.05306474194179E-05
3.19871826011236E-06
2.18247602594171E-05
4.55849833017793E-06
2.14491268796383E-06
2.94066732468838E-05
4.36602689785848E-05
4.42812755709134E-05
6.68054768415227E-05
6.72627796053957E-05
5.1420369568009E-05
7.25242731332185E-05
6.76338341170791E-05
5.25266775959155E-05
9.22144297242375E-06
2.14313360813716E-05
3.94273746234461E-05
5.18006401137521E-05
2.25966756123731E-05
1.20397384040352E-05
1.85731079348257E-05
2.12455985485235E-05
-1.47482977118375E-05
-4.27885107139991E-06
2.51775371557766E-05
3.23497004561197E-05
6.7564962269318E-05
7.24810961756858E-05
8.95385721494464E-05
0.000107532492933957
6.52635627987739E-05
4.44620048266327E-05
4.30782429150078E-05
2.83741163620484E-05
3.00771091713143E-05
5.27203608972758E-05
1.55022503759384E-05
3.87789486917782E-05
3.94434584736877E-05
4.45872442427722E-05
3.00124282776662E-05
3.08227563937607E-05
5.3265265349899E-06
2.04404123011724E-05
4.35972820789514E-05
5.18415035837207E-05
2.75707795077167E-05
3.2579790689697E-05
4.25628159436261E-05
7.33497507149731E-05
4.94435724247445E-05
2.57360637297997E-05
3.69950913554897E-06
2.54924653311992E-05
1.78565965660145E-05
-1.0725646735277E-05
-2.30721318274649E-05
6.42403542557741E-07
-8.16994752262392E-07
-1.70045341248836E-05
-1.71640791396571E-07
1.30730381039563E-05
2.23175891423685E-05
1.05319645251651E-05
3.91426564996315E-05
2.94527351799068E-05
4.61411478985895E-05
1.64627663165366E-06
-3.2833372886914E-05
-3.48733731586423E-05
-1.36068671809662E-05
-4.32474170807748E-05
-4.75873476107907E-05
-4.28083852263253E-05
-4.19709904082963E-05
-1.96636634176021E-05
-3.56133062682452E-05
-3.18254570934916E-05
-4.18323746070457E-05
-2.31889361880578E-05
-1.51178447183603E-05
1.11621459156808E-05
-9.78499634892149E-06
2.19716296654376E-05
2.88389215739357E-05
1.56952481763041E-05
2.04893769224332E-05
1.74729066266207E-05
2.85153754281326E-05
7.99325213287094E-05
5.74183988141256E-05
2.68458759200168E-05
3.63798033554341E-05
2.18110024487185E-05
3.40686054190589E-05
1.18552901686815E-05
1.33459704881652E-05
2.75848661294075E-05
3.64125752346614E-05
7.72617846194952E-05
8.67745930105895E-05
7.83652567028939E-05
9.85531812630338E-05
0.000129178357451094
0.000112942265841556
0.00016277366850623
0.000154435047333271
0.000146805047608879
0.00016633142473501
0.000180314100991052
9.84317016880493E-05
0.000119786899573128
5.86558592337404E-05
4.02890855832825E-05
4.35218724378026E-05
3.06847405223003E-05
7.45686377638426E-06
3.75232410606556E-05
3.8862796266526E-05
5.17622182020198E-05
6.90011631308911E-05
6.0941984154775E-05
5.63425099821084E-05
5.45580536576365E-05
2.59978157593574E-05
3.43902121260657E-05
3.86734910795049E-05
1.30153334391342E-06
2.15656132950399E-05
5.35369917040957E-06
-4.53159431834428E-07
2.80632117086797E-05
5.57600365317464E-05
1.29165847740934E-05
1.88075724303823E-05
2.9247538014033E-05
6.87940406245207E-05
7.29272020693489E-05
5.3282606201331E-05
-4.72723710440458E-06
2.12717519605785E-05
3.57426555658124E-05
2.78605647699454E-06
3.18583421613802E-06
8.85994330954402E-06
-7.74126844439547E-08
-4.79486277433119E-07
2.13608164226399E-06
4.69135656841405E-05
6.06942041966205E-05
5.43656668883837E-05
5.14762051119074E-05
8.61361306818463E-05
0.00018362272296482
0.000255399532771171
0.000190562848298797
0.000198125016981676
0.000184810107366073
0.000161867108667923
0.00013636561286834
5.3551513454189E-05
-1.17132598333559E-05
6.83834364041822E-05
5.37879274613782E-05
0.000158389294337952
0.000162347917974722
0.000142448658916251
0.000133281246660961
0.000126933667021146
9.08298610429649E-05
8.80993182951551E-05
-3.56284523329038E-05
-3.91613478846523E-05
-1.81657080051972E-05
-1.02630689464553E-05
6.18626004151777E-06
5.68786589981485E-06
1.00185544314498E-05
1.892075420592E-05
2.71948118389673E-05
1.61330183925572E-05
4.36675415601626E-05
4.5322239154189E-05
6.29457049343305E-06
2.93947759599213E-05
6.03919282419099E-05
6.30669891740757E-05
7.22871917623608E-05
3.07127387495125E-05
2.0543320315641E-05
3.91445483235006E-05
3.26615389670937E-05
1.98501739392249E-05
3.32059561149412E-05
4.87568724991117E-05
3.82580869781967E-05
3.65901622814797E-06
2.74225606313273E-05
1.23249614199572E-05
-2.67640923379708E-05
-1.03510061570119E-05
-1.92471126577339E-05
-6.78672875594797E-06
4.3486885700144E-05
7.44484505920184E-06
9.11767275237E-06
5.77676889844379E-05
3.28702757983902E-05
4.33909569075686E-05
4.22004475625871E-05
7.67658778224897E-06
3.67497353888994E-05
0.000197016108250464
0.000190729583036161
0.000169729357461891
0.000162385736261049
0.000163780549208129
0.00017200239000605
0.00016302808167456
-1.3294588192326E-05
-4.11640039636085E-05
-3.681705748592E-05
-5.06771928731428E-05
-6.93128588646767E-05
-0.000244618712898754
-0.000228703268438715
-0.000194623849153165
-0.000217210899488433
-0.000213637521616569
-0.000184440307348774
-0.000146773352758732
3.52097335802542E-05
2.78867398941743E-06
-2.42061521944975E-05
7.37471630621652E-06
4.45268872898385E-05
4.31853980580964E-05
2.22709384389616E-05
-1.77705404775907E-05
-2.05693828716245E-06
-2.41718554259975E-06
1.55914376375246E-05
5.82632506654777E-06
4.41279503438476E-06
1.59153676405831E-05
6.90998075994622E-05
6.05875753805167E-05
2.24661086832467E-05
2.77340871999063E-05
-6.01242121806821E-06
-2.07367842416824E-05
-3.98446243683897E-05
-6.10689914237703E-05
-4.54248376116889E-05
-9.4486514855485E-06
-7.61183159442863E-06
-2.63517908094707E-05
-1.68389575443664E-05
2.36616555771083E-05
2.52727265179322E-05
2.24358310965319E-05
-3.0220424685614E-05
-3.27188329191359E-05
2.18747244662983E-05
9.96250236095706E-07
-4.67992419364388E-05
-5.82032377387888E-05
-4.97729994585542E-05
2.58050377322651E-06
-2.21069976159599E-05
-3.35798667289558E-05
-4.01213899523341E-05
-2.55149565926335E-05
1.42587138875938E-05
-7.10194972776975E-06
-1.23676302398329E-06
2.12098128524307E-05
-3.1607161337275E-06
2.02691658666735E-05
5.03564010850107E-05
-1.82411673235165E-05
-1.18794010799694E-06
2.61309228982962E-06
-1.05122552338793E-05
2.85373953413604E-05
5.53963973206632E-05
6.24377834628472E-05
0.000177646720835303
0.000204543390806118
0.000208137146979872
0.000250828049433898
0.000262612577836727
0.000278986978860246
0.000291064402853603
0.000254216024670489
0.000212041000327007
0.000198558430989915
0.000150508978733571
0.000119097802832645
7.1828352117041E-05
2.88710728407953E-05
2.71663634850836E-05
5.52888630176719E-05
8.71987464210817E-05
0.000141655215861097
0.000163810847779272
0.00020285640409636
0.000235546280221783
0.0001939363338897
0.000189887505978251
0.000180244293810036
0.000149563172186742
0.00013108302932258
0.000112942983229096
9.1630032447181E-05
0.00011745203900291
0.000117950774406259
0.000106111240831408
0.00011903164189959
9.91572217065235E-05
7.83772666483966E-05
0.000107568975582634
8.11866593442052E-05
6.45376768044906E-05
7.86372813361956E-05
5.73897380193646E-05
7.32180902684311E-05
9.82381899565702E-05
4.15845765276116E-05
6.96087005467339E-05
6.48030029386854E-05
3.19906177310656E-05
3.05728617714792E-05
3.0145441778411E-05
1.09545989059136E-05
5.75656319905018E-05
-2.48333917801169E-05
-2.64607322073969E-05
3.03473942828848E-05
-2.40131486306849E-06
1.07911925539424E-06
1.99557447903664E-05
1.02170114834869E-06
7.2455526030836E-05
8.89955554052883E-05
6.49920534041952E-05
9.28964107083581E-05
7.64381613465437E-05
0.000116597083359468
0.000109664563814482
9.40726183093604E-05
9.1210564366115E-05
6.61085071837867E-05
7.43787674855493E-05
0.000110323941769572
5.32993181016884E-05
6.77518112744597E-05
4.70629843009964E-05
3.75082199985156E-05
4.85105453946093E-05
-4.02723019226177E-06
-1.48606721080822E-05
-5.64216175124998E-05
-6.04187633366774E-05
-3.63482574499216E-05
-2.73354009087477E-05
-2.65732684040954E-05
-9.44582948976537E-06
-4.14727343441685E-05
-1.58448141476074E-05
-1.05514068184558E-05
-4.52374090236055E-05
-4.14565556555322E-05
9.17357429855848E-07
6.35981421970336E-06
3.25926619693327E-05
4.31517702734838E-05
3.23702603059497E-05
7.71563718085E-05
6.18256548953115E-05
2.45905170791332E-05
1.89519703377888E-05
5.77510480370149E-05
4.99554138706166E-05
4.24941913909244E-05
8.80283692475181E-06
5.46975600924693E-06
1.90381760907608E-05
3.40366822591234E-05
-9.939770717381E-06
-2.30886940128072E-05
-5.86874457861311E-06
-7.63409531048763E-06
4.50707195603972E-05
3.2435893026083E-05
8.60316510252504E-06
2.32045167222236E-05
4.04520440589024E-05
2.05573758024522E-05
6.83995220979817E-05
2.72072357288408E-05
-5.47802341964938E-07
2.48170475277212E-05
4.46650329037569E-06
1.47303034788213E-05
3.43552941408979E-05
1.38871984984666E-05
8.52784829012564E-06
6.64280672295978E-06
1.21607182045082E-05
2.06528933327004E-05
2.72217142263112E-05
1.49276088853056E-05
7.07004516122512E-06
1.56384199426251E-06
3.17794924909293E-05
3.6672598177302E-05
1.31438358070372E-05
2.62377763174191E-05
1.19312556303794E-05
2.61535428588229E-05
2.29010128978878E-05
1.38254910585003E-05
7.97271967296238E-07
1.6759972132512E-05
1.99442893092256E-05
3.81640340619824E-05
4.31334119613248E-05
5.71205735015273E-05
5.61775873838128E-05
4.37115102428609E-05
5.07025372771931E-05
3.95449416522424E-05
3.85579965645482E-05
1.56756227360381E-05
9.10636443909414E-06
1.92679062305107E-05
4.75851864301446E-05
3.48531290749958E-05
2.81749809030432E-05
1.90321753312219E-05
2.97654755828657E-05
2.02498589259802E-05
-2.7261108915166E-05
-2.57918115382737E-05
-6.66782216291749E-06
-1.77342030997312E-06
-1.54205488659196E-05
-1.06428287944302E-05
5.87480995891272E-06
5.65390859637613E-05
4.274111649959E-05
4.92462328830391E-05
-7.51307213764098E-06
2.32247935843274E-05
3.79532110665223E-05
1.42995782980867E-05
-1.13824119958129E-05
1.8334518267946E-06
9.71835144284118E-06
3.84418075265376E-05
1.00425635403762E-05
1.42352945225233E-05
8.7081051493146E-06
-6.27653498061642E-06
-1.46981070604093E-05
-2.603977836944E-05
-2.46495805101815E-05
-1.05367447029461E-05
-8.37049237166963E-06
1.41841495041946E-07
1.37731317533865E-05
9.20947880430833E-06
2.80554389986853E-06
-1.51076159787389E-05
-2.83224755981635E-05
-5.10446001296184E-05
-3.59547176072867E-05
-2.3731491256298E-05
-1.64621393251455E-05
-3.53913815768802E-05
-2.43276806588735E-05
-4.88724617936299E-06
3.27527108154935E-05
1.17829747515158E-05
1.3855982891881E-05
-3.32112925655512E-05
-2.42930836482947E-05
-4.01592460140551E-05
-2.4889249583536E-05
-2.91837590828389E-05
-2.60176289657408E-05
-5.53963369197416E-05
-2.54244825942662E-05
-3.75741860002516E-05
-3.29288540763595E-05
-6.16796700195024E-05
-9.9339890478222E-05
-9.15787082781797E-05
-5.82117385822987E-05
-4.76407308349523E-05
-3.3291628361083E-05
-1.23524259619113E-05
2.97072770270226E-06
3.63098715940821E-05
3.40547725920342E-05
4.82218372065302E-06
-2.45898419090994E-05
-4.69287933814333E-06
-2.35841536112592E-05
-4.83791622647894E-05
-9.86012476011652E-05
-0.000104834874638055
-8.84615264694553E-05
-7.83934790947207E-05
-0.000110804627274684
-9.55974233662073E-05
-9.73385254422442E-05
-7.46997428826484E-05
-5.97622822694464E-05
-5.62008168976703E-05
-5.25217487243861E-05
-3.90535709221781E-05
-3.81430861963307E-05
-5.54322908098834E-06
9.51439432379431E-06
2.43441798295106E-06
2.41359701327696E-05
5.00111672408813E-05
5.50427025318801E-05
5.77575405278245E-05
4.42844961563662E-05
-1.02614003197769E-05
1.01502821190844E-05
6.49409948198374E-06
-8.04908358901617E-06
-2.31100734204197E-05
-4.02640300339318E-05
-1.57361802809597E-05
-3.79585354007722E-06
-3.65324736447103E-05
-7.62814357640521E-05
-6.20183038132321E-05
-6.34611264061036E-05
-6.02214947688493E-05
-9.93773433999116E-05
-7.53853127352415E-05
-5.031997785662E-05
-4.93998441309353E-05
-4.6013883235254E-05
-1.98782387566302E-05
-3.74778410057465E-06
-2.80440523738034E-05
-3.21918865748393E-05
-2.14740165988716E-05
3.06730248196352E-06
-4.85194261077114E-08
1.36819437940898E-06
-1.64079345388408E-05
2.26019576403912E-07
5.14120293138877E-06
-1.6619667825533E-05
-1.83660142477264E-06
-2.12414218323676E-05
-5.40929825061986E-05
-4.03048137730062E-05
-2.31272746422138E-05
-1.04138625236952E-06
-7.81919785788567E-06
-2.79120227480972E-05
-1.04125558436914E-05
2.32742171773761E-05
2.11604742918461E-05
2.46468595427934E-05
-3.54667915119418E-05
-2.26219853196601E-05
-1.00625539962907E-05
-4.6614276554418E-05
-5.01164332561166E-05
-6.48115716938166E-05
-7.2325544463027E-05
-3.43891896856704E-05
-3.27110465459695E-05
-5.15031185601911E-05
-3.99404441710368E-05
-9.40032356544429E-05
-4.9046513607577E-05
-4.28942680536406E-05
-7.07393476601411E-05
-7.40556978049715E-05
-6.57297654598139E-05
-5.93026841110638E-05
-2.02124116666858E-05
-2.01113343667683E-05
-4.92388287334817E-05
-1.83428209161949E-05
-5.73139977933042E-06
9.80534766004042E-06
-1.02496263646363E-05
-1.91512689812081E-05
-6.55243538577133E-05
-2.59334242933215E-05
-6.67471893922574E-06
-3.06715737763359E-05
-3.17635469899808E-05
3.01526348832228E-06
-1.99465438828489E-06
5.7810119943624E-05
3.80317959246015E-05
2.38669913777138E-06
4.15439136353075E-05
6.59859778432861E-05
3.81137312213335E-05
4.16760098426004E-05
-1.02379415079006E-05
3.04497583482349E-06
4.09293156857184E-05
2.03914249882256E-06
-5.65074495863737E-05
-8.53444674175347E-06
2.49135490936814E-05
3.81362899458248E-05
2.49784902267258E-05
5.06502777243694E-06
1.71446074199806E-05
4.58005240249436E-05
-1.59833557663719E-05
-4.87323375909783E-05
-2.82726600451218E-05
-3.88042008301429E-05
-4.05954917957887E-05
-2.20259860536609E-05
-5.30840667264007E-05
-3.17461948154583E-05
-5.17046786668775E-05
-7.77408491500842E-05
-7.87713142839609E-05
-7.86289282773153E-05
-8.46306926403413E-05
-5.16099796692503E-05
-2.31163568730933E-05
-8.16053548142102E-06
4.14587781629721E-06
1.50401048610732E-05
6.24014290254609E-07
4.16840373733405E-06
4.01426184330708E-06
-1.01983729188771E-05
-2.21436263964828E-05
-2.34659666726311E-05
-3.31472123209358E-05
-2.47874194825202E-05
-1.6802000707963E-05
-2.76869059156201E-05
-1.64352798447069E-05
-1.64032320284987E-05
-1.97509605351377E-05
1.77109941739178E-06
1.69881787085824E-05
-6.20737963544665E-06
-2.74232748810869E-05
-4.78275666889724E-05
-1.53015761391856E-05
-3.77228486667562E-05
-4.47350218337925E-05
-7.39135165255075E-05
-9.52052387344001E-05
-8.54536539869589E-05
-8.69471424766254E-05
-0.000102289295318899
-9.05818802737198E-05
-7.50111890652827E-05
-6.4009292062593E-05
-4.60186463451605E-05
-4.2835501812118E-05
-1.47691296630695E-05
-2.82055560653288E-05
-1.74452483983598E-05
-4.57370213408261E-05
-3.12217479223546E-05
-5.87451212388748E-05
-2.64268924764491E-05
-3.89124441322969E-05
-2.60976259963182E-06
-1.64967229958159E-05
-3.88361120904078E-05
-2.50419964272916E-05
2.82893217787987E-05
4.36198535427942E-06
-5.44656797760314E-05
-6.1204962879591E-05
-7.27342071289667E-05
-4.75342615650812E-05
-6.5648403078386E-05
-6.83700176608296E-05
-6.15138995603802E-05
-3.74554257451382E-05
-5.42939629047778E-05
-2.09087644119931E-05
-1.46769058655059E-05
-1.88676632403764E-05
-8.39329134256559E-05
-9.72814712277993E-05
-8.44134023802753E-05
-7.91826760735014E-05
-7.70155086211525E-05
-7.19920445128239E-05
-8.15427103152198E-05
-4.47648379639993E-05
-5.11876187975042E-05
-2.30713794261153E-05
-1.20440167087311E-05
-3.41054213117168E-05
-2.8162682524475E-05
-2.16447037328899E-05
-3.37499662809156E-05
-1.35252636389821E-05
-2.59460597760036E-05
-3.91742094034494E-05
-5.78341065230223E-05
-4.9566061165995E-05
-5.70140182116621E-05
-4.84816830935944E-05
-3.57733248271301E-05
-5.44703788066554E-05
-2.56234373807778E-05
-7.13111284499621E-06
-3.07837332711824E-05
-1.87290995270409E-05
2.57682621647985E-06
-2.42832371999833E-05
-7.75622907298097E-06
-5.92179245179758E-05
-6.59352249894245E-05
-3.32831641531261E-05
-2.0541814530251E-05
-5.13402279784833E-05
-6.70213258698157E-05
-2.81066162288309E-05
-1.86721118628096E-05
4.72315148582541E-05
6.05085756942137E-05
2.35908407507175E-05
-1.46542204840667E-05
1.77358013226107E-05
-1.8989448915257E-05
-1.46018257925998E-05
-3.5824402028805E-05
-8.41161787538316E-05
-5.68255110832463E-05
-3.30254220329777E-05
-3.02801638766965E-05
-2.90090074317047E-05
-1.19037621317345E-05
-2.73961260154943E-05
-2.70915615897702E-05
1.31247440842401E-05
1.61397338608067E-05
-1.43141665785178E-05
-1.95864401768919E-05
-3.71306837666487E-05
-5.45811167575555E-05
-5.19685849722368E-05
-0.000103966241233159
-6.25386272493513E-05
-5.81993750138813E-05
-4.48918326101247E-05
-4.03422960458418E-05
-1.9612677722714E-05
-2.07366073605823E-05
-8.28934208531466E-05
-0.000104901343086691
-9.59114167265849E-05
-7.90040644889741E-05
-5.13440660100267E-05
-7.63484807272801E-05
-5.64233124249342E-05
1.23573637559852E-05
2.03771408138763E-05
1.91998199311691E-05
-2.10750998801736E-05
-2.72106363772572E-05
-3.10613642247069E-06
-1.9719967168782E-05
2.35492815430954E-07
5.86645002744288E-06
1.23076683942044E-05
4.60503250882809E-05
7.03703769704595E-05
0.000104013392339489
0.000129841005057603
9.67476566111463E-05
0.000106087085572383
0.000128371574444645
0.000101771964293152
5.28073659095918E-05
2.22997766815442E-05
2.32825352415892E-05
2.72292268690942E-05
2.4133488076979E-05
1.7959052068801E-05
2.65238825338771E-05
3.13669311605538E-05
2.66687338888858E-05
-2.47227043747998E-05
-5.09309982572737E-05
-3.14793377247542E-05
-4.4005363938028E-05
-6.88812891923192E-05
-4.55404742432427E-05
-4.08579411595809E-05
-1.13665446407529E-05
3.38033420941367E-05
2.16332168658908E-05
2.76016643222518E-05
3.06694315189597E-05
2.51400095403097E-05
1.47943919958285E-05
4.00125173411733E-05
3.12637787052137E-05
2.57921511020389E-05
4.88268839115442E-05
3.27655605594083E-05
5.59670463297766E-05
4.16631446739859E-05
4.13415762154911E-06
3.35089343613855E-06
-5.67521767915896E-06
-4.94161396286857E-06
4.60996042826981E-05
-4.7861868268098E-06
-1.41128340015535E-05
-5.14261746474992E-06
-1.14810399379586E-05
2.36969139068939E-06
1.28276401925914E-05
-6.58854394218369E-07
4.6249201788456E-05
2.79735779553053E-05
1.50584643078858E-05
2.97818235845775E-05
7.73737044841284E-06
-3.61068535495549E-05
-7.97633505004449E-06
-4.91745705282591E-06
3.56022025079725E-05
5.71249643915146E-05
7.87189237327979E-05
9.64658767528875E-05
0.000139706813307349
0.00011762632008164
0.000112375230340766
0.000117802719775807
0.000110836668408292
7.27267493582865E-05
9.12316599926041E-05
3.87089351846801E-05
3.50813238714498E-05
3.02282554915627E-05
2.25560556042066E-05
3.85685529340756E-05
4.98343465246229E-05
8.05019735947852E-07
2.8668253777668E-05
-1.16096147889215E-05
-2.8056559204659E-05
-2.92513410718217E-05
-3.90749923559384E-05
-4.7995479838869E-05
-1.49209836789214E-07
-1.39979830526404E-05
2.91700384697544E-06
1.98426535812307E-05
1.48453535048576E-05
4.56363603739255E-05
4.21072013866463E-05
1.79718382333503E-05
-1.29980499490562E-06
-1.19350261275687E-05
-2.13024692813662E-05
1.35025905032394E-05
-3.00839381661522E-06
1.54525982458762E-05
-1.86068692330764E-05
4.77195405554977E-06
9.70694651177624E-06
-1.16623183745919E-05
-4.41586946736121E-06
4.52985588031741E-06
-3.03357666506889E-05
6.25260398389717E-06
8.46853079894415E-06
6.3197186908628E-05
6.75047463944288E-05
4.15377549464211E-05
2.76283623756237E-05
7.19513182597415E-05
7.27498538828117E-05
7.53336442695548E-05
3.89164597073593E-05
3.65835203943739E-05
4.15701933926833E-05
-5.84540458108632E-06
5.33197427575324E-06
-1.02740041573434E-05
-1.46164987457056E-05
-6.64116931364969E-06
-2.80489733028281E-05
-4.30455326673683E-05
-7.76524572224822E-07
-5.57125350923173E-05
-2.56502331663997E-05
-1.13236683399837E-05
1.02692711677709E-05
1.44532557307319E-05
2.4118550851109E-05
-1.01907254558555E-06
1.76818268940016E-05
-1.942398168056E-05
-4.67367719705877E-05
-8.01014495121476E-05
-4.10439416696331E-05
-2.29304183489228E-05
1.76090179298634E-05
2.53001430070315E-05
2.34193830402057E-05
5.35554885530359E-05
5.25359701755731E-05
3.74105937312563E-05
8.16168739907491E-08
7.57059718593864E-06
1.88299624371702E-05
4.87310393784241E-05
2.12859474700385E-05
1.98978400967532E-05
2.66468233873489E-05
3.00951805864126E-05
1.50998873596054E-05
2.51413047254544E-05
3.05436863727067E-05
6.29840500372683E-05
6.16903151126494E-05
4.50680089500485E-05
7.01721467475566E-05
4.05442958164295E-05
4.19842769954928E-05
4.44788104346044E-05
6.47652041782286E-06
2.05507419575062E-05
4.1678355958576E-05
2.42852083231891E-05
6.484693011486E-05
7.69919973297088E-05
2.3174519149259E-05
4.86483125900809E-05
6.37756779612123E-05
6.75024685116581E-05
6.53852916246618E-05
5.66904140563188E-05
3.83854388678983E-05
8.54503012165645E-05
6.53886516598971E-05
6.63129944380035E-05
4.04554705233908E-05
4.62020755358544E-05
4.75664489767417E-05
2.01116506606182E-05
1.23257681641015E-05
4.07877280358099E-05
2.88181266295825E-05
2.82779731672745E-05
3.37566181119732E-05
-7.81131467295892E-06
8.47320949247911E-05
7.24627140226716E-05
8.16220520137262E-05
8.15932086591598E-05
5.86107974531507E-05
5.1466850806974E-05
7.69398128359311E-05
2.33129533367879E-05
1.39456098322168E-05
-2.01683024078901E-05
-2.82833007454087E-05
1.21893829955093E-05
-1.56436922224965E-07
1.11958105282671E-05
-3.37348338352971E-05
8.93045814593822E-06
3.63163149162954E-06
1.36536062115828E-05
2.36283684760181E-05
3.93016974450992E-05
1.42838551446763E-05
3.8200870364749E-05
2.98487622922861E-05
2.13279180975753E-05
4.78813765542281E-06
-4.92692253732388E-06
-2.35599034455382E-05
1.06496282840019E-05
2.14623367417044E-05
-2.23501274414306E-05
-9.95517836636757E-06
2.4387271612508E-05
1.94087271274462E-05
4.00016812982708E-05
2.85342212772054E-05
1.00724597281184E-05
5.04714086850096E-05
2.80558664211373E-05
3.47090242583161E-05
6.00927494623047E-05
2.20202447120083E-05
6.63044951411879E-06
3.83675447838634E-05
3.55041589076827E-05
9.53537244193682E-05
5.63846927016853E-05
3.9835150414197E-05
6.61906008041895E-05
7.98846480727821E-05
-2.27267973104133E-06
9.80858869383141E-06
-1.53578856840322E-05
-2.91442340902902E-06
-3.16851445481275E-05
-3.19603722379511E-05
-3.42512626992338E-05
3.80289171193154E-05
2.62661620498426E-05
3.34048767600966E-05
3.13463011326306E-06
3.02044578443961E-05
5.42014235902392E-05
3.30826621203635E-05
1.73982606306106E-05
-1.53306336091955E-05
-2.41789063479781E-05
-1.75049968967954E-05
-1.26461252680141E-05
-2.39843825454692E-05
-2.92017616129838E-05
-4.99143995375279E-05
-3.95102424673283E-05
-7.48076763229461E-05
-1.11567485340683E-05
-3.34043208649138E-05
-5.29225846839389E-05
-8.42228208272944E-06
-1.6343876261398E-06
3.32277312303044E-05
6.06330200670878E-05
2.8653328081229E-05
1.83941720238041E-05
1.92907098017011E-05
-1.4141179539126E-05
1.57272725254858E-05
-1.38361878205418E-05
5.84406122171943E-06
-9.38130147564288E-06
-1.20844189959783E-05
4.25979735796377E-06
1.28823615925017E-05
-2.11077222406543E-05
-9.77830518852612E-06
-3.48968533561531E-05
-4.32402969501487E-05
8.0690632057877E-06
-5.8858001297004E-06
-1.93570458474425E-06
1.57797871915647E-05
2.12280704806655E-05
1.55923814930324E-05
2.15361261679437E-05
-1.80978325601926E-05
-5.91341993861038E-06
-1.30477217023556E-05
-1.61669841803551E-05
-4.57690063789198E-05
-3.69029291646968E-05
-3.53629345028228E-05
-5.50729177675372E-05
-5.92159173910466E-05
-5.74889249841163E-05
-3.60178450895868E-05
-2.70521384718154E-05
-2.50515251963731E-05
-1.84024695239167E-05
1.87751176710934E-05
-2.20983798286999E-05
1.71686656567353E-05
-9.68202571066339E-06
-1.91397226729187E-05
-3.05195354016594E-05
-2.69586024083679E-05
-4.99749317563208E-05
8.1145663989558E-08
-2.84363810430314E-05
3.56424770343733E-06
1.35425221673786E-05
2.25551747594133E-05
4.36728246799066E-06
5.60798663180723E-05
4.48403447166002E-05
4.82347580098562E-05
4.72942372961582E-06
-3.89012949065763E-06
5.59698391470692E-05
2.54943066006342E-05
-2.84524178770304E-05
-2.64130674273375E-05
-2.21037466758255E-05
-4.2488453754516E-05
-3.39915946294007E-05
-7.87005658587108E-05
-3.16398370926497E-05
-3.65243191513789E-05
1.25020762409519E-05
-2.55689973310315E-05
-1.64093433689475E-05
2.70838462669706E-06
-4.36087570086107E-06
-2.74370467247664E-05
1.99993472947734E-05
-3.47002658311897E-05
9.34280763353636E-06
2.79144580309387E-05
3.15328244499006E-05
7.60358597290376E-06
2.4064662533958E-05
2.15840074363153E-05
1.98224528137869E-05
-9.26961466465011E-06
5.4789200206094E-06
6.377494565177E-06
2.3717124333376E-05
4.61752554503553E-05
3.99784671874223E-05
4.04262588971234E-05
7.37278822857603E-05
8.33546014734674E-05
4.75901997197238E-05
5.35245158862579E-05
2.95746018955244E-05
2.62730539115515E-05
3.68100537116322E-05
1.65214441772328E-05
6.11810178693166E-06
4.31575423640742E-05
3.99216059674065E-05
7.48673681600662E-05
6.36410179359903E-05
5.80142370249019E-05
7.45315324610788E-05
8.28642770956283E-05
8.3577637085919E-05
7.66955482307933E-05
2.2298567855861E-05
3.93655591305953E-05
4.61613559536219E-05
2.19780189715688E-05
1.27510440946367E-06
1.12935656634563E-05
-5.4706041193078E-07
3.37019295290734E-05
-1.93313420380818E-05
-4.46663424225686E-05
-2.65729254560936E-05
-2.45799013796439E-05
-6.26593400808794E-05
-2.37729400002124E-05
-2.26675103486261E-05
2.30589485433255E-05
3.78507140812952E-05
2.19497908760291E-05
3.94011087996357E-05
4.599691818629E-05
4.05127143216481E-05
2.09061205522985E-05
7.24591403614065E-06
-8.57135355699565E-06
1.72192770835187E-05
6.53774422758194E-06
4.174513892134E-05
1.85659261513028E-05
4.63218720407633E-05
3.1713577404072E-05
4.49017733755223E-05
1.6438384955184E-05
7.92310705058317E-06
1.30057935689405E-05
1.2051500755467E-05
-3.66502026685974E-05
-7.2259238363001E-06
-1.52607808487241E-05
-9.58043125643843E-06
-1.44673237506438E-05
-5.45493944478692E-05
-6.28676904628867E-06
2.32716479649731E-05
3.245823835075E-05
3.00735513574658E-05
1.45586963957973E-05
2.89803855921534E-05
6.20665313995482E-05
1.81540608926422E-05
8.38911311228558E-06
2.1394646118811E-05
3.90887993214478E-05
8.79131577061673E-05
6.33379968681375E-05
3.83499280173288E-05
4.01410212387215E-05
5.6520041637538E-05
2.33032894044217E-05
2.71212109450324E-05
-1.88040163552857E-05
-1.53573399961905E-05
-3.379495482242E-05
-4.59903367105041E-05
-4.29877379896246E-05
-5.5557582525054E-05
-6.8412958400171E-05
-4.88918422587485E-05
-4.24338195502103E-05
-5.3273722193912E-05
-1.36147982043884E-05
-2.07268816337238E-05
-3.6831266969715E-06
1.50824569278334E-05
1.11170995997654E-05
2.66174992091667E-05
2.72620245380425E-05
3.41950492826433E-05
3.90859029648697E-05
5.30976686922297E-05
4.12486825360092E-05
5.17056226790117E-06
4.51438594029342E-06
1.80278965449999E-05
1.23983579916868E-05
8.01200706599548E-06
-7.9239468522232E-06
-8.5788085290075E-06
2.76321586890463E-05
1.48632416965483E-05
3.13604128690238E-05
-1.50884091191956E-05
-3.39639659279741E-05
-3.34296672230035E-05
-3.19555394225178E-05
-1.48667701971053E-05
-1.55511926498843E-05
-4.83182666343992E-05
-5.78542864372391E-06
-4.19896852218103E-06
3.60842693896038E-06
6.56227294592804E-06
1.7287438806633E-06
1.14860500673471E-05
5.30146385410237E-05
3.58342198530018E-05
3.94710675883586E-05
2.13815294380264E-05
8.33230206521795E-06
-3.64420257970185E-05
-2.43207590769494E-05
-2.95310739451157E-05
-3.16323392984749E-05
-1.54471300731912E-05
-1.91589156715401E-05
-2.13452554545769E-05
4.04996650193137E-06
1.20552310645109E-05
2.83201378163861E-05
2.03108879380004E-05
1.70033607340405E-05
2.63787781626436E-05
2.65265714924287E-05
1.91319000835431E-05
3.07565273884373E-06
-5.1864011403779E-06
8.00793470742627E-06
-2.17749822424323E-05
-7.9855844565265E-06
2.19754361103157E-05
2.84334599984393E-05
1.82930304909825E-05
-1.24551082399267E-05
-3.44634597478296E-06
2.37960118284964E-05
2.4096720126871E-05
-1.05847475342126E-05
-1.03573654346924E-05
-2.17246140143763E-05
-2.51770176957426E-05
-5.33713763086561E-05
-7.06715607360936E-05
-6.82641628056567E-05
-6.78007509459163E-05
-8.6250052769969E-05
-6.08220297979994E-05
-2.23382275510175E-05
-2.19866716373542E-05
-7.99118213332019E-06
-2.68121206590221E-05
-4.49935277202594E-06
1.53447777738791E-05
2.34341583411436E-05
3.27264413477355E-06
-3.4875823506846E-05
-7.64142061451575E-06
1.22294272955992E-05
2.44538030305215E-06
6.91853873535658E-06
-8.27214761798007E-06
-4.9400018365003E-06
4.07123029309181E-05
2.12788010817714E-05
-2.84812151057294E-06
-3.83878629690663E-06
4.19337553412184E-06
-8.35746367387476E-06
-1.70669175853867E-05
-3.14212397217059E-06
-1.56988800896827E-05
-1.71854302780223E-05
7.92622078190272E-06
-2.03895291976109E-05
-1.57561696037377E-06
-2.32543307819055E-05
-2.70197980148011E-05
6.72789145647743E-06
3.66651476101381E-05
-9.42009294632066E-06
3.74879273484076E-05
4.83733507374522E-06
2.76799812134094E-05
1.12605545861772E-05
-9.47210288594627E-06
-2.1416256333776E-05
-6.40512509565146E-06
-5.23698420153202E-05
-3.6713611298682E-05
-3.70083211724146E-05
-2.92246516247288E-05
-2.3563665457426E-05
-1.40838403925503E-05
-2.95850950405304E-05
-6.77564223445602E-06
7.75264081657689E-06
2.6394518496648E-05
1.20556161339758E-05
-2.23748594884298E-05
-3.8543534769838E-05
-1.72860233796957E-05
-4.19461916501519E-05
-4.81130487734545E-05
-5.98800347895185E-05
-3.2068968249826E-05
2.31696914700208E-05
3.96462985881917E-05
3.94759931588209E-05
4.8615585911206E-05
4.57125929053362E-05
5.50364351521477E-05
3.85586667477438E-05
5.55008067304663E-06
-1.65280569503908E-05
2.80595688619999E-06
1.52819989563743E-05
1.96284970700004E-05
1.40658023830865E-05
9.14340220709272E-06
3.10039963115852E-05
1.84052857313629E-05
5.08041034710303E-06
1.41871622496967E-05
1.52837590969062E-05
-1.5680475197699E-05
8.36429409060547E-06
-4.03620026052675E-05
-5.52133734349803E-05
-5.41631902214958E-05
-7.57795562088947E-05
-7.93785771236243E-05
-7.24986641203736E-05
-9.40948899847898E-05
-5.65466635586112E-05
-1.77450018107306E-05
-4.63848572829778E-05
-2.05686081058604E-05
-2.54728705091814E-05
5.29472771123607E-07
9.9318675373497E-06
-1.37129914230397E-05
-2.01996269310468E-05
-9.82331753442667E-06
-1.59339215217866E-05
-3.20410364929047E-05
-5.42736142921678E-05
-4.48795882318246E-05
-2.00572524442437E-05
-2.68660228390185E-05
9.20406801647636E-06
-1.59175333255912E-05
1.90922058196299E-05
3.12817177767217E-05
2.38725393028923E-05
2.02573649045965E-05
3.74790118021179E-05
-1.0206384059724E-05
-7.08030046853433E-06
1.65442449883188E-06
-1.36007248427044E-05
-2.31089987421169E-05
-3.33030805649432E-05
-3.36550834819887E-05
-1.61425366859834E-05
-1.59117247971871E-05
-2.43403572033049E-05
-3.12679863387554E-05
-4.1132577196105E-05
-6.84391754596116E-05
-9.08225668704734E-05
-9.65040076812727E-05
-4.89895838609488E-05
-4.99810547588363E-05
-1.73602169309793E-05
-1.10556869107655E-05
-1.70273119191873E-06
3.12018427611789E-05
1.24119459312012E-05
-3.80276191528915E-05
-3.92241568161386E-05
-3.87426761617102E-05
-3.56787422738237E-05
-1.43027898216685E-05
-5.3331946310379E-05
-9.50969400966243E-06
6.81572515452864E-06
-2.31489725786535E-05
-1.8166691664436E-05
-2.54627903899775E-05
-1.7390971516439E-05
1.11556630410199E-05
1.86614170604849E-05
1.36304202338992E-05
2.98554082384159E-05
2.29655710310174E-05
4.75502952932266E-05
2.29744181551365E-05
2.32365208235928E-05
-2.22945425448751E-05
-5.74836987743416E-05
-4.82974191369621E-05
-5.38292307818092E-05
-5.5393678000704E-05
-4.4017295746176E-05
-5.19859850311996E-05
-3.8131066393611E-05
3.97623329136381E-06
-4.34682382358068E-05
-6.38685979661524E-05
-7.48164031034726E-05
-7.97943511905439E-05
-9.59511875252699E-05
-6.80615869999065E-05
-0.000107294786509349
-7.90440775510647E-05
-5.7179768846417E-05
-5.5915490223016E-05
-1.97538931391169E-05
-2.91397014245476E-05
-3.90894464596837E-05
-1.51715402083272E-05
7.33529294783386E-08
-1.15550528253341E-05
-7.40089809760223E-06
-1.59913523320032E-05
2.68456828157571E-05
6.75337628037302E-06
3.2510798738106E-05
2.15252298054437E-05
3.65586742765818E-05
-1.30071352276079E-06
-2.96352283866711E-05
-6.34993556530984E-05
-5.46908815528089E-05
-7.6381586384287E-05
-7.42548859862034E-05
-8.04667371462887E-05
-5.96945837209764E-05
-8.04720195122066E-05
-4.01546270958714E-05
-5.11693615227746E-05
-5.30597258419194E-05
-3.43346844198539E-05
-5.25928494023686E-05
-5.08223336151365E-05
-3.71292380782034E-05
-7.50638331502297E-05
-5.52962563423609E-05
-6.13843362660787E-05
-5.75756395476209E-05
-5.0117345445219E-05
-3.24548058647106E-05
-2.04191461567024E-05
-6.86757355188675E-06
-1.56521965914326E-05
-9.69042173766315E-06
-2.90857395024548E-05
-1.82337766712735E-05
-1.88558728539045E-05
-7.69022866407002E-06
-4.0898106528928E-05
-3.5090085661486E-05
-1.50589935840162E-05
-1.89019085930713E-05
6.70325020265945E-06
-2.52883965415205E-05
-5.45748851199238E-05
4.4627792114554E-06
7.68423357879368E-07
3.47308375982163E-06
-4.73177234914174E-07
-3.3278401185391E-05
-4.68788231930414E-05
-1.2869329675023E-05
-2.01287172694807E-05
7.72272531775956E-06
-4.90654310353209E-06
1.54455245525941E-05
7.05746608996502E-06
6.88431223387962E-05
7.11888563800138E-05
8.15057142602818E-05
1.84647504350642E-05
5.29882374500419E-05
2.93550827424115E-05
1.75801418405638E-05
4.03176327202898E-07
-2.26461693580198E-06
-3.38503575320321E-05
1.27164921784573E-05
1.80617772198622E-06
2.31190181224399E-05
5.81894840166695E-05
5.88170195955873E-05
3.341685467443E-05
4.68178151677769E-05
4.69712166758084E-05
3.87754138309363E-05
5.73477146603901E-05
3.62677750193493E-05
2.19342904253221E-05
5.8935169853036E-05
2.25983503840779E-05
2.54063193718695E-05
6.1636642510332E-06
-2.03097396698861E-05
-1.86365829251563E-05
5.44277654813568E-07
-4.06185148118023E-05
-2.04834354056074E-05
-1.80560975837536E-05
-1.35985860191257E-05
8.83107649497954E-06
1.31493950955632E-05
3.40621543172958E-05
5.12001039483802E-05
3.34071313157373E-05
1.55262400652275E-05
-3.53480462350654E-06
-1.87988719401756E-05
-6.50773098330652E-06
-3.8274797610081E-05
-2.66007446415243E-05
-9.84572546136453E-06
-6.51036329415913E-06
3.14913232469895E-05
2.09095843849752E-05
-3.18943963668239E-06
3.24228793699437E-06
2.25698343773813E-05
2.51777454689027E-05
3.86104049202305E-05
1.75276949508668E-05
3.26579152366436E-05
5.71919481502461E-05
5.51874453469526E-05
1.71658892436223E-05
2.98525045838514E-05
3.94552649752669E-06
1.18520345609904E-05
9.61498529682982E-06
-5.78793765969301E-06
-1.49313221328339E-05
-5.16302373946102E-06
-2.6071570241388E-05
-4.90771800986198E-06
-3.78373261163973E-05
-3.99973662594124E-05
-1.21719879533641E-05
2.79732026308311E-05
1.65948572863449E-05
3.0639499816471E-05
3.21209852201685E-05
9.76355886196094E-05
8.84685902583072E-05
9.5567374856928E-05
5.926559973805E-05
7.36036199866198E-05
5.50865653595645E-05
4.57033339612381E-05
1.68788767048641E-05
1.20581194896322E-05
-1.09923562716769E-05
-8.64669781129019E-06
-1.45572858871204E-05
9.75400169267911E-06
3.5794437058975E-05
3.47889400418268E-05
1.9932344652435E-05
-3.80667224306723E-05
3.33720889388662E-06
-1.46327597655866E-06
-3.02064551668124E-05
-3.96712052805179E-05
-3.69374521020969E-05
-2.80384057272566E-05
3.71558772127217E-05
-2.98038888032638E-05
3.70793995047689E-06
1.35369832676774E-05
-4.54046204490981E-06
-2.56138173691177E-05
3.70617316667358E-06
2.67956087482852E-05
2.25740892245859E-05
-5.49258698350389E-06
2.6626759120337E-06
2.91668254681005E-05
3.40852836072458E-05
1.29733154107628E-05
-5.69587955043582E-06
2.51855347874807E-05
4.62505908103792E-05
7.14909832775044E-05
3.1533683705867E-05
1.18515882929717E-05
2.94126286665067E-05
5.58608995923817E-05
6.6415879666074E-05
6.70037027772108E-05
2.85645060183598E-05
4.33766824820625E-05
8.30338739483243E-05
5.9430502302029E-05
1.4350107571349E-05
3.56677420426593E-05
1.77570138781441E-05
3.08830495765232E-05
2.95188861558865E-05
4.91656810719743E-06
1.55365558671025E-05
1.45878966162184E-05
-3.81301604172304E-05
-4.4034880980183E-05
-4.47770193286537E-05
-1.31349406430701E-05
-2.58609408399612E-05
-3.95789398305128E-05
-2.61702181485823E-05
-4.33264046881829E-05
-5.47308174513714E-05
-5.89228471103288E-05
-9.02890150421255E-05
-4.66132996137976E-05
-2.92561030531216E-05
-5.43620265401054E-05
-1.54702665403091E-05
1.0582561588085E-05
5.00454071839125E-05
4.35597148519869E-05
1.31390368775392E-05
-6.77902996247359E-07
3.11793919729412E-05
2.20500250325175E-05
2.67721494512078E-05
-7.03018906829013E-06
-1.38162946661199E-05
-3.80868069431671E-06
2.23697799556662E-05
2.39552942319153E-05
3.83814628493865E-05
8.58390310629874E-06
2.09376809051453E-05
7.73703288574986E-05
9.34369548680783E-05
9.08377491819528E-05
6.43915717043655E-05
8.27143275675669E-05
8.7688876111446E-05
7.91717343289023E-05
3.01451006017899E-05
2.72183134470458E-05
3.36237983331524E-06
1.62540076463327E-05
-1.6589924564384E-05
-3.77932463102023E-05
-4.28497937436783E-05
-3.616463596632E-05
-5.06998200923494E-05
-3.4840260662265E-05
-2.55980190977125E-05
-2.96549471644118E-05
8.10104535055296E-06
2.69727934282378E-05
2.10021428303987E-05
2.80375324193263E-05
3.39366797082183E-05
2.08906497472818E-05
3.16003530917598E-05
1.97572614437233E-05
-2.91169775957763E-06
-2.6285692994723E-05
-3.57045166750556E-05
-5.2833069360173E-05
-7.55928083445388E-05
-8.83705860072975E-05
-8.13247344212052E-05
-8.88401322565369E-05
-3.23897106658276E-05
-1.72722067987414E-05
2.27539848123608E-06
1.49326004406486E-05
3.35738204241548E-05
1.57669708911458E-05
3.34060717344188E-05
9.5699644954669E-06
-1.62476828424861E-05
-2.92754450353001E-05
-6.06789414892642E-05
-4.85505292073188E-05
-3.21237817693365E-05
-2.01958217879072E-05
-3.476694726688E-05
-1.21769425979791E-05
-2.24293594767941E-05
-2.61223297193273E-06
-1.62093483525099E-05
-1.81111460023039E-05
-1.68390008325128E-05
9.81877556899386E-06
1.13171009709218E-05
3.59077887330597E-05
7.61429382443957E-05
7.85327380680079E-05
8.10782047561336E-05
7.02576715678053E-05
5.01457147557686E-05
3.74349555673668E-05
2.44702416964139E-05
3.97351434439797E-05
2.17032653015614E-05
5.23953039229569E-06
-9.04185589089934E-06
-3.31905439702354E-06
-2.93659103929126E-05
2.87341195169738E-08
-9.74938623420705E-06
8.52823021108518E-06
2.87589981433425E-05
5.00047934445955E-05
4.26497817211099E-05
5.14282301778683E-05
4.70864482069624E-05
4.06558219093671E-06
-5.40094538313903E-06
-3.6967100502098E-05
-2.83686534189553E-05
-7.25703984580612E-05
-4.81344904097386E-05
-7.7155406329775E-05
-5.26817951322744E-05
-5.28661186763305E-05
-3.63584492668318E-05
-5.05332582701346E-05
-1.74648062461143E-05
-1.26074335415282E-05
-1.18208014712838E-05
-2.73052409937044E-05
-4.91250225177375E-06
1.26499817548319E-05
1.0628508633396E-05
3.66270655923506E-05
4.27540037622889E-05
5.91639746459106E-05
7.96166232645865E-05
5.55272917625479E-05
4.73928300881302E-05
3.00229375889438E-05
1.49237574136337E-05
5.10771092641046E-06
-3.67441351168248E-06
1.97956375868147E-06
-5.6786938448345E-06
-4.42730750187539E-06
2.98663394758053E-06
-8.92369357362197E-06
-1.55297514849307E-05
9.80462355763882E-06
-1.42160251022621E-05
-8.95221619663552E-06
-2.23214438474468E-05
-3.93445069500557E-05
-1.80972829267658E-05
-7.5976075696422E-06
-2.04367893175533E-05
-4.07055663013344E-05
-2.6835563118582E-05
-1.34009863924274E-05
1.06714391746037E-05
1.54597449119016E-05
-3.7602255969817E-05
-4.97165286066386E-05
-1.34784588771167E-05
-3.26971880977144E-05
-2.50566684417929E-05
-1.59419351189181E-06
-6.15928015075229E-06
9.91229291667372E-06
-1.48042316095716E-05
1.18502930138675E-05
1.19245862511344E-05
1.6984130915651E-05
-2.32250993880084E-05
-2.30812026316932E-05
3.04099272440932E-06
2.65435874381274E-05
-2.03444302255521E-05
-1.51616586467536E-06
2.13947473277799E-05
3.93012678331435E-05
2.57033261844007E-05
4.79902403630343E-05
1.05943237748121E-05
3.23944053268477E-05
1.05832432510371E-05
-2.21014725939942E-05
-2.37362167820618E-05
-2.39221180086967E-05
-5.49707325871875E-05
-2.10300551731553E-05
-5.51992852635921E-05
-5.44783010267539E-05
-2.34208169931605E-05
-3.31803088250853E-05
-1.71315000087682E-05
-2.23895467075901E-05
-1.29666036847733E-05
-4.17570963877804E-06
1.75975716662654E-05
-3.98892428394274E-06
1.73676413894885E-05
6.74339049168771E-06
1.17553892640984E-05
-6.1783199376919E-06
4.69187619596306E-05
5.04253874691216E-05
1.8411499929419E-05
1.98384514638965E-05
3.60219684819364E-05
2.90936189141894E-05
2.44239758215251E-05
7.6501721548616E-06
5.46902171132559E-06
2.73838451549202E-05
1.89496409780709E-06
-9.64369725235929E-06
3.25920016434151E-05
2.56822777439081E-05
7.96493346637111E-09
-2.67561118750743E-05
-1.25576492563056E-05
1.60015817406227E-05
2.4082067010975E-05
-3.69053471561624E-05
-1.70360167851512E-05
3.7938238149328E-06
-1.55904919773072E-05
-5.07659774577194E-05
-8.28833851876767E-05
-0.000116223646927963
-6.35380025239278E-05
-4.50928152414294E-05
-7.94870864087085E-05
-3.16958680313245E-05
-1.85898867919897E-05
-2.02769914872203E-05
-2.55044984700894E-05
-4.31303188354729E-05
-6.17354903278301E-05
-4.11123118757404E-05
-4.46571932087413E-05
-2.75073974487543E-05
-2.43277344656907E-05
2.3568828082619E-05
4.59273777003596E-05
5.11204892520242E-05
2.24687392106695E-05
2.11772687467399E-05
1.12362621073428E-05
5.18917261443193E-06
3.19009106905369E-05
-1.76717440059855E-05
-7.52587593936981E-05
-6.87882271737421E-05
-8.2726259164439E-05
-7.20366211005903E-05
-4.98498514428324E-05
-9.86192980095518E-05
-8.04010848593008E-05
-5.3066415814241E-05
-4.71509783164925E-05
-3.70537931806791E-05
-5.35397316086922E-05
-3.61669401586007E-05
-3.14756410674959E-05
-4.45288346342011E-05
-2.22746090788729E-05
-1.54658808570602E-05
-2.19152991278439E-05
-2.65648686177843E-05
-3.82997820307094E-05
-1.39864710774612E-05
2.16672240647595E-05
1.33214400511178E-05
1.99810384706266E-05
4.65109186999632E-05
2.22442913079314E-05
1.27784841210571E-05
-2.52405043181684E-05
-2.94994610376932E-05
-2.50590983193082E-05
-5.38054365700855E-05
-8.45053462147076E-05
-7.71915382650993E-05
-8.25247223717333E-05
-6.35383284624743E-05
-7.4842920590547E-05
-9.41521477201608E-05
-6.80638884518845E-05
-6.67609225250373E-05
-2.25152746122937E-05
1.32195465549599E-05
-9.76406363917956E-06
-1.77005985453095E-05
1.10671466617112E-05
-2.42925972902303E-05
1.05855929981424E-06
-6.53472705029764E-05
-8.03376331784903E-05
-7.07639979373418E-05
-8.34341207122525E-05
-6.32006232341689E-05
-3.55799938973639E-05
-4.45792054199787E-05
-3.56071385342205E-05
-6.68922538278167E-05
-5.10497034156898E-05
1.91542502254546E-05
-4.43999453772491E-06
1.055586939246E-05
8.71737308945718E-06
3.75769308320858E-05
1.66826477906721E-05
3.64260492936606E-05
-1.38142060864322E-05
-8.1461388432283E-06
-7.49414270464052E-05
-6.83609095173554E-05
-8.11188125978271E-05
-4.32196814209585E-05
-0.000102996915548322
-0.00010822204881451
-7.99475843317402E-05
2.76987540259489E-05
-2.95197656132287E-05
-1.73687263764336E-05
-1.33287021222972E-05
1.61929976811532E-05
2.08665300910962E-05
-2.89665935373438E-05
-0.000114628453359075
-6.46206762213199E-05
-3.16025061093748E-05
-3.50588240593624E-05
-3.75492373919456E-05
-4.12980202421622E-05
-1.64550897284675E-05
2.92918291744522E-05
1.07822092236004E-05
-2.11193291141459E-05
-4.85068492933184E-05
-4.59425507022531E-05
-3.46224471479237E-05
-4.43863901720889E-05
-4.2780024323643E-05
-6.49777369407618E-05
-3.86757461050322E-05
-3.86225267692528E-05
-7.20997151415641E-05
-6.81948042627309E-05
-0.000108101772919687
-0.000134707863450567
-0.00010694074370186
-0.00014960929572881
-0.000132255397023838
-9.51621931186288E-05
-0.000123381409552138
-7.77742014197681E-05
-7.68655313089058E-05
-8.94038617316848E-05
-8.36174321977746E-05
-8.01068933721108E-05
-8.80874662961308E-05
-8.83173814364921E-05
-0.000106824295586595
-0.000116760048613289
-0.000101922811710025
-0.000125466193932795
-0.000126422276019678
-0.000112444120013935
-8.91735930277861E-05
-5.37546011525915E-05
-5.26429802907171E-05
-2.05117871589572E-05
-2.54469285348953E-07
-8.50439160492897E-06
-1.18628053957991E-05
-2.29465122310657E-05
-5.11438350100765E-05
-3.86170562393096E-05
-6.76300956401681E-05
-7.76825328318635E-05
-4.18975161564802E-05
-2.10028625341926E-05
-2.70259100090355E-05
-9.68568653004955E-06
-6.29350483303622E-06
-6.3805664473146E-06
2.21019922819174E-05
2.91161588186329E-05
-2.94826415380022E-05
-9.23524847255616E-07
-9.94716537819023E-06
-4.2192956403589E-07
-1.72549719742635E-05
1.37962332179009E-05
-2.0013215066737E-05
2.55683021278315E-05
3.65161888674827E-05
4.10356687537571E-05
3.26330708492521E-05
3.39808878839485E-05
2.66128501210972E-05
3.82290001659887E-05
4.24174248556185E-05
-5.087172578297E-06
-3.10973295655618E-05
-4.06410873373664E-05
-2.86813643695575E-05
-5.86513946219973E-05
-5.90454826552467E-05
-6.03132792355037E-05
-2.48680853805802E-05
4.57217407892405E-06
3.49407843801021E-05
3.49600818627968E-05
3.68568857435335E-05
4.26928914559215E-05
4.70520208793018E-05
4.55121731449965E-05
3.18849301300667E-05
1.09462747720688E-05
-1.16800538624858E-05
-3.10756868088558E-06
-1.64559075445534E-05
-1.2199876902372E-05
-3.33944832663337E-05
-1.52491436980019E-05
2.12733979995213E-05
6.73318523465112E-05
5.96544722291097E-05
5.72472417866428E-05
3.28812034376723E-05
5.30122692011389E-05
5.06134558054795E-05
3.20064278800799E-05
2.87787946160926E-06
1.97480169066698E-05
2.337690961812E-05
3.4918856184832E-05
-2.73284055824721E-05
-3.19358680824875E-05
3.31159592919885E-06
2.95480887472353E-05
-5.11761015121515E-07
-2.59311607998745E-06
-1.66516155360511E-05
4.94513979538851E-05
3.33808352329392E-05
-1.29120330728727E-05
-3.23554175114396E-05
1.25423946779659E-06
-1.30877173676267E-05
7.60561049649548E-06
-9.26951169905919E-06
2.44478416708006E-05
4.01725987831217E-06
-5.11012755693932E-06
-1.30022218843735E-05
-1.63537742980463E-05
-2.62448220179732E-05
-2.01751834815764E-05
-3.47775136288324E-05
-3.13997565014714E-06
7.60477618544637E-06
3.45630713655518E-05
7.33028719223101E-05
6.85029837759493E-05
7.59321745301701E-05
6.10924495317176E-05
6.59195476920429E-05
8.2539577201422E-05
4.25751180631852E-05
3.57640658325628E-05
2.77499370749408E-05
4.87675420175033E-05
5.66381872497749E-05
6.09257623476622E-05
1.67861162730783E-05
1.82208800919268E-05
2.49858070503037E-05
2.97624938284017E-05
-2.91940212769924E-05
-2.87771820394442E-05
-2.97525088574704E-05
-1.1885310236695E-05
1.50625434295976E-06
-1.9388156996478E-05
3.03551186925667E-06
7.06368871563E-05
4.34632228808388E-05
2.72558643646795E-05
4.96550080055434E-05
5.2075799797176E-05
4.99682273603562E-05
3.16592996582359E-05
-9.83380180792979E-06
1.51630495006265E-05
-9.31790267840931E-09
-2.17102957906695E-05
-1.602779048778E-05
2.59808305110978E-06
-6.63556658050477E-07
-7.4499511406895E-06
1.64850570530159E-06
-5.90856742391329E-06
-1.94955433432253E-05
-8.68039361359661E-06
-2.33443430986078E-05
1.72262333128624E-06
2.2298429653208E-06
-5.89934061545913E-06
-3.45006204040928E-05
1.90617183084238E-05
-2.96197412885616E-05
-2.66655023816723E-05
-5.45934984022686E-05
-4.56587613150581E-05
-4.48856334777595E-05
1.93810013054092E-05
-1.03949789325426E-05
1.71975147438886E-06
-3.15109714306591E-05
-4.52263721904064E-05
-6.04367835982331E-05
-9.02204253783581E-05
-7.75098478861688E-05
-0.000114961893875629
-0.000116587406956051
-7.48041261076781E-05
-6.06886250326635E-05
-7.0315836835296E-05
-5.71184716562052E-05
-7.74472820119338E-05
-4.94158207024741E-05
-3.47853236417421E-05
-6.3528796022561E-05
-5.2192497000744E-05
-2.86231354067391E-05
-1.46596431124624E-05
-2.30192615811698E-06
-2.27123125653748E-05
-1.26520091798304E-05
-7.26485466773717E-06
-3.50145485972702E-05
-5.07731199773477E-05
-6.47314472028479E-05
-6.36388380428059E-05
-1.88536819633895E-05
-3.59375671435444E-05
-4.59544363386573E-05
-1.17877759485356E-05
-1.00171138799797E-05
2.03273888123997E-05
-1.79309359982237E-05
-3.20162452455919E-05
-2.94963968427596E-05
-2.84620198258044E-06
-2.98435382719046E-05
-1.0053600475926E-05
-3.85587412049651E-05
1.44695381194381E-07
-2.13994293198741E-06
-9.88547816924826E-06
-3.17106108110365E-06
-1.80111630593929E-06
-1.27797781256696E-05
-1.75860420228766E-05
-2.83415337279107E-05
-2.70939642942832E-06
2.99240981886776E-05
-9.38285351896701E-06
3.18608886454736E-05
4.36755538308182E-05
5.16854484261179E-05
3.240145911351E-05
6.16932513813391E-06
-1.24301712637955E-05
1.48244786127235E-05
-3.6173138291099E-05
1.80098266731016E-05
2.49696777977078E-05
8.06729334490811E-05
7.25219590815984E-05
2.06297670378513E-05
3.00684414134523E-05
6.22580093461669E-05
-1.51834185379136E-05
-5.90957845164998E-06
-6.05055432461591E-05
-5.7665929344301E-05
-1.74831997499148E-05
3.77008472872497E-06
-3.58130416335022E-05
-4.80375459121675E-05
-1.94336855009836E-05
-4.43117481141882E-05
-3.49859480728028E-05
-4.30649255882039E-05
-4.62942255357652E-05
-4.55749526475906E-05
-3.13808203870603E-05
-6.37170501482427E-05
-4.77943231535652E-05
-7.32824406450402E-05
-7.60769303342693E-05
-0.000133208716289871
-0.000149366642538025
-0.000125612947209986
-0.000134866788055508
-0.000124825228326655
-0.000119803673918787
-0.000133566139046861
-0.000115988355347856
-6.92573670146138E-05
-0.000109230687688203
-8.79061110671384E-05
-8.35735885692958E-05
-0.000113704367557495
-7.45086445284989E-05
-7.60567540213283E-05
-7.40166835921053E-05
-4.17638289697226E-05
-6.44853683428664E-05
-8.5057296984875E-05
-6.06418685017114E-05
-4.35346937255731E-05
-4.46104127523727E-05
-4.53090451001618E-05
-8.86382483304591E-05
-6.33340353172613E-05
-4.28055813237259E-05
-1.9112534499556E-05
-8.15603498435398E-05
-6.70167455147274E-05
-9.54191360034106E-05
-5.7124252980827E-05
-9.03955643308858E-05
-8.96129428479236E-05
-9.81369225203057E-05
-0.000109946641217351
-0.000106957851784236
-5.95095325830289E-05
-7.56895960450715E-05
-6.27295719538243E-05
-6.77571172694981E-05
-7.13526953302496E-05
-4.25031433061514E-05
-4.49814559630354E-05
-0.00010117717721523
-6.33870065457293E-05
-7.0655956345991E-05
-6.16217454924365E-05
-6.20198251118559E-05
-7.30362191757492E-05
-8.20576005418456E-05
-5.18514451627878E-05
-7.68850543476629E-05
-6.60072179910822E-05
-5.87316279843791E-05
-6.71286590140242E-05
-2.94564940124048E-05
-2.06438322160999E-05
-1.52120062485857E-05
-1.03855087054368E-05
-1.19242408815586E-05
-3.82046219527361E-05
-4.70877620264863E-05
-4.7075771958769E-05
-1.8190173004107E-05
-3.27898079439717E-05
-1.15923059171943E-05
-3.2533263570371E-05
-3.5924875947518E-05
-1.37285650342887E-05
-5.22225331231112E-05
-7.68692111196903E-05
-8.81101368336515E-05
-0.000117451778764953
-9.56144729872317E-05
-7.96892277298914E-05
-9.35488751743395E-05
-6.80607491655956E-05
-8.95019228872945E-05
-9.75683562310247E-05
-6.59768693657347E-05
-6.86692618249457E-05
-0.000110347716019487
-7.3008865511648E-05
-6.49812768662406E-05
-1.23724012891321E-06
3.32886703741535E-05
-3.57436463509577E-05
-5.51088816420596E-05
-2.21327215774143E-05
-3.28828816819579E-05
-4.02557700916023E-05
-6.6896423635205E-05
-4.4290354674225E-05
-3.46059129511119E-05
-2.90471769791909E-06
3.01686686461582E-05
2.79965634906888E-05
1.87471220828648E-05
-3.64909917126804E-06
-6.87046476329987E-06
2.31812072001714E-05
-2.52585155292565E-05
-8.88675396859741E-05
-8.07489906253014E-05
-6.48507813328191E-05
-5.12070564414682E-05
-9.77409685602471E-05
-7.43010606125199E-05
-5.50347081981377E-05
-3.13548719617722E-05
-5.39103983352483E-05
-4.55331188834494E-05
-3.51106383325226E-05
-2.8004371855767E-05
-6.66822854936137E-05
-3.47412122267295E-05
-2.65702742823229E-05
-1.71303493996535E-05
-3.22176362782833E-05
-5.80413956230523E-05
-1.57988726236983E-05
-6.14235152056818E-06
-2.65851916724861E-05
-4.60979053686029E-05
-2.87092421193172E-05
-4.33041974950728E-05
-7.28256227100263E-05
-0.000122044958996401
-0.000140245069981977
-0.00013968964312277
-0.000107656574032739
-9.25931527158729E-05
-5.69068971750122E-05
-3.1834473212803E-05
-2.01979690315997E-05
2.17832886281831E-05
5.30176147475388E-05
4.80796300738656E-05
2.34075037359291E-05
3.21281372987259E-05
3.14808399155291E-05
5.80991110659783E-05
2.96789273412345E-05
1.55524820181086E-05
4.24505456222147E-05
-4.88005737280553E-06
2.28386443909092E-07
2.36557359574273E-05
3.60314781838947E-05
4.18195413061806E-05
7.9476120937478E-06
-3.30915648722121E-05
4.07209561842642E-05
-1.24907600239634E-05
-4.87700789925885E-06
-3.40824397711007E-05
-2.06096910677267E-05
-9.93562390703535E-06
4.45236546498697E-05
-3.38331467902367E-05
-3.34990056408665E-05
-8.75373922779866E-05
-8.4663907341416E-05
-8.68742598745502E-05
-6.62436281664001E-05
-8.89002202700779E-05
-4.44481192434208E-05
-4.50720008032673E-05
-9.22769073898898E-06
-2.47740625435431E-05
-2.61804646273006E-05
-2.43657455981268E-05
-5.96883969236366E-05
-6.09635713603295E-05
-3.45539006716604E-05
-4.15524517079532E-05
-1.88881295708151E-05
-2.71008693832824E-05
-3.70888203280232E-05
-1.16525279004548E-05
3.33066883097283E-06
5.84566726429955E-06
3.19675990543362E-05
1.4773623024921E-07
5.71651541168697E-06
1.13260038435166E-05
3.21164449975685E-05
1.77380297190419E-05
2.05895865561278E-05
-1.88000492170332E-05
-4.13217391241836E-06
1.68365185747093E-05
3.05311718689802E-05
2.22867843456189E-06
2.48899611081666E-05
-3.86424820004171E-05
-1.19798260618012E-06
1.14487494533881E-05
-4.9886144874099E-06
-1.61209619947467E-05
-2.46203390127019E-07
-5.18596059294327E-05
3.32482858115065E-05
3.73230668321969E-06
1.22118546719666E-05
1.12271935008986E-05
2.85740420280998E-05
3.67010215812035E-05
8.88794390082631E-05
6.45457975178769E-05
8.31884344578279E-05
8.81581809869495E-05
0.00011682291106513
0.000120042888784744
0.000141316187367819
0.000123884642645297
0.000152496580505645
0.000170772580191911
0.000155243094132879
0.000115067037928545
0.000118418208514477
0.000113986242902193
0.000129118380903557
9.28348507913609E-05
0.000136899162437608
0.000103494146900622
0.000155560078464726
0.000147082504137992
0.000112406393390946
0.00012660785052882
0.000146782291144733
0.000112435068122561
0.000178665774171715
0.00016230335491437
0.00015811974641129
0.000165668700567993
0.000131247064007501
0.000144803154475505
9.88405125108771E-05
7.01491860820673E-05
6.81842776414668E-05
2.31202687596752E-05
1.63456487332187E-05
3.61684243084693E-06
-2.3566029962393E-05
3.17010507572587E-06
-7.40417082922344E-06
1.96993085111044E-05
5.01504295339698E-05
5.2495456892135E-05
5.2714899397588E-05
2.03477000780068E-05
4.45691699385609E-05
6.22129290035645E-05
1.0166767753424E-05
2.29883891343118E-05
6.66133665466684E-05
8.86652782531193E-05
3.57478783660545E-05
-1.6488853104498E-06
-2.10970037878463E-05
-4.45230345653894E-05
-6.4159896728607E-05
-9.34484806028432E-05
-0.000101320590690435
-4.33248783514158E-05
-1.08970404517409E-05
-7.37889396726695E-05
-2.63181482539921E-05
3.63117748994974E-05
6.45240345352315E-05
6.98901781284452E-05
0.000114107031111618
0.000103789886271688
0.000179764702235404
0.000169826360106787
0.000116905847488945
5.5389700637932E-05
6.56937372115297E-05
5.24316712293057E-05
4.61468466958799E-05
5.57307340266375E-05
2.71094683991697E-05
1.26696868853982E-05
5.49834052606674E-05
4.93667187227679E-05
4.73363015297227E-05
2.61054217116107E-05
8.21116671081803E-06
3.84157325482671E-05
4.2624942873733E-05
6.99553276062521E-06
4.61352908295553E-05
4.00558901173339E-05
3.25740844926365E-05
-8.98235084554872E-06
-4.06868992564414E-05
2.51308195060381E-05
6.1608452518252E-05
2.15167006782035E-05
8.04894413365277E-06
1.88208951073323E-05
8.41085542587643E-05
8.73285815608074E-05
3.63526859513829E-05
-7.26866321603104E-06
2.6417183894864E-05
1.68451456512944E-05
1.34671706540662E-05
3.12211341442172E-05
5.23389935945694E-05
3.67758491201534E-05
9.26432181103489E-06
-6.27478040250483E-05
-5.75441358499873E-05
-5.24005702524966E-05
-0.000101222976469293
-9.40377214968785E-05
-8.33409432053106E-05
-1.53116517266067E-05
-1.14591844065535E-07
1.32085151155934E-05
-4.49461823636906E-07
5.20048034115101E-05
3.27226308007738E-05
4.40187636393128E-05
-4.10301063680647E-06
2.43462188731733E-05
5.30980259044962E-05
8.6644641143833E-05
3.88403419034685E-05
5.00151179040748E-05
2.00442276546148E-05
6.18393529729946E-05
5.51764535806644E-05
2.4902545942882E-05
1.24038855874134E-05
2.54769437404945E-05
4.41326187936869E-05
7.17490764255523E-05
2.90371234977415E-05
4.74796904629067E-05
7.75245376951637E-05
1.42507180339102E-05
2.65890845845289E-05
2.73824576554689E-05
1.42273204058008E-05
4.09713689184976E-05
3.13153188197857E-05
-1.65641823169935E-06
6.38277790103908E-05
5.34671049226778E-05
5.32172451279884E-05
4.86539396117332E-05
6.55652854061032E-05
4.16632653860938E-05
5.99546982446956E-05
5.56024472124971E-05
4.53054774999323E-05
5.84666235363926E-05
8.70351275654227E-05
3.01304314969795E-05
4.38839738926231E-05
1.79913218594769E-05
-1.11554594522199E-05
9.75218288058906E-06
1.42840172048854E-05
1.47571639129827E-05
4.84006777582022E-05
7.82420838730875E-05
9.92206007170936E-05
0.000119977616643203
0.000100016420748231
5.93301658654558E-05
2.56512356006055E-05
5.63850713773163E-05
-2.35565443157076E-06
5.50269886213397E-06
1.47183611147118E-05
-1.26530681945065E-05
-2.56749417678445E-05
8.06560423204274E-06
-2.2119540798292E-05
9.89342231923528E-06
2.44201365919194E-05
-2.54929452552025E-06
3.73610157922483E-05
6.30312833741054E-05
4.23976882001458E-05
4.77903173859503E-05
3.98486387474576E-05
1.98679073604699E-05
2.77335378842696E-05
1.92453356082152E-05
1.71775649239876E-06
-3.36525588571851E-05
-2.26102377793503E-05
-2.06399959620184E-05
-1.17961189440806E-05
1.50224995317108E-05
1.57107308057283E-05
1.60571204279337E-05
5.41018493862422E-05
4.47484532625846E-05
4.77376583992E-05
4.75922108091677E-05
4.11067621658704E-05
5.56814528065554E-05
5.89296745598015E-05
6.1962109601718E-05
4.52284065660511E-05
6.39272658282998E-06
-1.87099702575805E-05
-1.23153914014032E-05
-1.54147001006578E-05
-9.09757663087574E-06
-1.50886171727405E-05
-1.77199523750389E-05
1.64041916963842E-05
3.36268507380267E-05
3.89115744207081E-05
4.76397384034038E-05
5.20242920774369E-05
1.86387075629472E-05
1.02850934683013E-05
-1.62093256940964E-05
-3.23481946970275E-05
-2.27409064302666E-05
-4.22105014106635E-05
-3.47814609729876E-05
1.2872522551667E-05
2.13445038929124E-05
3.76318228671211E-05
5.26281496674738E-05
1.40368023241536E-05
3.63322591700655E-05
1.80038393376966E-05
2.31534985634E-05
6.20470723402659E-05
5.37405173821626E-05
2.76377482669792E-06
-8.18715226937264E-07
2.19697928346089E-05
4.68715873003405E-05
2.04715702346494E-05
2.97756542498385E-06
1.37449408347435E-05
5.85276381472593E-05
7.50001945692893E-05
1.70425441841625E-05
-6.87779130478188E-06
-3.11656834111418E-06
-1.46330699433506E-05
2.24073411902798E-05
3.52892717722127E-05
3.53301682012517E-07
1.97374015167927E-05
3.13880776683752E-05
2.72007033962526E-05
5.34330826414804E-05
8.65856580503176E-06
-3.38893202542072E-06
5.08729035320091E-05
5.82081697960414E-05
3.35367054629952E-05
3.59303991466716E-05
-1.80581127415804E-05
7.69442846778641E-06
1.63259481724695E-05
-1.2408437277967E-05
-3.95327416981408E-05
-2.35237723737656E-05
-3.6557193096113E-05
2.4932222030577E-06
-2.04089686297292E-05
9.97349787106327E-06
-1.41607078427169E-05
-6.5284182714984E-06
-1.1472832093836E-05
6.15309628614104E-06
-1.88704151596169E-05
-6.61414808803587E-06
-5.06270182403212E-05
-1.17844342501044E-05
-7.75876689082713E-05
-5.19397962922311E-05
-8.46734528006853E-05
-7.34851004106334E-05
-8.32297554378116E-05
-7.20295308703864E-05
-7.69704289547543E-05
-1.71013745740099E-05
-8.1905295548935E-05
-6.78108631163023E-05
-4.74460946428707E-05
-2.2221741471044E-05
-2.5340293771674E-05
-1.51190592630695E-05
4.99742344860062E-06
2.51409433029238E-05
5.95907527193356E-05
3.92520218607139E-05
1.14346094127316E-06
2.85659381956621E-05
2.52085354122443E-05
2.78212978541501E-05
4.7117380106908E-05
2.18663229504917E-05
2.00874170982179E-05
3.56822089366536E-05
-1.21033883302402E-05
-1.74793927420991E-05
-8.32243948597635E-06
-1.44957743096942E-05
1.44057546480291E-07
-5.28907419805452E-06
-6.10636572057071E-05
-6.64831249533974E-05
-6.58524259626688E-05
-9.59649946479356E-05
-4.40361367842523E-05
-7.00693197679886E-05
-7.39742654761239E-05
-3.8595214311775E-05
-7.94307451470596E-07
-3.09563710414009E-05
7.66752285420483E-06
-4.18712599200091E-05
-4.04041031606839E-05
-4.22536360233798E-06
2.84316837673982E-05
1.46001631936978E-05
5.90938872961494E-06
-9.97115987501769E-06
-2.27188183183451E-06
-5.97502620153269E-06
-2.13779495046323E-05
-4.38022050259965E-05
-6.1935750196336E-05
-2.68292992383826E-05
-2.21546357917101E-05
-3.41106100845882E-05
-2.7320129810522E-05
-1.84930512537821E-05
-4.83104851365183E-06
6.03744172660648E-07
-3.08897929396502E-06
-9.06971675592137E-05
-8.09437934430932E-05
-4.90685645567197E-05
-6.84138035848411E-05
-6.04560323715125E-05
-9.2895632791601E-05
-8.68284042870828E-05
-4.39319255888677E-06
8.30262284834917E-08
-2.08885794440908E-05
-1.64674802271878E-05
-1.67022209286738E-05
1.36974967327339E-05
-1.51529949631956E-05
-1.09809744486242E-05
-2.44662464970201E-05
-8.26880845683513E-06
-1.02122212974023E-05
-9.72035526027526E-06
1.89230141182567E-05
6.11748149395758E-05
2.29611040852832E-05
2.43383676314803E-05
7.71064813022252E-06
3.21003470042901E-06
1.5219377435956E-05
2.32628279144927E-05
3.67689258035522E-05
5.23534271147903E-05
4.85556702137906E-05
1.50999779443457E-05
1.51334931680702E-05
9.19951633830016E-06
-2.18686194309012E-05
-6.94217431072923E-05
-4.16571118414838E-05
-2.17991002897281E-05
-9.86454824857805E-06
2.09114560232085E-05
1.64466953779388E-05
7.32389768698228E-05
9.49803390094527E-05
3.27472535494089E-05
1.54796267703157E-05
4.42028488663793E-05
-1.52954164405046E-05
-1.15603999221511E-06
-7.44004560793674E-05
-9.70246025198231E-05
-4.16277927494284E-05
-3.30997270705444E-05
-2.31376893814541E-05
1.26669590581281E-05
8.1690757154821E-06
2.40948595057186E-05
3.48602489067643E-05
4.38286613310737E-05
5.81671416333873E-05
2.87230372597425E-06
2.17369686019546E-05
-5.5696516774759E-05
-5.08445075620176E-05
-2.59054918523856E-05
-2.79161121839936E-05
-4.62454156860996E-05
-2.55929618737552E-06
-1.58015985425267E-05
5.80271703570574E-05
6.33419793042234E-05
6.82754032633985E-05
4.41934850697278E-05
2.32392522348041E-05
-2.14658819350619E-06
4.99783692722795E-07
-3.18167124881239E-05
-5.90221981010094E-05
-9.69581100779635E-05
-0.000135460494806269
-0.000102542876496565
-7.41937038877397E-05
-8.07705861262807E-05
-7.96780604002553E-05
-5.47027400837447E-05
-3.41016039893881E-05
2.04241635667738E-05
6.32186610270637E-06
6.86217159296387E-06
4.07127551202463E-05
5.94548356380834E-05
5.87430941293556E-05
1.96722684374516E-05
-3.24165598955611E-05
-9.2747114316509E-06
-3.55265691531594E-05
-4.08559188431367E-05
-2.5009702339321E-05
-2.80626224473435E-05
9.70089526052159E-06
4.93133509868052E-05
1.66326831375559E-05
4.28614737735402E-05
-6.53294438791214E-07
-2.15617479317833E-05
9.67522258607181E-06
-1.10942721516968E-05
-3.96779390781534E-05
-6.47187963521114E-05
-4.95386554269315E-05
-5.40670352715853E-05
-4.61597635344482E-05
-7.54656936193402E-05
-4.34814026755308E-05
-9.8068958806013E-06
1.24499499213775E-05
-2.46683738346879E-05
4.16429988250075E-05
6.06531056493709E-05
4.75074216238904E-05
4.05535205682647E-05
-9.11717217139512E-06
-3.17975628431236E-06
-3.7232147390851E-05
-6.80463876467771E-05
-7.09608870742539E-05
-8.43817238596439E-05
-7.85084224452262E-05
-2.52992034537015E-05
-2.16522544824029E-05
2.10661559326469E-05
3.74417650203536E-05
2.75438322465202E-05
5.88823407804088E-05
3.55676594646025E-06
-4.11547583462609E-06
-7.85005061864934E-06
1.17670258919476E-05
-7.59818007362647E-05
-5.43933538068694E-05
-2.8371626107982E-05
-1.14749357772664E-05
-3.75022533340557E-05
-2.07252538658207E-05
-4.47907328047301E-05
4.80279990275836E-05
6.01218266565762E-06
-3.07475684958982E-05
-1.97878541327973E-05
1.31084209643353E-05
-8.61288194771177E-06
-1.05734471947391E-05
-6.23312295308071E-05
-7.74349085299823E-05
-7.83269027415212E-05
-8.47778109604899E-05
-0.000100531516512886
-7.57610211304581E-05
-9.07961698517964E-05
-5.1713701820454E-05
-5.31343936201329E-05
-4.79022172133055E-05
-4.30748947919103E-05
-2.87283323967235E-05
-3.78301229299805E-05
-2.30390238918881E-05
-6.1018636565767E-05
-4.94005598517837E-05
-5.4271513289589E-05
-7.70050412765279E-05
-9.04397155414326E-05
-9.32346185238593E-05
-7.05041776744105E-05
-3.95843578817638E-05
-7.14956867937627E-05
-7.60540606067606E-05
-3.28152339377915E-05
-2.47416492923137E-05
-2.3796980201463E-05
-3.82328902391547E-05
-5.16681364408658E-05
-2.26748100427799E-05
1.85341139111729E-05
-2.51245773296342E-07
-3.68541277822907E-05
-1.78975363964769E-05
-4.65834045379478E-05
-4.78196789190889E-06
3.02127675978307E-07
-1.20928301245837E-05
-1.53721073534746E-05
1.93528914125293E-05
4.95341022309356E-06
1.29469847503686E-05
-2.84219985895996E-05
-2.51563005199054E-05
-5.24124152125197E-05
-1.04176942532152E-05
9.0614856617312E-06
8.03354345593201E-06
3.3746827992585E-05
2.34825230591407E-05
2.56328243272714E-05
9.78210038303186E-05
8.17087400112983E-05
5.20416031099305E-05
4.61045917582598E-05
6.54785494454641E-05
9.57438987499488E-05
6.53986696555574E-05
1.14550948383962E-05
3.19907613603601E-05
2.71318414121277E-05
3.40783982207021E-05
-3.2581740354291E-05
-3.26146246714562E-05
-7.71645724171407E-06
-4.46890355758768E-05
-7.10265069038088E-05
-2.50854614505277E-05
-4.357319524664E-05
1.46728028791295E-05
-1.45792828953201E-05
-2.26274943771122E-05
3.8864612043446E-05
-5.50687572937934E-07
-2.14685465081223E-05
-3.72179480826669E-05
-4.88893480994481E-05
-6.84952255455761E-05
-9.46064561738381E-05
-7.61589023584664E-05
-2.88960905735896E-05
-5.90193371200983E-05
-1.78921031412134E-05
-4.99758053457669E-05
-1.14896405812692E-05
4.31436602497782E-05
-1.27681444843706E-05
-2.76708190746552E-05
1.57625312409942E-05
-3.80044520385971E-05
1.39884276208294E-05
-6.84690622500228E-06
-4.43759594563283E-05
-2.53897786976E-05
-1.74083261577292E-05
-9.40232460779958E-05
-4.48364184323998E-05
-6.32776273953593E-05
4.83948273925238E-07
1.15506294107352E-05
-4.22174278220934E-06
-1.64694586323845E-05
5.6334179992264E-06
-2.96374654433302E-05
-3.8227835404043E-05
-9.325308785782E-05
-9.15576146003575E-05
-6.70796563666003E-05
-6.2163664871649E-05
-2.72250573887937E-05
-2.13742926003512E-05
-3.16028004408686E-05
-1.30530320139595E-05
6.16273043076327E-06
-6.35399569277459E-06
-2.68996226887295E-06
-5.31020150245217E-05
-3.27653552713423E-05
-4.01123283476206E-06
-2.95172165183194E-05
-1.44016982637297E-05
-4.40331150348931E-05
-7.47119837586621E-05
-4.57323227347556E-05
-5.69511256459894E-05
-5.87054934884973E-05
-3.92791375834188E-05
-5.83810484128055E-05
-2.6074541009985E-05
2.99583520241094E-06
1.77101777790028E-05
-6.48989108433771E-06
-1.17891673018832E-05
-3.02363186531265E-06
-3.84156662985482E-06
6.48607878423655E-06
-6.16746841618596E-06
-3.91914239535464E-07
2.20097226715215E-05
2.78928427674333E-05
-9.88503538218924E-06
2.13350123270102E-05
-2.08107722709489E-06
2.81382873520549E-05
2.88823042848819E-05
3.93290970265731E-05
2.99486713452852E-05
6.51861723859155E-05
2.4634385272648E-05
3.31207935213418E-05
-3.17736066957824E-07
2.63171855318739E-05
4.36600248484339E-05
2.77615134761844E-05
-1.21398296905301E-07
2.18616106179494E-05
4.16337875400655E-05
6.4324108158096E-05
4.77554697223714E-07
-1.30742554269212E-05
-1.35475690300562E-05
1.27160517425325E-05
1.62446200974556E-05
-5.40129553147104E-06
-8.71074776723468E-06
2.37641282047351E-05
5.90205986151E-05
7.6699473756051E-05
4.44782384844295E-05
1.60302562333777E-05
2.97680517540097E-05
2.9982300461616E-05
8.38883248646556E-05
0.000103461202269043
9.37953166568757E-05
0.00010558368222641
0.000122316922196531
8.98632680785738E-05
9.90480830870873E-05
-9.12891341791092E-06
2.28256244911581E-06
5.52110038328407E-06
2.20703300413638E-05
3.94952248703789E-05
8.25670784314534E-06
1.81749893657128E-05
7.84713389077163E-05
3.11497978149809E-05
2.99418383303641E-05
-3.28360758833249E-06
-1.79862373474205E-05
1.1476790144549E-05
1.03148864199284E-05
2.50236827295244E-06
1.25136935287472E-05
1.07236240163815E-05
7.28829930884732E-05
5.94290727485499E-05
4.93447733849629E-05
8.18633904683913E-06
4.7891977834862E-05
4.88868841074414E-05
5.147179356734E-05
3.28250875529894E-05
4.96004238580513E-05
5.21497707393434E-05
6.54617386420133E-05
3.7359111391486E-05
9.14846006958646E-07
3.05207818634133E-05
-1.90270789507109E-05
-1.07499636609848E-05
5.57479761792393E-05
8.66174879379799E-05
2.54511894777284E-05
5.838618167343E-05
6.67505184278272E-06
5.67619549747975E-05
4.4494793586327E-05
3.65217748547934E-05
-6.94696667509537E-06
2.80447943813095E-05
1.77917662039776E-05
5.8952671451725E-05
3.65941237782342E-05
2.21165338951332E-05
1.09649934882551E-05
1.50231461576942E-05
2.80616156965206E-05
-2.49982041887463E-06
-9.2720444883892E-06
-1.25553232409611E-05
4.16183921904456E-05
4.42272527406776E-05
2.84711009376106E-05
8.34574849660938E-06
1.21873143352542E-05
-8.2292121215525E-06
2.2764064130551E-05
-4.24716602167661E-05
-8.74396202751241E-05
-3.59771597213348E-05
7.70285317561252E-06
3.19077457262548E-06
4.56039247458807E-05
7.4251189768729E-06
4.99953781274056E-05
6.08332928889842E-05
5.73173036400949E-05
1.18122812764163E-05
2.17939736274304E-05
3.31323726127835E-05
2.47504192381697E-05
2.43149204071394E-05
4.0977751404745E-05
3.94068066433652E-06
3.87332155390179E-05
3.48131124937828E-05
-4.24420565540673E-05
-7.40788910631657E-06
-5.03226101765767E-05
-4.29147603895773E-05
-2.86141992305304E-06
-9.16899951753263E-06
4.66068816339175E-06
6.08109664140127E-06
1.65825040519569E-05
1.38609170901533E-05
-1.13663837432639E-05
-8.56972331967973E-06
-2.52678623861858E-05
2.2254427888394E-05
3.79881310443164E-05
1.55211244925885E-05
2.70738361406935E-05
2.2742319955985E-05
-9.50490386094025E-06
-2.08707507364874E-05
-3.67667368758731E-05
1.69764885306507E-05
1.78876774495419E-05
2.56286181179866E-05
6.63236051254872E-05
5.69017319616657E-05
4.40030354949323E-05
5.49998058489107E-06
-1.76080005127678E-05
-2.38183576189181E-05
1.59294221912934E-05
-9.19718828253252E-06
1.20441548339847E-05
4.4303221137376E-05
5.39777558443701E-05
5.56003676235763E-05
6.96774901358177E-05
4.29676221034759E-05
4.23822047564298E-05
5.90731217320679E-05
5.11256273777926E-05
2.24070293767989E-05
1.2438504503014E-05
-3.3564634944731E-05
-1.82018257990061E-05
-1.87749618657486E-05
-3.39640184393495E-05
-6.22102019812126E-05
-5.22212633108066E-05
-2.01589036703765E-05
8.71882186757978E-06
-1.17321242097948E-05
-1.46138617382431E-05
-1.6537191923899E-05
3.06133707501507E-05
3.78841208351097E-05
1.47643899863935E-05
3.23413112367498E-06
-8.18189557332148E-07
2.2420099751345E-05
1.94068132280904E-05
1.94450315677952E-05
1.10721171726399E-05
-2.71313791845306E-05
-9.69776185766947E-06
-2.26558567708626E-05
-4.51214656706328E-06
1.82369202910608E-05
2.64843914096252E-05
5.45279525540443E-05
7.69993616126157E-05
8.8421901458194E-05
0.000105021202118819
2.68861877168876E-05
-1.21688966101713E-05
-5.94399741307287E-05
-7.40991516940427E-05
-5.95462842708459E-05
-7.75352161232438E-05
-5.73002870004605E-05
-2.19502244440329E-06
4.25589225024945E-05
5.72295227262375E-05
2.87469186620405E-05
3.28358571166111E-06
7.33181427036111E-05
4.48062334395977E-05
5.63586633005669E-05
2.80908684628279E-05
6.19298195261944E-05
0.000115298321891461
0.000123797389058267
4.16545346599784E-05
4.44768378185578E-05
6.59579573936745E-05
0.000137159551224673
0.000112754794677571
0.000123603974730381
0.000179479111242923
0.000227716937492218
0.000256934983117231
0.000176789225134954
0.000106840310319837
0.000105297284171039
0.000105708076355991
1.87911979104006E-05
3.69091541961832E-05
5.12990140017445E-06
4.51051168803333E-06
4.20851805774628E-05
4.93967778204601E-05
3.09909739983264E-05
9.88253379667959E-05
2.28686353280181E-05
2.86815945391098E-05
7.24795370075583E-05
4.26963000120209E-05
4.06007103279599E-05
5.02706223142882E-05
-1.01646106104831E-06
7.73036159291478E-05
6.95014602577709E-05
7.61256697708187E-05
1.37487931774114E-05
7.71944893736129E-06
-1.97670020757462E-05
6.07040001579678E-05
2.35106557346537E-05
1.0737189515763E-05
-2.28941595750104E-05
1.08587609842105E-05
4.25401991454799E-05
4.01631624750839E-05
-9.60960097187341E-06
-1.50245443041652E-05
1.68529356001209E-05
2.77268788451554E-05
3.07257149357458E-05
-2.66936124449861E-06
-2.18393009530562E-05
9.79447905524453E-06
-9.60017433827072E-06
-1.81876082204282E-05
-7.07816207287298E-06
2.76429592397116E-05
1.0262325078277E-05
3.93488548763128E-05
2.08902796498779E-05
2.65853860302422E-05
4.42174327343589E-05
1.40606110211948E-05
-1.65640943245112E-05
3.26904731117154E-05
1.69686223217238E-05
-1.61332418224941E-05
-1.11003776408806E-05
-2.82785776733668E-06
8.76044185600614E-05
5.90454158454343E-05
4.13382822359546E-05
5.4014342745476E-05
4.45200422062783E-05
4.24282869917677E-05
-2.58076071109776E-06
-9.52477018909242E-05
-2.50552744046792E-05
-2.62697096184491E-05
-1.67955497572668E-05
-1.29884325308908E-05
-3.55210404807366E-05
-4.38837176576804E-05
-1.56811097406655E-05
-3.28468243097348E-05
-4.67250587829433E-05
-4.85808420857324E-05
-1.7863739896786E-05
4.94380068621624E-06
6.45510657546993E-05
0.000112432082032463
6.02575090236801E-05
0.000113413387633854
0.000111024372296529
8.78468466113208E-05
4.75668116636815E-05
-1.11507063286698E-05
-8.0654805886499E-05
-1.04777142909223E-05
-5.57052055552601E-05
-5.94815952079236E-05
-3.87662579152112E-05
3.59695286684259E-05
1.38829559537534E-05
4.73455684461269E-05
3.4420439103719E-05
3.30968749562394E-05
3.56209766284053E-05
2.98754252115366E-05
2.46509801915961E-05
9.19871253187647E-05
2.58849554610714E-05
1.38255525106058E-05
-9.26228921359831E-06
-3.73227894286073E-05
5.55036154199629E-06
-3.91641095990635E-05
-7.54968976797485E-05
-3.03795474509399E-05
2.19148463660899E-06
2.80563421059265E-05
3.64983039404522E-05
1.51933811294591E-05
4.60999677776805E-05
8.3226709512353E-05
9.01917737409288E-05
2.99155970321972E-05
-2.01416248686306E-05
-1.20118471277E-05
-6.78732746475377E-05
-9.01976561639868E-05
-0.000114089571073427
-0.000122060678624039
-0.000109625510874324
-6.36981771474186E-05
-5.57544892294883E-05
-2.94367931086396E-05
-7.34037054605426E-05
-7.40014054873038E-05
-6.35070267807246E-05
-8.98969349821937E-05
-9.46652403424454E-05
-0.000119340341559091
-0.000111226409234816
-1.90616038163403E-06
-2.60458669397467E-05
-3.64953706372609E-05
1.2701460874092E-05
-7.21554800505815E-06
2.7956034787302E-05
6.57370032134011E-05
-1.00088770055582E-05
-2.85892726911704E-05
-1.62077829949361E-05
-1.91199177349395E-05
2.83338825081759E-05
-1.77757100362052E-05
-0.000108687578124426
-8.35806596889598E-05
-1.75949908286747E-05
-3.67702451431607E-06
7.20827893189214E-05
2.79100524480269E-05
8.19146967515802E-05
0.000131280133075
0.000108820859628345
0.000103317235579359
8.72328969880951E-05
1.08063623445335E-05
4.19953958163941E-05
3.46884305135399E-05
1.32691179094287E-05
-2.20968851281709E-06
-1.02720172107536E-06
-9.91295289636449E-06
-3.53398907430696E-05
-2.21680084624517E-05
-2.14390856625244E-05
-6.11774603346928E-06
4.15283262837489E-05
1.45081035221081E-05
2.31018743497973E-05
7.31111080106667E-05
6.63225964746651E-05
6.44121014014154E-05
5.36730676895999E-05
3.37838997827131E-05
5.00366321459586E-05
2.61114643275855E-05
9.72455457597845E-06
4.84803226556412E-05
5.0219326082097E-05
4.07137877117295E-05
3.30469636500138E-06
2.05521156473179E-05
9.5724023708237E-05
8.0779144784E-05
1.83261679948058E-05
1.70089396323037E-05
3.60028586383744E-05
8.45144448971701E-05
8.19023238826894E-05
1.46539185130983E-05
3.03614809319304E-05
8.34675760579105E-05
5.38742217280653E-05
6.94081614782385E-05
6.46347328532241E-05
2.13150656783641E-05
6.38613302141031E-05
1.61222863480314E-05
-2.57626256795249E-05
-4.20515181506883E-06
8.29035666429398E-08
1.11304574123864E-05
1.31280308806477E-05
-5.98442034184112E-06
1.13073965899069E-05
2.88203552675419E-05
4.22720867927966E-05
2.85360041270277E-05
2.32394046209678E-05
3.80297128250525E-05
4.5706323570601E-05
8.80628000828196E-05
9.94149039443483E-05
0.000155101072306198
0.000145174107560317
0.000128249492390558
0.000128853365302475
0.000137659321776269
0.000142863588266251
9.78156184859414E-05
-3.79580335847854E-05
2.58538263785037E-05
3.65586223767831E-05
6.51753741009513E-05
9.06790649365526E-05
5.26616887493793E-05
7.56805841194109E-05
0.000174118931735559
0.000180546280526547
0.00019979669844926
0.000174595725682814
8.98922033189455E-05
0.000128189840511955
0.000140179654327833
0.000125120189041297
7.32715980615058E-06
1.05656629125887E-05
3.41184385795103E-05
8.5285986904255E-05
5.63953944840658E-05
9.53190844931384E-05
3.07551531731811E-05
7.20618947756184E-05
7.04683410985062E-05
6.04889752422292E-05
4.94501125940361E-05
3.8803977127022E-05
-3.18806998196778E-05
4.89212969587095E-05
4.69513670247767E-05
5.69466061068717E-06
-2.56415793716815E-06
-2.31350836425748E-06
4.97674161231935E-05
6.05702736932393E-05
2.49453013386787E-05
4.01987586580966E-05
2.3896655160268E-05
4.13560513636531E-05
2.65456103799321E-05
-1.94544927155334E-05
-1.65898222047134E-05
-1.03083755061803E-05
1.55163802608722E-05
2.70221931346241E-05
1.74674750082334E-05
-4.42526744168818E-05
-2.24037724263331E-05
1.34543178615247E-05
-1.56118885094511E-06
-5.2859123961243E-05
1.3923230436685E-05
-4.12678315627825E-06
4.33441362378883E-05
1.20971485014874E-05
-3.47294339830066E-05
-3.92837723445247E-05
-1.29133210648515E-05
-4.81669013147748E-05
-4.08767145665454E-05
2.14735379529205E-05
-3.53628251882957E-05
1.39874415550933E-05
1.83872747802156E-05
3.35267885670566E-06
-2.58063702468445E-05
-3.64799260722712E-05
-5.57257155542272E-05
1.48629979521638E-05
-3.55696136913317E-05
1.04640486913411E-05
-7.13760031784678E-06
-2.08223504659963E-05
3.29944521221638E-05
7.83741392818859E-08
-3.94675858124534E-05
-3.52332438566486E-05
-5.56332873072043E-05
-2.399429768052E-05
1.03510475230739E-05
-8.28803788651933E-06
1.44951344012198E-05
7.95445402251191E-05
8.91647347835299E-05
6.21115050316955E-05
6.72845675754817E-05
2.41665949935973E-05
1.98693002295756E-05
2.18553496714173E-05
-1.31878067105315E-05
-1.58414415638295E-05
-8.0836922670601E-05
-8.98855888048429E-05
4.0867354783872E-07
-5.57198858344768E-06
-3.6814633681902E-05
-3.59613250089746E-06
7.73418649402396E-05
0.000195386431711106
0.000213155577118657
0.00016285201403834
0.000110838162188353
0.000116929499823206
0.000129167763317254
2.8728345576085E-05
1.81687782314886E-05
-6.3915199012539E-05
-4.61623701533815E-05
1.10071137874097E-05
5.99056450826079E-05
1.23846678558506E-05
2.08968751093347E-05
-4.50804543547107E-05
4.31381316671099E-05
-5.72570022043548E-06
8.80702553742571E-06
8.70109545923368E-06
2.46473319238552E-05
7.70940941597891E-05
0.000100674479899829
6.81019538493582E-05
0.00011470877959589
8.33535763428496E-05
6.93355647861364E-05
6.38514443397303E-05
5.02201556844093E-05
5.63527844201383E-05
0.000134899402490548
0.000115506121499697
9.29253041983196E-05
7.89358915657196E-05
0.000108922496261113
0.000128581890554592
0.000114210674177789
5.09089529446845E-05
7.6906909184965E-06
2.62914597137539E-05
1.61503886827643E-05
-2.73591612011434E-06
-3.5511344269535E-05
5.16243708975607E-06
2.13229606628445E-05
8.30748630393068E-05
1.49168207420059E-05
4.63147746352867E-06
1.6193890486362E-05
3.5593330609967E-05
8.80498458524004E-06
1.46767004849288E-05
-5.39999873451536E-05
2.67395629757011E-05
6.12870820693643E-05
2.2497767415655E-05
-6.83494925571682E-06
2.69621624076883E-05
-5.63703789151374E-06
5.3761314254196E-05
6.64377553363103E-05
4.46703440792448E-05
0.000123392161322988
0.000155634460767018
0.000111198340568552
0.000184375178519255
0.000240193113492076
0.000246851630713552
0.000327170535758103
0.000405587761051136
0.000366776552983086
0.00038016623306404
0.000314457970472448
0.000254022785671766
0.000223502378914244
0.000142634161487698
-1.72190561584602E-06
0
0
0
0
0
0
0
0
0
0
0
0
0
0
0
0
0
0
0
0
0
0
0
0
0
0
0
0
0
0
0
0
0
0
0
0
0
0
0
0
0
0
0
0
0
0
0
0
0
0
0
0
0
0
0
0
0
0
0
0
0
0
0
0
0
0
0
0
0
0
0
0
0
0
0
0
0
0
0
0
0
0
0
0
0
0
0
0
0
0
0
0
0
0
0
0
0
0
0
0
0
0
0
0
0
0
0
0
0
0
0
0
0
