0
0.00402310923516756
0.00306008607977627
0.00370699002677412
0.00398314396401045
0.00601318659968999
0.00351611863209007
0.0019377055047127
0.00230297207337733
0.00192586187025867
0.00194546552365537
0.0021352519037831
0.00186786099731093
0.00152923866760332
0.00183150329114398
0
0.00238749059286598
0.00156644136785636
0.00173970525933453
0.00183574184922384
0.00153521020611843
0.00149676968600531
0.00170798472413583
0.00162997703129536
0.00169198069036065
0.00152235126456087
0.00280810588193972
0.00156245168164775
0.0035763362345017
0.00246598674111595
0.00227572528957178
0.00192612613677439
0.00158133832201464
0.00138691709842766
0.00150523257470944
0.0016766889701447
0.00156759138607853
0.00157263013105103
0.00139706909151148
0.00129898092493021
0.00151835730128753
0.00145857037169014
0.00135082281595883
0.00140626593039403
0.00128043156878241
0.00128849270497216
0.00143496386239361
0.00114627249038138
0.00143846926244119
0.00148389670399888
0.00125849887743348
0.00140140305844867
0.00119890218398105
0.00135211622049573
0.00129151177596623
0.00132782083536177
0.00130355663089743
0.00146617554718119
0.00180712910977291
0.00153607990724523
0.00148716238894583
0.00120486141566878
0.00163206648955205
0.00119635861933735
0.00127260608967844
0.00153794001000919
0.0011654188033289
0.00140088900771604
0.00129008251683476
0.00152299356717186
0.00172483323317983
0.00126469902781419
0.00122763140584654
0.00122262012064154
0.00148425950356042
0.00121468157763451
0.00129979908491355
0.00128344771316365
0.00154807347499734
0.00150169080471731
0.0013259549675707
0.00150119581397123
0.0012702825195502
0.00100068687587802
0.00121957542893716
0.00120974125087789
0.00125323901523503
0.00119412942958314
0.00169696552872888
0.00135597789424057
0.00142861437152414
0.00111919465399774
0.00130911449895985
0.00121194336155152
0.00117349260398535
0.00144379501002597
0.00124334193039078
0.00138677714808524
0.00138876515096751
0.00140662328534912
0.0014558857858667
0.00146455748945074
0.00104151707004489
0.00120990808680841
0.00125509767391644
0.00108256038487162
0.00122500739600873
0.00126386930634231
0.00107111475980082
0.00118834465415089
0.00119457864280209
0.00100088203286054
0.001126234619143
0.0012388449933335
0.00114508161362143
0.00118134632530434
0.00125893116867555
0.00122015503717862
0.00135529167156788
0.00131475958706503
0.00165747594437876
0.00119426650075026
0.00123201824480063
0.00108801327364513
0.00171067868411683
0.00175557176256695
0.00102866039512241
0.00124122433966323
0.00130629602936673
0.00116444343325481
0.00102892524822645
0.00118311883793824
0.00109907966647743
0.0010565429326144
0.00113967685427775
0.00115149363573169
0.00124228549625449
0.00134285995771129
0.000999404611089602
0.00115038166937454
0.00121180132487799
0.00108706640231684
0.00108001376988825
0.00163651633003527
0.00144736987295388
0.0012118204062893
0.00111504920964484
0.00159974441420943
0.0028777511538096
0.00114245988659823
0.00111785492078983
0.0015864801192519
0.0010951131203982
0.00107397776212896
0.00126575287881859
0.0011678133177445
0.00124723387928577
0.00116892958381973
0.00105246467968004
0.00112405739966802
0.000970450408923462
0.00116556500437005
0.00107543604173817
0.000951455238725996
0.000942326224613017
0.00103722173826553
0.00136703749094468
0.00112505878636297
0.000834445279269818
0.000845828167274462
0.00111164244998489
0.00089641157431877
0.00125594828523875
0.000972906786056664
0.0010382972793324
0.000999575086072286
0.00110637275881162
0.00139387352137599
0.00107936389399574
0.00134036539873464
0.00136762530233398
0.00115507293896556
0.000997642477252054
0.00118605956512648
0.00103606027401691
0.000934205922249616
0.00107963584691548
0.00114389183249977
0.000932838158255185
0.00104772775933586
0.000965223710315934
0.00106409261981657
0.000853965528743535
0.00117626891850783
0.00134415201346419
0.00126728115153901
0.000938219997793693
0.000987639210777997
0.00103461015122287
0.000930059843618242
0.00120344596700091
0.00119569722127106
0.00107070917124416
0.00106370491250625
0.00105302300664182
0.000897613876921511
0.000934100082479194
0.00122629237875888
0.000967949224257399
0.000844869378897661
0.00105919873358716
0.000969411130876801
0.00115001570757036
0.00100968680125174
0.000978097619588569
0.000988147695999741
0.000974066807303496
0.000961762172034833
0.000942079899551667
0.0013832613237363
0.000871994896160478
0.000952013564870696
0.00109269325282072
0.000945752547097493
0.000891622644703467
0.00106014747126769
0.0013300520664185
0.00106020666580607
0.00101622000525231
0.00093382455929256
0.00110916290762834
0.000925771710112082
0.00099096903338324
0.00087296864262516
0.000968711232465154
0.00105706185706479
0.000960001934501535
0.000920842169645571
0.00106048422159581
0.00103471713500144
0.00117500093856967
0.000948158965678584
0.00094379299678466
0.000914353428277254
0.00119398352910008
0.00159877548201061
0.00116543218895717
0.000963149554965762
0.00126703743756221
0.00081854071257556
0.000960101633752231
0.00111771856663505
0.00123003359844998
0.000818664401185127
0.00128146646231276
0.00118124213801875
0.000995703884521653
0.000957754857590425
0.00104714630889893
0.00111710911322279
0.0012192637426771
0.00102634245034891
0.00110200434587773
0.000975235880393404
0.000886767439828522
0.00109897992021258
0.00112315765121821
0.000921200052728602
0.000943894823412511
0.00088017195808467
0.000893737229588649
0.00136142771701876
0.00105305703690033
0.000939354425623148
0.000971254259196709
0.000802220098859307
0.0011160389755389
0.000871914430353553
0.000910246846731129
0.000884558068061359
0.000820963268032552
0.00101579370154903
0.000787111108433433
0.00105426463411474
0.000876149999423852
0.000908142576440491
0.000910466800311163
0.00111760987786233
0.00105200020985276
0.000955307868966385
0.000946487569284488
0.000958021431040055
0.000885467811345867
0.000872294072796217
0.000799372986606697
0.000813751859991132
0.000954638098706793
0.0010902985646502
0.000831904596819107
0.000908340468130935
0.000740178316324212
0.000916463005421919
0.00082684803007252
0.00102857182218057
0.00112347206704305
0.00084346935621111
0.000819244577558433
0.00101847105095633
0.000782210293952287
0.0010873226672309
0.00148583804434364
0.000954339742751726
0.000890784888058464
0.000915861084804273
0.00120451646955184
0.000712306526506011
0.0010104184742755
0.00110888061427488
0.00149207733877945
0.000813806153309704
0.00123354833690099
0.000877395380512318
0.000983146492269882
0.000981444169758263
0.000866619535350692
0.000928389630411809
0.000997796036024107
0.00113401160712632
0.000876701097826617
0.000961955112515027
0.000818949080066278
0.000858697026168151
0.000835800320340481
0.00113768791775512
0.00100268475059798
0.00103354824964367
0.000929527910628731
0.000911381376921214
0.00098216264520164
0.00147582662512418
0.00110414110606877
0.00100902925066388
0.000993693394302306
0.000861679534464792
0.00107683859051195
0.000969945201440753
0.000747369148184604
0.000946594002562132
0.00094309065174706
0.000862604243286194
0.000826915730938003
0.000930763027047638
0.000879100198339147
0.000885520433368661
0.000870700204175422
0.000838185645416628
0.000797432921345509
0.00157986577889515
0.00109332462209741
0.000865089825788823
0.000853291777453454
0.000890322067451815
0.000836673217539608
0.000854040816214902
0.000938260518525252
0.000779568126431652
0.00093428551458421
0.000867620176256905
0.000877881370005573
0.000835616592216117
0.000934134462757437
0.00106666115314697
0.000893383937440078
0.000976850828451846
0.000812791186669969
0.000829119191995485
0.000895137542466155
0.000986156541012155
0.000826921328541891
0.000860521813973843
0.000807817537890247
0.000966722946167155
0.000905289425202593
0.000857855840922316
0.00086825141347562
0.000847379159295584
0.00108462824063033
0.000953170290915828
0.00105740492773763
0.00191852542691072
0.00188052047827349
0.000841461843714597
0.000779980980145783
0.000719355782197977
0.000838016018274705
0.000886762933917082
0.00106180285365457
0.000987208258234823
0.000918909984021346
0.000895306407717751
0.000971724105578191
0.000853673444046584
0.000752666735287192
0.000876558680380335
0.000949676080074121
0.00100171439547485
0.000829828567699706
0.00104066641692661
0.00087587038390311
0.000797808030716708
0.000916904142741269
0.000882006676109181
0.000887994780968082
0.000903104745753334
0.00093284804265557
0.000835585762413212
0.00086526888313573
0.000835884699892995
0.000889756381669269
0.000813598701217579
0.000858943000764514
0.000941677320582738
0.000726019639983952
0.00101446026641233
0.000837980880853213
0.000872772793592032
0.000850686697277867
0.000788264206899215
0.000928618725896758
0.00061235244880259
0.000780657292935393
0.000923426174437521
0.000821222727657172
0.000964945130797578
0.000846409535925361
0.000884266059110181
0.00109377858933709
0.000880356730059306
0.000834297048389102
0.00105589515511959
0.00118810786446951
0.00099676126342445
0.000941552093936049
0.000918813628400715
0.000822787932795846
0.000791199018921022
0.000897437363190382
0.000995649025590293
0.000925554420407413
0.000892335655956263
0.0011202705964428
0.000928471319144603
0.000803091522647803
0.000869832357384575
0.00069242729588578
0.000940990062544431
0.000876690605220162
0.000844538575354914
0.00079171763530457
0.00111864370838245
0.000990225269110401
0.00105845875281826
0.00109837151920968
0.00102791575214839
0.00117456180702662
0.00079000747765364
0.000831593136024681
0.000951031252966658
0.00100873971223895
0.000991959012243907
0.000796481294261107
0.000935616478662917
0.00103747699824748
0.000921433267918121
0.000706477672525978
0.000919384027599828
0.000894071953450018
0.000730477066252712
0.00085052680269203
0.00096325861989739
0.00087541811643417
0.00091963135944129
0.000954075938571144
0.000667341961650522
0.000902455920406793
0.00105143077264751
0.0009956713941684
0.000925312385901756
0.000820663411402443
0.00105514221241741
0.00107620096252572
0.000843404661044098
0.000980265945377864
0.000839785554883698
0.000852007373209758
0.00107954301562381
0.000882657192518677
0.000950926020099521
0.000942571318222741
0.000774309644090636
0.000913543792432169
0.000775986252938574
0.000815359468818881
0.000903574834882659
0.000874004384761307
0.000838086216439009
0.000886059491065639
0.000748906172959158
0.000942935129350443
0.000850147159141046
0.000813819280505386
0.000765359225084751
0.000925163005754894
0.000937217205804511
0.000883926255639309
0.000852860518527964
0.000967765681396812
0.000883744839642012
0.000742793359657465
0.000884195634570316
0.00078047925905597
0.000983448840443127
0.00114309050177695
0.000972702679708114
0.000859876040932152
0.000787118349017169
0.0010237418535214
0.000792849473972794
0.00076723440034796
0.000870774050261913
0.000883433466689216
0.000831978261718904
0.000891252344368126
0.000835375759815674
0.00100385312367204
0.00103082111032069
0.000906778206763354
0.000834892319539342
0.000903538127007115
0.000885338743657062
0.000791519893099502
0.000816151047402027
0.000935459223536801
0.00114393195201805
0.000989476006046917
0.00114792798364571
0.000942259220817138
0.000874111659945204
0.00080223282675245
0.00079119174444403
0.000916304714553344
0.000970968307765264
0.000784996481766364
0.000848479125499116
0.000899738415496376
0.000825671214932721
0.00081733583676513
0.00118032440089226
0.000761680503661884
0.000833539430746063
0.000845259194034662
0.000767685706835962
0.000731019427289422
0.000655354113779154
0.000843711325287121
0.000866659745386144
0.000857287312719863
0.000834902977348084
0.000801097398688052
0.000816273149580908
0.000925504870115356
0.000782755215909773
0.000861599797001017
0.000894567196608803
0.000844913269595347
0.000777705176629781
0.000923259475832384
0.00111650907227162
0.000893637250165778
0.000817688619697072
0.000795236694551457
0.000721783316448272
0.000712899614669079
0.000780933252652457
0.000908490918488937
0.000845686883146752
0.000849768878729095
0.000889942062930903
0.000804417467318651
0.000765262858289024
0.000776129152779187
0.000845650584294476
0.000806808604972959
0.00070075492155471
0.000771142711133271
0.000777096737962074
0.00103500360834818
0.000853608073043916
0.000941673252651175
0.000872898757826375
0.000902706440947292
0.000769850823242134
0.000810517964146077
0.000721971012458176
0.00080172203374996
0.00124442608777431
0.000787281363509319
0.000907561359606571
0.000775682572863988
0.000791749444616768
0.000774877487826432
0.000834220110841838
0.00091350527844752
0.000824313788662136
0.000818849602880055
0.000885163040316411
0.000792468102542091
0.00105085211627784
0.000734444237104289
0.000655350286128524
0.000898353361712577
0.000723332929810942
0.000812303993007546
0.000814055585924435
0.000882532410264756
0.000865212431745123
0.000886443113639591
0.00107967751389967
0.000973202917005459
0.000865452297610393
0.000853372150424646
0.000788144888119525
0.000939885275760226
0.000770771675513394
0.000925681982445022
0.0010147128114202
0.000909471154068213
0.000660916424259989
0.000832646912487758
0.000851137713485894
0.000861386392407075
0.000855222602688703
0.000751555596869083
0.000804740041395723
0.00079596887620893
0.000839188169668775
0.000701851917092835
0.000722541447931472
0.000731306847519661
0.000709576723416661
0.00089146884352609
0.000756959865591716
0.000903655384122593
0.000795260306164152
0.000824259977472051
0.00101878795514359
0.000790873385290701
0.000793223531848199
0.000825651102715843
0.000889151994969754
0.000925329741169194
0.000891764894812496
0.000873532465128822
0.000799205522736958
0.000863647114011847
0.000802881801297528
0.000871611059115329
0.000679461464167543
0.000864567863546819
0.000732242244185538
0.000775784526178763
0.000782998489886054
0.000813700498728254
0.000859766115707104
0.000999522375264852
0.000777542367675544
0.000755555778826695
0.000842197377062838
0.000634948886389209
0.000712207112659585
0.000683116374640785
0.000759717311837156
0.000631831823952269
0.000775138084924518
0.000809711157620793
0.000798976756274625
0.000779435127234721
0.000789945007257144
0.000816346732481035
0.000707318651624458
0.000716116930903648
0.000808831981314507
0.000769007495742216
0.000763169438924299
0.000702638193441507
0.00078529017815461
0.000777235833192283
0.000814689364217019
0.00081211216427567
0.000857479503973535
0.000777287199646965
0.000818917506931338
0.000881802333945463
0.000668606433479573
0.000832903297539528
0.000711928537144029
0.000735185620183425
0.000783393333423395
0.000849969715426248
0.000858557180369731
0.000810095180117907
0.000778239619908254
0.000796036464332972
0.000789879982084434
0.000776545949103479
0.000902282498313995
0.00082623040031994
0.000879051508587916
0.000808603467035852
0.000746202865988028
0.000675491432261613
0.00124313236428528
0.000966126119378364
0.000819166874676167
0.000754909985455943
0.000804236406579214
0.000837160257995523
0.000856776153010362
0.00085821289226105
0.000916868354885558
0.000678274626580158
0.000803574603998303
0.000882634969896228
0.000819476409382478
0.000795643903470708
0.00124797092521884
0.000817590590874797
0.000808506079238799
0.000778262592559758
0.000866471294218591
0.000917638485285523
0.000936796843706608
0.000885897453495935
0.00155934223130608
0.000742002858850063
0.000869797244956348
0.00093121265061424
0.000760990365974733
0.000785846406371543
0.000727296636760209
0.000826545342535418
0.000845130180177137
0.000748506216373008
0.000853586023242589
0.000929685231755204
0.000817672756273967
0.000830328676330399
0.000831695799812145
0.000679790168730304
0.000734562884586361
0.000833718615359744
0.000906941240353858
0.000863590300474021
0.000731109661077432
0.000754458910750142
0.000795063164175085
0.000748878266548456
0.000986854523356032
0.000846623711340175
0.00071460254422788
0.000818014521342425
0.000686873643149875
0.000879137835001683
0.0008423704297786
0.000745737403126747
0.000748936293225216
0.000888882255252177
0.000737478798756454
0.00078807437574804
0.000878482299951888
0.000879353292175582
0.000701079109693353
0.000802004323483076
0.000802454609619907
0.000750825156560731
0.000859095557922424
0.000842873854344324
0.000904446821209772
0.000741977637600869
0.000824936582703559
0.000738291065714062
0.000759506025174633
0.000865269108621094
0.000820049084538548
0.000806750589079469
0.000836360920803942
0.000724461675797198
0.000594350691459503
0.00154706338389255
0.0010342491679012
0.000958619012889832
0.000833102796802286
0.000763059918919288
0.000899101914500192
0.000868231211311584
0.000785782527773169
0.000846009390590026
0.000806649099550399
0.000909237430919708
0.000877000084463244
0.000934409877585925
0.000850699820701976
0.000945153414422257
0.000830686596472739
0.000966309577075484
0.000879354525650029
0.00070855098556384
0.000772888551722722
0.000829641956125224
0.000946744967086762
0.000844796618439769
0.000853959575877926
0.000710565738516703
0.00107678910038059
0.000936219192822108
0.00090289136348958
0.00109522184903763
0.000668435669184147
0.000644569829047791
0.00081147548337712
0.000787363259982612
0.000849681779827821
0.000785627549773354
0.000738562592232567
0.00071103636589816
0.00115517313971931
0.000789968367028474
0.000707359323759784
0.00077426857438203
0.000665807145167664
0.000658325377147636
0.000664221358212162
0.000843757397843033
0.00110920041252782
0.000857945213153056
0.00077294520649899
0.000803060906654414
0.000720748638253531
0.00075967789607861
0.000786303457095836
0.000993170292081163
0.000834538039468447
0.000796918381289631
0.000795915445245384
0.000625264353798395
0.000642112752537273
0.000780996449965528
0.000813957665891066
0.000804643021243187
0.000873934409529956
0.000853211200083209
0.00088263014764954
0.000860354864168975
0.00076185459445298
0.000752769556113396
0.000727399304769891
0.000731850038952986
0.000773116215837936
0.000692290628163985
0.000836856477738645
0.00074926952421424
0.000700024055800148
0.000803895922520063
0.000725061123220062
0.0008264938334926
0.000779530782333076
0.000868842550317583
0.000828125364034115
0.000909639857915539
0.00100076399256516
0.000979477476471072
0.000811711891071872
0.000882411836916185
0.000857326836807419
0.00107529729485377
0.000834638197581035
0.000941310819933055
0.000922662878107003
0.000688307226329678
0.000672107581688638
0.000786436916151442
0.000777939265685786
0.00081903572199371
0.000801216048300172
0.000788122345217274
0.000807078440106067
0.000916102258332347
0.00074541305410757
0.000972450717008593
0.000763954723654704
0.00108100484315186
0.000796639624641361
0.000800431192120826
0.000832083121008446
0.000768681630518667
0.000863184147997347
0.000796465857137928
0.000756143981786254
0.000746646085229127
0.00092370297251657
0.000803012589709975
0.000807169813254163
0.000789481501446252
0.000671706840547087
0.000831576328811422
0.000767697151280287
0.000796869806446807
0.000820247117200002
0.000893033689876832
0.000800126009726748
0.000820603520082117
0.000735011489562068
0.000684680493343918
0.000756984972503373
0.000705764944140626
0.000790802351100028
0.000777840078848449
0.000800025861036112
0.000730129125659271
0.000753412949642075
0.000754564430584743
0.000842102349604126
0.000751780036427305
0.000837845472398378
0.000856247156582272
0.000742605108672452
0.000641665403758069
0.000839154887578681
0.000807705217844562
0.000725768015643535
0.000726867947546779
0.000831319186350987
0.000766655717620541
0.000737931706895037
0.000685741332029776
0.000777570604508964
0.000714115634957941
0.000822285903262603
0.000618268933328582
0.000726690599218824
0.00104857721938865
0.000775506548343566
0.000705584280050445
0.000736693823469268
0.0009072968921504
0.000767617444875626
0.000716903125110765
0.00084002281119386
0.000758644070819006
0.000847035547284866
0.000782652033158798
0.000792035865402982
0.000768390146452686
0.000734560779665675
0.0011163558435134
0.000690334373755808
0.000620852789962239
0.000768541656022908
0.000793950330821364
0.00069272357302122
0.000838849948244776
0.000744943847316714
0.000807673782525863
0.000696730034933346
0.00074645080107233
0.000622555466212937
0.000805197008291032
0.000708881111961807
0.000810498034965128
0.000847587051517029
0.000840917095203321
0.000770177445805637
0.000852551546465361
0.000781305319152024
0.000811984736019723
0.000661153406620318
0.00080603984120198
0.000779898910631221
0.000737060353902694
0.000890342635509944
0.000769274155323059
0.000811740522868766
0.000653721457694332
0.000698311967417527
0.000866100364727445
0.000916186862509049
0.000622020593034023
0.000696237533235599
0.000785733997931486
0.000869399473476224
0.000907544350251635
0.000860768808265945
0.000660416080113299
0.000712079791168485
0.000691762593485967
0.000598903644276493
0.000688043049790598
0.000792187427989146
0.000792627772109898
0.000745737582938961
0.000860396121191195
0.000777510747645412
0.000977741940760131
0.000642558153735525
0.000782906307972089
0.000678669747424566
0.00087043188466373
0.000725803336575449
0.000762504206310174
0.000703387396788578
0.00082041910263979
0.000679390010746315
0.000812676725487549
0.000810846724603415
0.000694108085964775
0.000885348633338322
0.000812838856896024
0.000735451408818554
0.000854796270068261
0.000730080542448984
0.00081722365010081
0.000759439927959918
0.000742389473850634
0.000744409250400948
0.000687970434002225
0.00072254353289002
0.000728479198747541
0.000861375584314113
0.000769472491512592
0.000711053705813456
0.0007112767516374
0.000749646157230404
0.00105578001287501
0.000737127866602309
0.000792759285382307
0.000686660090759108
0.000847248281673218
0.000925243706038354
0.00063413370267119
0.000794662357382198
0.000730040920650432
0.000718666797860531
0.000795813363257346
0.000827207009819278
0.000792609040883482
0.000807252529236014
0.000819745601111818
0.000803569370292312
0.000622644005338043
0.000658949329102488
0.000679440278525001
0.000703881038630096
0.000769615324093199
0.000732645783245398
0.000753152656580145
0.000847855148751142
0.00092128319774181
0.000743272346688405
0.000675169435213532
0.000886595317145403
0.000910163818827139
0.000900755951717049
0.000845331721516677
0.00069228984429752
0.000715607835163454
0.000668892829366324
0.000670312237891711
0.000848809566293232
0.000966999791315089
0.000779014273663051
0.00148297546227888
0.000707682354308168
0.00110228085550318
0.000705784370538325
0.000829916513794407
0.000745574453919183
0.000841700512377553
0.000798586479138547
0.000859787626259712
0.000836391228387237
0.000752482417273917
0.000726499379656774
0.00075472437349313
0.000699840629813884
0.000953059368318936
0.00109086282219103
0.000728989229414766
0.000632330974945395
0.000845955936257595
0.000671495127926946
0.000768270476394654
0.000777118849639293
0.000781266794225121
0.000603273236833707
0.000656106185850057
0.000972600177836689
0.000586971719691196
0.000678435488945659
0.000697637668322515
0.000769181559834518
0.000802037182241828
0.000800732237138381
0.000895257771548801
0.00101350289163653
0.00110939668613217
0.000763741388441513
0.000878099734369933
0.000755565318781548
0.000714420955453234
0.000764868820279701
0.000743696088779475
0.000635795154892966
0.000679588966289735
0.000803822947870687
0.000703214042490498
0.000653952206365939
0.00074160899060472
0.00109054797059018
0.000830233738759356
0.000774720345801591
0.000813375992702429
0.000861185899193817
0.000700201700428873
0.000816733164555511
0.00077959534834175
0.000739271973483364
0.000736656830499028
0.000789471044221956
0.000821751043482148
0.000624474884143838
0.000849395246967354
0.000771322437489321
0.000878363961809572
0.000734657180267047
0.000803298614252846
0.0006854696665769
0.00095538499697901
0.000772445175329529
0.000795182252278776
0.00070563573461532
0.000842401948292928
0.000850190006302613
0.000717684636307033
0.000667244635298501
0.000711457637542881
0.000772591683945807
0.000854775890633317
0.000801862159151062
0.000796319448049519
0.00076349411438875
0.000849300954570727
0.000829798239402558
0.000739718982738159
0.000664072987293166
0.0007367461776056
0.000761808574798315
0.000735464824579251
0.00075820868142166
0.000761719650878534
0.00072296572658845
0.000587812496695485
0.00073566448961482
0.000767398922522313
0.000733910259464651
0.000789396438260367
0.000838552147643702
0.000745862432369874
0.00077921303695564
0.000710989868853555
0.000738469702680352
0.000975566839088428
0.000844195802632371
0.000766538762192308
0.000849583053651595
0.000764317076351069
0.000778867358936971
0.000807516352596436
0.000910504411919695
0.000707484044857131
0.000792200998613395
0.000813068452858323
0.000709563719369282
0.000878748718602625
0.000829247150042786
0.00081696875450987
0.000868204118822087
0.000662791884128525
0.000938290583062082
0.000928598143791438
0.000990191033074896
0.000754205239818105
0.000700015280266052
0.000724795217231781
0.000709934823294397
0.000942835672158565
0.000730835474913054
0.000725800937790242
0.000818281997473233
0.00069090692696204
0.000718931783173612
0.00066812803888526
0.00070251955456708
0.00080230596000349
0.000757984732736345
0.000804463583324407
0.000879048067401772
0.000719638466787145
0.000699146673607612
0.000668825683541629
0.000745300962216447
0.000721909416857638
0.000812839975548766
0.000786340533917636
0.000669198502417652
0.000751959716584335
0.000856121626054701
0.000886480763150415
0.000706136550270834
0.000766206932504155
0.000707966656133571
0.000908878741742032
0.000768281263457421
0.000650371544884289
0.000840596454629019
0.000779497358186482
0.0007178680293817
0.000815037927418834
0.000799828578328771
0.000731597266003098
0.000738069389170031
0.000840788125686108
0.000680073677283839
0.000637284259858158
0.000818785861334571
0.000698565170412553
0.000765245769938298
0.000695985994528164
0.000640297011085239
0.000770340586986472
0.000789232163426799
0.000666007788289724
0.000683190703837992
0.00057318919835961
0.000889448057649134
0.000777379236164882
0.000736279809958627
0.000774319428950235
0.000761322581077714
0.000749058342372672
0.000730081049252488
0.000762098975994403
0.000737448157319197
0.000683831128765101
0.000667587393155096
0.000750381625225283
0.000582462801315105
0.000702729851366767
0.000661028803478324
0.000733537673214259
0.000749107025672109
0.000702030841383527
0.00125957417753606
0.000808505757244927
0.000815286451724436
0.000743908189621729
0.000777827367317087
0.000731818159896323
0.000814294448361751
0.000764056182643263
0.000716250773545958
0.000819045810445167
0.000864965944525725
0.000922871256981496
0.000834948680595522
0.000828738489825972
0.000693198034282816
0.000734218383808349
0.000776226808208012
0.000804419698361373
0.000904358208924762
0.00077979324832032
0.000714191609350155
0.000720009618965819
0.000845918410350849
0.000698950598394356
0.000667451022783275
0.000706554651616871
0.000732993836353723
0.000741304279686896
0.000789387184541258
0.000788786417935079
0.000660443221190913
0.000711047699038944
0.000719459889554467
0.000812793045165359
0.000665752850375148
0.00078898856655764
0.000849792388801028
0.000813713861890264
0.000868791825113725
0.000830216426751162
0.000673383801817951
0.000666417453767328
0.000683935705803732
0.00111899177307563
0.000781499078771791
0.000669447634477452
0.000737036666961716
0.000794498756854183
0.000799260103078242
0.00082073052271304
0.000724092632149926
0.000854159668921312
0.000712439698692564
0.000797791644277633
0.00074219735729251
0.000719276446050552
0.000707898226395771
0.000826743455361309
0.00080067687091284
0.000784504186947148
0.000630558008750743
0.000730981269697535
0.00108265894461117
0.000606614274808923
0.000720035655433389
0.00077976372721764
0.000812421898879796
0.000820646435115314
0.000667804605652517
0.000635232444635101
0.000839492990625278
0.00077790831320099
0.000910229522133525
0.000795864377925115
0.000810178336334229
0.000736190936539433
0.000807415142886056
0.000685040508626496
0.000717826235725063
0.000759528481738312
0.000697159158329243
0.000725768917616006
0.000898422811632776
0.000694355245510182
0.000752434363245137
0.000691969407758186
0.000709649210786296
0.000737343065820812
0.000830320183930403
0.00071769399777561
0.000706751935655581
0.000774782962339606
0.000665059736935159
0.000710677984024059
0.000692383338799321
0.000670797578079437
0.000785619152357968
0.000767747053623665
0.000740634089064153
0.0008877586477225
0.000836034573569512
0.000747586784542175
0.000761354297435089
0.000890617548926728
0.000824069406168949
0.000774251033942422
0.000795279301231233
0.000873656696465312
0.00102294294307607
0.000843519593534971
0.000750607639697937
0.000674607190916313
0.000810311168228144
0.000677065877851469
0.000796433581652308
0.000703478401319003
0.000745422912331457
0.000668068954542726
0.000756586810300002
0.000886552707538551
0.00064021557645949
0.000693399471543925
0.000844384888182211
0.000734903871807718
0.000696938699643193
0.000849282397502926
0.000796236895232422
0.000583732908362425
0.000696215167123913
0.000751577136529219
0.000843215102852432
0.000758973069267591
0.000789204290116938
0.000731726377777154
0.000870157779828527
0.000831388287031164
0.000832895934640415
0.000720516647791688
0.000761849006906345
0.000641169056038334
0.000739046558823362
0.000655192850451143
0.000646109167943539
0.000746959520449436
0.000774662359373904
0.000719652964095967
0.000626095708609857
0.000815131717797009
0.000945662087950439
0.000711710061014579
0.000853250083688013
0.000817902084699295
0.00120220197845642
0.00110468712619975
0.000896208570981782
0.000833891863801147
0.000862716906193837
0.000799041621109035
0.000787065867064651
0.000752965320462866
0.0009497939195137
0.000755738530592463
0.000793146758050518
0.000716760858710042
0.000752538197587281
0.000812075474395314
0.00101688054912494
0.000943485989436145
0.000836210631272984
0.000804521010892807
0.00289086457302165
0.000822839351317433
0.000872881598395279
0.000822092337396771
0.000806839682006368
0.0010154331167794
0.00086925154656031
0.000736941028375115
0.000951851052456346
0.000844263723282063
0.000795333581746124
0.000785383837819931
0.000681954098958647
0.000788328112815219
0.000918534840443599
0.000773643678457828
0.000755665848399813
0.000725296017618988
0.000841234923089629
0.000952839136048341
0.000810762326897985
0.000787356912179979
0.000820009357091782
0.000672263630159088
0.000908860849637585
0.000661245003708328
0.000709017409090518
0.000752600373673423
0.000978335945578846
0.000758063226191843
0.000814125862447742
0.000911907515841858
0.000933026017059257
0.000677392735190451
0.000691223764308039
0.000760474411171494
0.000632206356544576
0.000741630354847632
0.000964989449876587
0.00068234496739465
0.000628073681158563
0.000698029260197297
0.000699051266249567
0.000709013196549534
0.000991922356062164
0.000765350975118766
0.000945901885357084
0.000870041525850703
0.000696402451932619
0.000758868452463955
0.00073865772310911
0.000805454686789584
0.000866221948080818
0.000859152873351904
0.000780590032118781
0.000629450338861376
0.000884667959679419
0.000896660683635259
0.000666367904663876
0.000673407439317406
0.000765272840870486
0.000738184153628106
0.000752412430212108
0.000666465456857678
0.000710755081275004
0.00105817806835965
0.0007411566844079
0.000639884860527964
0.000796408621475304
0.00070426027740461
0.000714338437646137
0.000815612570581938
0.000668397929396418
0.000603655494318704
0.00074718164701593
0.000730736434635202
0.000533719973070653
0.000643376121893736
0.000767416943669292
0.000721327023956477
0.000707108090143813
0.000749620851235541
0.000640879449068905
0.000738782077894117
0.000880689693238776
0.00101982443310665
0.000814488363794099
0.00073152432771525
0.000647199807552708
0.000692887282422534
0.000808078307852066
0.000840160010498655
0.000805100141166413
0.000741650032510964
0.00090395030322133
0.00070088675876566
0.000808626785113272
0.000828552984509422
0.000916793079448416
0.000774920785741513
0.000621869609408403
0.000772282179744532
0.000868315568821263
0.000627954544046357
0.000761424583294043
0.000814851674522756
0.000735717396392577
0.000798023821937374
0.000641246429155892
0.000693108882960847
0.000715576603231896
0.000675139997522867
0.000723758733361519
0.000760563285849432
0.000627399823499162
0.000771654837032094
0.000752595799128122
0.000789412307487963
0.000865404304736443
0.000986498367646167
0.000798080476778422
0.000699896989449503
0.000597598846759188
0.000774746179957288
0.00111555726196153
0.000847025972369501
0.000875468672308251
0.000757040154823674
0.000715288424850231
0.000699890378110742
0.000698850692065104
0.00073909802349404
0.000783428844239469
0.000674728108834125
0.000730120984874871
0.00101042151691271
0.000868136985339034
0.000738030013056703
0.000865859310655539
0.000801023329759734
0.000872705980749012
0.000779454469514286
0.000923205618260692
0.000827789450647508
0.00090143552808318
0.00079370897930229
0.00081344487962961
0.000700123284218857
0.000702558741307596
0.000670054667928525
0.000809839691581765
0.000787000447960947
0.000801398548082265
0.00097933037792764
0.000956728540256844
0.00074439362436835
0.000849722358202767
0.000776248621367271
0.000751189964181566
0.000832342781973655
0.000660816009779389
0.00081792368381168
0.000777386120751058
0.000692445119591643
0.000783708005781862
0.000910947345493237
0.000737414882775377
0.000818986894224247
0.000716660787947218
0.000833292617686809
0.000839759742104335
0.000821746402435083
0.0006459296159544
0.000731705262528879
0.000591714416067879
0.000654705536936093
0.000748859827735954
0.000706207632552985
0.000843321729445144
0.000596444115519914
0.000655645111715074
0.000578250137268564
0.000795349504228573
0.000834646426180026
0.000722670115663922
0.000628301024989889
0.000692027209006432
0.000750406008438785
0.000864898380384316
0.000576196489302962
0.000618872538754174
0.000741702581761129
0.000665319792220015
0.000663787188218409
0.000751075192085183
0.000780123624021463
0.000774186495418449
0.000763524497834714
0.000694005434786103
0.000711257770808675
0.00071962905339114
0.000747843834172567
0.000634862851309612
0.000761548673000799
0.000788209291614391
0.000634919977948094
0.000669975874149329
0.000612661656705665
0.000771433263210661
0.000690620368999899
0.000604777889844094
0.000802345728331624
0.000796565942627439
0.000636740366285229
0.000639264779035205
0.000868322553299414
0.000670629535031043
0.000615338738543869
0.000713496114497351
0.000803972691482936
0.000710959195133389
0.000668242534440391
0.000645656078308615
0.000706991630137665
0.000856181397750156
0.000778554143356592
0.000865345638461081
0.000836999660250588
0.000860286061739012
0.000688400126459151
0.000679948512494224
0.00079883760796933
0.000766150335144607
0.000640911634963475
0.000833676172805814
0.000588593268620517
0.000890089211244787
0.000689085202572333
0.000880166214017788
0.000819516213982422
0.000696683485008191
0.000717643486367725
0.000853140005490684
0.000722428575936046
0.000722013304578792
0.000737891224881409
0.000597778432103321
0.000719556739718225
0.000698130137671994
0.000788993011757845
0.00082173938933981
0.000843756292969456
0.000702636572071637
0.00074387068117147
0.000862669071917691
0.000742189192231253
0.000904761198377781
0.000902863212531471
0.000989941441399829
0.000892466449693946
0.000694199143479652
0.000703696261457232
0.000668356506293847
0.000839974759791317
0.000703337993473723
0.000722780137273207
0.000647001575066961
0.000713565595878676
0.000962229634446669
0.000640900115693007
0.000714611696592904
0.000642483524280329
0.000773401191417957
0.000799385209445242
0.000877840400680455
0.000827245219042777
0.000799453365088002
0.000718440598494815
0.000792608605901442
0.000683870645430482
0.000647473281758684
0.000689235379994783
0.000635075264200136
0.000820975728034865
0.000742343325249361
0.000874431131748221
0.000866157803508261
0.000913944235904403
0.000727181210900256
0.000709357938223364
0.000722649667305835
0.000896907427756449
0.000715603359765785
0.00093670268289885
0.000755150688228372
0.000844623199150353
0.000662009333815072
0.000838588372722988
0.000884032260143046
0.000751146629782675
0.000712543273728886
0.000727426026890684
0.000738430534521462
0.000689416022717524
0.000769434933783747
0.000701796184423681
0.000773999856570996
0.000645535200728667
0.000683534286122063
0.000678395046240199
0.000629105369657003
0.00071149970133226
0.000834785056573316
0.000916053704508593
0.000711638437310849
0.000741977909462259
0.000669228409283934
0.00084017536251086
0.000766846175239873
0.000711850715652154
0.000747590089976395
0.000711448365858444
0.000774245213036599
0.000802238599387947
0.000777941664702432
0.000792190805227928
0.000760464397805916
0.0008006462147597
0.000643935180322282
0.00064021593674755
0.000657608475639534
0.000596543305031384
0.000784028266860663
0.000733667895841951
0.000667353869714801
0.000699113881578452
0.000775990444665031
0.00073305990650553
0.000610268043751271
0.000769070751706033
0.000760412817517963
0.000854881068770762
0.000689773156893525
0.000641668876320066
0.00069503044037567
0.000696639181139987
0.00067390843736839
0.000616271338056916
0.000771427713350809
0.000748381552300086
0.000732929309908263
0.000720626436891045
0.00074690814975871
0.000778114683370654
0.000672041682791829
0.000696523998478921
0.000920715734154037
0.000688321102777206
0.000676657367653649
0.000614904713331797
0.000930545256525716
0.000860944966736413
0.000998982552497749
0.00068176381349906
0.000768778425521894
0.000800599140718621
0.000695732845958824
0.000724121708159187
0.000682047298891462
0.000775615130351549
0.000692898530753682
0.000872138971136095
0.000789793061517002
0.000768936813174228
0.0007636407694292
0.000762210253693251
0.000684075614195501
0.000741850557884609
0.000655688086338092
0.000675875148610609
0.00063395967198415
0.000856843939292092
0.000513215015969527
0.000617863056925042
0.000595858710959035
0.000722321860845222
0.000784026947457365
0.000630975484587442
0.000647929171972371
0.00058622890505352
0.00074270040490683
0.000749345539102551
0.000748617526532497
0.000585546519478494
0.000633397361473641
0.000753162247439388
0.00073871642537376
0.000556669080515545
0.000606180697681507
0.000735276609433069
0.000776818246187008
0.000767212992785609
0.000799610238546982
0.000635931213967327
0.000644133402974107
0.000763772880546797
0.000747501804592141
0.000699894118799681
0.000603792944147879
0.000831425728851562
0.000677247675566176
0.000861906030706176
0.000540789839249279
0.000663166597962443
0.000577949090779033
0.000737101064331757
0.000823691197916239
0.000646286356078903
0.000603480859731963
0.000726782792427378
0.000589939103055054
0.000615746207321489
0.000727660484137249
0.000774274875125493
0.000750590833127587
0.000687697168497615
0.000660875016934172
0.000704243625743271
0.000609056124019588
0.000771847760478329
0.000711218432305679
0.000674561155149462
0.000643771239618119
0.000827788520034072
0.000753604154930765
0.000548069474747826
0.000553011458393398
0.000748866853664915
0.000782659566057622
0.00079474897909658
0.000735918719187187
0.000556904573112555
0.000782842517643824
0.000709732982682395
0.000620273106863045
0.000698127591374102
0.000670306650089682
0.000623724481879635
0.000636558496363628
0.000736831713340654
0.000847581901503501
0.000654216169757913
0.000624190995225783
0.000920491856477027
0.000682795409035749
0.000682236961480059
0.000687754255585765
0.000746217675277291
0.000726682558397701
0.000582828719345197
0.000626197199127727
0.000678857728346059
0.000726575645553731
0.000692458293682943
0.000614962188016198
0.000876224449430094
0.000640680377902103
0.000815052318689677
0.000716300379167639
0.00060860493840292
0.000647271285931777
0.000681649400058499
0.00061064616687255
0.000783709972829182
0.000995520356140575
0.000680469730017061
0.000657705318254379
0.000675076071420715
0.000633210389258117
0.000707732780333987
0.000694569162007042
0.000675983307275824
0.000630130198540259
0.000557040844172877
0.000590627998073665
0.000676591842635427
0.00063956608308776
0.000613684800667768
0.00065012057952855
0.000702993927717913
0.000880295146344266
0.000640554769004518
0.000691737747027442
0.000708746920290294
0.000611917925153644
0.000858234509451688
0.000675132974432686
0.000689894771901613
0.0006251205999494
0.000765721807584203
0.000641943449288519
0.000777347703666503
0.00074595025453514
0.000863478935943245
0.000695428685149008
0.000679330508328383
0.000755289467693735
0.000579235264426417
0.000623768301347802
0.000693542334981516
0.000636095093396008
0.000954083148000495
0.000759685684284871
0.000574459498910029
0.000705602268354772
0.000613978236002538
0.000716920451032019
0.000715445156159465
0.000670439184512701
0.000682237770296837
0.000715893550821254
0.000699595086983525
0.000606138741834072
0.000747150120280922
0.000669636066613625
0.000767103500555047
0.000627166100529759
0.000727353475441113
0.00089368090137246
0.000814430521922407
0.00061419262227731
0.000700283712858496
0.000656389381845468
0.000646910875053002
0.000635171674091409
0.000666602277742186
0.000691342414251793
0.000818652882757185
0.000654438648713856
0.000709740099195649
0.000652673499049471
0.000715178256698229
0.000722107196314113
0.000584121942862591
0.000611579380480513
0.000629809239083622
0.000638382581291518
0.000781367653558785
0.000738390210620177
0.000707798501724209
0.000624651395659451
0.000680295813539167
0.000599922529747317
0.000599564871417969
0.00108222593884924
0.000641890234396797
0.0008198483368659
0.000689772669370267
0.000670666808498427
0.000664341215761254
0.000679139188567575
0.000722007203601306
0.00062301405796119
0.000592964519950195
0.000632615519806956
0.000584092112642288
0.000646684849447492
0.000515322163678474
0.000691989229155342
0.000782984270475386
0.000625362262621226
0.000707944681592605
0.000737937240687395
0.000800726723364163
0.000986502776483456
0.000835349994266818
0.000766311552975291
0.000726780952779633
0.000707509648656345
0.000698079982455775
0.000820775976496814
0.000846598678511498
0.00064209493626522
0.000710774676632721
0.000660293976262226
0.000736610165319427
0.000672427129566184
0.00067023496564392
0.000836610722357173
0.000584512614489682
0.00059705437865498
0.000744235594957713
0.000635422252151733
0.000643624242703717
0.000685446860539262
0.000686815859383405
0.000660133351317637
0.00054076798601454
0.000749255503970634
0.000800799111499972
0.000709854405918873
0.000571445028361872
0.000755668768238729
0.000640066098868442
0.000571471761949132
0.000699780067327655
0.000620902896152628
0.000763353556904084
0.000688526714167732
0.000525453880168013
0.000742027847198106
0.000665777527685632
0.000694942333958607
0.000668109669299533
0.000651141625908029
0.000777723219561373
0.000667742680634076
0.000696044668845813
0.000717254797965964
0.000662581308029637
0.000678776068296718
0.000656906949574372
0.000627057034695205
0.000729358082082329
0.00068279458961468
0.000637665991119038
0.000696816897435109
0.000667784069669433
0.0005834921863962
0.000867688877011402
0.000869361972883607
0.000688298383751225
0.000611174587923352
0.000712261589079936
0.000798565414582982
0.000754438675687652
0.000686086324930067
0.000665894071964776
0.000641144600791661
0.000671079815924866
0.000612453133597228
0.000644359161482537
0.000635469957673753
0.000765322552707098
0.000572188561851055
0.000645364919402996
0.000619107093489675
0.000645609189524632
0.000686627800479024
0.0006941988202099
0.000650259875294589
0.000640684009474279
0.000637365184063784
0.000701024137383945
0.000674524696057516
0.000614935852904315
0.000755754056232879
0.000753566069277433
0.000588731466469728
0.000719225959411251
0.000605903182655163
0.000597732780537214
0.00061128246686793
0.000709760123173007
0.000794685487549764
0.000800814448181222
0.000897153599149249
0.000792424174914651
0.000770513896978262
0.000633015666957672
0.000705415216746416
0.000596440348100246
0.00062978156782159
0.000683309143405066
0.000579390331397775
0.000651748450471143
0.000554555090769283
0.000672278960102569
0.000674051423415465
0.000579914534998768
0.00063958914000862
0.000622908247264409
0.000683259029167472
0.000675900247556945
0.000685087302324376
0.00076173291782412
0.000695513850333564
0.000611570342566095
0.000616303788659386
0.000712344103818
0.000659500394652692
0.000624209507452702
0.00071474873622412
0.000654092508050948
0.000667020323613968
0.000654096112178066
0.00060744531604398
0.000653268801069837
0.000697655564235915
0.000664852412336717
0.000686164612975596
0.000717673516148219
0.000731952690181355
0.00076648909029743
0.000622720422017415
0.000611946923132037
0.000656483887178988
0.000721022882487647
0.000827485592897855
0.000621710700818246
0.000703092620065235
0.000507103795039973
0.000695426392587179
0.000729668995175582
0.000648188403369363
0.000743269589468795
0.000673497409118641
0.000643961543489796
0.000512385052740304
0.000864524756996894
0.000582752823948311
0.000708165959152695
0.000641438553879096
0.000750956742659818
0.000603636510879331
0.000733159483212371
0.000677099661808319
0.000747922339257384
0.000714495436285128
0.000734949124001985
0.000655960462844706
0.000688351334611606
0.000716259066920958
0.000615497875579016
0.000786482153120991
0.000527411154646667
0.000691768285250555
0.000717409432014782
0.000557341183369172
0.000615489927313225
0.000585972650627501
0.000658383267522079
0.000663399933346743
0.00063943982590453
0.000635454436430147
0.000687431483322809
0.000682044776286946
0.000593364082456172
0.000620118553712943
0.00062890116923338
0.000696685857087078
0.00087635653951584
0.00075199630332931
0.000669361223593778
0.000562790483684265
0.000633160041890194
0.00061386581951813
0.00083961543869357
0
0.000772569316385933
0.000571739107220469
0.000552302539790446
0.000620305496934835
0.000712251043766975
0.000657583418810959
0.00068871254257233
0.00062574934904458
0.000704165463134309
0.000555467205691648
0.000743649279361547
0.000650312038539178
0.000579531524170992
0.000634386927154069
0.000691922015217641
0.000632074243041552
0.000636785721881796
0.000748066543851879
0.000713318270408972
0.000746074461226117
0.000696180995332381
0.000708245929210529
0.000789373074986273
0.000674530860954823
0.000927276418149272
0.000694025765336196
0.00067901261194575
0.000845776475594554
0.000691914878052644
0.00061519857541561
0.000696021950410611
0.000614104840223084
0.000631355184443853
0.000616398765552841
0.000629397474145402
0.000604425269597195
0.000610532019306984
0.000759078285558031
0.000567108060709635
0.000614659825638585
0.000619371051271083
0.000718731532976784
0.000724708904748406
0.000440608995852916
0.000599277905087551
0.000774687023705588
0.00062500064729059
0.000699251573274626
0.000584180028979722
0.000569848806942339
0.000582499510294376
0.000637304685433992
0.000782696350908311
0.000660595102353272
0.000717570086912214
0.00106472416605795
0.000579001871603825
0.00052432225909737
0.000623584425719501
0.000636850149816831
0.000840633126118403
0.000701435520509715
0.00062466636812117
0.000663768578427262
0.000551854199621906
0.000597013836039509
0.000657716289326711
0.000618147639691872
0.000608223345556308
0.000590266968733087
0.00065028059837687
0.000718946125838389
0.000806946882168893
0.000720135559114615
0.00080863143880439
0.000687331196402446
0.000696794427217419
0.000812446296152047
0.000782681878413146
0.00061312845540294
0.000732421508691525
0.000638516385882168
0.000840139961509825
0.000619246472016308
0.00057529289973054
0.000671819379915072
0.000700936742741695
0.000683554286576256
0.000599991337851506
0.000696551376057095
0.000641405540909612
0.000639442971865255
0.000653494042244582
0.000788109931676521
0.00082536776027667
0.000967034637399662
0.000638008103284016
0.000779417311981719
0.000587896027691225
0.00077521257162304
0.000885987513971745
0.000720228449483232
0.000615259408947338
0.000695908477118138
0.000726884137855228
0.000766602331576572
0.000698545517670348
0.000748181297385062
0.000629999169584833
0.000685684847826196
0.000750277380566305
0.000570067490220192
0.000552565902902196
0.000674802960377201
0.00075623126849686
0.000786920317404648
0.000781081997632242
0.000773393699893687
0.000834009520544207
0.000523943116717407
0.0007275755484098
0.000790559312046578
0.000695920325519244
0.000739469370710364
0.000847006416979287
0.000833066426106347
0.000729852746442555
0.000768092934404733
0.000729932765797061
0.000804264293782873
0.000768315738630587
0.000677018819423801
0.000565115724055071
0.000630375910827318
0.000633747601114524
0.00060475766011546
0.000692869016956068
0.00063730070989783
0.000531901997520048
0.000773131805476009
0.000734460757079795
0.000678295772843336
0.000655361374669223
0.000670490379550759
0.000547821519499743
0.000593946671146554
0.000635357777512402
0.0006477858255949
0.000650153469794061
0.000637236102890352
0.000600378381631492
0.000614756595766232
0.000691371281627484
0.000652942744142358
0.000604488159703107
0.000611790789345003
0.000728585424374181
0.000816621762394995
0.000737639391098355
0.000727769310036009
0.000956116561780355
0.000671397839286599
0.000732139484107214
0.000798657404847645
0.000775418627482093
0.00067566919806991
0.000698417428528149
0.000612933152746319
0.000824450389881651
0.000690844508640301
0.000614758868719731
0.000693342607012518
0.000641920593909105
0.000712765437468639
0.000708063098284446
0.000658454435363999
0.000690878501119228
0.000530081177716072
0.000782338789399524
0.000659949355626022
0.000705482280044054
0.000579540459929485
0.000658937949556721
0.000799657544027647
0.00066227932690671
0.000561740170839753
0.000741415956099278
0.000621185252417195
0.000608006682997687
0.000668423728892347
0.000771583489248049
0.000697690958158917
0.000778363101020579
0.000670946793092444
0.000629646193426092
0.00088277399084406
0.000664590047663162
0.000747473483539839
0.000710507498376568
0.00069280417589695
0.00078617191854903
0.000652804428347542
0.000705357780785906
0.000533217546457261
0.000641543882068401
0.000696266987908607
0.000663973791472658
0.00067598673279403
0.000651575367401621
0.000620852846974114
0.000561316085938368
0.000698221719257854
0.000608214327742298
0.00075311742789941
0.000590143037762441
0.000668404115556192
0.000689608370882603
0.000713976183904728
0.000710855082671251
0.000644214341134828
0.000550138084965275
0.000636770817064466
0.000655936376021519
0.000669334996795201
0.000734511232403843
0.000585331716296875
0.000673416505736123
0.000679447972716253
0.000664720116851583
0.000650807882662547
0.000667842230655075
0.000777706478294309
0.000623817077046046
0.000692529728885053
0.000786462043982281
0.000766533608793322
0.000590269314109944
0.000631018295825468
0.000680521293355115
0.000757699870905904
0.000668661440592059
0.000653875020264396
0.00078011993108844
0.000591176136707983
0.00057528559035034
0.000623154384156671
0.000637272803034203
0.000656457908805798
0.000815883258883052
0.000697427041946588
0.000631834565089305
0.000633079894989683
0.000718129870582499
0.000590707800407146
0.000733969587983073
0.000655731036945723
0.0006877035811905
0.000568741342568319
0.000674835471294651
0.000677260564655676
0.000689839670420007
0.000595413182349737
0.000677199355518954
0.000682415239596733
0.000806232827746695
0.000861884225415504
0.000879299415914836
0.000798881344471872
0.000787870798020354
0.000624462311618507
0.000599684067638114
0.000825010673209805
0.000504803531818676
0.000457698885197302
0.000673244428812608
0.000828948530213603
0.000656127747948174
0.000627723550283039
0.000642203820329151
0.000718525561173681
0.000741735754620851
0.000968888718425831
0.000695260245821924
0.000558098379825712
0.000570654697997962
0.000735719691519614
0.000614283176217769
0.000808495580895695
0.000606463210389374
0.000650040194266209
0.000662499358506879
0.000592752296204266
0.00077378960712387
0.000720489800250961
0.000740303311212387
0.000564657995580904
0.000668737132192648
0.000696867189769115
0.000907102866707087
0.000653235994743685
0.000597640704336641
0.000761282506940224
0.000641793398346093
0.000909479055991372
0.000851361858928771
0.00064946209490966
0.000585259821318656
0.000601279844899281
0.000532728686864012
0.000741063224668268
0.000528802328586182
0.000657493019420586
0.000614615386216865
0.000677942068435575
0.000681121144092273
0.000702224994235328
0.000701441355225461
0.000713644687771755
0.00053101223175193
0.000918540841868413
0.00067220429731581
0.000655390376303172
0.00104076534201256
0.000630780899174211
0.000622727950942835
0.000508841614232005
0.000768164339546866
0.000817850193894068
0.000617566415235586
0.000761398176277985
0.000698536737447146
0.000722733927013046
0.000574988361712669
0.000736255731572791
0.000700092744742551
0.000705853765084354
0.000742454596649363
0.000720247849612399
0.000595488478552973
0.000726995523596917
0.000637858015003682
0.000638195342265714
0.000661008432837562
0.000695112355175168
0.000748050126810027
0.000796783936356476
0.000563529095675645
0.00065027086819698
0.00066660433590177
0.000710583324705761
0.000720371325933607
0.000631963021147355
0.000705076693893501
0.000817681141690586
0.000718578256076735
0.000764498798941414
0.000641301736295541
0.000777004679538455
0.000632826847784872
0.000517151776872279
0.000590029814394806
0.000710634025446364
0.000730452029124803
0.000584682668025481
0.000576619514574702
0.000799689958765107
0.000642896830169677
0.000600545349305546
0.000623467641171491
0.000764989506943229
0.000613537032091397
0.00069479783345291
0.00060493881633482
0.000723422416491166
0.000696983872764548
0.000792297365396266
0.000624635833225545
0.000522166997411164
0.000638402319779764
0.000602878790395544
0.000678153599691399
0.000671688155890453
0.000660645471235851
0.000777846516237142
0.000725791749115135
0.0006153742578771
0.000727285592842466
0.000654875521746767
0.000732823465061244
0.000666679806911613
0.000719277550610073
0.000570841406368375
0.00056479079586972
0.000735104405980472
0.000771550320199188
0.0007352877194428
0.000724793253048002
0.000665717993146989
0.000684551695135758
0.00061050472884597
0.000732530681149974
0.000620977624929667
0.000786062611991865
0.000636887984430546
0.00067567277245277
0.000606695178347753
0.00057198819196237
0.000606665862034831
0.000623737271351359
0.000623721530542501
0.000632346960191141
0.000637635844903223
0.000748684009236384
0.000659189895622678
0.000748713715358251
0.000600768973318814
0.000706302457490378
0.000620016484534558
0.000771450871959005
0.000583710424761919
0.000665000244909533
0.000760134704451262
0.000587080848824398
0.000592385883119628
0.000749709170906492
0.000733283849686049
0.000798909124873453
0.000656736239324088
0.000710152785697293
0.000731697894161686
0.000660224092151114
0.000603848990154497
0.000650421422994688
0.000605551479567153
0.000539201958941875
0.000590329550572131
0.000536508114306587
0.00055177903087924
0.000654935951774642
0.000675977602260499
0.000588551722408511
0.000653176421658452
0.000626731734217399
0.000674666952368358
0.000874869897251659
0.000622205533451336
0.000659450090075846
0.00057986037751861
0.000645453403086008
0.000639154233802083
0.000628613413017389
0.000705477114592643
0.000757529161905372
0.000673201105703475
0.000590374820206339
0.000775861487991059
0.000481705412018985
0.000627902877045106
0.000655264622799462
0.000613522991931765
0.000698930735849448
0.000562346043471775
0.000721667060380102
0.000617378976444561
0.000669118541683028
0.00064292258894211
0.000643585074013058
0.00066614763536721
0.000731637024975816
0.000629189618120605
0.000695950503480233
0.000599070081580439
0.000636183772946423
0.000700697832661558
0.000573233300363572
0.000681005952014919
0.000660952559504733
0.000594971930135929
0.00061019927040357
0.000800897379828701
0.000727489436920649
0.000739483732631255
0.000807039742888167
0.000777569948239948
0.000622783074954988
0.00072768175341207
0.000693584810113379
0.000797728266778572
0.000591163324093992
0.000638744965658212
0.000792049345887769
0.000707132349393042
0.000836952438767395
0.000842839862210774
0.000612683441338137
0.00068303104403855
0.000613480991937031
0.000799685466386467
0.00067740312111327
0.000689376063287716
0.000758969710819849
0.000826008205312108
0.000770042199103431
0.000710484365077038
0.00073250493149337
0.000759558009050773
0.000588648638002879
0.000696717274868517
0.00075396605284404
0.000665790887123392
0.000720314642156799
0.000667505879447352
0.000634446416966981
0.000697227019316856
0.000919909437333676
0.000604363663702765
0.000680941749522578
0.000586491234560335
0.000636585569674339
0.000806475338644004
0.000756699654024913
0.000688564043717478
0.000640055230551534
0.000657344475263559
0.000662192349864638
0.000639658050248711
0.000738627659228298
0.000752820896994319
0.000553597416420933
0.000513918938821567
0.000653536079257245
0.000721438918958032
0.000657983178279838
0.000602784764782578
0.000651756606450887
0.000760910079102189
0.000605685954840645
0.000596845949282552
0.00079952107905554
0.000636165775195723
0.00060287161716924
0.000590515330014729
0.00070191489648349
0.000686427601522221
0.000668882437094073
0.00059676229713049
0.000594175678747696
0.000657449926862721
0.000714433907905144
0.000738081641205031
0.000726214385711694
0.000683141520253005
0.000688428921448494
0.000605855655663513
0.000584800671558056
0.000595845366842109
0.000710693381987084
0.000626822533967699
0.000596311678681943
0.000719731119218498
0.000705785475345793
0.000629592784202454
0.000621892384287411
0.000650731398058746
0.000700561734194187
0.000789642384077112
0.000703519950385049
0.000782560103369818
0.000741760595497217
0.000649679817571964
0.000663279095944233
0.000790219048229067
0.00071366075187368
0.000768716840988395
0.000715506960812992
0.000674234174188171
0.000569564744310206
0.000644095314263298
0.000591073437593767
0.000517237920358266
0.000654064855284213
0.000495761108039552
0.00071569389092997
0.000683008731067808
0.000773112088041304
0.00068116385281328
0.000857447501555052
0.000735752092598609
0.000635427896300803
0.000738353483958408
0.000688770624322271
0.000640166615882486
0.000685313432524669
0.000541329184308508
0.000706495505815905
0.000645927864413503
0.000639535822876991
0.000708908631156434
0.000664318287380619
0.000689528300060187
0.000618633680398424
0.00073163394012569
0.000558831772378576
0.000608469954656651
0.000620837677167915
0.000680462057628062
0.000658250629622987
0.000592811531597344
0.000550466061807569
0.000636146942283058
0.000561708370321729
0.000628570587142341
0.000562279309133557
0.00063911786054955
0.000576825057603183
0.00058567943922791
0.000703099967984414
0.000558090749010544
0.000684925981042098
0.00060795588771445
0.000572310054415001
0.000691489024205224
0.000629367475916211
0.000981277856190364
0.000784040743588369
0.000530922177709984
0.000618967098192533
0.000738061266824857
0.00059118987303438
0.000732124397642925
0.000680420317487203
0.000700481403601567
0.000636082949190463
0.000625678495447008
0.000622013012382747
0.000783835165513608
0.000599963835833551
0.000708443244509281
0.000559816427005548
0.000634603504528469
0.000597699295125113
0.000700087110677561
0.000614303005694853
0.000681650546553323
0.00058643866435786
0.000692830072363352
0.000631164872540605
0.000645632366616615
0.000640343045132878
0.000633762197495492
0.000728404022035569
0.000605374662404091
0.000641479444225519
0.000729839326197703
0.000783431869389282
0.000674827248529037
0.00071497964716351
0.000483144275164212
0.000788255868373879
0.000764279736299443
0.000657651437443027
0.000783144636519927
0.000685829742764897
0.000685161782015853
0.000661507424289541
0.000780986096083656
0.00066841975486773
0.000778224444416212
0.000584373012977631
0.000652515821587136
0.000673260130150294
0.000695748808549075
0.000822637780554633
0.000523364469239253
0.000779087035519115
0.000641647953027214
0.000810161923742102
0.000906008937452536
0.000592822186121982
0.00067190974497189
0.000651685035814803
0.000795509767612162
0.000648402159849236
0.000670400354643209
0.000559344610545966
0.000734842412493415
0.000619299159031394
0.000553439373150456
0.000664779794891787
0.000855709079861629
0.00064749384869891
0.000786425623216476
0.000620708458466112
0.00069251398679656
0.000740395399514917
0.000671919167624095
0.000729228252632825
0.000662913941042176
0.000685417228006823
0.000666041784581693
0.000843472683300666
0.000608014962493953
0.000734679383798707
0.000655052462215695
0.000676014686254631
0.000675452634890403
0.000685730746725054
0.000602650678913577
0.000675264489087968
0.000773458307627593
0.000874211558068176
0.000727728155005856
0.000607421540697643
0.000773508022752973
0.000807350955599425
0.000651256105160522
0.000747531842854297
0.000576190882141714
0.000651559740644982
0.000713692322466856
0.000736582858805271
0.000816150333052149
0.000735515250403921
0.00070222625404168
0.000817350956622096
0.000765922572014509
0.000745913063784603
0.000685193225199011
0.000755136204855183
0.000609319229823295
0.000732511358130454
0.000639127822775486
0.000641343321044169
0.000653731787938012
0.000628482701203473
0.000595387081054978
0.000643859136250656
0.000583909406442163
0.000765918632203842
0.000702282985206697
0.000977456244306149
0.000662610274558563
0.000549991723689001
0.000729273713149814
0.000703803227310712
0.000675494344210408
0.000512194428460036
0.000802928037101235
0.000611405231996509
0.000700910812108667
0.000674318844240288
0.000740834053774696
0.000639102703365641
0.000682042361761188
0.00064244954816947
0.000748061575001928
0.000661032051809938
0.00074107175962293
0.000680317677349779
0.000674165255637154
0.000721859382933328
0.000564701065986195
0.000586767558296914
0.000695913470073646
0.00066390508942433
0.000709703958131979
0.000743636778727698
0.000657129602867968
0.00055128845095559
0.000701762863725866
0.00065274061023978
0.000646946706616626
0.000792353434486277
0.000655801360013424
0.00073889138360327
0.000629151302907624
0.000737442304324273
0.000716921021769916
0.000667038953102483
0.00078923535350387
0.000689645644189133
0.00076064654685849
0.000624551079550697
0.000721867646762049
0.000633086223692378
0.000609929597215371
0.000662773051823713
0.000648262579812052
0.000703853945098966
0.000559082300696563
0.000673170669348751
0.000691862257556008
0.000679521643384134
0.000784545011784951
0.000875925002446036
0.000694715269982772
0.000743407947546548
0.000707134089685916
0.00066555820770115
0.000650449194587701
0.00064443502213446
0.000526118532171684
0.000728829557292041
0.000609815260914383
0.000697051555811449
0.000732698986602362
0.000721653024004341
0.000634416613606346
0.000652868150985033
0.000624714919599961
0.000627118231886581
0.000768168174030545
0.000543344060654743
0.000710480951978986
0.000782444272870283
0.00066672790779175
0.000591742266062014
0.000649267203373256
0.000647134252657093
0.000698120778953812
0.000713887340692559
0.000744738170508781
0.000768276978753947
0.000742196112706562
0.000689855847568393
0.000749455291093709
0.000749896460085567
0.000655930050468293
0.000646172627951685
0.000854508222432108
0.000714931749839183
0.000655573943222507
0.000622097074155865
0.000589510252423705
0.000572475127491321
0.000699898928027946
0.000632349125112546
0.000744825093366132
0.00072865274655408
0.000770789596323988
0.000611670369880693
0.000691503236820189
0.000713638497131964
0.000645292090542534
0.0007317285864647
0.000615700176858472
0.000670078108004489
0.000627970570880435
0.000686736608191689
0.000627013925199191
0.000612007775309421
0.000686921004315581
0.000691965389356513
0.000612054321843973
0.000582413488652221
0.000576258158790072
0.000747398270101403
0.000700358783258454
0.000658888273063527
0.000765183723303683
0.000671864260554632
0.000713987049032577
0.000680188824118526
0.000721090999503898
0.000764877295620836
0.000834997037639473
0.000636202392289694
0.000656211379111935
0.000874522156650238
0.000694248395902562
0.000543843481742953
0.000855015061308915
0.000992701084604158
0.000695283146086817
0.000800967502988312
0.000621287916438737
0.000677234634793229
0.000611164149447325
0.000762459588774013
0.000655889031477221
0.000647396234633953
0.000593838049259272
0.00064255105701669
0.000761523111301754
0.000659624513788134
0.000803237722642615
0.000621435381946888
0.000739412165529943
0.00085958513111451
0.000705484998905913
0.000655705729744308
0.000709267154376968
0.000694156376205609
0.000593085812329874
0.000507977010415762
0.000745536665714875
0.000603838513071889
0.000774767033393728
0.000757709336468557
0.000560791413867912
0.000594955793631911
0.000658297184466517
0.000608073288305282
0.000664975838692438
0.000630442091055726
0.0006652725005898
0.000680646747615941
0.000636111237112023
0.000852388190184813
0.000818101501300471
0.000648131856790024
0.000722975430071893
0.000647903843682827
0.000594936849484006
0.000603313169044502
0.000675393125978341
0.000842438202608766
0.000848179594426428
0.000665295856557022
0.000621099297634669
0.000753877237520448
0.000778221862757747
0.000610302493372087
0.000688828949398696
0.000617727275764393
0.000624293353256646
0.000637696863621316
0.000674387028429732
0.000762422216796344
0.000629250861514907
0.00071740029465716
0.000631387570772736
0.00060898802564783
0.000689799301178051
0.000935833024371148
0.000715132304650956
0.000741124059704665
0.000775706801028759
0.000654354136278893
0.000584004619753226
0.000745527452782651
0.000571242248517243
0.000776316105092967
0.000738639629393145
0.000573612837778577
0.000647716379377184
0.000731974963097228
0.000879719785967128
0.000833894775674478
0.000651953027691548
0.00062165367396993
0.000768918548645584
0.000724353246699424
0.000703575245440809
0.000701408130326346
0.000665789493652359
0.000728359809828836
0.000647053295921108
0.000725166194736299
0.000843647166575881
0.000600139908386655
0.000633464586925267
0.000729877690348558
0.000723427733344227
0.000639946932345176
0.00057808787194821
0.000695524341501326
0.00076518241140487
0.000709726065777973
0.000652346602624897
0.000650411299912017
0.000839613105440389
0.000891937125113348
0.00072883702995416
0.000696224571500906
0.00069676827625033
0.000698380085550556
0.000714232760088996
0.000760936765300672
0.000682370426497736
0.000694533380171494
0.000682945966574677
0.000634474176832548
0.000752836184084419
0.000927282660747941
0.000576920773180589
0.000757948098861892
0.000620666916800295
0.000648394205519722
0.000778088225303491
0.000654062405620391
0.000728289674962698
0.000671121375391818
0.000748733649307257
0.000731083471715259
0.000728244307784638
0.000744929130087081
0.000667335400962485
0.000626557261103473
0.000673502222101912
0.000720437672010315
0.000609719701777618
0.000568414026621027
0.000735309217566006
0.000823933316759464
0.000747251699602747
0.000695300459315239
0.000762980872343771
0.000748822888803231
0.000671812011334187
0.000671189726812156
0.000968061884885831
0.000766241014001219
0.000703765414403726
0.000771358667624181
0.000790258473837977
0.0007151582701554
0.000755510150832941
0.000770833304677292
0.000781282727506168
0.000767528819467763
0.000645523720755585
0.000653269867288187
0.000867169312540428
0.000694695827103034
0.00064804477938889
0.000682389437366967
0.000671812913032777
0.000653427724166853
0.000705495004375857
0.00057415083922039
0.000755242523953682
0.000666024966853115
0.000692184382418435
0.000604335279865239
0.000786296093290376
0.000702916372468398
0.000617534257592327
0.000735054163796694
0.000741717441604404
0.000713490429767124
0.000700741977546887
0.000684117722574348
0.000605845082485351
0.000573694762425681
0.000711220820159112
0.000709058039277062
0.000666066409300849
0.000744303255161819
0.00060499766358598
0.000729130160355767
0.000650729809488513
0.000576383523595641
0.000670370869566112
0.000675537063994276
0.000577254899279688
0.000723471204773855
0.000647822287766429
0.000650355975578293
0.000797438768001114
0.000761159647471913
0.000658099601562112
0.000665769084877855
0.000632833085368005
0.000616443291865539
0.000755280568321327
0.00066971022888013
0.000775854315786375
0.000698115595565626
0.000801155067589595
0.000778159868199132
0.00072724737183119
0.000792952081503667
0.000708754128698865
0.000814714045238715
0.000736605203480385
0.000732197163897267
0.000863613161247274
0.000682348047262937
0.000772627829643268
0.000692531885641492
0.00060934800090135
0.000595392602403751
0.000677835061255709
0.000751567657032636
0.000645997764078165
0.000737391862170301
0.000678111422607939
0.000690516858758552
0.000662458719125945
0.000730845239525093
0.000762383844161926
0.000600633184013325
0.000844966094191921
0.000540116130614772
0.000678888496718278
0.000677262156548519
0.000685654631178437
0.000786827740602661
0.000645267920983249
0.000700342943841013
0.000775885941374531
0.000662864543496886
0.000775598380332286
0.000704733896367627
0.00065880002491551
0.000650898788635594
0.000789799347547779
0.000719352849661971
0.000762223272021755
0.000751372452264998
0.000641891696994458
0.000698742023967284
0.00072172787564568
0.000670755158487332
0.000712748774362676
0.000700818106517575
0.000617271989689636
0.00077439582358839
0.000730227050241035
0.000729058365145866
0.000810760158240383
0.000735639143833972
0.000710097025135159
0.00067138765567721
0.000730546040289603
0.000607048400954799
0.00072520897984578
0.00077887303347069
0.000820448109985758
0.000772223791423661
0.000748433871794548
0.000752013326147167
0.000803878853984683
0.000581099102220169
0.000679521355224296
0.000631284785584675
0.00064468703990609
0.000689264141648252
0.000753572683041636
0.000747531228976743
0.000706806377949285
0.000767224842066157
0.000710401195968118
0.000783853367905107
0.000847598468907327
0.000617912206512767
0.000651730513635746
0.000730434361160244
0.000719234915229998
0.000829313335392321
0.000672785284650542
0.000635865801697214
0.000728266791520595
0.000666814775854879
0.000848228551319391
0.000620516066608334
0.000709637519209081
0.000778709152501793
0.00076618815575494
0.00086288992123609
0.000794887561341801
0.00067964550201725
0.000727110701863153
0.000714459629867677
0.000578682363703421
0.00077942452455554
0.000706737750930332
0.0008213556348299
0.000680119205905096
0.000782598333251822
0.000655698049325648
0.000699565401775436
0.000802149624641955
0.000667737914721281
0.000782181895551708
0.000686206318700757
0.000682675839701339
0.000802245750521351
0.00094088555370576
0.00069059633828044
0.00070978397992047
0.000744936236418241
0.000729859030154744
0.000830068842567768
0.000764084410415656
0.000717901573774575
0.000706992374371714
0.00079024612700592
0.000876197038941458
0.000813672063993151
0.000719695350247152
0.000787249649176637
0.000733715700451658
0.000618460214834118
0.000702348516245523
0.000752329052800952
0.000727994147995928
0.000688205194880713
0.000650005790515728
0.000778763885905347
0.000742736684675256
0.000672251931887396
0.000961840423088116
0.000805667308700681
0.00071363775508088
0.000931996368914735
0.000685335752503724
0.000689422047735434
0.000810077255531751
0.000915129243225507
0.000773040801759833
0.000699342966661529
0.000748221843776678
0.000802360979241527
0.000665151861153402
0.000796517123724279
0.000697563436639809
0.000780219617953968
0.000929518508828124
0.000673449480032613
0.000781983469146911
0.000685207981407943
0.000673156976578032
0.000712881865095454
0.000730331756677968
0.000797765331420643
0.000617084596070909
0.000690765004828142
0.000675206428936629
0.000644891377984835
0.000789798012530117
0.000689723882169422
0.000812431903199824
0.000701093008318436
0.000687258135714772
0.000733977786476567
0.000750620184752857
0.000730467154880778
0.000667516349817296
0.000702533288747225
0.000676099018927028
0.000790378852060332
0.000693858740260825
0.000659430495323016
0.000582080495067564
0.000724785481745888
0.000664025923761397
0.000780219884096052
0.000730713247845839
0.000789927660282713
0.00071452371558838
0.000793996455523852
0.000730321489517595
0.000667979607112473
0.000618601641893166
0.000694106589283226
0.000666601667187204
0.000772439918239133
0.000818288684985893
0.000851347420867576
0.000704967416439411
0.000884712200077581
0.000742799342483732
0.000795258791502004
0.000604055340586911
0.000720228018030744
0.000622524061771186
0.000704845144741146
0.000811434566342773
0.000883072447178836
0.000780439441704202
0.000826385545446352
0.000848928460253234
0.000646846708211558
0.000666327303767587
0.000679160425729036
0.000809112247243414
0.000870047686701086
0.00057453026320401
0.0007807939765558
0.000776752979799495
0.000805792530918636
0.000702247140787276
0.000838075845021073
0.000893601492964284
0.00084568837412684
0.000959980265664409
0.000739470078116019
0.000866769724173102
0.000645812536464375
0.000678791953043507
0.000698061083179439
0.000827654363499409
0.000734665916750221
0.000907699768180011
0.000730674723695947
0.000698257639204957
0.000878997811827655
0.000746244817719998
0.00079903300383346
0.000732604807983175
0.000638419649829851
0.000691746130061884
0.000682485504383949
0.00078433555280207
0.000687840602994437
0.000758923433262569
0.00095874742146094
0.000661385772106019
0.000877388020093021
0.00062065194057215
0.000650485647295878
0.000703235846537687
0.000809260897397553
0.000706759101502165
0.000800451877727265
0.00064093870351099
0.000604976427064414
0.000811302744398653
0.000821151800053312
0.000720549851837874
0.000724338356859647
0.000614536568475469
0.000667889076601447
0.000741831944494425
0.000727356509148601
0.000777886832634492
0.000798950990480322
0.000777884804795822
0.000796271087283119
0.000705264434938936
0.000605578418771167
0.000695145526072676
0.00063427579625525
0.00080263096223505
0.000757082308533569
0.000746819517411456
0.000807717345249194
0.000708964187551603
0.000773299126894212
0.000779392581256536
0.000678889900961478
0.000748610387932806
0.000654856242024929
0.0006137785633805
0.000872786661011964
0.000692945749463637
0.000702164928476681
0.000792983744187592
0.00067549360399787
0.000706044217622478
0.000734699724230461
0.000769974148393801
0.00078900888441379
0.000774697326552252
0.000556414974900068
0.000841595649676795
0.000817575882826112
0.000731992109394325
0.000809283471998753
0.000843635775141041
0.000797797450618952
0.000681258106587505
0.000880784564803883
0.000743245089226249
0.000749558408693993
0.000904532264117733
0.00070764742668061
0.000731390190892166
0.000887601282531878
0.000662817736969905
0.000765161588175467
0.000792001213676286
0.000723611097411566
0.000822296237014397
0.000736226556960515
0.000686553631495995
0.00077137536995308
0.000768012744763531
0.000885792456117378
0.000719272254566681
0.000725385039010094
0.000729524767952912
0.000772868592773935
0.000841022887179838
0.000727676015364981
0.000761378742646386
0.000671659584105601
0.000672230770231461
0.000695511346409322
0.000922258351201022
0.000638781755741369
0.000729613802648059
0.000775529609164016
0.000776578139725849
0.00083815103784779
0.000917892241783897
0.000778727215191276
0.000946076797195488
0.000795277535227294
0.000698349195495086
0.000747878375122953
0.000735618438234372
0.000736304078416368
0.000672343378282454
0.000783188287572286
0.000712251604566769
0.00080377124664826
0.000650755677357965
0.000751753563432248
0.000643980838302808
0.000677314181958117
0.000769781336904033
0.000687096600240136
0.000836850948544695
0.000789757884017863
0.000689144763581955
0.000695493239993698
0.000736395270027327
0.000707382838781789
0.000711333127136814
0.0007144243809847
0.000673688987810257
0.000895960768996829
0.000781288679467116
0.000724479943919633
0.000884221213055181
0.000829513388211661
0.000766410641705599
0.000688276412953275
0.000617412780312769
0.000700655079210457
0.000769374071125352
0.000788360153271982
0.000697994895654594
0.000748471512364621
0.000723437390165832
0.000834191323910841
0.000805880188162774
0.000641726438427905
0.000673177843284113
0.000902068540632706
0.000942445456268455
0.000858493648578001
0.000756746911578132
0.000774581988165835
0.000767816804542986
0.000719884374715602
0.000774741490801532
0.000795000168816399
0.000792850707261298
0.000788128268159074
0.000681125423741054
0.000835664195140353
0.00079077233963082
0.000784214400703006
0.000721769024933949
0.000787590326137631
0.000691504426528098
0.000769086879204604
0.000671616604572979
0.000981377132492115
0.000773751603393378
0.00090604979263809
0.000763817606658245
0.000735056920422801
0.00073304202093301
0.000645186466148828
0.000632823787337407
0.000800065563975743
0.000644707414901033
0.00073984104049031
0.000771071539607972
0.000784685572104954
0.000700422000188459
0.000594704919334621
0.00064054075133279
0.000781825785633373
0.000747849208779714
0.000709717178679217
0.000814332535648548
0.000734392027877599
0.000725870286239332
0.000677035345616622
0.000749571103644532
0.000721769193373644
0.000783764313730713
0.000606072658962998
0.000684078485238383
0.000760382474574514
0.000859302558015609
0.00069060266503508
0.00072891032565221
0.000942446986676899
0.000746626786332459
0.000737286997022853
0.000717705710962884
0.0006822460397223
0.000640902695495039
0.000724903946107371
0.000656800530658411
0.000723488397071572
0.000751537088164451
0.000674778564008658
0.00072152107870507
0.000646754027365098
0.000661324532150904
0.000792813624885423
0.000891629127520982
0.000820329432716011
0.000818888249662222
0.000696087484946382
0.000740780111400009
0.00103176915656966
0.00077979287198262
0.000863001627603685
0.000786805356771678
0.000962481867723006
0.000947931520332572
0.000839818331461213
0.000764263013052242
0.000684046673440445
0.000629003456759323
0.000722110015565738
0.000708438158968585
0.000669739492591128
0.000800370292197651
0.000835708283088614
0.000716065897736227
0.000788536053946936
0.000631404839381168
0.000733773182275906
0.00087957685549745
0.000629150934299381
0.00070784284983166
0.000729815366219259
0.000719800500854909
0.000738408308160678
0.000682655844771733
0.000638716989043864
0.000749922022732003
0.000733160418910337
0.000661517217337895
0.000741934011510754
0.000761841136440628
0.000860639653384272
0.000821523328843553
0.000707984004575691
0.000621205639717695
0.000746343876265847
0.000741304459821527
0.00070644652942697
0.000938108682361251
0.000945959502175232
0.000975917419277296
0.000857749057011812
0.000800472094937561
0.000781788431684979
0.000708003314642298
0.000734908983759372
0.000791273138899118
0.000762171684936488
0.000796182909695109
0.000782053830888262
0.000732975399344379
0.000709996498450272
0.000738844830346689
0.000991320576671213
0
0.000666865517910486
0.000661018633867571
0.000715024722896942
0.000842907162396493
0.000815634423443955
0.000842804580596462
0.000688990935734549
0.000727562999471438
0.000830643283469983
0.000685715524837567
0.0010396304578868
0.000666632215204329
0.000847152578162667
0.000768976237519938
0.000594055299992904
0.000688533032014084
0.00073722099463107
0.00076335741733113
0.000639570794818487
0.000652603313501854
0.000773756056382289
0.000695754716393745
0.000753711337879322
0.000740760216871731
0.000726730502101826
0.000835583636127478
0.000740417684217405
0.000893461852498702
0.00066937381013287
0.000731240902828563
0.00097517729989149
0.000725713600716187
0.000683694127395422
0.000712008914658556
0.000843396945092165
0.000663775356550301
0.000761199694436136
0.000749723797823388
0.000830380071207182
0.000731772564037697
0.000741938007412932
0.000662316476434853
0.000677105927625839
0.000788851243731931
0.000695087119099125
0.000820391775271517
0.000651938806566932
0.000697087105593102
0.000786829553496551
0.000747330084619971
0.000669707653683992
0.000769266010786829
0.000659448006886232
0.000683228558099441
0.000772888746065752
0.000727831908971857
0.000726833455466036
0.000697853166182431
0.000712453033734883
0.000813802350467714
0.000733685364000914
0.000790898910501793
0.000634021679130214
0.000686029573429711
0.000924511534891092
0.00067375337437281
0.000800448516985672
0.000698444790950523
0.00120321000216996
0.000719314579191846
0.000867711377251656
0.00075143502226193
0.000746762907361352
0.000788968893314866
0.000859771901865031
0.000777078504655993
0.000715061518911813
0.000795331755082074
0.000888518210948872
0.000796561732869666
0.000734073646756941
0.00096958956489098
0.000862665692597205
0.000775003119641036
0.000871632410714932
0.000797290612161568
0.000779782687721321
0.000906144802336227
0.000906816789518843
0.00105501812369692
0.000726006836411049
0.000766752003268772
0.000710933283666932
0.000721954096879724
0.000768362040527252
0.000681025844047711
0.000717768013991551
0.000820703304077575
0.000697321472611764
0.000739440096652984
0.000694520478150902
0.000799671053641696
0.000632852174966371
0.00091533783469336
0.000731998674341895
0.000677104828902765
0.000705915512144772
0.000805940982364684
0.000878108090955605
0.000706388829136911
0.000715935967796819
0.000738200887576869
0.000809562418068281
0.000720744237436778
0.000618018265936323
0.000661626992334572
0.000679097515555609
0.000661125608110933
0.000793747641464445
0.000854052499724525
0.00079139221614164
0.000809086073245507
0.000772300051017192
0.000805824547617277
0.000917877519382444
0.000742981101554878
0.000857302891349684
0.00074934270731961
0.000802684781388024
0.000838299868792598
0.000852455422407974
0.000801867670524741
0.00086924848642449
0.000865349143747164
0.000890024865649584
0.000841005924820245
0.000764564647371098
0.00066530368465866
0.000757576535193601
0.000743427957641387
0.000655426393815929
0.000687524473861444
0.000846866052617128
0.00082207260769723
0.000767242047130038
0.000723123618812196
0.000830414545856339
0.000690702188018156
0.000866811469602207
0.000702546696671448
0.00075647860856416
0.000734484470212461
0.000822072196599624
0.000790856297869611
0.0007396026338345
0.000880921668041802
0.000719617309807046
0.000731248573168409
0.000798381759459797
0.00079879904156482
0.00079512649002643
0.000646967484331797
0.000835263912549514
0.000728992968422027
0.000821339301767643
0.000769850278368123
0.000915242796963541
0.000780613851500641
0.000722462877038479
0.000772811357194578
0.00075790264458907
0.000683824329617041
0.000822530011271406
0.000748256397984494
0.000701655598331923
0.000739063281570864
0.000648412148172629
0.000851942017372375
0.000794429331869707
0.000723853135262482
0.000789072020286507
0.00074295873217216
0.000810678969166717
0.000879008853968515
0.00081282436052063
0.00077909591204802
0.000672085122619373
0.000678349577575008
0.00071533716521621
0.00110487088643538
0.0010961307232382
0.000710023474318931
0.000906668337047526
0.000689023601524456
0.000711357755169508
0.000717177334033958
0.000720124267182793
0.000692769971250214
0.000750122551327992
0.000825897642802157
0.000819146834960117
0.000879940840774276
0.000610323976588973
0.000978169229260576
0.000967411682367018
0.000815030476069748
0.000691110479325061
0.000720773138030581
0.000735635725435296
0.00072239566732266
0.000815048887705745
0.00065513307626026
0.000762230213680536
0.000777814473021182
0.000821868353604426
0.000822714529700652
0.00080191610043327
0.000693970871920218
0.000765449474985991
0.000644454200557292
0.000693682965409463
0.000879553055606392
0.000702646635710509
0.000777501888081772
0.00080281649675639
0.000761784258822291
0.000702889616136353
0.000673919796344393
0.00100454164346051
0.000884121160747646
0.00082760237790402
0.000630267785426659
0.000732210098358731
0.000643880952935856
0.000772800606985301
0.000954605181300363
0.000754023095777734
0.000682461086065026
0.000692958420298518
0.000676354774405931
0.000735574760132544
0.000770647225024923
0.000722923418205812
0.000693948999899758
0.000669494381764145
0.000698320969796655
0.000699243680817551
0.000819623639086151
0.000673371969806438
0.000747693751616181
0.000754822190033416
0.000747059788389019
0.000665100497707676
0.000812216015356344
0.000630222471638609
0.000865822158823642
0.000658368032126755
0.000747703703233955
0.000779757266650642
0.000685507914025754
0.000667840691480397
0.000732091831203582
0.000794653254606033
0.000784672180112272
0.000806866621100179
0.000791533075460127
0.000708794651356239
0.000778239890125101
0.00076821568186023
0.000810981099486737
0.000772741042235868
0.000693545658836187
0.000764099050642963
0.000778955381062874
0.000903161366744139
0.000895574940549286
0.000789950062012503
0.000846968682070415
0.000687918280798321
0.000851430051189993
0.000668699642378851
0.000823001027313432
0.0007582155743271
0.000911609281178755
0.000770043969610465
0.000725011984010628
0.000685714293602022
0.000728079151554424
0.000753844846549328
0.000759649610905191
0.000714686479425268
0.000686170434135748
0.000759714718851352
0.00089858042055671
0.000682717585297495
0.00068229398450587
0.000741710911015218
0.000798739257459626
0.000811135967007044
0.00073290027718744
0.000723801932821472
0.000784682372651749
0.000705553380021402
0.000757930506786138
0.00077697688125589
0.000753339886694293
0.000678919998969934
0.000690039874078003
0.000815769760644458
0.000869104020043352
0.000824069440170291
0.000692745124162999
0.000546350106536517
0.000761178187199109
0.000824478009549749
0.000849022740641376
0.000663061723653053
0.000809976944089265
0.000795104976006337
0.000696645326763439
0.00084804898844346
0.000753433492882
0.000881789305562312
0.000848210975252889
0.000786272976893713
0.000724467740750317
0.000712659394505265
0.000786568909783834
0.000714514354403566
0.000804613199884982
0.000721693300019195
0.000733756729769737
0.000870492579527054
0.000817854716443093
0.00073880108457588
0.000714395869671704
0.000746815581572114
0.000726013091245005
0.000716018525127363
0.000726757243251716
0.000878557281875789
0.000782736679635926
0.000684203805206861
0.000662803515647003
0.000870120882038434
0.000705299635385247
0.000735773463418496
0.000752127031767222
0.000652776504226314
0.000785744557133828
0.000749999600240582
0.000841639598129921
0.000759999163649208
0.00103208324203807
0.000812277201769025
0.000698188223180201
0.000709666130434065
0.000799406528008939
0.000775821880984028
0.00087469841482151
0.000805349912843478
0.000970442769066353
0.000886145205402579
0.000914842165701998
0.000729468654633806
0.000748139076068947
0.000836118943232907
0.000841472153738889
0.000684095574863142
0.000745478516417732
0.000853397004073101
0.000774885935481026
0.000749971280970307
0.000867201330951388
0.000747456836718917
0.000767098329342487
0.000801160037824771
0.000784797341649807
0.000810700679928933
0.000729742334647671
0.000725690157045066
0.000806493494328783
0.000606766793857414
0.000732872362338506
0.000782184808976078
0.000886389075365172
0.000797493168157589
0.000985633637524251
0.000961189194734632
0.000698807286154507
0.000911456975683114
0.000782055450241334
0.000774956501666503
0.00086156894045159
0.000788741972128448
0.000907488529836218
0.000824782527125578
0.000786169522069325
0.000759585271679388
0.000694847193583611
0.000750515706808466
0.000743437886652242
0.000763723957885944
0.000723559993576742
0.000823130265529623
0.000817676402816593
0.00082681830163232
0.000749265803761613
0.000938101653075738
0.000849140034576338
0.000840679214451887
0.000725219404218501
0.000942533691929807
0.000787120066118234
0.000921294073155095
0.000851813303642561
0.000812347516471238
0.00099174090756506
0.000739024958998786
0.000726214242350364
0.00082248799369212
0.00081014184647103
0.000887613208482872
0.000788793769562051
0.000829532713888991
0.000785913052046922
0.000817199001123513
0.000817193100417357
0.000839646122247672
0.000746194526536033
0.000762179611665361
0.000770904792320323
0.000888469404452997
0.000883761951596653
0.000773983909465967
0.000808601528819151
0.000897868797306632
0.000756903962474368
0.000734079865669742
0.000841997534565257
0.0010067569178594
0.000721919262642812
0.000821716429589897
0.00112895677210506
0.000729282363461473
0.000712195815900052
0.000664687467574964
0.00092278244912963
0.000908953042780118
0.000800861187153537
0.00081463583455205
0.000847723150451289
0.000949355900556782
0.000883710766021272
0.000888101168479984
0.000910779206817733
0.000849386596311311
0.000950233127225359
0.000758457751108474
0.00090145692905163
0.000877674889731414
0.000789214080477617
0.000868601552168759
0.000935028539822108
0.000796950363122658
0.000876933680472764
0.000803787658229322
0.000816128348609239
0.000973575634156359
0.000840356862402265
0.00083549553730041
0.000854475544774106
0.000804835773170681
0.000841235738717729
0.000854706460000914
0.000835404252588744
0.000800526462595944
0.000832623057975172
0.000845490506602444
0.000777496757830501
0.000862399349552386
0.000799007608030272
0.000842388265616454
0.000778453620950539
0.00092353223723445
0.000840167308143427
0.000752384232681509
0.000861473496732388
0.000774604259709304
0.000696244854473182
0.00102328530627484
0.000819700244368343
0.000978834211932328
0.000754667836912392
0.000721522606288072
0.000811848441939842
0.000955954064697216
0.000907409723947399
0.000902458688643192
0.000819691941314168
0.00087380200671057
0.000872057329463238
0.000837266082595992
0.000867639349964834
0.000878854526831866
0.000947641882402309
0.000895292694675672
0.000785976214793832
0.000922836499268659
0.00101511718369948
0.000833277995688057
0.000803752960059504
0.000849933981876784
0.000746573182248357
0.00086700376982736
0.00078987065424604
0.000773007379184083
0.00078991077518693
0.000729910040651202
0.000839551741470356
0.000784577480643928
0.000829293067736636
0.000859206719291511
0.000834310377352918
0.00097884930384242
0.000844466568842582
0.000891921881081986
0.00111191225741667
0.000772426163929534
0.00101291209005078
0.0010305639686533
0.000861796656068952
0.000965625596462473
0.000810827469616625
0.0008908793006851
0.000876518060003762
0.000918715693345767
0.000858537641785256
0.000779398495631424
0.000793351171596433
0.000900638659266046
0.000760393793446594
0.000713747539854913
0.00112214136951206
0.000726973546240781
0.00100587577181665
0.000832397070730869
0.000749188576398742
0.000779389139584332
0.000870825902821258
0.000879886981851803
0.00079026119090483
0.000817961050708035
0.000835085562089912
0.00094281812571039
0.000843442076129412
0.000796850807323467
0.000863407729736892
0.00086838702583144
0.000956020123380877
0.000788712241388307
0.000776791954145441
0.000901475335028734
0.000949561686109886
0.000850862048321608
0.000960490787261416
0.000872344698229424
0.00104926087027231
0.000815700312569074
0.00108681673569019
0.000704741945012388
0.00086856848343305
0.00074095848682212
0.000962416817771896
0.000765489325013713
0.000744675843075565
0.000921299959068191
0.000908650810904962
0.000851332668795355
0.00125739162550103
0.000933775733375537
0.000949364216725383
0.000888534505961352
0.000965992877152121
0.000841950837951881
0.000935591925241226
0.000812222944004765
0.000887721122502922
0.000836044660605127
0.000969614718283715
0.000865983776325499
0.000868310519511262
0.000801752359587632
0.000825689984281009
0.000956807991192876
0.000770342038203667
0.000916666223947678
0.000878149023448387
0.000836156014074333
0.000749582059527075
0.000796451365071066
0.00080652339937742
0.00106784742395099
0.000890597818087077
0.000791242074458136
0.000880660922706841
0.000874655982916103
0.000936945903248028
0.000848784922063422
0.000838798678364883
0.000894209852429513
0.000966509016038121
0.00102391356898636
0.000865820786089823
0.000852210036875518
0.00098860487458201
0.0010211934890144
0.000921110446387725
0.000810752672144212
0.00105441604300417
0.000923459833542063
0.000883935500634688
0.000742995777959182
0.000824382774286329
0.000944991107631316
0.000919122300703806
0.00105938297395011
0.00100824571273957
0.000782524788519392
0.000864841894417875
0.00111166879866533
0.000911832625169934
0.00103778158743885
0.000965045316199549
0.000941358916668967
0.000820096579914629
0.00114510531539489
0.000899757965296619
0.000837457620059117
0.00100816184424282
0.000940502996394977
0.00095609275450314
0.000964121428572277
0.000743726972699768
0.00100611266389476
0.000967992889359915
0.000885138057532576
0.000741226321040736
0.000762827913267704
0.000829981415480828
0.000849109982541086
0.00103378134738174
0.000892225566069697
0.000873023207729764
0.00113525475782013
0.000989598333939805
0.000973660025051137
0.000898554064261475
0.00107963120900563
0.00116286222315584
0.000983425579943251
0.000931791440145054
0.00111461710825761
0.00116145358813957
0.0008616081043028
0.00101093084968144
0.000826885979008037
0.000830643235803915
0.000855503244463264
0.000995731725368292
0.000848099242106964
0.000963055822989914
0.000964007876240306
0.000850793093067786
0.000907551423920456
0.000904531470719955
0.000853120673410508
0.00106761423403046
0.000922252100882316
0.000853276878439272
0.000910974245907026
0.000985783938539287
0.00082109253553567
0.000890613646657578
0.00085339275217532
0.000792244986541696
0.000886431103347175
0.000935843599965375
0.000853362366007123
0.000962822142550836
0.000975694399740577
0.00100331675413175
0.000876800287006512
0.00107645480857317
0.0012186538457753
0.000947875668246405
0.000966902046600263
0.00118346879083581
0.000940021967004407
0.000928631276505763
0.000990372900069958
0.000912340005453166
0.000931160695549759
0.000970464763153776
0.000918896086922433
0.000850751224391447
0.000839572333631394
0.000962915617760039
0.000893223526840161
0.000944754840062987
0.000879317064730859
0.00106976247423232
0.0010319311707587
0.00100863492022688
0.000970677922236487
0.000941775822881706
0.00109532043051781
0.00114365480472975
0.000932480554066198
0.000948530503510728
0.000974553096307893
0.000866801147703632
0.000919983896857898
0.00114997011632907
0.00124468018363792
0.00108614736357905
0.00100831488914317
0.00121163523055975
0.00102676431860787
0.00107438778533244
0.00114976177506253
0.00116323673938125
0.000856447127622249
0.000961724035473541
0.00107813851332985
0.00115262836827342
0.00094140132016256
0.00116260355408176
0.000880634693616372
0.00107392805107852
0.00116016339457134
0.00102772422834864
0.00102366401895002
0.000968644239873409
0.000992298718820628
0.00105322644229225
0.00114647057006731
0.0011866616479479
0.00098269839553758
0.00120084344740288
0.00111584964890087
0.00105388306210936
0.00112433800295777
0.0014138420591047
0.0011406303294969
0.00103522944457643
0.00109778504562048
0.00105768638934264
0.0011073186082765
0.0010975246061501
0.00104794401394877
0.00108539817748612
0.0009673626588276
0.00118212317595491
0.00134909267342718
0.00130426240875929
0.0012675031977861
0.000961845229460928
0.00126448129663694
0.0012008443790955
0.00111871417869255
0.00133887987115342
0.00148844216623111
0.00147507569114441
0.00154598952615542
0.00146007348123635
0.00152144149029873
0.00162365544698724
0.00146105693369773
0.00149725030322374
0.00154329431230307
0.00159664540417191
0.00174066916921898
0.000875899007822963
0
0
0
0
0
0
0
0
0
0
0
0
0
0
0
0
0
0
0
0
0
0
0
0
0
0
0
0
0
0
0
0
0
0
0
0
0
0
0
0
0
0
0
0
0
0
0
0
0
0
0
0
0
0
0
0
0
0
0
0
0
0
0
0
0
0
0
0
0
0
0
0
0
0
0
0
0
0
0
0
0
0
0
0
0
0
0
0
0
0
0
0
0
0
0
0
0
0
0
0
0
0
0
0
0
0
0
0
0
0
0
0
0
0
0
0
0
0
