0
0
0
0
0
0
0
0.000923041924134438
0.000842678413625289
0.000488351336409083
0.000376161125713148
0.000307126326221798
2.66159253275453E-05
0.00019689906635658
0.000216805014893268
0.00024045577297735
0.00021213077857173
0.000167463397724844
0.000124072905503848
0.000130316135612486
8.10273684260646E-05
4.36485121445956E-05
-1.48859988421292E-05
4.71187333888695E-05
0.000106439284102118
8.41698932622038E-05
7.39170104474252E-05
5.80924333886639E-05
6.83856626378879E-05
7.87746798951893E-05
1.55948835893581E-05
2.44671860208273E-05
4.28753566013334E-05
-5.13644219956342E-06
-8.62887122376932E-05
-9.89940246104014E-05
-9.54901357376968E-05
-8.87019484008116E-05
-0.000110486647499792
-0.000158920248229572
-0.000182355008709849
-0.000119673391957707
-0.000136679532239692
-0.000116126855917437
-9.88187954794295E-05
-0.000124530044331584
-0.000156346635953768
-0.000103106680854611
-8.97329694906429E-05
-6.77585467152092E-05
-8.86661979759916E-05
-8.19684959824244E-05
-0.000146063414987875
-5.05713666948083E-05
-5.64684294982503E-05
-6.36607573471781E-05
-4.87808150784418E-05
-5.41103720133651E-05
-0.000199489712426717
-0.000226562840514039
-0.000249590954693615
-0.000314080974749697
-0.000321838944292297
-0.000364265935484871
-0.000396829802639617
-0.00026362438244871
-0.000207416506865481
-0.000213117792911214
-0.000178966659166105
-0.000184288403352179
-0.000163231148333475
-0.00013127859572779
-0.00011150770089186
-7.37623019751584E-05
-8.03252933522837E-05
-8.12518329152505E-05
-8.93258634656188E-05
-7.79145894916297E-05
-9.53003473812729E-05
-0.000164226410348042
-0.000128918019477152
-9.16701179251626E-05
-0.000100368858862721
-0.000115828015412602
-7.042255170464E-05
-2.89338190708734E-05
-6.90508109420841E-06
-5.05926740681118E-05
-8.10079378786059E-05
-4.64699345198101E-05
-7.12281483551496E-05
-9.65303902312655E-05
-0.000138794040123026
-0.000127595523690049
-0.000132783167266308
-0.000100310666503893
-8.75483395485702E-05
-9.07120339894253E-05
-9.08772502040101E-05
-0.000103731423755129
-0.000100023390514348
-7.29541804050185E-05
-0.000113291399385708
-0.000125138077091119
-7.54703833648283E-05
2.44208795547599E-05
2.35080231761434E-05
-3.9910584288332E-05
-6.21893645100858E-05
-8.44852109973681E-05
-5.11781370404624E-05
-7.69591631364267E-05
-0.000194109282043787
-0.000224151557949544
-0.000125008415422174
-0.000159870055982947
-0.000132553202760449
-0.00018739069723076
-0.00016628632659854
-0.000156499431528308
-0.000212040142472613
-0.000225665114886225
-0.000257444504788242
-0.000233448814593306
-0.000201861742998656
-9.65729038310147E-05
-0.000126717761933753
-2.02449764223891E-05
-4.01561620550493E-05
9.02723812046671E-06
9.99450480261078E-06
-2.67368231243623E-05
-0.000108071316564733
-0.000108599639584718
-9.52153907653312E-05
-6.93401551829938E-05
-5.77174730869819E-05
-9.05806940376019E-05
-0.000103939541306064
-9.91594386070879E-05
-7.35122113255469E-05
-0.000110241288161251
-0.00014507766196818
-9.55933737214923E-05
-5.53616481804193E-05
-2.9647304584283E-05
-3.77574302838072E-05
-6.67641798164308E-05
-6.88238418821752E-05
-5.48882159885239E-05
-9.46570165528284E-05
-0.000133352679095294
-0.000104979867458342
-0.000125998565915447
-9.08481501033201E-05
-9.75868172995046E-05
-9.96313909081122E-05
-8.58252551566799E-05
-8.48853394930225E-05
-8.87681919026347E-05
-1.47755182309489E-05
2.55522603048595E-05
4.69916690051981E-05
5.89851197683204E-05
3.87340420753865E-05
5.01646770873424E-05
1.8893641767262E-05
-5.16653082986716E-05
-7.96241522970341E-05
-6.87949457932183E-05
-6.34125963186569E-05
-0.000102975681892669
-0.000114050424572554
-8.98982195665472E-05
-8.75668119733277E-05
-0.000126198993944421
-0.000153557786096453
-0.000177315722240996
-6.98489426662015E-05
-8.63598493851701E-06
-2.26727343748509E-05
-3.96168952861247E-05
-9.04765134629476E-05
-1.7729550731733E-05
-1.05269115674787E-05
-6.73528740162534E-05
-0.000119404181957426
-0.000137946269064411
-0.000119899472887849
-8.21146232006383E-05
-8.85777644237149E-05
-6.99736044261747E-05
-7.47418895138858E-05
-7.51563307928285E-05
1.05459442344097E-05
4.51401709756411E-05
9.4427832215492E-05
1.09619213876675E-06
1.22239754990694E-05
2.126486901005E-06
1.04058909079295E-05
-5.79047106297736E-05
-6.22886933544622E-05
-6.49567021259309E-05
7.18700533792219E-06
-1.11638455392859E-05
-3.07732894195927E-05
-4.10669271975575E-05
-2.06213396300168E-05
-4.30417632844263E-05
-8.67081199465201E-05
-9.20174265389018E-05
-0.000114379028952544
-5.34466761743347E-05
-4.0901605655452E-05
-7.58798782157264E-05
-8.12267271145645E-05
1.06019872312949E-05
-8.77938364396007E-06
6.93699035395701E-05
5.62241076523601E-05
5.89718467862304E-05
9.61875125190045E-05
6.51191419894167E-05
5.42994209165907E-05
0.000128005130954917
0.000114280211026195
0.000134501997523978
0.000112225489894676
0.00011154228972709
0.000174082092171518
9.77590527895051E-05
-3.41400869182779E-06
-3.30133703150401E-05
-7.00833572718327E-05
-3.5423382873629E-05
-5.01136169174691E-05
-8.62126869035934E-05
-4.85849455022271E-05
2.82396108789783E-06
-5.93631367205523E-06
-1.0723867582563E-05
-8.58043587102943E-06
1.14247676053826E-05
-5.00207819658194E-05
-7.66572968142222E-05
-5.95638920979335E-05
-1.06683267098191E-05
5.59673756864488E-06
-9.94219967172671E-06
-4.87584203888524E-05
-8.33268346315646E-06
3.76736749568051E-05
2.71493091238925E-05
-3.61339123002459E-05
-4.83990110158706E-05
-2.5393137166851E-05
-1.66126379375384E-05
9.60355672577531E-06
-2.47243156279226E-05
-1.53337448425668E-05
1.28164538998597E-05
2.07896427241486E-05
1.68615407385447E-05
4.64271085910034E-05
0.000100524112933555
0.000136462915637586
9.37107625390632E-05
0.000121181951194448
5.63403694477399E-05
3.61122341622749E-07
1.7928523918951E-05
5.53794965648811E-06
-2.10762841652202E-05
-1.08341434834206E-05
-6.11968166336568E-05
-3.12972901866331E-05
2.23533328852225E-05
-1.96548054720623E-05
-5.45126946782868E-05
-6.78401434930018E-05
-8.25734068695302E-05
-6.00623127299117E-05
-0.000109785660508032
-0.000105300344142124
-8.27642305280529E-05
-8.91804180678964E-05
-0.000104092108753862
-0.000104388398138297
-0.000112912790847336
-1.29782443173767E-05
-6.56432537725489E-05
-0.000123074053745413
-0.000111891031484577
-0.000115146383261618
-4.50983767268277E-05
-1.0576681444583E-05
-4.49155494499236E-05
-1.75044528225023E-06
4.37982240565618E-05
1.18990517259858E-05
5.15346453367824E-05
8.42914735910946E-06
-5.59311646745083E-05
-6.74164899603164E-05
-8.09028902616739E-05
-0.000163524225964126
-0.000151926465894692
-0.000155374408452951
-0.000138581991834871
-0.000111678889755341
-9.25078379317435E-05
-0.000100669992740476
-3.89144202222862E-05
-3.31560697845812E-05
-2.81493748186227E-05
-8.1945356116812E-05
-0.000100163654052232
-0.000136388272374808
-0.000122840344592299
-0.000161639309796478
-0.000127967530749461
-0.000115825239415881
-9.74839798036579E-05
-0.000162781144777559
-0.000106108357388144
-0.000195645376623828
-0.000112434462957099
-0.000122491329491294
-0.000142822702991107
-0.00013158388518517
-3.59092584984136E-05
-7.06506437472579E-05
1.72182526607937E-06
-2.74945493333213E-05
-1.40759619451345E-05
-0.000102800695718235
-9.93530643130323E-05
-7.86812624051872E-05
-8.26638044763749E-05
-8.1168159572812E-05
-0.000113687604634036
-0.000165917920424169
-8.030860282376E-05
-5.84332856157218E-05
-0.000118436872850004
-7.04578346029638E-05
-5.74502795432473E-05
3.39719442749359E-06
5.02430650351179E-05
2.48838834894534E-05
-4.77176161030541E-06
5.24649015769288E-05
3.58300312482269E-05
2.98964386565036E-05
-2.91794951016675E-05
-5.91199666703271E-05
-3.64972158883986E-05
-8.74144182824887E-05
-0.000105100053258292
-0.000145418127346422
-0.000205135036422626
-0.000175389421706674
-0.000143365344377012
-0.00015739311919889
-0.000167097002763043
-0.000192705687802941
-0.000154661724738884
-7.41065734687948E-05
-2.96742650548189E-05
-8.48709543429516E-05
-0.000132391728462533
-6.99793140427862E-05
-0.000104722876354475
-0.000123981981733682
-0.00015603835944813
-0.000175605902918413
-0.000177955313615792
-0.000122996447518905
-0.000195134684537566
-0.000172170159396865
-0.000154000204941582
-0.000155979950586193
-0.000199046499176571
-0.000169602566764059
-0.000158310916866877
-9.56204114873253E-05
-0.000105685602044605
-0.000101647424885717
-7.35315189813772E-05
-6.01853510263953E-05
-4.91075390833496E-05
-6.65438152045448E-05
-3.9196397537574E-05
-3.82278909932935E-05
-5.70229174894456E-05
-7.82806432523321E-05
7.99800834178631E-06
3.00293839673819E-05
6.01982669946954E-05
3.08822687102511E-05
5.84425124601108E-05
5.99271498268615E-05
2.58854947644482E-05
-4.88082896786539E-05
-8.04623965743204E-05
-6.54979563444131E-05
-2.47101064570238E-05
-7.53237664690916E-06
8.11453185805991E-06
4.66648227153515E-05
1.71729346806288E-05
4.05398729152856E-05
-3.45318575526894E-07
-3.6527153944814E-05
-5.76996032306023E-05
-7.6349399988092E-05
-7.55186463488346E-05
-4.32753046659229E-05
-7.84310099096472E-05
-9.37979464450886E-05
-0.000105211687227888
-6.52323411713557E-05
-8.01711560142844E-05
-6.86313565494481E-05
-5.11348462594238E-05
-6.58077393610957E-05
-4.05870704542414E-05
-2.62725226966428E-05
-4.91933678587896E-05
-2.71615005942189E-05
-3.45616449204096E-05
-9.04217007325229E-05
-6.66287828682459E-05
-7.45535048539517E-05
-6.56699201375123E-05
-5.15719958183398E-05
-1.02237632337788E-05
-4.27314059500994E-05
1.10999891906967E-05
1.44980068039553E-05
2.60369939046937E-05
5.04681214687319E-05
1.43778391588588E-05
-3.48234646293116E-05
-4.5791873225431E-06
1.28022490560375E-05
1.5817446870345E-05
-5.2271498773415E-06
-7.50672241930292E-05
-1.32493869381822E-05
-4.03813794535888E-05
6.15264165810715E-05
7.17462546025495E-05
7.42810417794021E-05
8.35552706282722E-05
0.000154017843863682
0.000152273839089938
0.000146367064729117
8.28476101047229E-05
3.02738423668046E-05
5.23255757049966E-05
5.71069875751121E-05
2.46430849880221E-05
-5.31884263305158E-05
1.90676685497112E-05
-9.35301324408014E-06
3.10392688408117E-05
-1.04721692011018E-05
-3.63258722483793E-05
-4.53234380561421E-05
-1.83485408919059E-06
-1.21478298898226E-05
-2.88400307561289E-05
-4.14410400623263E-05
-5.81066092802557E-05
-1.97980224234177E-05
1.64225154857799E-05
-5.25448873085695E-06
-1.6072589188563E-05
8.51602384937826E-06
-2.18047529404602E-05
1.13879223343032E-05
-1.4536704406492E-05
-1.6260386982571E-05
2.56206998194084E-07
2.07377498374156E-06
-2.31285413169875E-05
-1.78166425826908E-05
-2.77853430402111E-05
4.20905080283735E-05
1.60815251448168E-05
6.19821539274002E-05
2.95387711718377E-05
6.6136881594981E-05
4.58153903113013E-05
5.79851689561837E-05
-7.78021026741909E-06
1.65722187278773E-06
-6.29154150879343E-05
-2.46017833383023E-05
-3.8866297422157E-05
-6.96956647953257E-06
4.77547642312155E-06
3.36037819381364E-05
6.78887782987106E-05
6.91264085556779E-05
5.76508287990198E-05
5.36827488293922E-05
4.90855362360634E-05
2.00754159641257E-05
1.60307046103767E-05
-6.66936898656466E-06
-2.51435845207285E-05
-3.58663972295253E-05
-5.08439462687484E-05
-6.13110278675581E-05
-9.07178791505102E-06
3.9289042956105E-05
5.28443334128068E-06
9.30418252688658E-06
3.006384171422E-05
2.19941559675611E-05
-7.82185179007451E-07
-7.1089867889963E-05
-0.000167445982652316
-0.000146910398678446
-0.000125414008998066
-0.00010684668484311
-9.05739998116969E-05
-2.65477566099327E-05
-5.00764763209157E-05
-3.6332056382197E-05
-5.6817972480277E-05
-8.43318773710479E-05
-9.31790339926055E-05
-6.2742044516029E-05
-8.74667306861449E-05
-2.98453797419215E-05
-1.60239264800703E-05
4.79007193389893E-05
5.06819295190753E-05
3.85671330440435E-05
-5.04002559260284E-05
-8.12433661299817E-05
-8.18051442600242E-05
-8.16262649063319E-05
-9.27042965852055E-05
-5.18171643062888E-05
-3.45839997191914E-05
1.89362299256694E-05
6.81365018245307E-05
2.80733989336308E-05
5.85668639299353E-05
3.65820955802124E-05
2.1442152383819E-05
-1.47529677031273E-05
-1.41678602294361E-05
-5.71724807377756E-05
2.40923211963175E-05
7.06673137149523E-06
2.35055455715666E-05
1.13533263580914E-05
3.748474355296E-05
7.5566033365973E-06
0.000105068220326241
6.72412945969629E-05
8.08108765474431E-05
7.83804199632376E-05
0.000115229759911153
8.88897164723497E-05
7.9702213975863E-05
-1.53347753008577E-05
-1.29434686382632E-05
2.38340174730771E-05
1.76231283776262E-05
-2.39103917491445E-05
-1.84009239871785E-05
5.06128818175428E-05
8.33733798562534E-05
7.27509310793999E-05
-1.99179252205222E-05
-1.40083939095034E-05
3.07863088159189E-05
7.19389927174992E-05
-1.33495423798888E-06
-2.43740600339212E-05
-2.67090648943926E-05
-1.2453207746187E-05
-5.0821984159938E-05
-8.03508722519224E-05
-9.11617870924898E-05
-4.2200817978575E-05
-3.85348041156736E-05
-2.85897626899344E-05
1.03496676928624E-05
8.93440095773407E-06
-3.88704432893951E-05
-4.35057618615457E-05
-6.73332647596085E-05
-5.2200303100585E-05
-6.69627841870987E-05
-9.34458769301332E-05
-0.000129922146422981
-7.07799588294249E-05
-9.56958512843954E-05
-8.74326894365658E-05
-0.000111602816140352
-0.000123016640736108
-0.000137494418052328
-9.71097487451526E-05
-9.00043010026561E-05
-7.93083659259765E-05
-6.60761523060612E-05
-6.29378134658771E-05
-2.67368847044011E-05
5.09849239756486E-06
4.72725724731833E-05
4.74073984533522E-05
4.13548205175412E-05
-5.70670691068513E-06
3.13450684938179E-05
-6.87345422846402E-06
-9.03215551999619E-06
-3.31605829135873E-05
-1.07660268067103E-05
-5.27382397602277E-06
1.80140859557248E-05
-1.39939607709468E-05
1.63748038949243E-05
1.63851055241881E-05
2.54515225984999E-05
-1.45626559094152E-05
8.37243291197312E-06
7.69429638448289E-06
-1.6002984805203E-05
-2.98819351339349E-05
-3.82568123017483E-05
-4.4295868805744E-05
-4.603933388689E-05
-9.57281481869251E-05
-9.84734219114569E-05
-6.71795417604938E-05
-5.04352164585653E-05
-5.80060245795296E-05
-4.64135329949939E-05
-2.10270000676793E-05
1.93030033358425E-05
4.6500183071764E-05
3.09065203004542E-05
5.05148917996277E-06
4.89962072607193E-06
-5.11793088731288E-05
-6.76675175272783E-05
-9.16133859934627E-05
-0.000119100050621918
-0.000102577408902028
-7.65134079888272E-05
-5.34347606787266E-05
1.81715936077082E-05
2.39892737014158E-05
7.46078261238854E-05
0.000117084348881564
7.48582646785771E-05
5.67453236851753E-05
3.02238839786571E-05
-2.53646699971381E-06
-2.79528157757974E-05
-9.09682737191618E-05
-0.000122674011882509
-0.000101800482847506
-0.000100745303382729
-8.00411582182256E-05
-5.53187970929981E-05
-3.48074711838099E-05
-2.27291965476546E-05
-2.65333936489259E-05
-7.6969320822318E-06
-1.54043842921517E-05
-1.51070576772435E-05
-3.34987942753996E-05
-2.86886509976783E-05
1.44286214242707E-05
1.12559672040623E-05
-2.10367326103414E-05
2.64135911568041E-06
-6.14225866235772E-06
-6.35901257525276E-06
-2.07730340316314E-05
-3.94541745899638E-05
-1.67432010981788E-05
-3.6465094580337E-06
-2.7330010952707E-05
1.88290199370708E-05
2.37228319292377E-05
3.0529023923956E-05
-3.36361307078825E-05
-3.68833503597216E-05
7.80018822685886E-05
0.000111359587828105
3.62774296991412E-05
3.89986332898459E-05
6.69685558471455E-05
0.000107728288755904
0.000110505995334488
2.64373644311259E-05
-5.68944937089993E-06
9.57229511970155E-07
-2.27410238880061E-05
-7.12231919202161E-05
-8.82178253853607E-05
-9.60372355701394E-05
-8.33580137939765E-05
-8.90346861880586E-05
-3.61160314619308E-05
-3.53315026541591E-05
-9.15988173732742E-06
3.97310281155315E-05
6.1282811756241E-05
1.89567613364745E-05
6.56926976711525E-05
-1.3649739251867E-05
-9.42492673545033E-06
-3.65594956892406E-05
1.25265755214696E-05
2.83408468739067E-06
1.15923030171927E-05
-5.12549885803237E-06
7.0421057978526E-05
0.000101770048386497
0.000131584082620226
3.25945104892844E-05
2.99449802017726E-05
3.03231819540038E-05
4.02040867061014E-05
2.49777730083944E-05
-2.77324732407075E-06
-3.20028749421736E-05
-1.29003490303095E-05
-1.68160851959947E-05
1.2973463732197E-05
-1.00046458747084E-05
-2.2272584070402E-05
-2.69072479068967E-05
5.0530253691557E-06
2.5563848307471E-05
1.95559561934421E-05
-2.11698455776975E-05
-1.51214169368929E-05
-2.53838988147562E-05
-1.63611828542739E-05
-3.63428775539167E-05
-4.67238737906185E-05
-2.6248738064397E-05
-1.85111030097369E-05
2.28075346273835E-05
1.30854495315105E-05
9.29911856079149E-06
3.88933090134033E-05
6.13125107131298E-05
4.03445336505024E-05
5.71063978686782E-05
8.64610397491578E-06
2.69583078324311E-05
9.51640393852435E-06
1.77285027845475E-05
2.10754391908087E-05
6.17520229441911E-06
-7.76205226100462E-06
-8.30420105926794E-07
2.14481713304776E-05
5.09658059456206E-05
-6.08702519690515E-06
-6.8469249077868E-05
-5.70299776792387E-05
-3.73690426757632E-05
-7.87578154205875E-05
-0.000124831564149012
-0.000145557294431706
-0.000112190187870077
-6.87259789162176E-05
-4.94341758225537E-05
-6.92010038651984E-05
-4.30938254380996E-05
-2.42695188670816E-05
6.77220367419898E-06
-1.09736423142499E-05
-1.23002892238782E-05
-3.03849197211845E-05
-2.04478924684305E-05
-2.16624075422711E-05
-1.80219568209805E-05
-5.17364035505576E-06
-2.10053586969664E-06
3.81149217333835E-05
7.54522435867822E-05
7.51836694103308E-05
7.26908267813558E-05
8.12429734657006E-05
5.94030428724268E-05
7.09201652216355E-05
-4.23508991504185E-06
-3.41917313229588E-05
-4.17005908529936E-05
-1.27779218588E-05
-1.49259140093167E-05
-4.4664413208629E-05
-5.09975136000443E-05
4.85139217851139E-06
-1.98190241102036E-05
1.1843306951335E-05
2.03195291526866E-05
3.36689352785551E-05
8.38323117543125E-05
3.85245541512771E-05
-5.25900798152905E-06
-2.33690279654922E-06
-4.48276171189348E-05
-9.55592506448182E-05
-0.000144307031494271
-0.000154113814960513
-7.01382933978028E-05
-7.04089489576094E-05
-2.06050472283649E-05
-9.71305005068109E-07
4.87452018480946E-05
8.81807629521081E-05
9.43068470371178E-05
1.68262313621305E-05
1.17042135975973E-06
-4.45611428228827E-05
-5.65879081452786E-05
-5.23066268214866E-05
-3.17654679831829E-05
-5.36241063132896E-05
-9.03317608660425E-06
4.80535918419485E-05
8.42207247994273E-05
9.26020750903235E-05
5.0012282870221E-05
1.77291324181993E-05
1.62137706036953E-05
4.19245990754854E-06
-1.24775611577821E-05
7.03042521482216E-07
-3.9482100415051E-05
-1.38647911086703E-05
-3.43847791861066E-06
-7.04700224424714E-06
9.68998698144335E-06
-3.22261608747454E-05
-3.49823300187658E-05
1.10228988899064E-05
9.40491313938348E-06
-2.18341376227243E-05
-8.40270525567396E-06
3.97513690275309E-06
2.48913484668962E-05
-3.48017679367538E-05
-1.46266079907126E-05
-2.48653988112455E-05
-2.8319361942271E-05
-5.94321863814294E-05
-4.88078078034517E-05
-3.92144769293491E-07
5.69922168553768E-05
2.77778437997393E-05
1.70998687388573E-05
4.532308792909E-05
7.37831880193211E-05
6.94187348562284E-05
-5.54661916350764E-07
-5.97612203506979E-05
-6.71669598925677E-05
-4.70727136453965E-05
-1.73959447227703E-05
-4.58498158588455E-05
-6.28865958041311E-05
-2.53103813507206E-05
1.38844313641648E-05
4.13407448637181E-05
1.69955437222166E-05
-2.94846489271113E-05
-1.48983273353986E-05
-3.13783847721536E-05
-1.06001935068524E-05
2.28000446493507E-05
-9.00303878583063E-06
1.14078580142791E-05
2.00505618939832E-05
1.03560902963532E-05
4.07613097249138E-05
-9.08528000230356E-06
-2.31490690217148E-05
1.64926548778453E-05
3.52753464336025E-05
2.26496152704748E-05
4.90615714337043E-05
5.14618067565852E-05
4.54681482160617E-05
4.83188373629894E-06
1.06372236129649E-06
-4.24370058123181E-05
-1.88026303274673E-05
-3.81665255284381E-05
-7.0273638995779E-05
-5.29812224694041E-05
-4.78878725020469E-05
-5.14049592854046E-05
3.29310989263419E-06
-3.76412856979707E-06
1.83452500390738E-05
2.49047244626882E-05
6.76701507317532E-05
9.87436779312415E-05
8.44677124649307E-05
4.78632664989071E-05
7.34805317649121E-05
2.34715103050179E-05
4.36966935556653E-05
2.61736689144195E-05
1.81546404919625E-05
-3.06039655273285E-05
5.98714754906275E-07
-4.99691533612362E-06
-2.21680846843539E-05
-8.31867737963459E-05
-5.84397301577322E-05
-6.17583432968313E-05
-1.81314462114292E-06
-2.47784189097878E-05
-6.52307744426259E-05
-1.43590452173257E-05
5.55412042604557E-05
1.21281249957556E-05
-1.27240419897591E-05
-3.20188540680559E-05
-4.11091173631301E-05
2.85310879080403E-05
5.99989577159199E-05
3.11205317186368E-05
2.05217292063946E-05
-7.58442939171413E-07
1.61617639629721E-05
1.857244550879E-05
-5.07997294656964E-05
-3.1195075039004E-05
1.01971110038941E-05
3.08534230605412E-05
7.20815541620101E-05
5.72711146456979E-05
7.31545683051604E-05
0.000141817604048897
9.66052740072152E-05
8.50564245539147E-05
6.27704292591743E-05
4.35544247676178E-05
2.12579252401658E-05
4.06230789428674E-05
-3.18184752186579E-05
-5.56772871195601E-05
-0.00010899289658694
-0.000115121689468963
-6.89701895625056E-05
-6.50652604256381E-05
-6.62355939414203E-05
-1.99709842273702E-05
8.87617790974533E-06
4.70055079250578E-05
7.63145910631801E-05
3.10403716663078E-05
4.13722363409965E-05
2.29482503463555E-05
5.04516552171509E-06
8.92345396504765E-06
-8.14252404254904E-06
-2.79639994495798E-05
7.86912033969812E-06
3.15936314043884E-05
2.91982048894265E-05
1.95604137678433E-05
-1.00842636720502E-05
2.62296930899605E-06
5.24342290349748E-06
-5.39438951235505E-05
-4.40378534862919E-05
-3.84830343597817E-05
-3.15826763498777E-05
-2.50408587447287E-05
-3.7488036601323E-05
-4.5724734826405E-05
-2.12043098326983E-05
-2.14617730966691E-05
-1.38692069442343E-05
-1.92137739659913E-05
-6.06360349504676E-05
-6.99450853008606E-05
-3.55081612732871E-05
-6.10317573390299E-05
-7.3977406595759E-05
-0.000133179577129462
-0.000131440571927089
-7.95812602248185E-05
-5.31783673117218E-05
-4.94771714636454E-05
-1.94809081477976E-06
-2.2706919100043E-05
2.2584970490373E-05
4.02700657959744E-05
5.13388033748562E-05
7.02701544010361E-05
5.80542361758016E-05
5.64227460764451E-05
5.70814940302851E-05
3.01025623769134E-05
4.9891262990537E-05
6.73513614557425E-05
3.96160701051156E-05
3.17644481659541E-05
3.60236591723512E-05
5.23235367510614E-05
1.9769370973837E-05
-2.20315726793906E-05
-4.67629472290148E-05
-6.72647230473065E-05
-6.4470319242173E-05
-8.69123508896737E-05
-0.000101798067991466
-7.27720798071956E-05
-6.92037589894829E-05
-3.77473675858042E-05
-2.80856518241322E-05
-5.69723287779056E-05
-2.37736010599852E-05
-8.64501039807026E-06
-1.68400879495463E-05
-1.25624127517864E-05
-4.879526608868E-05
-5.78326390332456E-05
-1.70092340357269E-05
-4.38017832517553E-05
-0.000115707643949605
-8.7896746157425E-05
-7.58880232722831E-05
-8.32508142379899E-05
-7.65735438413879E-05
-9.69257889379904E-05
-8.70513860480978E-05
-2.93172986360293E-05
8.69480006896029E-06
2.8460598037166E-06
2.97960906275386E-05
3.84566130785213E-05
1.79043620843615E-05
2.62618462681101E-05
3.31366101713672E-05
7.16110457138884E-06
2.50446610803516E-06
-2.18132892072571E-05
-2.72835555887539E-05
3.07732249802092E-05
-3.59271628754617E-05
-2.5991398523571E-05
-2.79136752268796E-05
-3.27128991958214E-05
-1.1754810978341E-05
-4.12370373679292E-05
-6.26487615474058E-05
-2.90255162325192E-05
1.7666569634582E-06
-3.23547088373656E-05
-3.20370560894126E-05
-3.63363495509443E-05
-4.30588266337401E-05
-8.0647105894637E-05
-4.92588198184046E-05
-9.10828437993549E-05
-4.49320075660017E-05
-2.46729974991937E-05
-4.79858599109977E-05
-1.71534253483691E-05
2.04734011931291E-05
4.20050676979242E-07
1.60392482260873E-05
7.07886399413708E-06
-1.95281641654835E-05
-1.62318895019265E-05
6.11039389663877E-06
1.97794618222989E-05
2.30670074978454E-05
1.11950924257451E-05
1.89014504220914E-05
2.24078994377219E-05
3.30853048445926E-05
2.71149254367106E-05
-1.75044931990103E-05
-1.9333195739187E-05
-2.15488062689839E-06
-2.51781386193792E-05
-2.55787179044843E-05
-4.74121978962832E-05
-3.89972023038629E-05
-3.62284686675171E-05
-3.87746672496257E-05
-4.83430695829526E-05
-5.83060456070897E-05
-3.54574146142459E-05
-3.03142825469032E-05
-4.43844107611573E-05
-6.08469894253891E-05
-3.48542579576128E-05
-6.31637617892868E-05
-7.80640298971218E-05
-7.89846610387526E-05
-8.95292967589823E-05
-6.34545729250299E-05
-3.16139711757286E-05
3.43859527495597E-06
2.94307850329291E-05
8.24817699429303E-05
8.1344590159826E-05
7.74912772143902E-05
1.54876598213675E-06
2.97880970119008E-05
1.62718974649637E-05
3.313847373475E-05
1.90063073377316E-05
1.77422599045834E-05
5.46611496140878E-05
0.000106630352977829
0.000101106692437882
5.78198637498871E-05
4.40334500346192E-05
2.61920475428126E-05
-2.70453269209407E-05
-1.85433540408097E-05
-1.4596810833964E-05
-7.60669757512199E-05
-0.000100777039030995
-0.000131362109682413
-8.9491196795923E-05
-4.30203487927248E-05
-4.92510836656281E-05
-2.08072526704242E-05
1.3437195945385E-05
2.78946479874295E-05
3.07073955538052E-05
-9.22572552837034E-06
-3.15782790641844E-05
-3.305386724253E-05
-0.000102491675395772
-0.000107362211419771
-8.97234994350704E-05
-9.12904779356888E-05
-8.42129442339123E-05
-5.93534138125243E-05
-5.16197209937538E-05
-1.91446589584603E-05
2.6478427397399E-06
9.07495585255834E-06
4.88265523156837E-05
5.70724671474401E-05
5.05125849661852E-05
-8.46033739088995E-06
1.67518878373012E-05
1.93986011647676E-05
-1.61783507185946E-05
-2.0809836953213E-05
-4.38137074538833E-05
-5.04154944645168E-05
-6.62785714339164E-06
3.91018713591607E-06
1.41771617332362E-05
4.4253137718468E-05
3.73181868428662E-05
3.24176197337389E-05
5.35103587193287E-05
3.96389591898272E-05
2.33880609846169E-06
-3.41535432158563E-05
4.7762557945438E-06
1.74068464707825E-05
8.56567168713857E-05
6.2305417240215E-05
2.91913211037336E-05
4.30207433451381E-05
0.000103588542066813
4.93130018126404E-05
-3.29408605013518E-06
-4.57443808046694E-05
-8.01197327505805E-05
-5.21195905707189E-05
-3.03539720328228E-05
-8.23045217508263E-05
-4.92110715091522E-05
-3.72588863642335E-05
-6.35167192739027E-05
-4.30678293801833E-05
1.53151321328746E-06
8.55890719803078E-06
6.65220489129669E-05
4.75773312577243E-05
6.31766544763742E-05
0.000105087598193509
0.000139883846079539
9.84113730836338E-05
7.26574623971766E-05
3.24160430877434E-06
3.60824865525817E-06
-7.98410273781058E-07
1.64070650366619E-05
1.82709904458447E-05
1.43559591807498E-05
2.74287905060119E-05
6.1257206644865E-05
5.46161377873383E-05
7.71271454032184E-05
3.14257771597313E-05
3.08983781733919E-05
6.14969175921785E-05
5.44393049545546E-06
-1.42295740596813E-06
-1.36218773224025E-05
-2.48231879813526E-05
-4.16302757904557E-05
-1.77244887599998E-05
-1.04424846251095E-05
3.7240234534988E-05
4.28490008118356E-05
5.87012261889986E-05
4.76534530975603E-05
7.33519132399323E-05
5.47007766288663E-05
7.79642616109146E-06
-3.66963863929966E-05
-4.51792151730857E-05
-4.71495082205761E-05
-5.59768955291527E-05
-4.0872182445685E-05
-1.64118216275493E-05
-1.62444122036119E-05
6.94923666363376E-06
7.64886182163E-05
7.51950176145877E-05
0.000109978148693026
7.61832211362402E-05
3.49199565007835E-05
4.8331721034169E-05
6.59686555636316E-05
-3.74474766240192E-05
-4.11151768873718E-05
-6.41469086532936E-05
-5.37938324028602E-05
-4.11501244081457E-05
-3.88150750687903E-05
-1.18069364563024E-05
2.43773530697723E-05
5.65853104977345E-05
7.52356915674068E-05
0.000107833889433972
8.69095958441803E-05
0.000107025329474649
7.21611351571182E-05
5.62574487351876E-05
2.63582361909436E-05
9.37749199229239E-06
-6.14842361763437E-06
1.12607732854465E-05
2.98961264544896E-05
-7.32445491103021E-06
-1.11438429201166E-05
2.86035434327156E-05
4.7244457349405E-05
1.57815501234644E-05
2.93392980274952E-06
-2.11561934116079E-05
-7.04587262164905E-07
2.70140814033692E-05
-2.8443122937898E-05
-4.73273256477354E-05
-8.7265176499217E-05
-7.42919108363324E-05
-7.65801479173041E-05
-6.57265602207006E-05
-8.14359821338681E-05
-7.13616846431083E-05
-5.24995640083832E-05
5.07228632425916E-05
2.90526934491155E-05
5.88163944578543E-05
2.79656930288375E-05
2.03705487635068E-05
-1.48724259762788E-05
-4.91425788582342E-05
-9.30932962898389E-05
-8.93122107758945E-05
-7.8180583749846E-05
-3.75365697319076E-05
-2.99199978894606E-05
-1.88978949595945E-05
2.66639679717433E-05
1.67865231885054E-05
4.30163511642157E-05
1.23502187846059E-06
-1.02355407591013E-05
-2.07628887887262E-05
-8.92777787714118E-06
-1.96723914687387E-05
-3.33214174220125E-05
-8.2333258020348E-05
-4.67673986434162E-05
-9.56805492826546E-05
-8.53329149310413E-05
-5.54344545415748E-05
-8.49202136238131E-05
-3.1550372746242E-05
1.10111701402482E-05
1.79172227241876E-06
0.000122076122582583
0.000103651972989479
8.50760785079387E-05
9.25105289539065E-05
7.88844840828235E-05
8.79090160159701E-05
8.75609858082559E-05
2.46386591544991E-05
4.31235204815885E-05
7.52126372861812E-05
8.73391020217167E-05
5.77230197877111E-05
6.11730077087447E-05
-2.15558270917554E-05
-8.21335675403126E-06
-2.99839800934612E-05
-4.39465653937187E-05
-0.000145181863067648
-0.000144459660303835
-0.000231776188220814
-0.000151912853010387
-0.000157398926574532
-0.000103401335855398
-0.00010576569880428
6.66084895286664E-06
2.52862764996565E-05
6.0239189053701E-05
5.03950529273404E-05
4.20415147020047E-05
5.28389725373184E-05
4.63154954172159E-05
6.46889364744698E-05
4.2309084981132E-05
0.000135443190362947
0.000128873176680674
0.000159130070070659
9.68050648816145E-05
8.6452982989923E-05
5.25101661949073E-05
8.86035639764118E-05
3.2011913689151E-05
-1.68122671161612E-05
-3.46782478020241E-05
-2.37707629989226E-06
3.50928602086584E-05
1.37811316100353E-05
2.64477222987829E-06
-1.35184595404039E-05
5.94548037433768E-05
2.41084880425563E-05
1.85966923875533E-05
2.93939084793829E-06
4.50289894604824E-05
4.60918360871233E-06
4.60820944182832E-05
4.39204565571695E-05
7.06489767946177E-05
-6.13556326996657E-07
-4.43799935522231E-06
-2.4236271480778E-05
1.36765572948454E-05
-1.97068714214127E-05
-2.88764070771864E-05
-2.98595490652036E-05
3.06010664903467E-05
-7.75236629654185E-06
-3.66183748838892E-05
-2.97260231923662E-05
-5.43519596926534E-05
-7.73954347972453E-05
-6.585428045926E-05
-4.56789456851908E-05
2.67434927893874E-05
7.08498762596824E-05
9.83745224624252E-05
0.000116882944458426
0.000126408370361309
9.44101371732927E-05
5.63062899577111E-05
8.10234728916063E-08
-8.62790800613424E-06
-2.56529381116848E-05
-1.89440713898015E-05
-4.76281553048699E-05
-6.83621617307196E-07
4.24231973184838E-05
7.4002513937266E-05
7.31933223498648E-05
4.84848192419078E-05
8.67942112976938E-05
0.000108869309335085
8.41288405156369E-05
6.12054002162302E-05
3.25220978802026E-05
6.49658636513084E-05
8.16236086493214E-05
3.10748912367833E-05
2.55781225188257E-05
3.08907794978602E-07
-1.82244580740102E-05
-1.25843518085966E-05
-5.41475106166948E-05
-6.81864771145384E-05
-7.45824067619449E-05
-7.58805419423501E-05
-5.64493244093593E-05
-3.38973937209039E-05
-5.39969750855043E-05
-5.67583436222256E-05
-4.85277953208978E-05
-3.57225422229661E-05
-2.49796195640257E-05
-3.82161087843685E-05
-4.57298470623185E-05
-3.86452801801224E-05
1.34667858070233E-05
2.88183311197624E-05
-1.28020231693715E-06
7.33853168287058E-06
1.62581998042699E-05
-3.60473860696278E-05
-1.15688948533564E-05
-4.61030914569978E-05
-7.28484752368997E-05
-1.53965483981885E-05
9.11598134963656E-06
1.25291441405045E-05
7.72612296895125E-05
5.44986881693473E-05
7.17774921354348E-05
9.53599183636172E-05
8.90960848460638E-05
3.91083695994804E-05
3.30229113964142E-05
-1.16503049154111E-05
2.86998190475494E-06
-7.36730463989696E-07
-2.27075283814301E-05
-1.81915995040131E-05
-8.03513744168263E-06
1.04531908643078E-05
1.39582082015002E-05
3.06588676115446E-05
-4.52472471179824E-06
-7.51234795593733E-06
-6.45705264032543E-05
-7.76184663704194E-05
-7.52604446857051E-05
-1.3723240276022E-05
-2.63716787436919E-05
-4.60712051350084E-05
-6.76110277179921E-05
-1.52789169070255E-05
1.9373228681693E-05
1.12814986841342E-05
1.32696245337985E-05
1.63854541282912E-05
3.73014980715179E-05
4.15849903081038E-05
2.40798221035949E-05
9.21559100563447E-06
2.24673444468825E-05
1.19401536144552E-05
-1.49591407900383E-05
1.32915003893601E-05
4.27839830819891E-05
5.49253474880677E-05
4.34897995077602E-05
1.20779518843518E-05
4.5109203598333E-06
4.66433958670533E-05
1.53306242481176E-05
-7.71078472904511E-08
7.57932876120175E-07
-3.16953536072872E-07
-2.36766087057588E-05
-4.74455700020505E-05
-3.08081251308258E-05
-1.99679912781691E-05
7.00621669110661E-06
-3.49804785562507E-05
-6.8650304766194E-06
-1.56198517037618E-05
-1.21919542973573E-05
-7.23029239842451E-05
-6.45397478788566E-05
-7.42943154644805E-05
-5.1746475281207E-05
-6.56890406717224E-05
3.46764266176832E-06
2.88810857568611E-05
4.63780051702341E-05
5.37305866912243E-05
3.7375641897793E-05
3.24442042811659E-05
5.36379266980099E-05
1.83833271730882E-05
9.14791136564522E-06
9.60729066139792E-06
-2.41683316855022E-05
5.69910860981638E-05
5.23337121559604E-05
2.28284633060558E-05
2.51814818425074E-05
3.06374642632472E-05
7.48904941758654E-05
8.96795067234864E-05
1.06277924186664E-05
5.3501105234128E-05
7.54156237531066E-05
6.70931009188928E-05
5.94911496889338E-05
1.1066876255334E-05
3.91914565260111E-05
4.28954936752965E-05
7.22549766231888E-06
-1.01872558287054E-05
2.34143932350116E-05
1.23324837935182E-05
7.55104716433545E-06
1.43557378837364E-05
1.51549510094274E-05
5.07156818836557E-05
2.43579784636545E-05
-1.29564595341211E-05
-8.48479890886312E-06
7.78771733390969E-06
-1.59927369031023E-05
1.00994217437483E-06
-1.00416729896837E-05
6.20954680236835E-06
3.91501654474422E-05
2.98060209001755E-05
2.61114298247732E-05
9.98791959991416E-06
-3.57648509705195E-05
-3.39248598219702E-05
-3.31504640181089E-05
-5.41791733085446E-05
-3.76326706902869E-05
-4.95494448255957E-05
-5.60591188604529E-05
-4.11414702695718E-05
-0.000110883398113771
-0.000120610293421424
-0.000124278147918802
-0.000112342609646886
-0.0001139916343402
-8.0182688801114E-05
-2.2006843294924E-05
5.83251218647248E-05
7.52587403056194E-05
8.55675806558684E-05
2.39409376572541E-05
7.91373348379035E-05
5.20566362426329E-05
1.22146731757074E-05
-4.37475983549492E-05
-2.88753050737339E-05
3.62660260388584E-06
5.65009459180422E-05
-7.57704010946341E-06
1.16560779520665E-05
1.12048117191211E-05
1.61102906119695E-05
-2.59491778109557E-06
-6.91162058143957E-06
-5.48448849967801E-05
3.94564887556157E-06
8.96926807611223E-06
4.80004963670966E-06
2.7531988275563E-05
5.02502402110011E-05
1.39501115012536E-05
8.04618745093183E-05
3.76927394080015E-05
-1.55116854213738E-05
3.01669826641163E-06
6.30381738981824E-06
-1.56897340334031E-06
-1.87378595139651E-05
-3.83655966655345E-05
-5.54842820343408E-06
3.50183291895972E-05
1.1811333770626E-05
-2.01584464360848E-06
-5.91907121152248E-06
2.01822604257152E-05
1.96184782823423E-05
6.2010592674234E-06
9.74297656779806E-06
3.86635497752851E-05
5.26754190455175E-05
3.34036777894022E-05
5.27506210062011E-05
9.06105106820918E-05
3.43219740754688E-05
5.95819489448544E-05
2.68751318747789E-05
-1.03203449315306E-05
8.5015694786468E-07
-3.68051382665088E-05
-0.000101585758643424
-3.86402687567995E-05
-6.90905267865153E-05
-4.64672259791793E-05
-3.32042838724474E-05
-2.09775863106672E-05
2.05472426175641E-05
4.38074554433854E-05
1.39266945839268E-06
-9.27953530113953E-06
-1.70759477775616E-05
4.28738998247641E-07
-3.11155427078574E-06
-6.88315016772578E-05
-5.5427770024929E-05
-3.02018267143729E-05
4.97368068368683E-06
2.45508605926296E-05
4.31049980630283E-05
2.79834053843827E-05
5.54423126384857E-05
3.88571065205531E-05
6.31006715338748E-05
3.24830901500199E-05
3.15711085726593E-05
1.58066695628546E-05
2.13289062141698E-05
4.92819900019688E-05
4.83049520794558E-05
4.26939614748681E-05
4.87553513608339E-05
-5.12745280889903E-06
-8.8755120324601E-06
9.17520981945825E-06
-1.50502046273552E-05
-4.66842904604653E-06
-4.24014988920135E-05
-4.93287532597826E-05
-3.46434805120605E-06
-1.70483629563666E-05
-2.89081007781693E-05
1.44578405801648E-05
3.27706906025411E-05
9.24353442704645E-05
0.000106681604894147
5.19239136540255E-05
7.35427161269382E-05
5.37708901216658E-05
1.601254493342E-05
-2.67684874414293E-05
-7.02812508785135E-05
-8.3016833875115E-05
-2.90526568619873E-05
-3.84515490080183E-05
-3.51065303336792E-06
4.14412487453184E-05
3.58294792738646E-05
2.08571117438921E-05
4.9002636866263E-05
7.49416780220948E-05
8.13208965698409E-05
5.87409099442765E-05
9.16426638779435E-06
4.94539865516727E-05
9.16206743398174E-05
6.8816287639996E-05
3.23240407485907E-05
4.64465053205291E-05
6.43790225891457E-05
6.60328565083846E-05
3.84877848048072E-05
2.55318693488943E-05
2.83189340538692E-05
2.41417856647371E-05
1.85943820815272E-05
7.58908587971126E-06
4.15356394641985E-05
4.24071769724519E-05
3.33368611927551E-05
3.13854115018487E-05
1.31103041411796E-05
1.88022457478208E-05
3.44863309602164E-05
1.47173520646059E-05
3.8248541418716E-06
2.63481081554038E-05
3.03253381291303E-06
3.30528834665462E-05
2.75651296640695E-05
-9.23442037274118E-06
-8.03442447714757E-06
2.01474111622506E-05
-9.73356735925962E-06
5.72890887862544E-07
5.81382780784636E-08
-2.92655251840771E-05
-3.1221031133697E-05
-3.34496845247585E-05
-2.40847475324451E-05
-3.53496301703781E-05
-3.04957556482896E-05
-1.56565954219509E-05
3.04195348969398E-05
4.03531817695287E-05
3.45987322452665E-05
1.79792019597592E-06
3.33497932880415E-05
3.78480148264544E-05
2.18208077895205E-05
-4.87547053901954E-05
-2.74802187855397E-05
-3.12761510598928E-05
-2.01778454213791E-05
-1.35962834997498E-05
-1.66954100028336E-05
-3.79338420480397E-05
8.52806988562059E-06
7.21292826130721E-06
9.65090317571263E-07
-4.51084307446584E-05
-7.44142421169895E-05
-6.84223100108962E-05
-4.62741934044892E-05
-4.90770592577568E-05
-8.02168220680323E-05
-7.36590303705686E-05
-3.42190031530331E-05
1.96896308895271E-05
1.21851935647223E-05
-4.2904297356604E-07
-1.58131850649056E-05
-1.61242988382614E-05
-1.53029037468752E-05
1.02105043957037E-05
-2.71414076982331E-05
-1.46366664819949E-05
-5.04380147004469E-05
-7.67249467573637E-05
-5.50904368103247E-05
-6.19807574272197E-05
-0.000104887284141692
-8.90713268164688E-05
-8.93412611382515E-05
-6.78998240193155E-05
-2.16718409872116E-05
-1.40591726638465E-05
-1.38182287348963E-05
-6.0640012577855E-06
-2.86618285822737E-05
-3.49038703074121E-05
-2.54449504334861E-05
-2.68944246008799E-05
-3.0798295485181E-05
-2.29879406595609E-06
6.90807922764156E-06
-3.35396061900387E-05
-1.8902364794029E-05
-4.06779279405585E-05
-3.28876984017767E-05
-4.11366437856689E-05
-7.07829190333765E-05
-4.68212136721026E-05
3.74343984975092E-06
5.46037835196264E-06
5.89942437319262E-05
6.53405298164775E-05
7.3457163649196E-05
8.44186866414184E-05
4.62817996521754E-05
5.47208366744914E-05
-6.94850924364657E-06
-3.2003261707035E-05
-6.66174184721312E-05
-3.88871022657625E-05
-3.84636314437386E-05
-1.90771020234842E-05
-1.0820651090138E-05
2.33252683428327E-05
7.50760987906675E-05
5.90209486891363E-05
5.12673054749914E-05
5.21591495085941E-05
6.5939247698104E-05
3.79161544825782E-05
4.66224705560657E-05
4.13255705746929E-05
8.18404036972413E-05
4.3093401540531E-05
9.37205673207096E-06
2.40086505149802E-06
-6.1134338239782E-06
-2.0005732568219E-05
-5.58078139887906E-05
-6.49082350265533E-05
-4.02254998645933E-05
-2.41343366346591E-05
1.28364338792822E-07
-1.21538507687066E-05
1.73047359902588E-05
1.20139021328202E-05
1.23719405725222E-05
-1.45151033314788E-05
-2.06418296494883E-06
-5.49743638932079E-05
-1.72148991239781E-05
1.73409530569505E-06
-1.43394004351125E-05
-1.33655137057597E-05
5.51478662934094E-06
5.74342247482046E-05
8.21474532197966E-05
7.2368070544939E-05
4.16920987965631E-05
6.37986369991583E-05
6.96831767142161E-05
1.96927357298492E-05
-3.62560813635979E-05
-2.08073681952968E-05
-6.39256454600308E-05
-2.46392776486046E-05
-6.93429084549899E-05
-6.52692587229226E-05
-4.38687655383045E-05
-1.73559376501027E-05
1.23458601645533E-05
5.29575809009736E-05
-4.366324902339E-05
-7.18752236557946E-06
-1.30122853622814E-05
2.98807122008711E-07
-2.16295383449963E-05
-0.000106476639702993
-0.000110630723807105
-3.4562245693456E-05
-5.24598146196683E-05
-5.35562879997892E-05
-4.09953223039502E-05
-4.10659381338788E-05
1.58124006636038E-05
7.47964193211459E-05
3.3971274146908E-05
3.4790268357377E-05
3.8584427638851E-05
4.08238682976149E-05
-1.04776642251629E-06
-2.24374104663993E-05
-5.21502075475956E-05
-8.90148704180135E-06
-3.26336481196959E-07
1.45518219202187E-05
3.17877085081522E-05
2.99367580595698E-05
3.15251848761276E-05
8.17097813501467E-08
-2.67470172624629E-05
-1.88220738612813E-05
-5.95473160728856E-05
-7.51263370286247E-05
-2.40218744761962E-05
-8.02294621835237E-06
-3.31473146102092E-05
-1.95797691126038E-05
-3.20844867839117E-05
-2.71640679042478E-05
-3.86879745871821E-05
-5.0666239175609E-05
-8.19155862748165E-05
-8.99053706058245E-05
-5.69418124301774E-05
-3.8276608826362E-06
1.25684456283326E-06
2.15407643303631E-07
9.84248503438445E-06
8.63152984051619E-05
7.05509622559499E-05
3.29061765079496E-05
7.71557572146951E-06
1.35334406950169E-05
1.06438403868598E-05
-3.51615585049962E-05
-7.46469974530284E-05
-4.37343044912993E-05
-3.39551078567217E-05
-5.77680896268707E-05
-6.50810010172843E-05
-7.41371988081787E-05
-3.46809603631992E-05
-5.54695513338382E-05
-1.62303817733917E-05
-3.59850384841763E-05
1.09749652220779E-05
1.25318580818468E-05
1.06254031803259E-05
1.28162466591032E-05
3.33217101799864E-05
2.66332720455331E-05
3.53151811923531E-05
-1.76851612688053E-05
1.11903847381313E-05
1.22193796600056E-05
1.06865660167859E-05
1.37666021103968E-05
4.20477755493571E-06
2.73405117456137E-06
1.15655576924391E-05
-5.84496616544676E-05
-3.38495606020671E-05
-2.302575598536E-05
-4.08222961730969E-05
-6.95686027988688E-05
-8.07899856677786E-05
-5.35589084323175E-05
-1.62504260429288E-05
-1.85645994444399E-05
-3.00236075878096E-05
-3.72789625086102E-05
1.38440081223626E-05
2.03962360590539E-05
4.94355218101904E-08
4.52909254943632E-05
4.94689177537484E-05
4.71785886625694E-05
4.66705245883901E-05
8.30170482828001E-06
1.78342245496402E-05
1.8339006367088E-05
-9.60135348053046E-06
-4.09095333917886E-05
-6.64484876678693E-05
-6.53360052441492E-05
-2.85280001276148E-05
-4.55717328232439E-05
-5.47700200897487E-05
-8.14456079979564E-05
-2.98096079149418E-05
-6.61977099053093E-07
-5.26744361620025E-06
1.17008459898171E-05
3.54325808592932E-05
7.7122337527431E-06
5.03747371121987E-06
-7.99304085738614E-06
-1.2543277221948E-05
3.14653206848302E-05
-2.66462249301275E-05
-3.16980611164667E-05
5.50987979723893E-06
2.43069872150432E-05
2.30491858900345E-05
3.3748026031712E-05
-3.24432119782183E-05
2.31379872313574E-05
2.4647196482007E-05
3.14302452293976E-05
4.55141422862204E-05
3.22207933337624E-05
4.25068902719723E-05
6.87571480110997E-05
2.89004369072369E-05
-3.54798855873747E-05
-4.93601715113385E-05
-3.42408097926637E-05
-2.52695437919431E-05
-1.66998363124653E-05
-2.11712159496502E-05
-4.9030108929085E-05
1.8982140615602E-05
-2.20358781864749E-05
-5.33492719556425E-05
-6.3157292334359E-05
-8.17967574785748E-05
-7.06651077109819E-05
-1.63719560050498E-05
-5.24718115471563E-05
1.54716981082157E-05
3.33257900043765E-05
6.5083589509622E-05
7.20754545347832E-05
4.52398736064758E-05
-1.20529246023259E-05
2.76277533564624E-05
1.25219000869515E-06
4.46721023314613E-06
-2.43741770205176E-05
-4.57912793763314E-05
-2.56675560919777E-05
1.64008806388128E-05
8.34522847234244E-06
2.88185286043945E-05
3.05437161909699E-05
8.31208423624356E-06
1.39392629269609E-05
8.0615210132452E-06
-1.55103964768156E-05
-4.41902282463474E-05
-5.80377553397504E-05
-7.99471155218712E-05
-5.19423607261193E-05
-5.71727201821519E-05
-2.97946756540739E-05
-4.20174344512295E-06
-1.58545676861705E-05
-4.68500084107295E-06
-1.05806745038292E-05
-2.19339899598177E-05
-7.41733209879122E-06
-6.17053372249797E-06
-1.70416232768015E-05
8.37834538688507E-06
2.48630590286658E-05
2.45276494062301E-05
6.50244753289156E-08
-2.57997595674547E-05
-3.51482123818769E-05
-1.07343088072393E-05
-1.07129830492315E-05
-5.83777405263117E-05
-5.69417326970961E-05
-1.28158455091985E-05
2.13931634702331E-06
-3.54774085081228E-06
-2.16731332871726E-06
7.4971200050316E-06
-4.65793018301457E-06
2.97032918593971E-05
-1.40163407476616E-05
-3.20675393830369E-05
-3.47346864228192E-05
-7.47233351404671E-05
-7.60761303603081E-05
-3.92925709058252E-05
-7.20948336007664E-05
-4.66168466371881E-05
-1.09017252405711E-05
-2.07387342352241E-05
1.63930072162569E-05
2.04063899345685E-05
2.27860762061699E-05
1.88002456718226E-05
-2.68055940080445E-05
-4.04235350928668E-05
-3.13122439112426E-05
-4.64583930215728E-05
-6.60931072467645E-05
-0.000101489799713712
-7.26756355615295E-05
-3.65453502665233E-05
-5.66759303677813E-05
-6.87857796065299E-05
-8.89559190549417E-05
-4.97120921555879E-05
-6.36981379808245E-06
-4.1897361824176E-05
-6.50821708266768E-05
-4.30079333448808E-05
-2.58593895492659E-05
1.17306989194754E-05
-9.89224890187692E-06
-5.20633132968019E-05
-5.03641370117185E-05
-2.61630237228092E-05
-4.35837732226992E-05
-3.82390298219601E-05
-3.73726545449607E-05
-4.33333158459514E-05
-1.60729830272279E-05
1.08274548542755E-05
3.97831210065402E-05
5.58838640908331E-05
4.32415241527388E-05
1.18037336021595E-05
2.49045201536415E-05
3.75135197564838E-06
-5.62180826084678E-06
-1.19103501950881E-05
-6.29125944964175E-05
-2.73524869884419E-05
-3.06371872660772E-05
-3.39421154910627E-05
-6.5512952872733E-05
-5.60778530904636E-05
-5.36603024189966E-05
-2.33381549715034E-06
-6.00906558223751E-05
-3.6152884702556E-05
-4.68744874541695E-05
-1.32602523276144E-05
-1.13367003914235E-05
-6.73781528780433E-06
-1.54934221745024E-05
-6.15879490178391E-06
-2.587635892926E-05
-2.08869325160865E-05
-2.49988111022892E-05
-1.34813654010699E-05
-4.91025305717082E-05
1.96506496085229E-06
1.87704835445865E-05
3.64442484874316E-05
1.3435911149499E-05
1.87087626810916E-05
1.29992394790145E-05
2.29447459915433E-05
-2.08365153417447E-05
-3.15576788709717E-05
-6.34169030509911E-05
-4.1933662923837E-05
2.7791910796952E-06
-1.42893030531489E-05
-2.43786357729491E-05
-5.07012676016888E-05
-1.81635311549771E-05
-2.65657552660646E-05
-2.04058736443644E-05
-5.14959847550695E-05
-4.1604209351906E-05
-1.40322666570723E-05
7.6182925565908E-06
-3.47947991850941E-05
-3.22327220531759E-05
-1.86152628455909E-05
-2.36112464028787E-05
-3.49767147903119E-05
-1.65574046606965E-05
-2.27295562735762E-05
-2.18914923036331E-05
7.63475484149033E-06
-1.57982308761459E-05
1.17375877180746E-05
1.91962014375077E-05
-3.92717944691304E-05
-2.17402999025962E-05
4.08014019210886E-06
-1.62965630205913E-05
-7.6319001288574E-07
-4.28299894374133E-05
-8.03440692436716E-05
4.2805537208218E-06
-9.8893372803881E-06
-5.74318478030251E-05
-4.18434673373788E-05
-5.79803822897754E-05
-3.92900229484489E-05
2.02155464889922E-05
-1.14242891515579E-05
1.42805549441442E-05
5.3671391254941E-05
5.62239413164001E-05
3.70735197071522E-05
1.37431832800936E-05
-2.4994351034263E-05
-3.73331884060294E-05
-4.52939244574615E-05
-2.18538236137956E-05
-4.17997812188517E-05
-3.61061177720817E-05
-3.57794506018148E-05
-2.41467656772716E-06
-1.63040204814328E-05
-7.57947526513633E-05
-8.90293359071628E-05
-6.93937744960227E-05
-2.96307344642926E-05
-8.50302299473111E-06
-4.31401693355714E-05
-1.95347240375076E-05
2.05093544488639E-05
1.52869088603275E-05
3.45741157066089E-05
3.41394091723337E-05
3.14178281644304E-05
4.89114939841683E-05
2.33308488611672E-05
2.29536994748067E-05
1.16786072865506E-05
-1.24136623910833E-05
-2.10335416795719E-05
-1.41353840807647E-05
-3.19826184680483E-05
-4.06427578784653E-05
-4.06209904706619E-06
-1.54210787628568E-06
-1.19045899480278E-05
9.58123110567647E-06
1.86228732916137E-05
1.96930166123179E-05
2.52853547344762E-05
3.29495896752236E-06
2.60807318769991E-06
3.92557086183031E-05
3.34485035511825E-05
3.04290442787593E-05
5.41374487567873E-05
5.1213564043736E-05
2.35942695201704E-05
1.83019530597601E-05
7.80336804616276E-06
-1.55820195397598E-05
-4.10042026438017E-05
-5.20718765948701E-05
-1.69921319736783E-05
1.97367519422686E-05
1.76804549915876E-05
-1.34996842153217E-05
-1.35168561933535E-05
6.94377068513588E-06
2.11804024291717E-05
-2.59327606810839E-06
-7.28190637610894E-06
4.84396245801522E-06
3.94421743775433E-06
-2.4988378660338E-05
-3.53627281626126E-05
-6.71631463994469E-05
-6.58969004568024E-05
-4.88897321988718E-05
-6.23736415700252E-05
-4.71241024386034E-05
-4.61572313897114E-05
-8.05472165014333E-05
-9.47341198637689E-05
-0.000117376623847851
-0.000114119860149903
-6.09150793386361E-05
-2.63519053938633E-05
-2.83379979209166E-06
3.08425099058376E-05
4.1388269728583E-05
6.96458026801583E-05
7.04920708886454E-05
2.94902068548794E-05
2.13622141177005E-06
2.06179499205793E-05
1.44754061791405E-05
4.6492136360526E-05
3.67516658759979E-05
2.71865453576989E-05
-7.88958868851951E-06
-6.14667413410695E-05
-8.04357701648163E-05
-6.34844350586802E-05
-8.96513673142214E-05
-6.65243919104629E-05
-7.02004420022549E-05
-3.94846332381384E-05
-8.82593872682581E-07
2.4567140780514E-06
-3.05672397704598E-05
-8.63414579828178E-06
-1.50141383967175E-05
-2.85479644506039E-06
-7.34950933556328E-06
-1.71151154787836E-05
-2.88948270072194E-05
-1.59875811403025E-05
-3.01434148082686E-05
-5.13093269250008E-05
-8.33834352056403E-05
-6.51969743527208E-05
-5.8573456916128E-05
-4.12301259757035E-05
-4.66677343633449E-05
-1.41866339792425E-05
6.66701201757665E-06
-7.56429610738608E-06
-7.34785715775339E-06
4.39353858442126E-06
-9.11639734186668E-06
1.77542671236342E-05
-4.62638514919332E-06
3.5416652159445E-05
5.30666076049451E-05
5.69270340495425E-05
6.45194912171735E-05
5.54195957138985E-05
3.84777153017052E-05
7.99061201016003E-05
-1.95547991724224E-06
-1.69090713078351E-05
-9.27605023881934E-05
-7.74284828259418E-05
-6.81834336988009E-05
-1.86619423014021E-05
-7.52616635803043E-05
-5.10632346457454E-05
-4.88799448657217E-05
4.3736459865831E-05
-1.94746319460749E-05
-1.39311071415895E-05
-4.99728461279736E-05
-1.94471328540465E-05
-9.69173278740578E-07
4.98800919932839E-05
7.38913769603608E-06
3.54685891872387E-05
3.1596481327895E-05
3.0693479733619E-07
-2.4244696409152E-05
-7.210964918747E-05
-0.000114255149975619
-6.58054339651815E-05
-6.93659513050564E-05
-4.80161579460315E-05
-2.62114453069795E-06
-2.58357496409386E-06
4.26003708287342E-05
3.03099889611812E-05
-5.63170094111143E-06
1.98130413070902E-05
1.63911063485046E-05
1.53910513287544E-05
4.30824299498203E-05
1.56862300983612E-05
2.76630250001499E-05
4.09414804728982E-05
5.02469836690356E-05
3.50853505127875E-05
3.33492923987571E-05
1.21293086874146E-05
7.64726025782389E-06
1.20662953794143E-05
1.61771668927065E-06
-2.97583768905169E-05
-2.79038975864116E-05
-5.26971461149626E-05
-5.23593947913418E-05
-3.0310647574216E-05
-6.94319397446256E-06
-3.09284325621332E-05
-3.00848515184649E-05
-2.07204920489057E-05
1.96899523234283E-05
3.77735842550492E-05
4.62015881306208E-05
4.38186844352404E-05
8.04954607201691E-05
0.000104981396772078
9.46229099665247E-05
9.13408226609055E-05
4.38893147105969E-05
1.50077758981743E-05
-1.08645162928031E-05
-2.63814801253545E-05
-3.07618106708494E-05
-5.29123187237967E-05
-5.53367684671409E-05
-4.6753784557363E-05
-3.7004919431729E-05
-4.46709183787205E-05
-4.06106530290948E-05
-2.50138490066263E-05
-2.69979653112208E-06
-2.67141089728464E-05
-9.04000055171918E-06
3.40233448213964E-05
6.52214824744556E-05
6.14031018099705E-05
5.18621387554589E-05
-3.19582801705715E-06
1.04494495165049E-06
1.50674693072285E-06
-4.20800324505346E-05
-1.74221425922127E-05
-3.28492919535898E-05
-4.52623100640563E-05
8.63774548424983E-06
1.96686981628497E-05
1.0619994409207E-05
-5.45213153218963E-06
-4.52237546828484E-05
-4.07149987868438E-05
-6.21588963026499E-05
-4.57124776934459E-05
-3.82852964345362E-05
-3.7015255777071E-05
1.52214737538779E-05
2.36495124957976E-06
-2.64681844040778E-05
-1.35091461892193E-06
-1.2803120894909E-05
-3.72836491536161E-05
-5.56279563471723E-05
-8.84282962479848E-05
-6.77523642245589E-05
-2.54990669576143E-05
-1.05241796969775E-05
1.91632918994271E-05
1.37951800798484E-05
4.94458639433993E-05
5.07841287964298E-05
1.00345119585539E-05
7.10387036256514E-06
-1.0458097970155E-05
-6.09200480661431E-05
-3.95086451685656E-05
-1.82070015652671E-05
-1.25598099333185E-06
3.58603191576365E-05
4.00033186925033E-05
2.20118691069E-05
3.05810165249318E-05
1.00926999917485E-05
7.47046950110653E-07
-7.13837676021068E-07
2.50801024066641E-06
-2.81523461689098E-05
-2.82895900198446E-05
-3.47077490710659E-05
1.77414780875061E-06
-6.38523521295806E-06
-4.3266263029095E-05
-8.07814296471862E-05
-5.77359898059437E-05
-1.56758441408232E-05
4.10231209573995E-06
-2.09930287568276E-05
4.67217547102454E-06
5.15161428924679E-05
7.36363927998652E-05
8.21944946570767E-05
5.35985372164406E-05
2.01866006262249E-05
-5.27914658865113E-06
-3.62866159393787E-05
-4.81691070496061E-05
-4.34180696948118E-05
-5.3628870627605E-05
-3.2759135856547E-05
-3.41149540292001E-05
-2.07120714317198E-05
-1.70904585719219E-07
1.45873651976696E-05
1.53640506510237E-05
2.17168231673303E-05
2.0027748989814E-05
3.9974395176649E-05
6.03017413806565E-05
5.21539110214064E-05
4.83116037793825E-06
2.53287920721191E-05
3.42881031865271E-05
3.08327902578729E-05
8.30890582732668E-06
-1.35480280320351E-05
-2.10576233442878E-05
-1.11179376935333E-05
-1.6251236215763E-05
-1.09459932672461E-05
-5.85132308258786E-06
1.75160312890593E-05
9.06260093855659E-06
2.44437409631386E-05
4.43238032863919E-05
4.25863184916082E-05
1.14447103262911E-05
1.04292765489007E-05
6.48922824431779E-06
1.20094529734324E-05
-2.21801204833138E-05
-1.6362337070758E-05
-1.46245830607632E-05
-6.49407065786589E-07
1.14855602863942E-05
2.02665327384841E-05
3.84850867119009E-05
3.35964879442893E-05
1.61700065769289E-05
3.08301307907569E-05
1.63552511059862E-05
-1.22267228748925E-05
-1.17071979338087E-06
-6.72131977201145E-06
5.66169035084485E-05
7.13035534863913E-05
4.28087368630618E-05
5.97579503290425E-05
7.44755574726512E-05
4.5738357732793E-05
4.77320408242394E-05
9.77057709637477E-06
-6.37801527897433E-06
2.48723016176842E-05
3.76822196704922E-05
3.93935383464153E-05
5.42191276932994E-05
6.29389937066326E-05
1.19802369932246E-05
1.68105447005869E-05
1.50193525631061E-05
1.0513329961994E-05
-1.53949083633147E-05
-4.32938084494485E-06
2.0380053564947E-05
5.06483883182937E-05
4.86448820191857E-05
2.06660870562782E-05
9.51683575895175E-06
2.44889284027755E-05
1.00739586463701E-05
-3.96653378781085E-05
-5.80105369497562E-05
-4.36771744399736E-05
-5.76674157913668E-05
-2.17597839427651E-05
-2.91427559596715E-05
-2.96079127313867E-05
-1.03740193821883E-05
1.67571930467259E-06
-3.33302301523225E-05
2.77159111782731E-05
6.58512175131958E-07
1.48496619466612E-06
2.62141177660663E-05
3.25214587406767E-05
4.35496405605004E-05
8.41791556002299E-05
4.37107605143252E-05
3.82723403433605E-05
2.75579172778936E-05
6.54506865760127E-06
5.21287688949726E-06
4.29167111305191E-06
1.56928550495716E-06
7.38200758634013E-06
1.80715619736044E-05
2.87829562141439E-05
6.0623604602313E-05
3.83714460767089E-05
6.78865933108456E-05
4.87537632766369E-05
5.09014824008152E-05
1.46219075004957E-05
2.09092277649215E-06
-1.08276747991121E-05
-1.1941328120397E-05
-7.73050115982777E-05
-6.89969133737483E-05
-9.5127570581268E-05
-5.48134941171707E-05
-6.10677936176509E-05
-7.30157766953102E-05
-6.11165836480443E-05
-2.2446957029032E-05
-1.71008827501896E-05
-1.25053118861786E-05
-2.09876508904333E-05
1.17463809496123E-05
8.84688490933329E-06
2.11318204403854E-05
5.39081712125955E-05
4.19571880515505E-05
5.78267718556072E-05
8.12779173625446E-05
7.73341178153579E-05
6.28765831977888E-05
4.56154078162053E-05
4.47791891600362E-05
3.51696461454972E-05
1.95169666438058E-05
-3.52877476210244E-05
-2.2057647574346E-05
-4.25629099353989E-05
-2.34871048127067E-05
-1.40687551408762E-05
1.07955782551436E-05
-3.87091560755036E-06
3.22056471535657E-05
1.34926626990677E-06
1.78791740147575E-05
3.30425068963609E-05
-4.14386221570836E-05
-6.49156135743476E-05
-1.06527384731423E-05
-2.45300688792217E-05
-1.04729372464032E-05
1.17344537495184E-05
-4.29527026970563E-05
-1.1966486044561E-05
2.13931092868485E-05
-5.08473004339092E-05
-4.88429824103667E-05
-5.12675543611143E-05
-6.62170971119568E-05
-6.83445885101316E-05
-4.98034090828098E-05
-8.39810408892129E-05
-5.30387216927489E-05
-6.52080422712546E-05
-5.51894868233552E-05
-2.38808047022297E-05
1.61421708766592E-05
5.13129025560629E-05
4.4540203412512E-05
2.13561299777974E-05
6.02897241763765E-05
6.74732921040857E-05
2.99515029260647E-05
5.12099433592842E-05
-9.99561381353835E-06
6.67841679153067E-06
2.05013939876746E-05
2.19426208444116E-05
-1.43540420023918E-05
-4.6744436626849E-06
-2.09976161818085E-05
6.69657748775899E-06
6.18534593868607E-07
2.56718387894994E-05
-1.54536550707355E-05
4.32314833601686E-05
6.05403284494939E-05
2.15173139143083E-05
7.7658187405462E-06
2.14209642376466E-05
2.57123432925544E-06
1.61222766975317E-05
-4.68730347107316E-05
-4.92081531515007E-05
-1.31919899493833E-05
-3.55161116951266E-05
-2.35319038314589E-05
-1.21813704397954E-05
-4.30177144497254E-05
1.67977514702599E-05
-1.61664627585188E-05
-3.06793312737083E-05
3.6931082260772E-06
-6.69517338267579E-06
-3.5398323298044E-05
-1.07921886108361E-05
-3.85678141624675E-05
1.50365498479763E-05
-3.20891174672362E-06
-3.23523416217076E-05
-5.92482291757148E-06
5.11358747829034E-05
5.36945724841288E-05
2.82906047599286E-05
-2.65744404541153E-05
1.09018333348569E-05
3.95777967256378E-05
2.76017947971795E-05
-6.21090290006416E-06
4.70516319741554E-05
3.54451709806035E-05
4.08108825988022E-05
4.54309860905548E-05
7.67094269557935E-05
1.84373056866209E-05
6.4594708790772E-06
-4.52743323246381E-05
-1.79066529719681E-05
-2.15986582436396E-05
-7.86316588245672E-05
-7.98126646950143E-05
-7.90355313426654E-05
-4.35990402263056E-05
-4.40297884637983E-05
-4.20146294840248E-05
-1.27827668507664E-05
1.71319060277176E-05
-1.05724190551688E-05
3.83462166087241E-05
2.51448463544579E-05
1.2007883705798E-05
1.43983641518838E-06
5.01266172086747E-06
1.63376191502894E-05
3.58280869563004E-05
2.44922463663146E-05
2.36842577101043E-05
1.32782883111743E-05
2.76685446810619E-05
6.28767615830522E-06
7.6256970214028E-06
-1.98298448956966E-06
-1.65734168093764E-05
-3.21315576990898E-05
-3.76020052230169E-06
-4.31614494628572E-05
-1.73245312499609E-05
-6.65467258202266E-06
-2.84529284588733E-05
-1.5020633549495E-05
1.07039323037421E-05
2.07437898812892E-06
1.05504419782915E-05
1.19220530706427E-05
3.19585016888682E-05
6.48832095800423E-05
6.53111714726107E-05
2.85140530266066E-05
8.26723797507012E-05
0.000116574839239679
0.000134877535187817
6.79011339655036E-05
4.249886486855E-05
6.36795056724631E-05
0.000105458065821446
6.34481325612186E-05
1.08316937578428E-05
-5.0941481556443E-05
-2.19138409772062E-05
1.06054991629426E-05
-2.41636383391673E-06
8.75319065123248E-06
3.08613723460492E-06
2.0010809924969E-05
6.64722176908106E-05
3.70983721174233E-05
-1.36110986307741E-05
-2.64732322716776E-05
-5.86314379869801E-05
-9.77580742955231E-05
-6.64385758443925E-05
-5.62936362251838E-05
-3.84994304452593E-05
-3.55884891857551E-05
-1.35001054544295E-05
-1.763053531792E-05
4.76094703463327E-06
1.96165403728465E-05
4.18546133019007E-05
5.09646546932804E-05
4.61970227313895E-05
2.82482518605697E-05
5.01967172399687E-05
5.66456534829004E-05
6.44199879260242E-05
2.49030723970953E-06
6.14057245536E-06
2.77220875852844E-05
1.48244525534942E-05
-3.99872468593363E-06
1.59553584921883E-05
-2.61792963808073E-05
-1.98696817367385E-05
-1.19991449504125E-05
-4.39193769554693E-05
1.77123191419601E-06
1.31848249922232E-05
1.54254813508367E-06
6.79998682814154E-06
2.54303458160993E-05
2.30201864300692E-05
4.17478042799758E-05
4.82320581231967E-05
5.68484522058015E-05
2.00478624725219E-05
2.04133400438741E-05
1.00182428838095E-06
5.13731989655913E-07
1.96046499735657E-05
-6.10646794697114E-05
-9.09193597536435E-05
-4.22341494316261E-05
-7.72855393390864E-06
1.50614286772595E-05
1.14942660292272E-05
3.20721723952448E-06
4.19376598270468E-05
7.48928436652714E-05
5.87702626286362E-05
3.93475319342463E-05
2.99099612811527E-05
2.25277859479394E-05
5.09083547708172E-06
6.30257295058973E-05
4.22164781750447E-05
4.08525445577686E-05
4.9463386110089E-05
1.2659153535049E-05
4.25723860719232E-05
3.1157641923362E-05
-4.48738031177872E-05
-5.67996504367199E-06
4.29764915120296E-05
4.58821660292605E-06
2.74648134025617E-05
2.09021956808782E-05
6.39706745180227E-06
1.12890632873641E-05
-4.15847100743979E-05
-9.76929919745369E-05
-3.77022360627131E-05
-3.57562922615873E-05
-1.82348552911589E-05
3.46916640850662E-06
3.24211378746395E-05
6.31629163384354E-05
5.39310496569886E-05
-6.19323151301325E-06
-1.79926135585086E-05
-6.05197747765734E-05
-3.61991336955584E-05
-1.78789732791159E-05
-5.18145545840735E-05
-1.71131989298586E-05
3.48974964839695E-05
2.93378013496412E-05
2.06304313099324E-05
5.27610701961934E-05
1.7568082061784E-05
4.87469171395849E-05
4.81819196396943E-05
9.77413062008062E-06
5.32992659896364E-05
6.81346814186389E-05
9.09423336211165E-06
4.63105462297606E-05
2.40669734402371E-05
3.43936287958189E-05
2.61529540535666E-05
1.41493188104237E-05
-5.2532808617181E-07
9.46104339316396E-07
-2.59393156575317E-05
-2.1548974382529E-05
-5.94848180240974E-06
-7.91830260835002E-07
2.71585632770317E-05
3.12229797787848E-05
4.64641074117809E-05
2.68373707404191E-05
0.000100032814131883
3.83546078825835E-05
5.20902702948017E-05
2.57210922191798E-05
3.35204756025982E-05
7.2506143255891E-05
9.0418632480824E-05
-1.128926810806E-05
2.0866434909179E-05
-1.02190382253883E-05
-2.77167465475953E-05
-2.34479431716914E-05
-6.23194059810235E-05
-5.81575304652255E-05
3.08187006874565E-05
1.41413583085572E-05
1.19483923937127E-05
-2.13018360785209E-06
1.54249023679762E-05
1.89811981160845E-05
2.55148792532529E-05
-3.31081177400289E-05
-7.40151188494743E-05
5.77047477453585E-08
4.06983213013219E-05
8.17978192031424E-05
7.17667036594815E-05
7.58144986760305E-05
8.42321100254419E-05
0.000100995293649446
8.43295069882123E-05
5.07602790144088E-05
4.51110511114753E-06
-8.26613751476477E-06
-4.66168090789187E-06
-6.33250465174929E-06
3.89490879782045E-05
6.57983649071116E-05
7.95359713434578E-05
5.13416198545945E-05
7.38233050283266E-05
3.1195491041859E-05
3.41385933271043E-05
3.92819327708403E-05
2.54824675229085E-06
1.69016328880544E-05
-3.42813193520263E-06
8.22231119562959E-06
4.79417009891463E-05
8.10618427746772E-05
2.87834403165018E-05
1.84954981669522E-05
-3.73746412335888E-06
2.2334658166755E-05
4.84702008783722E-05
3.96319590056023E-05
-2.31254303789524E-05
-3.8586206459792E-06
1.62579880971162E-05
4.73449328265503E-05
5.16474229631552E-05
1.04886411354375E-05
-3.59024598939872E-06
3.39360328241567E-05
5.70538519685469E-05
4.57466002988154E-05
1.47968832260044E-05
2.30282674300425E-05
2.75573659211323E-05
5.58431977110225E-05
-2.78031866301661E-06
-1.52477162801559E-05
-3.55811913480874E-06
-2.55360681380243E-05
-7.36894974325571E-05
-6.71945705851709E-05
-5.48677379637393E-05
3.65469607423222E-05
3.92770206713333E-05
3.10310811736979E-05
5.29299288343469E-05
9.00240714989822E-05
7.86722026909258E-05
6.58999888493222E-05
4.69003010117347E-07
2.26428516172537E-05
2.6750825561142E-06
1.45604461215005E-05
3.99788933529422E-05
8.05723669899451E-05
4.98800851614889E-05
6.88016397483201E-05
2.48413594095194E-05
4.00994492142218E-05
5.9280209591056E-05
2.74208607360833E-05
-1.42857341674719E-05
2.59802274980702E-05
4.06515953223012E-05
8.34855029626146E-05
5.40074312323252E-05
5.64131473137193E-05
8.46684386803125E-05
7.50186077436676E-05
5.57528134065877E-05
4.30435849910363E-05
3.18292991279884E-05
-2.1902998643623E-06
-4.09476392280502E-05
-4.68947541501456E-05
-3.98101049449928E-05
-1.92540918528403E-05
-5.66183356728515E-06
-1.35272973806009E-05
2.83722828884853E-05
3.6307629882068E-05
1.8931966467585E-05
4.37037439998377E-05
4.06526446632603E-05
-4.74609111215932E-06
-4.32602246991176E-06
-1.54041721877178E-05
-2.93047761997817E-05
-9.2771046100694E-06
-4.66462039792829E-05
-6.8526650011461E-05
-1.82868495550068E-05
1.71090212434892E-05
6.95978258019902E-05
8.6065799817721E-05
4.88528239269834E-05
7.78254164569693E-05
5.47395986507048E-05
1.67563672986157E-05
-1.89466935450509E-05
-4.48583011841106E-05
-6.30937325492828E-05
-1.91487103888058E-05
-3.78281907721412E-05
-8.36441279753062E-06
1.64838959251476E-05
1.89993428734712E-05
1.95661824970668E-05
5.64883099597984E-05
2.28623696707292E-05
3.936516959647E-05
3.33326250529559E-05
-8.01264426926517E-07
-4.06273824962886E-06
2.03632554284692E-05
-1.11851562936125E-05
4.43889546779237E-05
3.64229999987949E-05
1.86533224964161E-05
5.1454174681718E-05
3.27353135338139E-05
-4.787986600469E-05
-3.73762851257053E-06
-3.4294428694059E-05
1.64635965844297E-05
6.13584689049642E-07
-1.00321319171979E-05
6.35594692297898E-06
2.80440654495923E-08
3.26409461325979E-06
-1.14611094605226E-05
-9.57246680229677E-05
-7.01260451035121E-05
-4.62085573174441E-05
-5.36336957438155E-05
1.65185674486588E-05
-1.62449906758394E-05
-2.21314184409904E-05
-2.78208919215979E-05
-1.50287757701089E-05
-4.37069733556229E-05
-1.10683976670821E-05
-3.42790065800533E-05
-3.21818110374415E-05
1.02439852458865E-05
2.6924949606959E-05
-3.23181008076458E-06
-2.08455734911974E-05
-2.08858413706655E-05
-2.85838124189122E-05
-1.57280112400313E-05
-3.78603008438842E-05
-3.27196893527124E-05
-8.3563009136466E-06
2.99394280603231E-05
1.56828512174469E-05
5.48193532309328E-06
2.07653327627131E-05
-7.60542029913083E-06
1.06565884802137E-05
6.06138524046668E-06
-4.56094071668092E-06
2.62656183324918E-05
6.15210625421551E-05
2.72931936071122E-05
2.57597862757767E-05
9.76262817406458E-06
1.84960295414431E-06
9.34300528648388E-06
-2.12547639568281E-05
-3.5128867893463E-05
-5.01721748735003E-05
-1.62874929197216E-05
-2.57244687044231E-05
-2.7084963643065E-05
-4.02056827919997E-05
-2.96261107430362E-05
-2.96068028875786E-05
-0.0001417855304646
-0.000141773357761781
-9.97034712448991E-05
-8.92885543194822E-05
-0.000103019585557276
-0.000116164897876035
-8.00309311626558E-05
5.72452825557428E-05
7.08423396422938E-05
6.15561508288388E-05
3.10188704642344E-05
5.6779289737552E-05
5.94134323000548E-05
2.53890564184566E-05
4.81435586896679E-05
6.12831926339191E-06
-1.39386258906795E-05
-1.34773010011198E-05
-2.56588547000083E-06
-3.81485373545377E-05
-2.42329416476805E-05
-7.3509724428042E-05
-1.09677966053467E-05
-9.77757162116965E-06
2.95287606550432E-05
-3.56719522746295E-06
-3.06258068804472E-05
-7.59523464606259E-05
-2.60881255827724E-05
-9.5641684497974E-05
-0.000116451490432219
-9.9793081140581E-05
-6.05778421760576E-05
2.36719609091227E-05
6.61116284984192E-05
1.56502565168318E-05
3.62936793911522E-05
1.11543199398205E-05
-1.24522102669613E-05
-1.78202798072291E-05
-8.35748423465963E-05
-0.0001011505331479
-7.83218697625202E-05
-9.32676934598851E-05
-1.78214463895317E-05
-6.0237372331879E-05
-5.20204025414352E-05
1.3074193185539E-06
8.68902612730858E-06
9.72476501511845E-06
5.13252020702443E-06
3.54911643678911E-06
1.80754263985853E-05
-4.19581208676123E-06
3.85133903445457E-06
3.91205882948628E-06
-2.450463619073E-05
-5.3724011983107E-05
-1.77315125431265E-05
1.98768896612162E-05
-2.50167598627401E-05
-5.45036086682107E-05
-2.67769820129241E-05
-4.36314077659239E-05
-9.15564884476967E-06
-0.000286153610943277
-0.00025383999983485
-0.000196993441165462
-0.000166477210648828
-0.000217395911499507
-0.000131207554796508
-0.000118164213433067
0.000110279330859645
5.82623230373664E-05
3.79467401260557E-05
4.25080145325E-05
0.000109260111451337
8.03931168964053E-05
0.000103061472639568
9.64075366781724E-05
0.000121519844372251
0.000118799213399977
7.34788541596805E-05
4.58782309281817E-05
5.68392038255769E-05
4.02090244938765E-05
5.86380827728334E-05
5.24919862379542E-05
-1.31876377664301E-05
1.44755527851592E-05
-2.63659653838839E-05
-4.60478556784077E-05
-1.80605017572126E-05
-3.28583897845586E-05
-6.66752754911999E-05
4.5616966621437E-05
7.41563970051568E-05
0.000100856712557985
4.84703212964933E-05
2.72845982898284E-05
6.49843636757678E-05
6.38295650650253E-05
1.78320100955523E-05
-2.98668088999008E-05
-5.92200980222229E-05
-3.30695001737136E-05
-7.11687311311132E-05
-0.000107868609792291
-8.03092215542661E-05
-8.30970151929202E-05
-9.5828029199145E-05
-1.45402824465584E-05
1.6388045140047E-05
5.03803610872044E-05
3.69646065461547E-05
9.25461728025213E-06
2.01082357878925E-05
9.00424305902042E-05
4.35867322830271E-05
2.02960126465818E-05
8.29259605192034E-06
7.17794632232692E-06
6.04469619908627E-05
3.47891351494424E-05
-2.44256485164456E-05
-2.631054625454E-05
-6.51670584469599E-06
-1.2123102881079E-05
-2.05585989200212E-05
-0.000101499735522629
-0.000212246917857122
-0.00018093176693686
-0.000155771849421242
-0.000140837124936809
-0.000139641412312413
-0.000116287374331776
-8.39785659570002E-05
6.64761966273747E-05
4.74788522078911E-05
3.47090889414207E-05
3.86354279121576E-05
7.11375483651826E-05
4.49916564549863E-05
4.23001603038858E-05
4.60569030145109E-05
3.45007222908511E-05
3.6604860447724E-05
1.9705055219605E-05
-1.96294167627454E-05
8.49056034771745E-06
2.99542247560193E-05
-1.34175816414365E-05
3.3795258665903E-05
2.78547070722634E-05
5.81651506909156E-05
6.61439344125287E-05
1.80257056603999E-05
2.07405969737806E-05
8.39570720034905E-05
5.21123555978515E-05
3.81354997660332E-06
-3.42983186088709E-05
-1.24433163720483E-05
2.84750942749823E-05
3.35277492930119E-05
-1.70486094451611E-06
-4.18999198686101E-06
4.65091120774556E-05
3.51865110148518E-05
2.11734081901875E-05
4.48112174277107E-05
5.08941215508098E-05
4.7847236579224E-05
3.92737135464325E-05
3.52817752177594E-05
4.33428899185427E-05
2.62310294595188E-05
-9.40437943958715E-07
-3.17987329977795E-05
-4.05835389887757E-05
-2.02559317605638E-05
-6.26528056446083E-05
-3.59044880654307E-05
-9.87307601247937E-06
-1.66173698857869E-05
-7.99417286848444E-06
-1.59865132416134E-06
-5.95626865760481E-07
2.79137056086342E-05
1.60336487257442E-05
-5.74151308558809E-06
-1.61604354805314E-05
-6.81893706306937E-06
-1.69551687807228E-06
1.6797165620527E-05
-0.000102524369654495
-0.000195188050762193
-0.00016462536317479
-0.000138896821235033
-0.000131963567321249
-0.00011804796389989
-0.000118646155677651
-9.53998736428427E-06
8.53088756017043E-05
9.83164653357776E-05
8.20038351738689E-05
5.70331052040987E-05
4.4778623931014E-05
1.3785638794745E-05
3.49239210262718E-05
5.29307535523674E-06
-7.70940928548113E-06
1.16183304744002E-05
3.7394164393366E-05
6.43546986762035E-05
7.96102234082882E-05
8.22161709982144E-05
8.66973325261405E-05
7.50017476578949E-05
9.02070474486597E-05
6.86603263757603E-05
3.85571552372723E-05
5.18650625109455E-06
-1.71193227311663E-05
-3.58909080588372E-06
-4.82823119838066E-06
-2.74538100705889E-05
-1.9660639872909E-05
-2.21998913578788E-05
-2.61450689292781E-05
-3.52452418588995E-06
-2.71564209332561E-05
-2.82673569273771E-05
1.75496244603602E-05
9.81154437403975E-06
1.84921836949474E-05
-3.70605248095028E-06
-1.91614176798494E-05
-2.98281377977026E-05
-1.86542706732127E-05
-8.00423290367792E-05
-6.6314854318019E-05
-7.6384392006316E-05
-1.41612442913583E-05
-1.13355324513053E-05
3.35729101991549E-05
7.17583214238447E-06
1.02403078993863E-05
2.0337107313422E-05
-4.72131546979166E-06
1.44926956103477E-05
9.27289127412554E-06
1.40391194999076E-05
1.55746224843552E-05
3.43068796272818E-06
1.72395792889215E-05
7.40342377467881E-05
3.61854014296758E-05
4.62766181989128E-05
1.98584953239944E-05
-0.000138806102066925
-0.0001624583127066
-0.000177542523618544
-0.000180408985646136
-0.00016087149215431
-0.000156909715077434
-0.000146952909960759
4.84607798986586E-05
0.0001369356034959
9.40319217986584E-05
7.04648330338557E-05
5.90374084382494E-05
2.99958382484657E-05
5.54415236645568E-05
3.38343706271655E-05
-5.79995831839562E-05
2.18143264030945E-05
-1.14888626094275E-05
-3.80264220535318E-05
-3.24086097436119E-05
-4.01271376301686E-05
-2.91013915074221E-05
1.98246023583744E-05
-1.89730782792416E-05
-1.0801482806544E-06
4.90095217158843E-05
3.94977584941224E-05
5.56311977983257E-05
4.14864357505048E-05
4.84545324291153E-05
5.29275775553413E-05
1.72783434467376E-05
-1.00227188237262E-05
1.1904809523745E-05
-3.79404208848445E-06
1.41553197967579E-05
-3.10607970186021E-05
-5.98061409656084E-05
2.88983254935399E-05
-6.22694516108908E-06
8.27917097416116E-06
1.87551302097875E-05
1.26485477525383E-06
9.24842800278623E-05
0.000116855692876998
2.77898059830293E-05
0.000100931208679136
9.09843783439755E-05
6.41537984912326E-05
6.43492893469251E-05
1.07715709755707E-05
7.98598730487295E-06
5.92086749447749E-05
1.10354066800009E-07
3.0310276944398E-05
-4.04400780739915E-06
1.61429958380295E-06
2.07586012381631E-05
7.21821655735704E-06
2.38987704705181E-05
1.76235383821209E-05
1.14041126979105E-05
2.67141749615745E-05
4.56201944666227E-06
3.77886695161646E-05
-3.41444596376369E-05
-0.000182801821091352
-0.000128146906025905
-0.000158081963080573
-0.000137776241952972
-7.56265253295143E-05
-6.14135049070784E-05
1.04155297885524E-05
0.000135595385626743
7.61828476322098E-05
0.000112292027143227
8.97377060187531E-05
3.10227883254136E-05
-4.83000212013495E-05
-4.4556106880092E-05
-3.86184030323609E-05
1.69940771993647E-05
-1.58406200366052E-05
4.6704835717222E-06
3.26189228622538E-05
6.71016105999636E-05
9.1599003739769E-05
0.000108261071265507
7.79517038208845E-05
0.000100306036421054
0.000123276652829867
6.98443896888363E-05
3.09461263459526E-05
1.47284380617167E-05
1.41335621417849E-05
3.37568589177476E-05
1.36973043193228E-05
-4.90504525024903E-06
-2.88093315411225E-05
-3.22999226161306E-05
3.30381732193602E-05
3.26415851078188E-05
1.88575202261902E-05
1.0890172260359E-05
-7.07017997153753E-06
2.89996547252902E-05
4.61668146731598E-05
-8.81268063784793E-06
-8.39359017024551E-05
-6.55825375585075E-05
-2.40249065677133E-05
6.33088926865752E-06
2.65123259624432E-05
2.66390427525015E-05
6.7095240039817E-07
4.45471741094369E-05
3.81508842351771E-05
3.15876829027276E-05
4.80392415724401E-05
5.52100328669292E-05
4.89453021493937E-05
4.9268865161291E-05
7.1758806107617E-05
5.28845337438613E-05
3.00652791531278E-06
-4.18942052721978E-05
-5.40328045604752E-05
-5.23219898663629E-05
-2.35142254758728E-05
-1.56937566152304E-05
-0.000100663553937885
-0.00014946910032997
-0.000136527547276706
-0.000103697004506843
-5.86347123408857E-05
-3.78589771383303E-05
-4.22439272128534E-05
3.54286035584436E-05
0.000124534096388611
0.000135785159060969
8.96117625414738E-05
5.32826006472155E-05
2.47903654443661E-05
6.99385097240566E-06
4.69928097212593E-05
5.17948847200705E-05
2.25028394825443E-05
4.50976344348975E-05
4.03364558723436E-05
5.09174933924111E-05
9.9781393476225E-05
5.97209421967345E-05
5.13083499564249E-06
3.1442671376307E-05
4.40554134564733E-05
5.27560148738173E-05
3.70887346000489E-05
-3.65312393080722E-05
-1.31896716900191E-05
3.9601403276856E-05
4.23976799173279E-05
3.76190528141854E-05
2.65587737922998E-05
3.49582407074657E-05
2.99784022050278E-05
7.75992005999117E-06
3.24097452485323E-05
5.13926739856536E-05
8.73282217036063E-05
9.81346299513319E-05
6.10469156107079E-05
8.30981299921067E-05
9.72626354238355E-05
1.87182147700588E-05
9.5238983415557E-06
9.04887950855149E-06
1.95514803044805E-06
2.47639392350075E-05
2.96400830766038E-05
3.84005736666416E-05
7.29394220937554E-05
5.74912651427152E-05
-1.69226877401102E-05
-3.09451309249261E-05
-2.7342902129852E-05
7.38278075071382E-06
-2.07623832337101E-05
-3.55761471485978E-05
-5.47395028966232E-05
-1.66084344288463E-05
-4.03206914595368E-06
-6.04204207142674E-06
-6.84098909027753E-06
4.1067861881516E-06
-4.63325102315725E-05
-0.000148862532518968
-0.000151636981309648
-0.000157361376737235
-0.000121254792007662
-9.80263125812075E-05
-9.45979566886584E-05
-5.33864216585474E-05
0.00012115780141944
0.000124646836252877
0.000130303784658887
0.000125075648078719
0.000102330817588214
0.000122808871716622
0.000151406770799765
6.06271090373036E-05
3.1064329633117E-05
3.77876191942479E-05
1.02357173627641E-05
-5.89386224461585E-05
-7.79777923347975E-05
-9.87274872789471E-05
-4.84993502778337E-05
-3.45747053062792E-05
-2.51656975051395E-05
-1.85107797534949E-05
3.94328973726673E-05
4.46756378552945E-05
7.07860588437797E-05
9.24652683733347E-05
0.000101086823717992
9.35033590825657E-05
5.55250708582699E-05
4.91519713792296E-05
4.31639827826699E-05
5.96101270511447E-06
-3.50661256313458E-05
-4.14367381800894E-05
-4.06302416843943E-05
2.25774186406339E-06
-4.45650368206889E-06
3.48153610562993E-06
1.65713998961147E-05
3.74886752707856E-05
3.76006462031684E-05
1.50681428860746E-06
1.61270362064414E-05
5.70890301977429E-05
7.34735513797254E-05
9.53912096144882E-05
0.000100177402605964
0.000107574976571907
0.000147975554418827
7.79450476511077E-05
4.25624815931067E-05
2.09272024545091E-05
3.19744387580798E-05
1.29592693152991E-05
-1.50135482529441E-05
-2.32927117853797E-05
1.1283378048965E-05
-1.42302018468926E-05
5.91883976709554E-06
-1.50305502926047E-05
-2.78892289415595E-05
3.1067835331266E-06
-0.000104430714581777
-0.000164825485072195
-0.000127440812413713
-0.000120484054261655
-0.000110621421077171
-0.000108343939549314
-9.03825483854033E-05
4.62414804569855E-05
7.24719761181794E-05
8.75976651089948E-05
8.76363192911842E-05
8.82010787015078E-05
0.000123248189346728
0.000134539091711585
0.000135087543963575
0.000182644777842809
0.000169971775098118
0.000154645592865061
0.000116237761358926
7.49779017512231E-05
1.08042159553442E-05
-4.96199746695431E-06
-8.0334726009571E-06
-4.71496049285678E-05
-6.61430644646888E-05
-3.34858264873847E-05
7.88686342877724E-06
5.43919425588979E-05
8.89882037249382E-05
6.19143592146174E-05
9.23989379880105E-05
8.90988237455557E-05
0.000104211030793357
4.82220284279553E-05
3.26283870494089E-05
4.28911505584726E-06
5.63931010496648E-05
1.9584082082484E-05
-1.83793526129933E-05
-3.42713119921713E-05
-3.10350617925657E-05
-3.28009985561582E-05
-3.15731454913464E-05
-6.38135381565912E-05
-2.92420958067331E-05
2.98920782913426E-05
5.81497428747192E-06
2.65871629023668E-05
5.70984601727765E-05
7.31550721127449E-05
6.57112623139707E-05
6.92933032950637E-05
2.86320471225311E-05
6.69849684153249E-05
5.46640285908612E-05
6.41549000143882E-05
5.61663992272415E-06
5.75423152324883E-06
-1.44222844419614E-05
1.62632414679993E-08
-3.98240325740313E-05
-1.36267904103165E-05
-3.8337053465754E-05
-2.04246589977719E-05
1.0825933587327E-05
-9.10022137832276E-05
-0.000147375684308244
-0.000126480332739317
-0.000119195206925327
-0.000112358616882228
-0.000116476902776416
-0.000105394023585219
7.36674743170226E-06
0.000125168398033447
0.000145571972673164
0.000127734087415708
3.71161195327508E-05
2.29155767054532E-05
-2.27454962716627E-05
-1.44396342679374E-05
-5.75255654206131E-05
-4.22705246957849E-05
-4.5085906824341E-05
-1.95434638466623E-05
3.42848870559246E-05
4.01950962085127E-05
2.92588802685666E-05
4.43801434229564E-06
7.81033462552393E-06
-2.07461163399107E-05
4.46498218451929E-05
-1.91662025455986E-05
-2.27863190735576E-05
-4.05538837033939E-05
-6.97793317452685E-06
-2.07341364611718E-05
5.39269714955989E-05
2.2432846568637E-05
4.76507715430174E-05
1.33715684468339E-05
4.52498258045729E-05
2.24276698900506E-05
1.90177603551012E-05
-5.43021964251004E-05
-6.52452033721553E-05
-6.41342206656623E-05
1.5696990940058E-05
4.26860081574592E-06
4.42298906263436E-06
-3.67512127436066E-05
1.93673374442583E-05
3.82453414546897E-05
2.28770747521677E-05
5.72491215394357E-06
-7.99924951298481E-06
8.91693516510801E-06
2.35586991584685E-05
-2.82266485840589E-06
1.49490061577336E-05
3.15795472135784E-05
1.46743565490839E-05
-3.10647956327482E-05
-3.77249755334204E-05
-5.28033727296481E-05
-6.43888865580926E-05
-6.32719544232937E-05
-7.36782617074146E-05
-0.00010663240355453
-4.19278839416422E-05
-5.09291294118163E-05
-0.000154939376828231
-0.000187431231840807
-0.000163755993691986
-9.77085849013532E-05
-5.36659181874683E-05
-8.83543163067082E-05
-9.96839849399289E-05
-2.70157924946924E-06
6.51281713425329E-05
2.1250539477429E-05
-3.35829760196002E-05
-4.8086699191494E-05
-1.77314482301611E-05
3.51326792438972E-08
1.49740465535449E-06
7.92312368501932E-06
2.27555855701164E-05
4.41697428149141E-05
-1.70833916953962E-06
6.59647690223494E-06
6.33641103425986E-06
3.84880405719436E-05
4.65932229764995E-06
-1.14688727152216E-05
-4.39749666842661E-05
-2.48897907224969E-05
-5.23161836571414E-05
-2.5606709612126E-05
3.31348191129809E-05
5.71013260627957E-05
3.9462064894975E-05
5.54555057535166E-05
6.89146726716147E-05
0.000106017772882803
0.000101857965405319
2.05101449704194E-05
7.67171489369644E-06
3.46014408049269E-05
5.57327665994228E-05
6.70813828980714E-05
3.69534098377038E-05
5.70302236825268E-06
2.00396975882612E-05
2.06006219144679E-05
1.68504039420636E-05
3.99562246148947E-05
3.61852851263503E-05
2.45107956851173E-05
1.56659972734321E-05
7.50865805596079E-06
-2.55954309359872E-05
-2.85361319941179E-05
-7.31586462525694E-05
-4.59838844343196E-05
-5.11154446059838E-05
-3.02339533873503E-05
-1.52691471696478E-05
5.42548610044179E-06
2.27607041585802E-05
2.13916601322448E-05
1.14836769319597E-05
3.16129474682357E-05
4.0290528570593E-05
3.54776321069369E-05
-7.50906455965506E-05
-0.000157901780900052
-0.000189588901342584
-0.000187265043980219
-0.000181535468119227
-0.000178450719578455
-0.000168257449875352
-2.92762843355028E-05
3.01248541440279E-05
5.12337825316514E-05
7.32081225602337E-05
5.04786826570023E-05
4.41448898684574E-05
3.56615646809557E-05
1.40049082920366E-05
3.54821262701455E-05
6.17043161033787E-05
3.00023211600312E-05
6.73799744129309E-05
5.67353297068102E-05
6.06234568315539E-05
1.21406672411682E-05
2.89861114984372E-05
-3.75114928384766E-07
3.76992409232155E-06
1.91748912528448E-05
6.552608154899E-07
-2.78519196120633E-05
1.71354921704977E-05
-3.9276469326203E-05
-2.16084213611526E-06
-2.86598966016905E-06
-4.44740661276529E-05
-2.32764005786589E-05
1.92884601761327E-05
-2.70886499899175E-05
4.77420024116002E-06
-3.7085467127111E-05
-6.60412269096807E-05
-6.73308870640255E-05
-6.50368612526988E-05
-0.000113256145628894
-7.89792173027721E-05
-8.58201683439243E-05
-2.87658029517264E-05
2.43032404643559E-06
2.71301680416788E-05
2.64044601647009E-05
6.89628241288167E-05
5.14576526602404E-05
7.01954288898765E-05
3.71217877998936E-05
4.35816090742373E-05
1.96132066767433E-05
-2.5677583373436E-06
-7.88827755660351E-06
4.78605061202585E-06
-3.70626822464615E-05
-5.40685769345325E-05
-9.1735129414435E-05
-0.000129879945819364
-9.00301719603786E-05
-7.80150866408203E-05
-9.7704399463325E-05
-7.86009643929107E-05
-8.27283990907165E-05
-0.000155286676011905
-0.000159225946698261
-0.000148838257631368
-0.00013163852106253
-5.1141515715694E-05
-4.08389131585285E-05
1.59140438985313E-05
0.000103219996300389
0.000148717781324319
0.0001276528676326
0.000101037650795959
4.79400058400369E-05
4.09690043561493E-05
-2.2627771901471E-05
8.72404604560591E-06
5.15956848994691E-06
-2.29326476426201E-05
-2.12873079633121E-05
-1.52377939011269E-06
1.89806210879196E-05
-1.51126354717342E-05
-2.16656677554872E-06
8.4474057660512E-06
2.65642669384176E-05
-7.3192208526294E-06
-1.44609516079012E-05
-6.30316793389251E-05
-2.23062050245995E-06
-6.73204596609804E-05
-6.70840156235018E-05
-5.15600153694043E-05
-6.21556370111095E-05
-5.84372909267111E-05
-1.62825099190406E-05
-2.1701818610326E-05
-2.8608919227949E-05
-4.64853916530035E-05
-4.49305424863254E-05
-3.33751073722549E-07
-1.16629160651089E-05
1.946327091596E-05
1.76275130310561E-05
6.04536056367436E-05
8.42831981030589E-05
6.16234179863161E-05
5.03521281622342E-05
7.13391983670566E-05
5.80477193332214E-05
3.93931530996779E-05
9.60271636202638E-05
5.79239240825463E-05
4.54864076944546E-05
3.56080801708915E-05
1.7471633835717E-05
-2.9891142736758E-05
1.16823716208708E-05
-5.04853009381316E-05
5.12870251069479E-06
1.86923492876813E-05
3.1266031368353E-05
7.81218373923092E-05
0.000104154300529025
7.17775408629165E-05
7.31219354619576E-05
-8.99132082286682E-07
-0.000197459968481129
-0.000198075283676283
-0.000193176374982186
-0.000186640254256922
-0.000156144340567623
-0.000163120752813554
-0.000124588214174835
5.49106912198048E-05
5.48093718388158E-05
-2.64131522962095E-05
2.33767320523106E-05
-8.30207962172923E-06
-1.14174607585264E-05
6.87107578011548E-06
3.41781191023813E-05
4.04546322670139E-05
4.48717485901126E-05
-1.40089918335777E-05
8.88436690614935E-06
3.68252404508177E-05
2.8445661157737E-05
1.9033205588456E-05
2.5986424137926E-05
7.1513038537462E-05
7.10046532334725E-05
7.14233400231868E-05
7.61835055191167E-05
0.000105587591861316
0.0001220874952833
7.84129343255069E-05
4.10107500935355E-05
6.34576404428982E-05
6.16177862828661E-05
3.78050421611545E-05
-3.64856656921199E-05
-9.57322530652477E-05
-5.27406905559234E-05
-1.68591429451046E-05
-3.77264264407167E-05
-4.86920639821464E-05
-6.29383329903121E-05
-1.27234858729444E-05
5.60193933120229E-06
1.45421386333836E-05
4.20969243255355E-05
1.98628771709832E-05
1.01615000744804E-05
1.21057260616998E-05
1.14804117026509E-05
7.88008879447985E-05
5.01853347806447E-05
-1.59091919280968E-05
-3.72777537571163E-06
2.49163763181422E-06
-1.48932930652842E-06
-2.70495133997839E-05
-3.39277949613733E-05
-2.65208253836326E-05
6.0850039806221E-06
2.68331341785258E-05
2.51631990620584E-05
4.33795673609074E-05
9.3896954026251E-05
5.4154024571411E-05
-0.000106386019826237
-0.000172885666507596
-0.000242991874058954
-0.000189575498010989
-0.000205416643103176
-0.000259760283003178
-0.000275494742459825
-0.000135515291318169
-8.52924946769033E-05
-3.32418684698033E-05
-7.87542803015067E-05
-6.37972729866291E-05
-2.52521433779971E-05
-1.62679629939566E-06
2.29716047980017E-05
2.02716684131336E-05
-6.44984570034924E-06
-5.83797292196197E-06
-1.86000356449102E-05
-2.01117084417957E-05
-2.84214796298271E-05
-2.56188194783637E-05
-4.33479687890751E-05
-5.45503824491949E-05
-2.28275707879458E-05
-1.73746039860733E-05
-3.38966281670806E-05
-1.9558719023062E-05
-3.42868380217544E-05
-2.6979812428814E-05
1.33247894141388E-06
-6.63952817380275E-05
-2.49445802298903E-05
-1.91442300435544E-05
1.09486603867381E-05
4.54741145029453E-06
5.55202160662579E-05
5.60610386482686E-05
6.60746049203217E-05
-3.27134311085473E-06
-3.97676831441344E-05
-7.82184955607439E-05
-4.93680903761003E-05
-8.51531374620908E-05
-8.87456865473868E-05
-7.23874708267102E-05
-1.42608740351909E-05
-8.76902407447417E-06
5.89705073519079E-06
-1.78095573742179E-05
-1.36223786295805E-05
2.64938510943959E-05
4.88344702653367E-05
6.24246466933219E-05
6.13095561310645E-05
5.36509086321129E-05
3.97965330051839E-05
4.37194361414631E-05
3.70581913956336E-05
4.19546910648786E-05
-1.83524563965877E-05
-2.23134541912839E-05
2.18749815432457E-06
2.00377113652353E-05
2.28174016510776E-05
-9.02207168979228E-05
-0.000142677157702063
-0.000178934087387025
-0.000114124877251711
-0.000136930081789236
-0.000134578177509701
-0.000143776717021614
-1.40946100388174E-05
-1.49821796776254E-05
3.69060178466862E-05
4.65861056583326E-07
2.66554334736244E-05
4.89404959616657E-05
2.72556052483961E-05
2.58367786140558E-06
1.58160402372403E-05
3.72099931916187E-05
0.000100749312232013
5.39098948830898E-05
2.99217905750048E-05
4.87908518285189E-05
4.75686918798387E-05
7.28321012001171E-05
4.19782636282191E-05
-3.24557358592055E-05
-4.60235233837118E-05
-6.46542245543334E-05
-3.47686989861856E-05
-2.26023879953667E-05
-1.0162580162778E-05
2.03630252481832E-06
6.4893874566522E-05
0.000104840940477585
0.000141691405179314
0.000174011800174202
0.000125494772715592
0.000104364067837113
9.770960883215E-05
6.76286884183224E-05
9.10914300482384E-05
7.60993259884943E-05
1.91903441827114E-05
1.65492651842557E-05
-4.1158544343231E-06
2.25650236206648E-05
5.38273400215213E-05
-4.71611040516001E-07
-1.05079563931E-05
-4.6075628323845E-06
1.4085154188821E-05
1.88386386203034E-05
-9.42403989257366E-06
-5.45359329620902E-05
-2.61381768307428E-05
2.25604181069337E-06
-2.29205837895985E-05
-3.51323237823542E-06
4.74905765639446E-05
4.97742295922319E-05
5.87596130040616E-05
2.24743375030866E-05
-3.63070582530524E-06
2.97385242403654E-05
5.90290080564549E-05
3.57436230148614E-07
-6.17315711276895E-05
-0.000191540939216526
-0.000160710158124468
-0.000118752840742316
-0.000146817027330947
-0.00018939279758471
-0.000117585955013413
6.24079259711101E-07
9.85011633198575E-05
8.28250310743488E-05
4.02481226152782E-05
5.72302243439192E-05
0.000104976036429249
7.54879032170506E-05
3.79027518334408E-05
5.77893455476966E-05
9.00931217723359E-05
0.000129099462379901
9.87916505947014E-05
4.39132090450257E-05
4.5278273984706E-05
3.0747687690361E-05
6.19746319924634E-05
5.75270339698101E-05
-6.85067924733382E-06
3.4543775490318E-06
1.06820528106536E-05
1.89477057292741E-05
2.4334568171627E-05
-1.41787368530881E-05
-1.48232015825066E-05
4.3264214759772E-05
4.71209962052492E-05
9.32273897727945E-05
0.00011382750524412
6.16298390796984E-05
7.91134979601489E-05
9.77013899038796E-05
7.667647094172E-05
7.46895385225203E-05
3.48999240492065E-05
-8.89844300739684E-06
2.52157379188738E-05
-1.561657858888E-05
-3.06362000672915E-05
-6.33145807280624E-06
3.60969945590569E-06
1.40425859385736E-05
-5.99542385533102E-05
-5.89520366063668E-05
-4.0825805239702E-05
-7.95484532379099E-05
-4.64329539764055E-05
-6.08132541328666E-05
-4.7072532375311E-05
-5.41810427209354E-07
-1.1225031074163E-05
-2.07507293519856E-05
-2.70078995469269E-05
-6.79161550917018E-05
-7.34917524816302E-05
-0.000109059444255837
-0.000119282738574895
-9.04736169528643E-05
-7.58212049080863E-05
-3.93509349613601E-05
-0.000265931939814259
-0.000176284732122351
-0.000148205272610872
-8.06730735474678E-05
-0.000106027585313984
-0.000120345425966024
-0.000136867721975363
5.934995908341E-05
2.37550111353903E-05
1.94299492171826E-05
6.09290864802319E-06
9.88944912764958E-05
6.6708287933231E-05
4.6291490975737E-05
5.9098454507476E-05
7.44019520060091E-05
1.64007252515689E-05
3.07544458667888E-06
-6.7979375026741E-05
2.02005406066363E-05
2.41530515343866E-05
-2.75484493759619E-07
2.87585898988338E-05
0.000122081184161889
0.000138924682000096
0.000153989447628849
0.000134238370927229
0.000176231992128357
0.000193863728663114
0.000124823976986364
8.01183356521994E-05
2.08758791215298E-05
2.52034903725238E-06
-1.84033110237538E-05
-8.52883309001303E-05
-0.000105975880269076
-8.89672222344514E-05
-9.4304848791495E-05
-3.7942268171456E-05
-5.61392554809437E-05
-1.85602189996093E-05
6.9512922204914E-05
8.947439234554E-05
5.76205934145813E-05
7.8703353102596E-05
6.6646801498601E-05
0.000104191517592665
7.05807670902787E-05
1.26300350076337E-05
1.55362040179604E-05
-1.2705335973316E-05
-5.09557252992986E-05
-7.19039580815414E-05
-8.14646564011415E-05
-9.04254860902072E-05
-4.38898600527959E-06
1.2605142996183E-05
2.9305001630196E-05
6.60576646261599E-05
7.26383627076681E-05
5.32591428012833E-05
1.23454841799954E-05
-5.51975426459738E-05
-5.59430494495972E-05
-8.85041554123239E-05
-0.000153225737233516
-0.000120824686224843
-9.92360507960683E-05
-4.51614216623176E-05
-4.96597783082813E-05
-7.72609030215363E-05
1.17764411829784E-06
7.18608923732751E-05
2.55918007917256E-05
6.26234550705093E-05
7.46859651970567E-05
7.11611368729309E-05
8.0091301072237E-05
3.54619384273328E-05
1.18418266438935E-05
5.0496860721406E-05
6.18452354327774E-06
4.39064504679388E-06
1.29823060871253E-05
3.6379935064856E-05
4.35523188286754E-05
2.65460889276537E-05
-1.45689073723616E-05
-2.91258604507709E-05
-4.39080891115151E-05
-1.66402215224362E-05
-2.59285550920449E-05
-4.49195302000435E-06
2.58859494669758E-06
-4.91357472294227E-06
2.49264980161482E-05
5.84909547231259E-05
-3.36690508598217E-06
2.45527030712498E-05
8.35499314428621E-06
2.89963323106628E-05
5.76762344896593E-05
3.21361305761856E-05
2.64514505013503E-05
5.4428653155815E-05
2.59435487144489E-06
6.02088181349367E-06
1.4532891561024E-05
1.045909526103E-05
3.11559543939898E-05
-3.00008237867794E-05
4.03780065922562E-05
-6.73480091173088E-06
2.66504745348429E-05
2.86089387326467E-07
9.84894474542738E-07
-4.3112674097303E-05
-1.51536346257393E-05
-6.5238178202855E-05
-3.36459455541383E-05
-4.7842097462117E-05
-3.97256876164108E-05
-6.01766810582442E-05
-9.98987068363805E-06
3.38426797286001E-06
-1.27868656104788E-05
-5.58945721229648E-06
-7.22245599464842E-05
-6.60677156752973E-05
-0.000195311389607024
-0.000224047114724804
-0.000265630682941543
-0.000222441019429436
-0.000197727273650634
-0.000120189034523994
-0.000101631792652437
7.8718717112368E-05
8.3851002769896E-05
0.000141214392928636
0.000100503232208579
6.86373332217758E-05
6.52874970978159E-05
6.41023722765133E-05
5.77158866023941E-05
5.82554529240192E-05
-1.77725243308881E-05
-1.70624605547863E-05
-9.9382198729354E-06
-4.89842080637798E-05
-4.96138499653078E-05
-4.77350503462189E-05
1.37424611539642E-05
4.04801939504942E-05
9.45204871949195E-05
0.000100822470371291
8.56453575777213E-05
4.09136013092942E-05
8.11612502390317E-05
1.50542429367126E-05
4.13537426041759E-05
-1.33238947931525E-05
1.97793190867766E-05
6.88220647125576E-05
0.000103333509069055
3.13542934214794E-05
6.22971426498993E-05
7.72840708259441E-05
8.27391646447475E-05
9.68421467760053E-05
6.99741278974036E-05
2.7628756600184E-05
-1.75453867617047E-06
-3.18771433304233E-05
1.0797160236895E-05
-2.62816539327445E-06
-3.99576037347738E-05
-8.81486566924606E-05
-4.88259707337829E-05
-1.79481090938529E-05
2.58412709545102E-05
1.04244328075764E-05
4.55452529815254E-05
1.72655634114037E-05
0.000122421507772713
8.1499986362789E-05
2.9948630879803E-05
3.93630994226318E-05
7.86398042224639E-06
-3.61582999085194E-05
-2.08114524380786E-05
-5.64626077121364E-05
-3.10501703270187E-05
6.95742703866225E-05
2.25820104563276E-05
5.43442763921954E-06
-3.97348509447125E-07
1.8828496820476E-05
3.10314530186666E-05
3.71911080754836E-05
-1.13757889125983E-05
-5.63578227630091E-05
-5.11411562227835E-05
-3.69109975755232E-05
-1.54261907263751E-05
1.9157171765869E-06
-4.60714465379451E-05
-5.37397004974385E-05
-1.8980293481124E-05
-9.90903431989216E-06
-3.44333185025629E-05
-6.43648268597216E-05
-0.000114271907891636
-6.01185084831442E-05
-2.58720283244262E-05
-3.9980490926201E-05
-8.7829297510702E-05
-2.47618627013311E-05
-2.58221516921675E-05
1.6250400761279E-05
1.59071437106868E-05
-5.96321023377413E-05
-3.23645420455727E-05
3.71190361639259E-05
2.90054529331289E-05
6.1368388023785E-05
1.39611970860981E-05
3.9138314675466E-05
9.14566961215111E-05
5.51112682922632E-05
4.11365813267262E-06
-6.59587521561451E-06
-1.49292272585901E-05
4.77792074397934E-05
-8.48663029356276E-05
-7.39297176013631E-05
-2.77698653054088E-05
2.52746053540788E-05
2.68033940514055E-06
-2.11363742539027E-05
-4.25374337632812E-05
4.34198246274354E-05
1.07769846848065E-05
7.53840175527155E-06
-2.02775546194526E-05
-4.25173715476911E-05
-2.58838661076917E-05
-6.13713893731862E-05
-4.50934468383947E-05
2.0909204085032E-05
3.00466673673625E-05
1.94141865233756E-05
2.87160863000206E-05
3.59023097369136E-05
2.12698481014573E-05
2.40204541105869E-05
-3.43278731607674E-05
-2.43384492479413E-05
-6.30072299814691E-05
-5.86473647887713E-05
-7.09080153441532E-05
6.46145714177892E-06
-1.02026246331703E-05
8.15546696536323E-06
-1.5772522697447E-05
3.52876405807632E-05
6.87768056275421E-05
5.21466134829426E-05
-2.79366775220095E-06
3.35960812919455E-05
-1.76301512338984E-05
-9.00157019322538E-06
-5.01307783930779E-05
-7.10062653327921E-05
-7.19993802460365E-05
-6.66372082777152E-05
-9.43659121089378E-05
-1.08785467642225E-05
-3.28827007327331E-05
2.87718281895061E-05
1.97961989411565E-05
6.69047797369347E-05
2.50823023083554E-05
-2.0342207693818E-05
-5.41487919985704E-05
-2.83446040539741E-05
-3.68893575463634E-05
-1.12151691087934E-05
-7.53879975078528E-05
-3.41827406516846E-05
-1.1530418153159E-05
1.52715223731991E-05
-1.63955829638073E-05
-4.79968380682968E-05
-0.00014457521429596
-0.000170832237362134
-0.000151262374321997
-3.53131635119075E-05
-3.97201636076619E-05
3.88582612520719E-06
4.27373481748621E-05
9.2092973600044E-05
0.000119696142581775
9.82499412702264E-05
4.42540370869836E-06
1.95581343514971E-05
-1.16419057153829E-05
-3.79100027121164E-05
-1.97822883639309E-05
6.03365037304306E-05
5.11250402131174E-05
3.24261698364188E-05
1.7404008216577E-05
-9.18544711492445E-06
-8.511999708994E-06
-2.20634006053346E-05
-5.04880250507908E-05
-4.06883522108723E-05
-4.16632274934328E-05
-6.47202804364273E-05
-5.05432858542388E-05
-2.30565006682005E-05
3.21113072944449E-05
1.69873590490949E-05
3.65159565992177E-05
4.53034386181512E-05
6.66902770815409E-05
8.80183212333329E-05
4.10812245790742E-05
-9.47026720987493E-08
1.80120999948354E-05
-5.29223753003567E-05
-5.13200347621853E-05
-1.00493106063878E-05
-9.6182091095033E-05
-0.000141372512442757
-0.000109869854206168
-0.000124698928514584
-3.70349444145461E-05
-1.95496443986566E-05
-6.32495128779317E-05
4.99661269828388E-05
0.000119466664785352
0.000119094401063165
0.000128929857809787
0.000114726339628029
9.12704564914027E-05
9.89277065749008E-05
0.000101922020119094
0.000135383103223494
0.000114957664537691
0.000135778155706745
0.000138275506662049
0.000165362228008907
0.00017338271125588
0.00016700045659
0.000169213979346393
0.000156745598464547
6.99347522467798E-05
4.78343165402194E-05
5.88264339129451E-05
0.000110187393932387
9.19360348277282E-05
0.000124427029178931
0.000170575646992738
0.000284568696445201
0.000293124713699731
0.000346261695231011
0.000335099292214884
0.000364295745729168
0.000340600797854423
0.000316323582274106
0.000246888862458434
0.000230505602950321
0.00015611338551258
8.63794668300735E-05
4.96415091992649E-05
0
0
0
0
0
0
0
0
0
0
0
0
0
0
0
0
0
0
0
0
0
0
0
0
0
0
0
0
0
0
0
0
0
0
0
0
0
0
0
0
0
0
0
0
0
0
0
0
0
0
0
0
0
0
0
0
0
0
0
0
0
0
0
0
0
0
0
0
0
0
0
0
0
0
0
0
0
0
0
0
0
0
0
0
0
0
0
0
0
0
0
0
0
0
0
0
0
0
0
0
0
0
0
0
0
0
0
0
0
0
0
3.45726336396724E-05
