0
0
0
0
0
0
0
0
0
0
0.00137237593635442
0.001454070618197
0.00153545866497068
0.00163727933689991
0.00171654765704849
0.00171889877707748
0.00182658873897877
0.00183489094301662
0.00179695340072436
0.00183003820776889
0.00173060645057701
0.00157833730575088
0.00147195717238047
0.00132567337255617
0.00115933093336427
0.000998080820302153
0.000755334573326459
0.000536905873796601
0.000418715302355689
0.000287534322336351
0.000215930552716457
0.000166690034073961
9.37551083773688E-05
5.10114465336778E-05
2.98850091612822E-05
-5.0229663007782E-05
-7.99838317464748E-05
-4.10167549834908E-05
-0.000103011484393471
-0.000149610992150613
-0.000216503995414397
-0.000231371520892284
-0.000230641986024186
-0.000188489348651171
-0.00017179305230912
-9.44507206056545E-05
-0.000230821277396464
-0.000307351687547142
-0.000272908835216099
-0.000315457313820922
-0.000293134959515826
-0.000328955703815153
-0.000365196330793449
-0.000416254067442422
-0.000460862287147891
-0.000519116528126496
-0.000387690213103196
-0.000350287908890762
-0.000344416126121807
-0.000286917780247521
-0.000333366648916259
-0.000309217121139046
-0.000249252206374414
-0.000260451746951197
-0.000275921535216746
-0.00018175578553141
-0.000166007749626853
-0.000129729510841711
-0.000154521307250571
-0.000158028085242672
-7.9993911990682E-05
-1.5589330632374E-05
8.92283817452651E-07
2.80508423369465E-05
6.28722280243386E-05
2.77977215160537E-05
-7.92415791761439E-05
-4.47565977148801E-06
-4.26334865509068E-06
-1.28045866909825E-05
-8.7543832923598E-07
1.32171071899472E-05
-7.75035946585571E-06
-2.08777500176437E-05
-1.76565304612886E-05
-1.55406398661077E-05
0.000125429173324757
4.81667467848116E-05
0.000103939031071784
9.94974592963183E-05
7.11406463101078E-05
-2.62777283636012E-06
-3.08047005840827E-06
-1.06407811951318E-05
2.89892389650329E-05
-7.95712581827392E-08
-4.51330625775826E-05
-4.80691751837412E-05
-6.84060735158038E-05
-0.000108174611233233
-0.000120065805455516
-8.59388288140399E-05
-7.086384935062E-05
-1.83389711753808E-05
-9.87064970686418E-05
-7.34698815079349E-05
-1.78616647223269E-05
-3.66719320778212E-05
-2.54388404944716E-05
-1.91699358751338E-06
2.4904830879728E-05
2.11289286958273E-05
2.94645151891804E-05
-3.38659973397135E-05
3.43002186708491E-05
5.14817899189152E-05
-1.9717825959939E-05
-0.000124577323913809
-7.54550056416705E-05
-7.64849137314219E-05
-0.000103223310042597
-7.89578624882096E-05
-0.000105572113683283
-6.48791026442048E-05
-7.71653727192178E-05
-0.00015902614302984
-0.000131264581561016
1.03286128998799E-05
-3.7618227968301E-05
-3.31522533493968E-05
-2.64271319727207E-05
-6.1134238672071E-05
-6.96665505616549E-05
-8.64357818878902E-05
-0.000102717816477692
-3.6682560389044E-05
-6.47824413831624E-05
-8.18430261509068E-05
-0.000143607767976216
-0.00012931364756614
-0.000134852397605847
-9.90147620819979E-05
-7.69286881151152E-05
-4.13118771899183E-05
-2.5093829610105E-05
-1.78172731612703E-05
1.12034010491456E-05
-2.8553822354808E-05
8.55483920306109E-06
-1.51776087625588E-05
3.57078129160836E-06
2.95011674786173E-07
-1.19047922401068E-05
-5.73916221776096E-05
-9.35389876896549E-05
-9.5747032397991E-05
-0.000104948973707626
-0.000115170212791165
-0.000162435030002006
-3.41462359432818E-05
-4.02252238363692E-05
-7.22158303655031E-05
2.70820008616376E-06
1.82887821048916E-05
-2.41843922119017E-05
-3.24278445999968E-05
-2.05907348876629E-05
5.20614260648866E-05
9.50017928418679E-05
2.32302663216669E-06
-2.44499444125716E-05
1.96498824547961E-05
-4.86131960863813E-05
-2.79146654284965E-05
4.08111897938568E-05
3.8816669571446E-05
2.67861172813616E-05
-6.04651967774273E-05
-2.57107159060763E-05
-5.25627326364382E-05
-2.6380214205521E-05
-9.48684643314444E-05
-0.000101636061664373
-0.000128935698528656
-0.000126124438956255
-0.000119324237195099
-0.000116584085767065
-5.49553981521508E-05
-6.52010301834489E-05
-6.44256853505286E-05
-5.11771589250324E-05
-6.12825985662773E-05
-6.89246036895169E-05
-7.15358096738249E-05
-6.15023885631167E-05
-4.48776809395296E-05
-3.92648448263778E-05
-3.53200770470283E-05
-0.000104143662722822
-9.69130048132116E-05
-8.87527607482966E-05
6.79159546556616E-06
2.56612375219919E-05
2.23006538384413E-05
-1.03399653790859E-05
-6.53834186374571E-05
-2.93188593852308E-05
-2.01062332357847E-05
5.04733621126983E-05
6.68605235881221E-05
3.0652701683278E-05
-2.218369427009E-05
-3.78988911045977E-05
2.52608710960107E-06
1.49516828611018E-06
6.14460744601743E-05
2.37407606734297E-05
-1.3527368639388E-06
4.38255122620197E-06
-1.64869312720526E-05
1.58522852372262E-05
8.67109938409435E-07
5.45624082420469E-05
-3.29504029045808E-05
1.55871950816555E-06
-2.61127451517691E-06
-4.9238276813426E-07
3.9157729398035E-05
3.5268446186631E-06
-1.20750041152749E-05
-1.22204621401083E-05
2.76062136307058E-05
-2.8803671153025E-05
3.96785690240643E-05
1.78557027220224E-05
-2.90671170064169E-06
-7.43919869450767E-08
-7.46489948982184E-06
-2.61212724990905E-05
-7.74381495698521E-05
-2.30925155576436E-05
-3.10232681567969E-05
-3.54275519352362E-06
-3.11894267550717E-05
-1.38796997301373E-05
-1.59715689691903E-05
-1.27972338583587E-05
-2.99525763985339E-05
-1.89900951371308E-05
9.44389823257085E-05
1.55185805809866E-05
1.25002997214E-05
-3.41063932813411E-05
-8.62247551103379E-06
-1.71562330781679E-05
-2.47625107180791E-05
-5.60040001376493E-05
-1.65266243984597E-05
3.10877804176196E-05
1.31242340205814E-05
2.87863237156461E-05
4.88795333491031E-06
1.18583647088548E-05
1.82176744428562E-05
2.56041294306116E-05
3.28945606881618E-05
8.15204472630071E-05
8.61712783738009E-06
-5.12483521507535E-06
-1.50228409993268E-05
6.65185793285424E-06
4.1908498385776E-05
6.17005552952306E-05
2.4607249467284E-05
-1.16888814815128E-05
7.88253819521155E-06
1.14062843230296E-05
5.07416835859608E-05
6.87757397748657E-06
2.16668487683783E-05
-9.28823959032578E-05
-1.10574463714193E-05
1.48875472159173E-05
2.21175096051733E-05
4.47402085409046E-05
2.9787338587009E-05
-4.17471044161262E-07
-2.90538821628563E-05
-1.94521550422183E-05
8.76928348758796E-06
0.000120246217442332
4.5929379749115E-05
1.73138038364198E-05
3.00533981944363E-05
3.63703625730739E-05
3.98956331487273E-05
3.88896741324458E-05
4.39291771359596E-05
8.38155176342957E-05
2.24609731329804E-05
7.96303965997094E-06
2.51860317928826E-05
4.61215953992542E-05
1.64907996762947E-05
4.1234212084787E-05
4.13035977062826E-05
8.88903346289844E-05
0.000110455972168024
8.12823685901101E-05
0.000105539098218601
7.53595742503537E-05
6.64514144366405E-05
6.73866402448387E-05
5.66858573427841E-05
5.41371923311791E-05
2.76228955553218E-05
2.75163435140536E-06
3.87124885361931E-06
1.57298797187782E-05
2.79605247081291E-06
1.87066314155303E-05
-3.23780111943063E-05
1.96623147968986E-05
6.37170707111303E-05
4.41036174237825E-05
6.71602403835385E-05
6.73530022860686E-05
6.6537507449329E-05
7.2671955873651E-05
7.25087730297995E-05
7.30621537578435E-05
0.00013412424125838
3.31125202840546E-05
2.25647103421675E-05
1.62658157782036E-05
-1.49591376362654E-05
-3.41851516852926E-05
-3.70696342400664E-05
-3.02851438615062E-05
-1.57485144242327E-05
-2.10094730438149E-05
-1.13293927405562E-05
-6.10240524151351E-05
-7.63621948840453E-05
-4.10324181848442E-05
-3.3970175587421E-05
-3.06376004570751E-05
-2.15280651730912E-05
-3.56589094755604E-05
-2.59920676665897E-05
-4.776202797556E-05
-9.62968148149218E-05
-3.69125722273113E-05
-2.5372580726818E-05
-4.41464926229491E-05
5.89905854618054E-06
2.85586956115701E-05
3.22878843283486E-05
-6.85993021104265E-07
-9.20060819258368E-07
3.194900795746E-05
2.52109904839821E-05
6.2111200627416E-05
9.18146244617056E-05
8.1924212902175E-05
6.01476678295575E-05
3.81140841872828E-05
1.27541302052728E-05
5.21493429970957E-05
2.48727803436871E-05
-5.51798129760413E-06
1.30557774790038E-05
-1.47928041336574E-05
-1.85950782456448E-05
-2.74055188067477E-06
-1.81183631437059E-05
-1.43533467766489E-05
1.03116147731568E-05
-6.64486531809324E-06
-3.04826514651758E-05
-4.91527909575707E-05
-1.71113347812627E-05
-4.83651957867096E-05
-8.03249761035019E-05
-8.08480633086857E-05
-4.8656370427784E-05
-3.6124225712131E-05
-8.23480235582562E-05
-6.47904914412789E-05
1.2742670402582E-05
8.0279548146639E-05
2.59259569745954E-05
4.66970473700104E-05
6.4029266250029E-05
7.45278885698767E-05
3.74601531352096E-05
2.41110535307819E-05
7.99268888579055E-05
7.04482455242574E-05
2.46377462102073E-05
1.11295752650617E-05
0.000103770142289985
4.58836237018177E-05
7.27786535288359E-05
6.23751724924726E-05
6.16446144508498E-05
6.55830796242702E-05
3.70911143610928E-05
3.20246194490344E-05
3.02517640189533E-05
4.63192433957557E-05
-3.73762981881583E-06
9.03840679542316E-05
4.69402222433938E-05
4.32793137612865E-05
4.55060065237121E-05
2.35334125591892E-05
2.07403260348603E-05
8.68295119174735E-06
2.10114466784225E-05
4.30657380073628E-05
2.8631507159578E-05
3.53739255877155E-05
8.03076609045506E-05
8.05309716326116E-05
9.22842631049296E-05
8.12652804623276E-05
9.80323906120065E-05
0.00011977908100891
9.37063046945546E-05
3.03735600749474E-05
4.29282752456153E-05
3.9984568431012E-05
1.97970472382526E-05
8.66525111262222E-06
-2.14848772628537E-05
-1.55393316842159E-05
-2.90049563875997E-05
-5.49128512673228E-05
-4.5501854892199E-05
-1.45923862091539E-05
-4.78210649453094E-05
-1.68699262345598E-05
-0.000115405372406663
-6.34101496583561E-05
-3.5441443000793E-05
-2.49483672211605E-06
1.08653968946516E-05
4.97227540721903E-05
3.57106086022365E-05
5.22142357040818E-05
5.28281181825196E-05
-7.11992391424293E-06
8.54866569659924E-05
2.69787731399494E-05
2.06132721591208E-05
-2.38573973071985E-05
-2.72000014878157E-05
-9.3880864669762E-06
1.50845130729645E-05
-3.37137993121156E-05
2.3526570442363E-05
3.34779362847563E-05
1.45357265072415E-05
4.64868490831337E-06
-6.41463961000107E-06
5.00807316248718E-05
2.67832651109145E-05
-2.93034595861662E-05
-5.82527817221137E-05
-2.25751976748887E-05
-6.72540144690633E-05
-5.86995716618169E-05
-3.5913659083898E-05
-3.2224469505074E-05
3.24152608539395E-06
-2.50397473617133E-05
7.72045346003361E-06
2.94874278078976E-05
7.67021300198477E-05
9.00151947439346E-05
7.80736761796809E-05
6.52858553225662E-06
-3.34492213620422E-05
-4.41185505090686E-05
-5.69057692537854E-06
4.94287828021433E-06
-1.95300890881292E-06
-5.89178073122643E-06
-8.79590390758046E-06
-3.23629426928011E-05
-5.10666833879883E-06
8.14935604092334E-05
5.31151068383921E-05
9.70930711623717E-05
5.01999480195571E-05
3.75549701935138E-05
6.07008638671714E-05
7.1569140862508E-05
8.12563215570523E-05
5.5292472248055E-05
5.01360367019957E-05
3.85621506764016E-05
8.64370491947172E-05
7.43042335428807E-05
6.65311389314768E-05
7.45077612122008E-05
6.76412694003609E-05
4.66536330088668E-05
3.48460349736753E-05
4.25227708808488E-05
1.86321479960275E-05
1.62897587581722E-05
9.13024559097828E-06
-7.50289850983954E-06
1.10668762994493E-05
-1.97564284513923E-05
-3.86188052763462E-05
-1.36888038513192E-05
-1.87960607584678E-05
6.06180634189901E-05
8.47966624357722E-05
6.54476957017193E-05
7.95581610489465E-05
2.20627224107851E-05
8.61682774321212E-05
0.000135274849399698
0.000107429783967593
0.000118964510483505
0.000107922682565299
5.45368703009665E-05
3.18855656241621E-05
8.15377905886702E-05
8.52565549419349E-05
0.000172935650311043
8.96050532883653E-05
9.17499990769002E-05
0.000105903253960252
9.62607975904269E-05
0.000142874043995306
0.000133199993453905
0.000136737885415881
6.20384387659037E-05
8.6067446764681E-05
0.000107154885919854
0.00011590394732992
4.98894210530857E-05
6.85064742318904E-05
8.49077898992106E-06
-2.20103409675491E-05
8.85907920524614E-07
1.22123580365314E-05
2.44042340622202E-05
4.65437074269311E-06
-4.93427069107971E-05
-1.52315133367696E-05
1.67907897648782E-05
1.06733118342562E-05
7.54566278394193E-05
5.61784743625431E-05
3.13896535733067E-05
-6.28658072823167E-06
1.79021172887326E-05
4.00906779916331E-06
3.38138575977991E-05
-9.65614698783074E-05
-3.72192113713452E-05
-5.34168709837647E-05
-6.21196369740925E-05
-8.28119961566943E-05
-5.3711906726174E-05
-4.09655695372359E-05
-2.58652126134281E-05
-5.03313029058915E-05
-5.50839198591456E-05
3.84609699118158E-05
-6.5872468162264E-06
9.29342989351278E-06
2.32887384795012E-06
3.98706717047478E-05
2.33817934595031E-05
3.50807071331749E-05
6.02921847571897E-06
3.81877229979188E-05
2.70114887219506E-05
4.63579635279022E-05
7.34071890850588E-06
2.05573371038745E-05
1.93547551748138E-05
1.13761888848167E-05
-3.91421710047979E-05
-3.30178217723948E-05
-5.55243053039344E-05
-2.69876473340363E-05
-8.91429289766422E-06
-1.67204792754274E-05
3.13204466888358E-05
4.05655871048643E-05
3.60812685376672E-05
4.62456409439534E-05
7.48460776229492E-05
8.98720546319817E-05
0.000123085957245488
8.32497319535291E-05
7.34024586494476E-05
4.92177137247929E-05
-4.00946417241427E-05
-1.39807430744661E-05
-9.66879438683958E-06
-3.85808479708118E-05
-2.59466179544218E-05
-5.0966401279301E-05
-5.08505641084671E-05
-6.21037088099342E-05
-5.76030285475779E-05
-4.14399358819244E-05
3.31276638734063E-05
1.0224048515019E-05
-2.66929334810168E-05
-1.30664433203669E-05
3.91879690014603E-06
1.98225361157162E-05
3.56670783100508E-05
7.18643235867278E-05
3.59821270537965E-05
2.45783822564022E-05
2.15762842714262E-05
-3.5182092682733E-05
-1.50657194685631E-05
1.38604109864609E-05
-1.05796663445905E-05
-1.212292085044E-05
-1.12460437712814E-05
-2.95160266679749E-05
1.64668116043685E-05
3.16906710410994E-05
5.4141503775337E-05
0.000106771685014914
0.000103539441596196
9.83648478237779E-05
8.64929681730243E-05
7.19580294169529E-05
1.54538963227721E-05
4.78361696873758E-05
-4.07383419070643E-05
-4.37497981985393E-05
-5.33645409167267E-05
-7.79503281679073E-05
-5.25901186620042E-07
-3.93726472166368E-07
1.43681665369691E-05
3.9117577436137E-05
0.000107494848189984
7.42412307191512E-05
0.000124319065487352
0.00012100742644879
0.000131293762278024
0.000128283757940831
0.000107178041162189
8.88117711328741E-05
0.000101725047410518
9.83602612280982E-05
5.69491168663244E-05
5.56973310180869E-05
6.22213352500169E-05
7.68733910821995E-05
3.86238403343804E-05
4.63192502381278E-05
1.83746174345912E-05
3.36145909817665E-05
2.46334334536869E-05
3.46219251967073E-05
7.53029095546151E-05
0.000109621978544274
0.000119418378909997
9.91289711249204E-05
0.000110424939274098
0.000105405500001311
0.000110747300410788
9.09832917515928E-05
0.000108695644559053
8.91330771241202E-05
3.56886161251739E-05
4.00226752453893E-05
4.88317748866221E-05
1.80438043987233E-05
4.3157016200328E-05
-5.92755841639874E-05
-2.42914409885954E-06
-7.72758062691369E-06
-2.69529978977134E-05
-1.44359449499706E-05
2.19918978522277E-05
8.53529394959229E-06
-7.27387495629513E-06
1.35628264649423E-05
1.18327872365601E-05
0.00011863295143154
5.01391555616026E-05
0.000102785380530446
8.11957697252248E-05
6.36678587039912E-05
3.69992271202462E-05
3.89114728553578E-05
3.28707276918793E-05
6.07529646445873E-05
5.16243269962866E-05
2.99587808802345E-05
6.95720763841811E-06
-3.36016877272125E-05
-2.57918061853311E-05
-1.3748800994728E-05
-1.94983457367539E-06
-9.47969262475285E-06
-3.27269090704132E-05
-3.16843610890478E-05
-2.8557340079424E-05
3.56249763517954E-06
2.5494790946665E-05
-1.52041481930709E-06
7.30184019794701E-06
1.18676733975263E-05
2.23729864049018E-05
2.17830681361514E-05
3.21161628073395E-05
-1.28206364207379E-06
-8.43704144342375E-06
-2.92437895895226E-05
-8.32685396660377E-05
3.37048018924781E-06
1.18829003800167E-05
-1.9579189178636E-05
-1.45584707974205E-06
1.36624805847596E-05
1.19081111592525E-05
1.04075514734048E-05
1.6725670597192E-05
2.19451271487431E-05
5.60080491507167E-05
-5.31355368929276E-06
-3.963348872669E-05
-1.94168951525314E-05
-3.96863627539152E-05
-5.73965327636356E-05
-1.870407430305E-05
8.37586759380115E-06
1.49456727347357E-05
7.6677391773602E-06
2.32287011246329E-05
6.77455180517214E-06
4.32204543576302E-05
3.98433183917641E-05
5.08589240511087E-05
5.52069102656456E-05
5.96801769991989E-05
2.77461886827092E-05
1.24089079509036E-05
1.80146777966105E-05
1.89055423143798E-05
5.83207462573711E-05
3.42171357387124E-05
-1.58998102797321E-05
-2.52858170428242E-05
-4.02291929338213E-05
-5.10779904125061E-05
-4.8563422347837E-05
-1.31635133264801E-05
-9.57000433564344E-06
-4.54709842904868E-05
-0.000148496936342449
-9.82374981385358E-05
-4.02290604910138E-05
-4.99631442609841E-05
-3.23420049548306E-05
-5.33022094704044E-05
-1.71090793169723E-05
-5.34360588436104E-05
-4.71144321090084E-05
3.05284032940283E-06
6.35615713733204E-05
3.25271156954699E-05
7.28166509381528E-05
7.92604334761696E-05
5.51248133887471E-05
6.77085994108416E-05
-3.86777591621395E-06
-6.0033629097043E-06
-5.27644271447744E-06
-5.28058314463805E-05
-1.9045958626526E-05
1.34330576365418E-05
-4.09389822892768E-05
-1.90602224540351E-05
5.29935022107582E-05
2.02917680953481E-05
-2.17160413932518E-06
3.58163019354632E-05
2.04107652783942E-05
6.08334481933231E-05
5.39283835304067E-05
1.09186512775679E-05
3.20175699354726E-05
2.84817918978295E-05
-4.75766288283601E-05
-2.37801650472434E-07
0.000102430741635087
8.93044552067213E-05
0.000115527509460419
0.000146374586555107
0.000109455404599557
0.000157100568963401
0.000213254025199867
0.00021102576151023
0.00024199357279072
0.000187850666938827
0.000156482474128444
0.00014341141272037
0.000131276372437446
0.000196356069881534
0.000213862771046929
0.000155313711316291
0.000116786148021735
8.97239022169589E-05
7.23129487737738E-05
0.000144902841152788
0.000166424853696732
0.000143317989579953
0.000133770835826532
3.91670427487197E-05
3.96419199251476E-05
6.0453235884831E-05
4.84942496568116E-05
5.66621122807915E-05
1.37262092186314E-05
1.4471796328364E-06
1.82790220865307E-06
4.41405857010997E-05
5.40026298864193E-05
5.67550347548774E-05
6.35984301543744E-05
6.91743350151083E-05
6.08205701991998E-05
6.61593542886034E-05
0.000140756268796327
0.000119634519734707
9.17721612708895E-05
6.69002976637981E-05
4.55490531145951E-05
4.26457566450269E-05
8.16422779344377E-05
3.13813289439085E-06
0.000110822102956128
0.000113841582528216
6.14083634466758E-05
5.28165163245151E-05
6.19613335148628E-05
7.27097485066113E-05
5.99065811673789E-05
5.56141722802768E-05
6.10239040468827E-05
0.000135008556177028
-9.81370728799762E-06
-1.15850425756802E-05
3.80298120154077E-05
5.57041971353136E-05
7.44192981798328E-05
6.70114644186484E-05
8.23049471161403E-05
7.86078804385852E-05
-4.1803590841953E-07
2.87066163290732E-05
6.74762974741174E-05
6.58088108910392E-05
4.32280977793349E-05
5.68685890371419E-06
1.27618264112525E-05
1.75077818446068E-05
2.1417479851533E-05
8.36877162654825E-05
0.000137041848543402
8.4591805588461E-05
8.08821420789778E-05
4.10688045490544E-05
5.32079465867329E-05
4.61588387365894E-05
-1.79036326740085E-05
-2.28769236863948E-05
-7.7919218172421E-05
-0.000123515719511826
-0.000144158171906537
-0.000154241205938162
-0.000216395374132326
-7.09813208444553E-05
-0.000146016653411358
-9.50476965293944E-05
-6.99256494909013E-05
-6.75479958066168E-05
-1.79085937387187E-05
-1.98014970556161E-05
6.86463917550481E-07
3.69226257210337E-05
6.2980039881865E-05
-9.58033982475655E-05
-3.93434737731578E-05
-2.43968869637795E-05
-4.04291041594954E-05
-4.00387652665209E-05
-5.34414692977453E-05
-9.34975015550984E-05
-9.76175114945251E-05
-0.0001058767707876
-8.47835343442566E-05
-3.62596823078532E-05
-4.73801293775357E-05
-9.48902268034542E-05
-7.03817329106532E-05
-7.11242912751965E-05
-6.48514527539055E-05
-3.01916144636759E-05
-2.76861484606033E-05
-3.73275002784681E-05
-4.44405574318851E-05
-2.28235437282447E-05
-1.07030789045658E-05
-9.18622128404803E-06
8.16287369127424E-06
-2.28107791014509E-05
-1.11010810835906E-05
-3.93571287698351E-05
-3.67186432947421E-05
-3.07264136466463E-05
-1.83202473966181E-05
-7.94074188417302E-05
-4.28930677350352E-05
-2.76283153614666E-05
-3.46286568729311E-05
-2.56241213130437E-05
-5.24492893847447E-06
6.68629725643315E-05
-2.21971966918411E-05
-5.60973064525036E-05
-5.3590313219526E-05
7.31226198622486E-06
-2.87166517521701E-05
-1.73789372747598E-05
1.20993765212472E-05
-6.61723469291103E-06
1.6998289553813E-05
-4.60274427401023E-05
7.08506550870137E-06
3.45895792442237E-05
3.79663612922915E-05
6.95765244349345E-06
2.04871693074682E-05
2.05681228450486E-06
-6.50098919533477E-05
-9.51839361763454E-06
-4.84416601765049E-05
-5.49032493519326E-05
-4.06411888533715E-05
-1.70933859290762E-05
-3.03907317518229E-05
-2.62795291454864E-05
-5.05755720516456E-05
-1.80142043016133E-06
1.84165788441798E-05
-5.54329608461697E-07
-2.16870865542616E-05
1.56888159780228E-05
3.62520628330983E-05
7.01723186401084E-06
2.38560290354833E-05
-4.18156075600103E-06
3.55098176616806E-06
1.28620021361407E-06
-1.87654067100632E-05
-2.11464698679034E-05
-6.20204582171208E-06
-2.86802462105436E-05
-3.78780446784587E-05
4.16501855390233E-06
-2.21830745918702E-06
4.29688494259037E-05
3.48199109562994E-05
-5.29912775297922E-05
-5.01543581726019E-07
2.07803065544944E-06
3.15526273716632E-06
1.81437944081612E-05
1.55603106155038E-05
3.50310776540576E-06
2.09852670659584E-06
-2.60410238972217E-05
-3.3816395977341E-05
-1.08745790118619E-05
-3.937422920618E-05
-2.07545125981919E-05
2.55613640018426E-05
-2.29979715383212E-05
-6.76827316430299E-05
-9.03781626359036E-05
-7.14883721599619E-05
-8.40090347337955E-05
-7.71297170851694E-05
-7.3553792949734E-05
-8.38282249833001E-05
-9.77414811219187E-05
-0.000138607460317148
-0.000105637568540885
-5.64816694061477E-05
-3.03964613705132E-05
-2.95702029759178E-05
-7.74579663274236E-06
-7.3633252849086E-05
1.36616897781993E-05
2.95458922232889E-05
3.64612690970371E-05
1.17460755307498E-05
6.13951289271472E-06
-1.20055394598551E-05
-2.99157684866267E-05
-3.81203766959277E-05
-6.63935394083511E-05
3.13420266144386E-05
1.20810955400895E-06
-8.64633670231179E-06
-2.56377163194518E-05
1.22013224637626E-05
4.45391022507998E-06
1.11236740263475E-05
2.09361669686708E-05
-4.5014359703313E-05
-1.66075639503515E-05
-3.29458105363671E-05
-5.72095736520227E-05
-7.47912087035817E-05
-4.85620153092947E-05
-6.19629978664571E-05
-2.42691870080712E-05
-4.02833140903182E-05
-5.28697831294339E-05
-2.68748067793166E-06
-8.67980361011955E-07
-2.26639325604229E-05
-6.03527837952087E-05
-3.16488902917433E-05
-6.8637892039239E-05
-5.12359240640188E-05
-5.68933830845578E-05
-6.50212858015186E-05
-7.05419949621813E-05
-6.10905584619619E-05
-6.48741295624869E-05
-4.37168710780105E-05
-8.93950191458052E-05
-4.83706770435927E-05
-5.85333273968222E-05
-2.83943670515939E-06
-1.72692853287016E-05
-2.45582176323545E-05
-1.04272486407899E-05
-1.21651592106039E-05
-1.81773405654601E-05
-1.64519405650352E-05
7.58927940148339E-05
3.8642236567841E-05
5.47897807078033E-05
-1.59487952344587E-05
2.10531077576033E-05
4.9534473052596E-05
2.67768820419956E-05
3.9694583766716E-05
2.21065507673634E-05
3.1151792145825E-05
3.07402870347613E-05
5.05415097327961E-05
8.08161793815166E-05
7.32212888121125E-05
1.90564406247827E-05
1.02106318349662E-05
7.60916958447255E-06
-8.855754256627E-06
3.22484464949686E-05
3.8824091601414E-06
-3.87210925151527E-05
-4.97423667939617E-05
-6.5397634217279E-05
-4.38696049481788E-05
-2.46946391249171E-05
-1.99396900033811E-05
3.82962520163833E-05
3.77160311191565E-05
5.17785315685175E-05
7.56073043532984E-05
0.000105696056620299
2.97779386237104E-05
4.4791344953789E-05
-1.08176357197994E-05
2.95263461035963E-05
3.40874528272848E-05
-1.89062679162522E-05
-1.70833581794782E-05
-7.42728216016693E-06
-1.75303018716359E-05
-2.5053722261312E-05
4.34089469645852E-05
6.70873667064119E-05
0.000121729660313249
6.91662362425806E-05
8.1574257597524E-05
0.000116860862667244
0.000110288353365145
7.54681638843983E-05
9.85675815600879E-05
0.000100120029386581
9.80671612395638E-05
4.29987504739488E-05
8.7588689094415E-05
6.96185187265557E-05
5.23168061247544E-05
2.06578356103603E-05
1.60334278465469E-05
3.91791120962855E-05
2.75410041110171E-05
3.62749876199134E-05
5.90013242596475E-05
7.84518257358001E-05
2.90793774902276E-05
3.71911109429256E-05
6.22287051712833E-05
3.824858323273E-05
5.28386322490345E-05
4.37126600276385E-05
3.55319842450917E-05
2.30942719103431E-05
-6.71024656894608E-05
-5.83417244662574E-06
-1.95157937207941E-05
-1.47672592490537E-05
-4.20622648325058E-05
-1.78991225334139E-05
-3.76689510566292E-05
-1.01205171681332E-05
-3.75300817582679E-05
-2.16421955626672E-05
6.64443712740957E-05
-2.03638069205169E-05
1.11374705130515E-05
3.67295904217468E-05
3.53175589021036E-05
3.34462273264903E-05
7.48482091275003E-05
2.57537000613659E-05
4.08526759032553E-05
1.85694337330681E-05
9.11906253646917E-06
3.78023594896806E-05
2.73439526127458E-05
3.69304387382819E-05
4.5332935406312E-05
6.52339156302346E-05
3.40532495074037E-05
2.89000140968817E-05
2.69710310175318E-05
2.54509059375912E-05
1.91838107654926E-05
-1.06321514607626E-05
1.33658497831392E-06
-4.74466471662827E-06
-1.51835682661622E-05
-3.24558406416164E-06
-7.15367237309333E-06
-3.07878295155982E-06
2.19585464054309E-05
4.4355016556424E-05
3.18693888285829E-05
4.41936709609219E-06
-4.23223368642798E-06
-2.81833053908543E-05
2.52284111738496E-07
-3.07171280230958E-05
-2.30104880645493E-05
5.20726430597209E-06
-1.80513665852816E-05
-4.50506609341471E-06
-3.51206479674632E-06
3.77823407160043E-05
1.01848479571835E-05
4.00369254063363E-05
-3.8166608473659E-05
-3.59951416907605E-06
9.85494420898529E-06
-4.62938823360558E-05
-1.94950791292478E-05
-5.09242159553579E-05
-3.52084230652167E-05
-4.57320817232602E-05
-4.00544577397963E-05
-4.36311306089843E-05
3.55206475342866E-05
1.46069871758903E-05
-4.3274387016224E-06
2.91803720864691E-05
1.87704066276942E-05
4.63393113283488E-05
3.49718340484184E-05
4.20020391976492E-05
6.46696009909781E-05
2.28116644788657E-05
1.16712221094217E-05
8.61052571147818E-06
3.61284048293619E-05
5.77867466674917E-05
4.13801499971405E-05
2.04296268927343E-05
1.84843511125326E-05
5.29827338920947E-05
-4.80183144029231E-05
-2.38614566203452E-06
4.27680355832486E-06
-1.70772248601625E-05
-5.43174608223273E-06
6.11632481008981E-06
2.27618829514645E-05
2.10377787052705E-05
5.10117867714666E-05
1.79053633797107E-05
0.000119318679784841
8.00696546903918E-05
2.97671563945203E-05
9.07457531689523E-05
6.81548311435958E-05
5.60313579371724E-05
3.40500966890929E-05
7.46540118067286E-06
-9.70399620252092E-06
4.11885293121037E-06
-1.43971389755129E-05
-7.85907009070639E-06
1.47639171574762E-05
-1.55850676888349E-05
-6.0074397094171E-05
-4.09667545460472E-05
-8.50830689008743E-06
3.01728048477385E-05
3.63413725282314E-05
1.22090554820637E-05
7.41262384323835E-06
1.88575107249509E-05
6.51862569648489E-05
7.33994133341072E-05
8.8734183980669E-05
9.10997621348011E-05
4.19309860135631E-05
6.24466626103095E-05
1.50765807047226E-05
2.68225786891828E-05
1.93214003770602E-05
6.43880687959226E-06
1.92297464604494E-05
1.54418609183422E-05
8.96764397068253E-06
-8.3753867633119E-06
9.13727305009424E-06
-5.28702693465263E-05
-3.44504707077199E-05
-3.5088455610236E-05
-3.09758027406441E-05
-4.2221050382644E-05
-6.35810302759181E-05
-8.67539689340272E-05
-4.93013182624344E-05
-8.96674921623556E-05
-7.51102703463463E-05
-3.96887474106537E-05
-3.55385202832418E-05
-1.58539859686036E-06
-3.97996416605552E-06
3.72716851598731E-05
6.52369949753094E-06
2.76115741181013E-05
2.21574076056016E-05
6.9258234459016E-05
2.32587957960923E-05
4.89866127315237E-05
5.51013144015452E-05
-1.38045203994608E-05
4.82270214771482E-05
4.92881199416673E-05
8.0774540629857E-05
7.1503537668649E-05
6.55401869867411E-05
4.16657087729634E-05
9.8263538982621E-05
9.71942967432334E-05
0.000104454949704714
0.000185486678224686
8.8731124707105E-05
7.36674042656445E-05
4.73158287389135E-05
6.5896748266282E-05
4.10302545434962E-05
4.05183833907268E-05
4.05175243068059E-05
-2.21558092125527E-06
-9.14602343289049E-06
-5.34884162482426E-05
3.25542965387098E-05
1.94604074569574E-05
4.83179099780766E-05
2.89112305972432E-05
5.51710170889782E-05
6.75547928351319E-05
8.12440348881189E-05
0.000114282016572787
9.64827317348861E-05
0.00011128166211521
6.55654765989355E-05
6.66468037086745E-05
5.79020428182728E-05
6.30774393122892E-05
6.24477556731653E-05
4.78044253508691E-05
2.58513417997981E-05
-2.6308731208847E-05
-2.14246331248688E-05
-2.30532320568837E-05
-3.20530692102878E-05
-1.00751588406697E-05
-1.41101381476877E-05
-1.01474687211119E-05
-3.56986684303542E-05
-1.8392613243072E-05
-2.42719289736584E-06
3.51469975391276E-05
4.35167612283007E-05
3.57541864807599E-05
3.65535884444334E-05
4.94844936222825E-05
-5.72385647865884E-05
-2.14090260814371E-05
9.80772182915815E-06
9.60535420626604E-06
-1.79313034520895E-05
-3.8751792107559E-05
1.29836039387748E-05
-1.38528703585366E-05
6.8950990174742E-06
-1.42735079689443E-05
9.69250341452714E-05
5.43757526458235E-05
7.24143370157122E-05
8.89204523465937E-05
6.78429519091791E-05
7.84187613996012E-05
7.49275394213589E-05
9.68806330884906E-05
0.000103014324218135
9.17457413507889E-05
7.9140576055146E-05
8.24405048240793E-05
2.33947483726887E-05
-4.85199347605E-07
3.85847379447239E-05
3.03345878245936E-05
1.54707353937706E-05
1.88187708067582E-05
4.88376887539952E-06
3.45923352228336E-05
3.43974409970072E-05
9.9760505805911E-07
4.94817278782022E-05
2.58382147922495E-05
1.80466846559122E-05
2.8586477894117E-05
2.59389691959436E-05
3.02902988656815E-05
-2.21214964006521E-05
-3.67161182290693E-05
-4.10792349655862E-05
-6.44538609626709E-05
-2.17420271279306E-05
-8.95309135742501E-06
-1.69209594973267E-05
-1.45166423076409E-05
-1.8976429779914E-05
-6.50243002956686E-06
4.95712274075644E-05
7.68565010116625E-05
7.34941071912679E-05
0.000121175121212591
6.39901404864426E-05
8.75129405942052E-05
7.08769025549066E-05
9.09872041003937E-05
4.62233268447949E-05
2.0123789966325E-06
6.08846590829965E-06
-4.88658793363759E-05
-6.04700483462215E-05
-4.58640081929462E-05
-4.78812015914668E-05
-5.34327695237307E-05
-3.00963235895937E-05
-3.3218583725318E-05
-2.10092628712808E-05
-7.19622019176221E-06
-2.79061870142831E-05
5.34026651339234E-07
2.82162249362863E-06
-3.21852902991328E-05
-2.60052402572617E-05
-4.20635160801822E-05
-2.78575693715753E-05
-2.66451898910674E-05
2.58978455874597E-05
2.61472723849506E-07
1.57960011475917E-05
1.25584742238076E-05
3.07485044412594E-05
2.67962576816749E-05
-7.0077061177879E-06
-2.06594049095034E-05
-4.14666187147604E-05
-4.15308231024873E-05
-7.38957042993304E-05
-4.49199417940329E-05
-6.41702753224949E-05
-8.0915183192847E-05
-6.07235950125802E-05
-2.82080851923636E-05
5.52830130873934E-05
0.000103118876886111
0.000125551596949956
0.000113573544903235
0.000107664993005728
0.000107593370684157
0.000106151388967605
0.000150711940287823
0.000134286029951167
0.000136524841929155
9.39049070121137E-05
7.24299641605303E-05
8.17786084285145E-05
8.82283863772486E-05
6.72878151627251E-05
0.000120161773975064
0.000173853900096126
0.000151903830940748
0.000133509571920332
0.000128931349369046
0.000149215960571838
0.000133152077898491
0.000129658669964093
0.000129532724572092
0.000165549721568372
0.00013093428526126
0.000108665423140706
9.45351183651054E-05
0.000119529916806017
0.000137214774028246
3.53267659854244E-05
0.000170060428006321
0.000154122699240023
0.000155655029626228
0.00018151637376694
0.000172170209803032
0.000178084227899327
0.000187051028438474
0.000155075909043389
0.000159790277910052
0.000228588943248398
0.000135548517599235
0.000166498991759207
0.000166944921454874
0.000136352806663966
0.000158144479247168
0.000171758520559967
0.00015310705875723
0.000168201703723147
0.000151204677643682
0.000170134887342979
0.000164136706027097
0.000121621252805137
0.000149102735754401
0.000148748617105874
0.000130892812236829
8.99652478822881E-05
0.000127897206828244
0.000150504462812762
0.000142899437974473
0.000135361125959331
9.40258383861907E-05
9.74409542529509E-05
5.83861448718178E-05
7.10093500087902E-05
5.49236425940675E-05
2.69832588077202E-05
2.34967522216692E-05
-1.52017716620043E-05
-3.6779096443091E-05
-1.37230289525533E-05
-3.0834583674473E-05
5.56967624273349E-05
8.33936119400248E-05
8.71303354415122E-05
0.000125778626655227
0.000141053411778215
9.48297471619324E-05
0.000129886158746516
0.000125393825244244
0.000129823957171824
0.000137279747183839
7.030732759623E-05
2.58395789285452E-05
-3.91358034802303E-05
-5.86652399565925E-05
-3.8235533128259E-05
-6.05167255049948E-06
-3.22534181287881E-05
1.63671269836448E-05
-5.23210491095677E-05
-2.5016786959386E-05
-5.45724978750188E-05
-4.34565105640641E-05
-1.49964441485588E-06
-4.25637786782494E-06
1.48896874083007E-05
-2.87908926378353E-07
2.25052845487941E-05
1.28869669865568E-05
6.78215188450028E-05
7.39244929902781E-05
0.000100301383369762
0.000164702608742587
0.000103825887186382
0.00015314281070473
0.000156996249719666
0.000164772213883887
0.000158471043521556
0.000153928580127643
0.000143780120987074
0.000153711501413001
6.13176284363362E-05
1.88364673472952E-05
9.9305682089125E-05
4.89958284958354E-05
1.8680180671046E-05
1.62935338547472E-05
-1.88722828836854E-05
-6.86835404143697E-05
-5.62018164854885E-05
-7.90197502230377E-05
-1.91749965382657E-05
-8.94711804969504E-06
-1.12434960221247E-05
-1.71734198723682E-05
-4.15926880542447E-05
-6.44583384193401E-05
-3.19191956311784E-05
3.72217022203631E-05
2.18271950743342E-05
3.30672707810767E-05
2.28826865831878E-05
-2.73627083164962E-06
-1.35102332788134E-05
-2.02248946133918E-05
1.57580068456251E-05
4.32785098030306E-05
4.57525278097952E-05
3.02019000204039E-05
2.51401740547227E-05
-1.4869830670491E-07
-2.14143414653413E-05
-4.02313140636221E-05
-8.38524215309965E-05
-0.000100409392655468
-0.000154895922212084
-0.00021256753299032
-0.000205726339427593
-0.000183905287160319
-0.000171691869603073
-0.00016376027638579
-0.00012513705753123
-7.1915609342571E-05
-2.59944876621245E-06
2.78961446682986E-05
7.17376550639495E-05
9.39375634684089E-05
8.39784400672063E-05
7.67198436306967E-05
5.87592363258346E-05
2.08735840391057E-05
4.25374166427164E-05
5.86927267092496E-05
-5.89896633257301E-06
-2.93714257640913E-05
-7.19863237537186E-05
-3.15810172846904E-05
-5.21129379026003E-05
-0.000103647889954024
-0.000120241322383119
-7.08501129904487E-05
-8.70992594518516E-05
-0.000134876082643115
-0.000127018962530693
-9.39608096789468E-05
-4.40387691583687E-05
-5.35628058996575E-05
-4.21106003689045E-05
1.10227531504759E-05
9.37329324122919E-06
1.2557274971381E-05
5.42904430209736E-05
6.11321426176871E-05
6.56667062094926E-05
5.80272735754279E-05
6.37846129868097E-05
5.94759532434456E-05
5.40364860835706E-05
2.02316041180629E-05
1.14095109010539E-05
1.22621780555067E-05
-1.9954813268911E-05
-9.66226203277569E-05
-2.07281696567714E-05
-9.35734060510607E-06
-5.3619298925428E-06
1.7001218829356E-05
2.42431149258467E-05
3.74353946899237E-05
5.66570970048241E-05
4.95342975029178E-05
2.75605446998695E-05
8.36022638120674E-05
1.83554606454649E-05
-2.25193378451832E-05
-3.04669573914779E-05
-4.92696138291568E-05
-3.33933340455123E-05
-2.55193251690519E-05
-2.19437810050064E-05
-3.65471863918244E-05
-1.85430908458834E-05
2.16518441392647E-05
1.78897804065143E-05
5.74660066846628E-05
4.07391766379233E-05
5.82467148458647E-05
2.6430124099879E-05
2.58286223885699E-05
9.49150469518406E-07
5.05529509132162E-05
6.70924532415922E-05
2.02329801489778E-05
1.41960707243581E-05
4.5988146866083E-06
-1.41013683000106E-05
-2.00624305087854E-05
-1.17586936005307E-05
7.66993214104496E-06
7.51728973600691E-05
4.08137539046178E-05
1.85396230182677E-05
2.25225765290153E-05
-2.33367891561094E-05
7.68471329281839E-05
0.000119362261490351
0.000138995499213723
0.000147617570368784
0.000114421402678325
7.79715655395026E-05
7.02611947261796E-05
7.18874429665911E-05
0.000102215807531022
0.000159850197360286
6.5200346332878E-05
5.13785491970781E-05
4.63552410565553E-05
2.69762217559862E-05
4.49250512283055E-05
4.513434085746E-05
7.59040959574306E-05
4.53529294772721E-05
5.19879879489324E-05
4.73194212140742E-05
-1.99700431887853E-06
-1.09628192018638E-05
-1.64428298436125E-05
-2.26806825512985E-05
-6.32866540405636E-05
-2.74475174454281E-05
-7.05050877771401E-05
-2.13955584007891E-05
-4.74485593144337E-05
-7.20148085160909E-05
-1.27894235228443E-05
1.24686976968905E-05
5.30363364617134E-06
2.12411844602047E-05
3.63607856224174E-05
-5.03594577201866E-06
3.11018403500972E-05
3.57718355364439E-05
2.02205322881114E-05
5.63175442698364E-05
-8.71096692575895E-06
6.36435728651693E-07
-7.03632841255414E-06
1.6250319146586E-06
1.02972177543249E-05
-4.66394945742865E-06
-1.8954488975822E-06
1.40708930432435E-05
1.4922585648447E-06
1.02102089495224E-05
4.95629718470385E-05
3.40503516365549E-05
2.91993981106981E-05
5.21290083600139E-05
6.61610929455005E-05
8.86593581241582E-05
7.05580444363522E-05
0.000111724650633291
0.000160294936979754
0.000161996571275912
0.000195636999027872
0.000234700500751931
0.000250031097382644
0.000239191169993084
0.000220881308861459
0.000250683045987339
0.0002236745902894
0.000135037997255127
0.000147676671976179
0.000151888748301928
0.000144644830708928
0.000116238232230294
9.98639249127467E-05
7.09704319949795E-05
8.93805777355465E-05
5.27374395125382E-05
8.53457310145109E-05
9.05956690073422E-05
4.19439347275212E-05
8.71804912147622E-06
-2.11751598471021E-05
1.29237082504265E-05
2.98254633807961E-05
5.97418001964993E-05
7.1612574323158E-05
0.000101243042053355
8.89042305927023E-05
9.46920910684748E-05
0.000142172870816451
0.000144046593900745
0.000157590208526925
0.000104089375195296
6.54434221251857E-05
8.63567534913252E-05
3.39239466424941E-05
1.06187257993759E-05
3.94000775819679E-05
4.28515096929791E-05
1.24339524076429E-05
3.39306818626024E-05
3.38065312105273E-05
2.59078903787068E-05
5.07442887390171E-05
4.55002099815421E-05
8.47589107021656E-05
9.46124347138729E-05
1.59242026275882E-05
3.52100754017202E-05
4.18831318875978E-05
4.1632754532615E-05
-8.46377022966301E-06
-2.00008842785765E-05
-3.61421703876563E-05
-4.99687328903616E-05
-9.57028678275479E-05
-0.000109964306356006
-4.64406736012687E-05
-6.17158094968941E-05
-7.33732060810701E-05
-7.37206342604628E-05
-3.78119266929556E-05
-8.86402833660827E-05
1.02261559907122E-05
2.30991577775678E-05
6.78801240124203E-05
6.07667432133602E-05
2.43031331148842E-05
1.07115203450342E-05
3.1431358069072E-05
4.6987553261651E-05
3.48953364177921E-05
0.000125567045502112
2.77675150998342E-05
-4.75117992159709E-05
-6.68684953946633E-05
-6.04533571815466E-05
-4.13656224312746E-05
1.4181716790088E-05
9.32547145974872E-06
-1.79246567986393E-05
1.22407892591576E-05
-2.60291355900035E-05
8.20695580614681E-07
4.9912599261672E-05
7.01843935369363E-05
9.17693711675471E-05
0.000110333123310801
4.54616492227435E-05
-2.61093088817752E-05
1.88084643779353E-05
-1.91037336108318E-05
1.75647622618845E-05
-2.03223559047177E-07
-2.38485092942808E-05
-3.98671544908132E-05
-8.20794394629136E-05
-6.91266557956206E-05
-4.38496459701183E-05
2.34943151787386E-05
-3.83790591128513E-06
4.02541352461349E-05
1.26532282887317E-05
-5.00064836441996E-05
3.66370259781204E-05
4.47931330534102E-05
7.52378266431087E-05
0.000133062813339662
0.000110689598012769
0.000118671899129617
0.000114437415840616
4.05557584951421E-05
6.80561248462375E-05
0.000206728350536771
0.000149193329071984
0.000176282483133554
0.000195253682263111
0.000115792891328866
0.000161447250684186
0.000123528881342062
0.000136148042694247
0.000181835171960591
0.000160110791716845
0.000111571163299751
0.000139895076027413
5.56040358766143E-05
5.19200837605601E-05
-3.700652820563E-07
-3.23997872198862E-05
4.27788933095676E-06
-4.41177667721979E-05
-5.21829553818215E-05
-3.0091611699835E-05
-9.407559625249E-06
-7.77197415367873E-05
-4.33586730123671E-06
-1.83303097434658E-05
4.83250922783638E-05
4.32693349338739E-05
2.43869146931828E-05
4.34468309102196E-05
6.97403353465397E-05
6.75628318157792E-05
3.55677373485026E-06
1.807320581342E-05
-1.47785568556474E-05
-4.27107611379531E-06
-3.05574539862144E-06
1.9683217718684E-05
8.80416667671851E-06
-4.23614524769724E-07
-9.95774179077768E-06
-2.85193932068468E-05
-9.73969440063304E-06
2.55135888982844E-06
3.08169949372223E-05
2.07489478650279E-05
2.09841516607964E-05
1.06028026518449E-05
-1.32365706106688E-05
3.99722644579813E-05
4.03803087404008E-05
2.96628204109951E-05
7.46469123951687E-06
3.51728505095209E-05
-1.57900581452661E-05
1.37602931640071E-05
2.16648147394375E-05
-6.25278141694001E-05
-8.93577725693692E-06
-6.2452556181375E-05
-2.74516497944303E-05
-2.26246426364488E-05
4.61260782223049E-06
1.23322270010026E-05
2.11206793998448E-05
-1.45444902440999E-05
-3.44620090849671E-05
3.49842585794166E-05
2.61339276009506E-05
3.68196852055421E-05
-9.7497578515348E-06
-6.15009857292099E-06
-7.55047870452828E-06
-5.16599598486943E-05
-5.87075630416551E-06
-2.18564194043231E-05
-3.35787161355389E-05
-5.55434909817106E-05
-7.08309457947661E-05
-7.19604052942351E-05
-7.02906331270727E-05
-4.31351126483121E-05
-6.96411503719144E-05
-2.27563637800372E-05
-3.97059060796287E-05
-3.86445252926507E-05
-7.48158590391707E-05
-6.40149290509896E-05
-2.21759386031152E-05
-4.26055425831902E-05
-4.34834748521697E-05
-4.72566670885342E-05
-8.08795893232815E-05
-8.0165040572137E-05
-0.000113728912694844
-0.00013131540341314
-0.000100880130131213
-6.46093710327113E-05
-9.00643753910562E-05
-7.3292461434637E-05
-5.40617546235537E-05
-8.08492195974854E-05
2.72116453163793E-05
-2.11376713871126E-05
1.60625313959318E-05
4.42388772733006E-05
5.85004142343121E-05
5.0808235033925E-06
5.84768333077607E-06
-2.3486567529307E-05
-2.16668052093616E-05
-3.86665731915909E-05
-0.000115699927042099
-0.000101103541041129
-0.000211937661311873
-0.000189400303832633
-0.000180605244181771
-0.000162209925745493
-0.000179600126743644
-0.000163672193205934
-0.000151907854619017
-0.000139717199138274
-0.000114948857310538
-0.000132225213578845
-7.53033959630207E-05
-0.000115027121218929
-0.000170833865393465
-0.000134218911977074
-0.000144909225498706
-0.000181507236486588
-0.000183311391722966
-0.000173871904888021
-0.000170740780206032
-0.000151589760294826
-0.000101536089831073
-8.84960824077948E-05
-4.89566950427143E-06
-5.65782678691608E-05
-4.55790318946661E-05
6.86150243405643E-06
-2.90207216326483E-05
-5.22686463811227E-05
-4.48255714517027E-05
-6.31740029065567E-06
-6.20810164014853E-06
-5.2236197450421E-07
-3.51700756685999E-05
-4.47738009683036E-05
-3.32713131853516E-05
1.59731718244024E-05
-1.75207843512656E-05
-1.67701830788884E-05
-1.21331819228883E-05
-4.26504564132017E-05
-2.83833991497131E-05
-6.91735705706253E-05
-6.90003662366139E-06
6.3493628373517E-05
5.13340397779662E-05
7.02747143359514E-06
8.85942457461087E-05
0.000110031694069029
9.4159337642203E-05
7.56891890190651E-05
2.76376126337862E-05
8.37125190882378E-05
-2.52769825854685E-06
-3.77294106370985E-05
-6.60358331171717E-06
-3.02927780718781E-05
-5.61539154152518E-05
-3.29234223055545E-05
-3.46050001600143E-05
-2.769839538421E-05
4.41390057323464E-06
3.15912318866738E-05
3.04118139464024E-05
3.65064474230701E-05
2.1548483722607E-06
-3.16217065159546E-06
-3.96973217746403E-05
-5.73144252825727E-05
-2.59596436313128E-05
-2.96535288408633E-05
-5.89347975783754E-05
-0.000104913773183265
-8.78570486828809E-05
-6.78361211082101E-05
-8.01903913650576E-05
-7.66501967394212E-05
-1.29640651411939E-06
-3.69306899448321E-05
-4.42687858471334E-05
-7.21844921454975E-05
-3.18602582175047E-05
-4.12452352562874E-05
-6.71755834372169E-06
-6.70046010543711E-05
-3.30723756965155E-05
-2.37516066782946E-05
-6.18852042727877E-05
-7.08513515571619E-05
-9.70062119373735E-05
-3.49645411504455E-05
-4.89269496027863E-05
-7.17227618573696E-05
-8.79248270054848E-05
-4.84768102453277E-05
-5.44643147534321E-05
-2.87320146658353E-05
-2.16435110422086E-05
-2.82624878923959E-06
-3.31315893739387E-05
-7.01787073288371E-05
-4.98652843422328E-05
-2.99870445563658E-05
-1.15050346297834E-05
-2.28513283868901E-05
-2.04372688513669E-05
-2.31287638392312E-05
8.87261635174955E-07
1.37484145012525E-05
6.36381043978829E-05
6.41633076998584E-05
2.65446367043365E-05
3.13380511143928E-05
-4.43032814479792E-07
1.71441246181406E-05
-1.8132318531185E-05
-1.62770298177838E-05
-6.60353054789728E-05
-9.60598068011468E-05
-0.000101262652785206
-0.000119596206071619
-4.04427689120826E-05
-1.89378025223666E-05
-0.000108263959528221
-7.30822934383064E-05
-8.25754374597132E-05
-7.18624894143002E-05
-2.75660774331797E-05
9.50933131885553E-06
-1.74328011979754E-05
-7.25939652947702E-06
-9.20235682552412E-05
-7.618198114129E-05
2.65698184515148E-05
-9.62909772676729E-06
-9.75091688097838E-06
-2.89466989183285E-05
-6.18009603580991E-05
-3.25706109184579E-05
-5.12457674961043E-05
-3.27245050334614E-05
1.9098537361647E-05
3.79700945178487E-05
1.43160996110444E-05
1.64902892914626E-05
1.3812929498435E-05
3.63040168555976E-05
5.11294847579382E-05
6.25279193280199E-05
9.38361323615664E-05
6.99127704418218E-05
1.73813223078037E-05
-1.20391135019187E-05
1.03151385176165E-06
-2.91285997288715E-05
2.97147949656828E-05
2.47678365372236E-05
-6.63695813458314E-06
-4.65933758264797E-05
-8.99466003482384E-06
2.01269962341963E-05
3.45033792710519E-05
2.79291782099411E-05
4.38595089124583E-05
-2.87406497471683E-05
6.71440491471426E-05
1.02534640134768E-05
1.15615509341016E-05
8.0785241029025E-05
4.6418892208369E-05
3.03490849744176E-05
2.65769830250729E-05
3.66165094808045E-05
-9.90732708894196E-06
7.16238883587127E-05
-2.87811552122185E-05
3.4358039323919E-05
6.35904599165863E-05
-2.59489123461942E-05
-1.95954540466456E-05
-3.66487620296464E-06
2.13482094077485E-05
3.18166938671298E-06
1.7785541241126E-05
4.56228049166885E-05
6.15210402701582E-05
7.43749911619009E-05
6.30742088060885E-05
5.25702450858758E-05
3.77676664040002E-05
1.99069205718545E-05
1.83250998246846E-05
3.22911334889731E-05
3.02509091639536E-05
3.87975407808184E-06
-1.6840285957755E-05
-4.29127900582267E-05
-4.61036177782342E-05
-3.87510511025737E-05
-8.92855921148191E-06
2.10903247278809E-06
2.91051964053974E-05
2.83634960970721E-05
5.26539185073502E-05
6.56651603990166E-05
-7.53419616659046E-06
9.79560209112423E-06
1.43038914116983E-05
4.07556356612371E-05
1.64059880395625E-05
3.99253948767683E-05
8.28730579352514E-07
-4.67034523939502E-05
-2.79048590347663E-05
-4.50773891719425E-06
7.3325216280014E-05
3.3808832726714E-05
9.55583202916674E-06
2.24230256934201E-05
5.4695585630903E-06
-5.85160562728304E-06
-2.64997982903195E-05
-9.13634266655132E-06
-4.90584811579361E-05
-7.0533581621322E-05
-9.50239610902366E-05
-6.34771458019703E-05
-2.19609380998546E-05
5.8370741286991E-06
1.16851579572167E-05
-7.49661553810526E-06
-1.70180340563765E-05
1.92556662228366E-05
4.62733780628943E-05
4.46937061045495E-05
6.26695240199717E-05
5.82677595193957E-05
5.73951297318754E-05
3.93547896921567E-05
5.63852003469635E-05
7.27137125240706E-05
0.000164846377394315
0.000115437125866263
9.29019932835089E-05
0.000116028187296628
0.000128913114395878
9.98062647721396E-05
0.000116964098704676
8.87676980064028E-05
9.808054843735E-05
9.22274251673512E-05
7.40809131357127E-06
4.7756768726235E-05
5.54865173365889E-05
3.78541040685781E-05
6.08984558499814E-05
8.1733303100853E-05
6.05405788377676E-05
3.16318352980802E-05
1.48304952066532E-05
2.06989593776582E-05
4.22649072226804E-05
3.0121335596472E-05
5.50657095838846E-06
-2.28893410414462E-05
-5.43888362403038E-05
-6.10035011789881E-05
-4.36293993267954E-05
8.55778431543647E-06
3.06885234632493E-05
2.06504575644192E-05
-2.38482973373384E-05
-1.62555957421626E-05
2.03868830232527E-05
1.38783181616802E-05
-2.07764397639623E-05
2.49790600552621E-05
9.19326714939041E-06
1.75554453937532E-05
1.62711539555553E-05
8.46462076917081E-06
2.66964307226014E-05
6.91079505955429E-06
2.19560697173218E-05
4.26228471572616E-05
0.000106647046214615
-1.32969330145821E-05
1.14894807660537E-05
-1.90934730181921E-05
-2.40950350726192E-05
-3.80696845455341E-05
-1.87099562567889E-05
-1.79837088444381E-05
-9.69881705427439E-06
2.15766762095941E-05
-7.43555515008249E-05
1.67074529856263E-05
-5.88853034891046E-06
3.84454323061681E-05
4.94598668342309E-05
0.000100820647209676
0.000109994201850563
0.000159014982488149
7.1955931640195E-05
8.01866258347674E-05
7.32633047221399E-05
3.64481489013232E-05
6.86816532445713E-05
5.91108430162519E-05
4.72438115380408E-05
2.96208560506337E-05
3.23257598079824E-05
3.44597885917275E-05
9.40613057058171E-05
4.66809768095616E-05
0.000123303973041624
0.000130286325661668
9.57037590207595E-05
2.54253338199911E-05
8.96640881995018E-06
2.37095305265688E-05
2.83538076214309E-05
2.19108415098516E-06
-3.77320190131583E-05
-8.69214386717804E-06
-4.68656692324864E-05
2.51403368311509E-06
-7.12530091038804E-05
1.7823606525646E-06
6.21394029744316E-07
3.62839047172702E-06
2.38542677317773E-06
1.94764278141618E-05
6.15611692297039E-05
5.18974155732479E-05
3.62161996552975E-05
-1.18585447298761E-05
4.0948515304649E-05
1.71154943414384E-05
-3.57963183471169E-06
-5.93130186085681E-05
-6.84054165584573E-05
-8.8510565152169E-05
-8.92500440221607E-05
-0.000108101263907938
-5.6102602597307E-05
-5.33609368953918E-05
-6.14232488248404E-05
-5.17062716207538E-05
-2.77344788810615E-05
3.07249090154124E-05
-1.90996120636998E-05
-7.40307993616606E-06
7.19351049612787E-06
2.92123868144631E-05
-7.4070324919191E-06
-4.88340119302485E-05
-1.12184016828033E-06
-4.64780665510452E-05
-2.45078209135948E-06
-1.48336695210973E-05
4.54983049121089E-05
3.0684656165549E-05
-2.3169012666709E-06
-4.0552244440704E-05
-5.19068146511564E-06
3.41565799921754E-06
-6.56473706546679E-06
-6.10412967152327E-05
-5.47760120664249E-05
-5.1377353047138E-05
-6.06386623478696E-05
-7.25675780578073E-05
-3.72675682874682E-05
-2.22694457224303E-05
-2.711442094745E-05
-3.22017993241516E-05
-7.84256530716765E-06
7.86072433578948E-05
3.89158763286866E-05
3.19218984007695E-05
-6.344166429615E-06
2.27522421220081E-05
-1.07888703191434E-05
2.57539018931651E-05
5.63358985760672E-05
9.48097228837803E-05
6.80030534234809E-05
5.42442415922106E-05
7.00471115925754E-05
4.00351071903137E-05
7.64882157609402E-05
5.38345929175889E-05
2.43766026880646E-05
1.76947852372377E-05
-1.20278052693264E-05
3.46216797194541E-05
5.29107462596881E-06
8.15240406098088E-06
3.73871185921413E-06
3.31258661323275E-05
2.20011849791345E-05
2.16790453331496E-05
5.57352610423091E-05
3.93579174584269E-05
1.91470623789329E-05
-2.18440268738439E-05
-2.6008103430066E-05
-1.12239898572218E-05
-3.22239946185356E-05
-2.57999962063398E-05
-4.63371565620828E-05
-2.20258229023238E-05
-2.38916048223387E-05
1.64823645919991E-05
2.29513866805857E-05
4.21598253665957E-05
5.49618116780665E-05
4.13822637027622E-05
5.79802623193821E-05
8.1756042407263E-05
9.67074218246968E-05
5.04242212930259E-05
2.69526247057525E-05
-8.1828076120653E-06
-5.55245650131658E-06
-2.09409084895481E-05
-1.5288447475396E-05
1.75698571058527E-05
5.28614279770336E-06
-1.26927383019939E-05
-7.60221495741407E-06
3.23012036598716E-05
7.89393584958318E-05
6.53703632248706E-05
9.21568437140885E-05
8.80363251145719E-05
7.44768569124041E-05
4.15137061361435E-05
6.96697997746888E-05
4.74949192698153E-05
7.61369302559931E-05
2.81056630824656E-05
-1.60290228972882E-05
4.99672092889261E-05
5.70907914374718E-06
7.9877327587642E-06
1.93975644890929E-05
3.85771462248601E-05
-6.35885280720639E-05
-1.67863871437173E-05
-1.97164145015927E-05
-3.44738894361203E-07
4.62587850207688E-05
-3.36615059233648E-08
3.86413594462519E-05
1.15139184483684E-05
4.77593447656157E-06
-6.9059350732817E-06
7.53387567841258E-05
1.88189421573181E-05
1.10405490168668E-07
1.86883893883344E-05
-1.68724517226344E-06
-4.45021962059193E-05
-6.45469790789683E-05
-1.25296108024458E-05
-2.98031645260356E-05
-2.3794254717384E-05
-1.82353586563214E-05
-8.66182892897064E-06
1.81345623293984E-05
2.37075528916156E-05
3.08549489675741E-05
6.22921268705437E-05
5.50490049537655E-05
3.46299067733E-05
5.87723428175702E-05
2.5815856606157E-05
1.4140234426384E-06
1.60085514170204E-05
-1.70213046818235E-05
-4.1592081968149E-05
-6.73030684435266E-05
-6.75746237600838E-05
-6.56606503723718E-05
-3.13496335159223E-05
-3.47157955414699E-05
1.86451550521047E-05
1.89539112567168E-05
-4.29405177848973E-05
4.90830291447172E-05
4.50529642678085E-05
4.37827327951802E-05
3.93936612666689E-05
5.34621655466033E-05
-1.06658940286376E-05
6.02399475879605E-06
-1.69606089104686E-05
9.94008475609214E-06
6.81163519222664E-05
-3.10283863916572E-05
-5.53800676723948E-05
-2.53540993345222E-05
-3.00480089290703E-05
-5.37709974293124E-05
-4.28060080498544E-06
-7.35955752330306E-05
-9.45891123766012E-05
-0.000111954153707989
-8.99548554958567E-05
-8.09543175054866E-05
-6.09250067143078E-05
-7.30539913082473E-05
-6.17135686467669E-05
-3.8913340805679E-05
-5.87265359621895E-05
-2.8760932376308E-05
-1.32118274594905E-05
-5.90913308247706E-05
-9.54282721182692E-05
-0.000107864846667655
-8.92332433995807E-05
-0.000124986638516869
-0.000169880823627746
-0.000144152928923015
-0.000161643146813372
-0.00011014822612515
-8.75484023715444E-05
-3.75313670132331E-05
-5.86822285734037E-05
-5.64697712612712E-05
-7.14186263035905E-05
-4.81183705925288E-06
5.30068391463431E-05
1.9508163872751E-05
2.13203268982305E-06
-1.83517159795357E-05
-4.00762465770053E-05
-4.28968584890033E-05
-9.64041012798301E-05
-0.000150974908089455
-0.000153274874840221
-0.000206797878991962
-0.000213114624119204
-0.000242810307315607
-0.000189535626577443
-0.000215124521516324
-0.000239632600971163
-0.000234655690363813
-0.000165685998025074
-0.000118220282726616
-9.65962148913162E-05
-0.000108869485111775
-0.00012267392070055
-5.03877704446705E-05
-6.30393174852948E-05
-3.84749994259809E-05
-5.36635569859497E-05
-4.40472943355316E-05
-8.10305758755593E-05
-2.96952360201893E-05
-2.38380495174125E-05
6.62804427047461E-06
-1.11075005900907E-05
-1.06587643965596E-05
-3.09541676401289E-05
-2.38925153074519E-05
-2.4920860140602E-05
-1.87921893585669E-05
2.92575439834341E-05
3.06854202451749E-05
7.81093938294609E-06
5.62038826562404E-05
9.66445305405065E-05
7.16249462013157E-05
0.000102169781757462
6.16362854983944E-05
0.000116117362750723
0.000109242558318631
0.000118030900413538
8.95978843993744E-05
3.31486124971276E-05
2.73239131870503E-05
6.9521984360735E-06
-2.30715857816351E-05
-4.95895002498766E-07
3.49755336254633E-05
3.56031267021946E-05
1.52256912680157E-05
5.07477953421324E-05
7.5388813890006E-05
0.000119475988095468
0.000101391226467597
0.000126122812647823
0.000153832043055366
0.000128614777728175
0.000113140641740043
0.000126891934829346
0.000155264962897948
9.6773260736505E-05
9.22994827172292E-05
0.000142037323645406
0.000108447170505989
7.50545346942178E-05
6.83580446568505E-05
5.53912292465506E-05
7.97043097398553E-06
-4.91693870013054E-05
-4.12238669854316E-05
-2.69166226558537E-05
-4.1673416493178E-05
-0.000105640568755078
-2.0204189559173E-05
8.95802570035517E-05
7.09798756559484E-05
5.35424105619734E-05
8.45374155483601E-05
5.1545018347028E-05
3.52245085245802E-05
-2.75259425579951E-06
1.82096612733993E-05
7.76194372636554E-05
1.66244228550402E-07
-0.000100505855857858
-0.000109276280338019
-0.000102149044232148
-8.63559604119195E-05
-3.46445065076989E-05
-8.69130481758296E-06
3.01716933350681E-05
-2.5037391998393E-05
-4.74720027932446E-05
-2.46218572765182E-05
-1.11144831878931E-05
-6.32613455412356E-06
6.11609363770646E-06
-3.83259004788935E-06
2.83752847676775E-05
-3.33332134120341E-05
-4.23576117790784E-05
-9.1889861986999E-05
-0.00010280286476211
-0.000134730382260081
-0.000195722345428283
-0.000177697711146447
-0.000199410459699552
-0.000195133346175652
-0.000219263276747244
-0.000178874338267323
-0.000170669043287934
-0.000116149130192136
-6.6231631941102E-05
-0.000167571524883749
-9.41658492716138E-05
-0.000129804533808587
-0.000135249381103223
-0.000122955527488425
-0.000157849910415072
-0.000126555114991642
-0.00014546661138831
-0.000189529136415908
-0.000263501706192664
-0.000171958835791275
-0.000184119155452653
-0.000162134716703203
-0.000170040951012862
-0.000171042680466859
-0.000180320790170354
-0.000250061142661926
-0.000242523271633853
-0.000167743991524227
-0.000109268020998731
-7.64728649968967E-05
-0.00012501692238164
-0.0001012091458447
-6.42008526338409E-05
-4.30759710997033E-05
2.77606513474857E-07
-3.57690423804099E-05
-3.74986673792353E-05
-3.14074797406016E-05
-3.16813529632631E-05
-5.76839490060023E-05
-2.51711102797189E-06
-2.64163922772519E-05
-5.5471674368169E-06
-8.14516269833742E-06
4.16679351271883E-06
5.24327690878626E-05
6.30467011231791E-05
4.41927264812238E-05
1.19262399707375E-05
3.46033107251841E-05
-1.50839256243151E-05
2.26295923205132E-06
-2.43942335399127E-05
-4.00566784856361E-05
-5.92816104322542E-05
-5.2374085792764E-05
-3.49546178636902E-05
4.57502560156363E-06
2.0903346296515E-05
3.91854996036653E-06
6.43318881143195E-05
6.85316493935212E-05
7.27008182044394E-05
4.75698876222909E-05
6.45684267947314E-05
5.39742328054369E-05
5.6024057232984E-05
2.97936051813671E-05
4.05432694758944E-05
6.4190099305501E-05
9.8660293168598E-06
5.70921287672448E-05
3.84828705713423E-05
5.68907748801012E-05
4.69816297534275E-05
8.8590910399197E-05
5.36132466242676E-05
9.70145862571834E-05
7.90870194363134E-05
1.05908582046297E-05
7.44591963102185E-05
3.10670204978642E-05
4.9265385150459E-05
2.74459726290316E-05
2.87753694762948E-05
-3.75744816442896E-08
3.00980334679774E-05
1.22496399340001E-05
1.61437595884857E-05
3.09978566445223E-05
-1.52969364615466E-05
-1.48665581806751E-05
-2.26459732781642E-05
-9.08283313277744E-06
-1.71565176768636E-05
7.85611959627602E-06
-2.5924965754931E-05
-3.81457267407573E-05
-3.60729094175724E-05
3.49142745058095E-06
2.12732075889044E-05
-9.59047576484994E-06
-2.00179241919453E-06
-7.4686388805844E-06
1.26856612746012E-05
-2.10369901322127E-05
-1.38815697535188E-05
-2.51352210394867E-05
4.279502806212E-06
-6.84412533436785E-06
2.01741845681883E-05
6.87479974933027E-06
-5.99393193635894E-06
-4.4658070277061E-05
-7.93655881235E-05
-7.87272396166576E-05
-3.84674447030691E-05
-1.80633632744918E-05
-2.63686244871973E-05
2.85763279269262E-05
-3.97139006061871E-05
-1.23825035006396E-05
-3.55563551212957E-05
3.8195934533249E-05
0.000103163789359784
0.00013082777121177
0.00011587098779441
8.1307124452197E-05
9.03689859999996E-05
6.72803414906812E-05
0.000104872989286226
5.01578207565274E-05
8.72119893707435E-05
8.13841193123354E-05
2.4158526277326E-05
5.50673020797183E-06
7.14182183368149E-06
1.11821931491107E-05
-8.9189382582585E-06
-3.84909374317074E-05
-3.50796073713726E-05
2.33717815159166E-05
-1.54655197053116E-05
8.68476874356387E-06
-7.77411072702685E-06
1.56230330640195E-05
6.76784759197159E-06
2.4141507366088E-05
1.76452323282768E-05
1.09699876941474E-05
6.53700784582973E-06
2.12463121260739E-05
1.92303876301686E-05
2.56823333155609E-05
-8.72463780793853E-06
-8.39273712207365E-05
-0.00012883439677189
-0.000146939089677617
-0.000168471463512992
-0.000179515360966105
-0.000167334733111496
-0.000173694961205944
-0.00014710696245875
-0.00016884474427754
-0.000120487679973211
-0.000107376886058703
-5.66391082609983E-05
-2.22297060154086E-05
-2.25432579894795E-05
-1.77675972519233E-05
-2.52495570236212E-05
-1.57231044821202E-05
-7.38318219036208E-05
-7.70090502235545E-05
-6.46601863196413E-05
-3.89243485817086E-05
-6.96766584828965E-05
-8.22457593176055E-05
-4.62263395380678E-05
-6.39244474283478E-06
-3.90739006154607E-06
-3.96162366855903E-06
7.00120471996362E-05
7.76709931923195E-05
0.000234043494027115
0.000217802976461636
0.000238073012784333
0.000198057912607191
0.000189539435608338
0.000143543360406408
0.000123125699929115
2.3710956650061E-05
2.75946046583322E-05
4.75259712447211E-05
-9.25563245893707E-05
-3.98728049411537E-05
-1.84258131324085E-05
3.81632603966685E-05
3.61644479049899E-05
7.84114526812406E-05
5.3386849754244E-05
0.000138963169272189
0.000145455816549399
9.59872841363277E-05
0.000109329800721447
9.15633683803721E-05
7.11683399293163E-05
4.05882580462004E-05
3.73317626133931E-05
6.81379015982888E-06
5.85597009935556E-05
2.70193948903742E-05
-8.39335981400362E-06
-1.11561859692956E-05
-1.0596907929366E-06
-4.84259440207988E-05
-8.93075770196642E-07
5.08802535678317E-05
5.95557649758617E-05
8.24518609329034E-05
6.60638579885032E-05
0.000122442866611178
0.000103785693565496
0.000138295359381398
0.000107556583507831
0.000171333166407655
0.000115571671011666
8.31557153796121E-05
6.68723673385174E-05
8.07680003871203E-05
0.000119436431693348
0.000104532909446023
0.000133426550613798
0.000114712564712631
0.000131621757446815
0.000138458069118713
0.000146231361438209
0.00010178880969617
0.000111041740379395
5.72695117174708E-05
3.01355573397019E-05
4.34011651737483E-05
6.6878617294646E-05
5.92168737681965E-05
2.64284116295669E-07
7.43460038407646E-06
9.0563928343251E-06
5.69834794059648E-05
2.14422996831056E-05
0.000162156378441504
0.000322693503975712
0.000312777831701576
0.000296444012122347
0.00029599961874058
0.000333255492798882
0.000300596834687988
0.000295519961623033
0.000268138694304713
0.000294835070758219
0.000190290271939035
1.60771419841743E-05
0
0
0
0
0
0
0
0
0
0
0
0
0
0
0
0
0
0
0
0
0
0
0
0
0
0
0
0
0
0
0
0
0
0
0
0
0
0
0
0
0
0
0
0
0
0
0
0
0
0
0
0
0
0
0
0
0
0
0
0
0
0
0
0
0
0
0
0
0
0
0
0
0
0
0
0
0
0
0
0
0
0
0
0
0
0
0
0
0
0
0
0
0
0
0
0
0
0
0
0
0
0
0
0
0
0
0
0
0
2.73413154787879E-06
