0
0
0.00507706509947988
0.0034836762308648
0.00355758147492531
0.00334590523166612
0.0044597042352973
0.00207691021587136
0.00176210265224036
0.00220180885665735
0.00193590577295054
0.00169728929902695
0.00162088247544003
0.00166815197085756
0.00180704616895971
0.00180004466127128
0.00146357134348968
0.00216858653603947
0.00156652662299659
0.00164351741647859
0.00172734515555142
0.0020220042168235
0.00168865183606696
0.00163255698255538
0.0016884456754498
0.00170563737733688
0.00347225877837424
0.00140047762967021
0.00193655711347504
0.00307511637712512
0.00173225032784621
0.0015601392130809
0.00152216213525361
0.00177633224086535
0.00150389886557579
0.00140490350130708
0.00137835966849256
0.00147137091633104
0.00143716586247225
0.0013729360074314
0.00181982089473096
0.00137969348615459
0.00139188104880012
0.00170490278898989
0.00152588757028238
0.00159105502002185
0.00147442052821948
0.00140809842933729
0.00135324805322559
0.00133863731785757
0.00139179908019404
0.00145462913045541
0.00159571053751897
0
0.00174355733376933
0.00149289775786774
0.00127636312037306
0.00135512948768281
0.00146855348497408
0.00173280796152059
0.0014658162623034
0.00123886289077016
0.00168931120741368
0.00184244997529856
0.00150402271196698
0.00149705954985623
0.00124237029377785
0.00134632433513541
0.00135786449237192
0.00129362546282978
0.00112635324341507
0.00120785193943553
0.00170100813360587
0.00140038903561038
0.00127292551442363
0.00142691831974361
0.00136566228752889
0.00133541137992
0.00144724462813404
0.00156867496136798
0.00154101391392533
0.00133945281512735
0.00139669660891181
0.00131244424971765
0.00135847316472357
0.00172749667497097
0.00127577378877487
0.00148121424878339
0.00115620693596128
0.00127842982075981
0.00107605647558061
0.0013203523114434
0.0013153258656142
0.00114530198871597
0.00105183555674636
0.00161318257871513
0.00102264680326736
0.00129918650860939
0.00135846516170149
0.0012828021442534
0.0012315788200546
0.0013134620359969
0.00124807757101917
0.0011669554344674
0.00116234151793069
0.00106616914651059
0.00154503465901548
0.00105410570981026
0.00109756899695787
0.00111668371430636
0.00126654792544648
0.00118890671622073
0.00116959918427775
0.00100830661151749
0.00125250272117566
0.00136759166269053
0.00127498021455838
0.0011945648221514
0.00142969381521596
0.00183695665276868
0.00157112606400119
0.00117332335727252
0.00110654100134913
0.00119926576078669
0.00132864893679321
0.00133950796430762
0.00120733582981398
0.00113201649095503
0.00118809528570523
0.00106530951934664
0.00126284852266612
0.00110048903916991
0.00134842426037408
0.00121414489448045
0.00112091013450661
0.00115305238499264
0.00103148135251433
0.00103288115068814
0.00129374344919178
0.0012543195696736
0.00106786817772417
0.00107578153576562
0.00113627427123191
0.00115446822616295
0.00104152350363047
0.00115407874549155
0.00185346859506585
0.00116023292177803
0.00133120405870351
0.000935993014119089
0.00128547561245725
0.00129058578608313
0.00151594845038758
0.00136879975300217
0.00124624646018287
0.00115625365620968
0.0010307098209293
0.00116183072821555
0.00105805338910022
0.00103447232979005
0.00103484175085232
0.00114152239859616
0.00133465991436009
0.0016836512713291
0.00101774351761093
0.00117063264635834
0.000989090495411724
0.00137648449805367
0.00145443419148051
0.00104752488217528
0.0011595827330848
0.00108743401862909
0.00112168857627458
0.000976865158072088
0.00105219059918883
0.00108330870728755
0.00097011778621507
0.000843801547954811
0.00081822927534352
0.00121470033176236
0.000976377440806512
0.00143405631016259
0.00119411350494722
0.000909059085685757
0.00114533419730768
0.0012697046382266
0.00110521577043838
0.0011362537448429
0.00091844308608747
0.00113507705214182
0.00104399736044155
0.0009860529225817
0.00103169695941656
0.00100457893160719
0.00100864402014341
0.00123659506057659
0.00102123412387531
0.00142887885861351
0.000957085950565532
0.000954879524667999
0.00106652938691648
0.00121982780423173
0.00107522384766045
0.00104414169791534
0.00113765695952833
0.00108000840266033
0.00109319570743912
0.00112779844025374
0.00134129883477401
0.00108510723961926
0.00101421427689862
0.00119935594541432
0.00131954833349761
0.00101009829622217
0.000961458831705532
0.00109765005117901
0.00101411744496026
0.00112380080113946
0.000971295628898818
0.00127454826456826
0.00114010955596651
0.0011600252688797
0.00105840389036919
0.00101558571823559
0.00103516245410788
0.00121097477568767
0.00102512390026387
0.000947216600876102
0.00084781146320636
0.000880868205771244
0.00112088094156506
0.00129375097207065
0.00114109067457511
0.00100305632253464
0.000891114434583119
0.00105756291138755
0.000802352580753534
0.0012703491891851
0.00101076044948048
0.00126313247357491
0.00113320207689218
0.00101964044121206
0.00140811838337886
0.00100794875681273
0.00105106961840921
0.000893255695162712
0.000917087095070303
0.000967712474932729
0.000989156392170087
0.00119730858195366
0.00104681709226689
0.000885481324643313
0.000929040512978091
0.00114224472884004
0.00108089102439344
0.00088367468021786
0.00105081480368402
0.00094233511786102
0.00110967096632736
0.00119422946584541
0.00113585937780088
0.000923388503801837
0.00103764971387162
0.000969502400785853
0.00100055546574805
0.00184693773895305
0.00122485874667314
0.000971869138207105
0.000978303902506969
0.00112489050808955
0.000986409673788139
0.00108606934973682
0.00115892022825081
0.00114414095009719
0.000972637236789023
0.00098201029665141
0.00104613186983815
0.00138362385637064
0.00115062545734507
0.0010989045596562
0.000826137194445621
0.00111260604826327
0.0011365850669076
0.000974456248565734
0.00110295668563402
0.00101042193894753
0.000964627939097668
0.000929788364686535
0.00111263030823904
0.001126394082909
0.000955383643698095
0.0010345386719506
0.00106965138962399
0.00104922713561617
0.000982574065215038
0.000895009917268625
0.00110365039909189
0.00100687939165874
0.0009516742394143
0.00102390453064876
0.00108579298225935
0.000980417954926502
0.00107784358857239
0.00106715867114028
0.000864605663182189
0.000882650157202636
0.00114430352235211
0.00098609111996852
0.000956622186905775
0.000937515726049746
0.00099899672586672
0.000945038655209816
0.000966724579361446
0.00093993822535015
0.00110467802281343
0.00117892158396365
0.000957894556594992
0.000832029550603266
0.000922113246880438
0.00107027357595101
0.00101677320458686
0.000900378464527743
0.00108728486324838
0.00105250330957185
0.000917253846660444
0.00102560276158381
0.00115040877171243
0.00106251031222909
0.00108236478137901
0.000951521442160068
0.000914434229073849
0.00104420752879572
0.00107895839394268
0.00105877877044762
0.000955454391029796
0.000933477951307483
0.00107944721458005
0.00110173224857044
0.000970821049382286
0.000962381916912148
0.000991762108871535
0.00142525806844146
0.000949607801516788
0.00106075978892115
0.00108651473262174
0.000926084554661814
0.000937613531113697
0.000819682695431503
0.000978339423588171
0.000832025191071162
0.000928927763713036
0.000874315692794515
0.000915186598241683
0.00105338463257923
0.00100144140484897
0.000794888345259394
0.000956706913715215
0.000827843676382806
0.000818478772384264
0.000999084368965126
0.000994522982780704
0.00121035498666422
0.00185744281388784
0.0010401099778625
0.00116089046984104
0.00102184097786643
0.00093620250565015
0.00111560405474296
0.00108844536452044
0.000982313707150639
0.000875606161342683
0.000902300637889388
0.000879082666280577
0.00095578782408673
0.000872440412107227
0.000886551133568689
0.000941405467228667
0.00094031186368336
0.000854022629442832
0.0008588178845391
0.000961880809238671
0.000906454188524793
0.00095525777189346
0.000838160742184991
0.000911961282835707
0.000970100981658409
0.000921167933713859
0.0010139796881883
0.00100763515113636
0.000803889054019027
0.000960151122232248
0.00086186141460446
0.00115334304930897
0.000978620552419565
0.0010402207553943
0.00102984247776489
0.00105225023595819
0.00126913733798327
0.00101781535760374
0.000813059562380492
0.000999963068665987
0.000816036226962648
0.00094950851351811
0.000827481039060738
0.000891122671327489
0.000921953041257439
0.000952270658097163
0.00106082763027956
0.000835030060235849
0.000933257518480389
0.000943799245199791
0.000811992040324464
0.000945627921637419
0.000917897302417289
0.000905269342966608
0.00083975887597974
0.00105576280231049
0.00110727598871773
0.000930742293946289
0.00087432089755619
0.000985245267472216
0.000945593160727138
0.000834505731837983
0.000894472135469429
0.000925604318732885
0.000986583500439121
0.000967271936241283
0.00107449997646861
0.000849406854321133
0.00115935248217699
0.000838612753517433
0.000950490099041514
0.000949381570866337
0.0012859625631414
0.000780802310278113
0.000844378183084958
0.00104324424916022
0.000823776364899253
0.0010054844703243
0.000918111318010965
0.000821942970845986
0.000839850287722727
0.000792565235271791
0.000954059541515815
0.000938618258057917
0.000794847770248905
0.00102007499365243
0.000847869266388151
0.000866404270313964
0.00120752949848171
0.00084150021720962
0.00101128259006177
0.000744827832265062
0.000919903061609358
0.000742877230115526
0.00107698212255499
0.000906851795272961
0.000981510602142048
0.000908964439621958
0.000774392557002288
0.00147119607351719
0.00085680977406642
0.00084953643446826
0.000797146665421557
0.00145831073494608
0.000892004683482501
0.00127793240909611
0.00172908813950799
0.00087567962609645
0.000852873762886526
0.000971159530363241
0.000931824290748707
0.000898890184652766
0.000973162209246823
0.000954159624721216
0.000906229999457615
0.00102420982360369
0.000901220727303338
0.000817129410523952
0.00109016885813916
0.000898715040197812
0.000848438620279513
0.000800289800071555
0.00094242092181489
0.000888714442391508
0.0010428640353551
0.00102272992965474
0.00083537050203108
0.000912859742592672
0.000838474994284415
0.000941846305393356
0.0009479770679039
0.000946790460695707
0.000913540533918369
0.00113590112392319
0.000971849771975272
0.000957039600383827
0.000966059486985766
0.000975775115302526
0.000889020921705318
0.000940275978621542
0.00108473239130363
0.000822682595957954
0.000998226560755461
0.000740904430163872
0.000891939901450629
0.00103376769521876
0.000948130299377153
0.000809021423274685
0.000775608614597975
0.000897871155350298
0.000859411081699416
0.00081935463580655
0.000889309697716935
0.000971382377387917
0.00092077376256064
0.000736951195009281
0.00091356656893901
0.000852536891653794
0.000911413181246617
0.000866608832453956
0.000834440086124778
0.000938398503850564
0.000925917401954068
0.00099411202788225
0.00092137166119387
0.000862963485082011
0.000908244476092995
0.00093811304255069
0.000890851560552928
0.000884981799715313
0.0010866250178858
0.000872039790168963
0.000866598845384804
0.000818591649205145
0.00102889053140035
0.000940615102269736
0.00105480976341863
0.000861880892959097
0.00104613181408213
0.00100735517879895
0.000946573436814027
0.000879102501651033
0.000893879898184686
0.000887902321420718
0.00114478436272963
0.000719754765030776
0.000981744936475798
0.000835858195387781
0.000836584439850949
0.000777112218997114
0.00100659107940697
0.000869222028964902
0.000802490829181542
0.000997171277324879
0.000840391980215335
0.000920851504188235
0.000950442530545833
0.000861586442654287
0.000797584797831225
0.00078808487872952
0.000931150630665151
0.00085094964429056
0.000797918142582346
0.000836867187023141
0.00106217544944343
0.000965271172732542
0.00100166115828153
0.00101346843895356
0.00117894870703075
0.000695490806505464
0.000965521759805707
0.00115429062603168
0.00096500038124695
0.000935259042063049
0.000932545269065365
0.000911944267844449
0.000956260004839858
0.00116581529075793
0.00116367244287697
0.000993696847745008
0.00110195185943168
0.000976756688152924
0.000975010971900703
0.000920127608953011
0.00095439367395558
0.00103645638013277
0.00100164297573599
0.00091930569112894
0.000811485801562055
0.000942644352635188
0.000718716165682525
0.00098794684489513
0.00101491409653068
0.000888496869789733
0.000922540159418162
0.000724897427589473
0.000987934737769402
0.00119246614068393
0.000926364728619561
0.000905758942149515
0.0009530631176458
0.000961815055465309
0.000887813556663198
0.000866481305562506
0.000950283721974579
0.00090729321895106
0.00103541433114805
0.000999034441268103
0.0011212386858518
0.00107741073565092
0.00090375833745193
0.00106341598573974
0.00103020690173568
0.000980779342057551
0.00102115045762957
0.0010552086131057
0.000844678245484372
0.00106233262336019
0.000913163887349213
0.000952998050524054
0.000952120995099672
0.00102095136634525
0.000993716863599741
0.000956385147911555
0.000995572339422615
0.000972921151659148
0.00096664961332645
0.00114702411615435
0.00104852108195201
0.000943106710477128
0.000968530596186773
0.00102270490477641
0.00111725299187394
0.000997473157084396
0.000934390070753965
0.00106456874224921
0.000969566642714043
0.0010783935389022
0.000915769509316928
0.000995593559584918
0.000907678532441052
0.000903828102397761
0.000950897807832349
0.00103756255281785
0.00087900939129107
0.00105378352768219
0.00107767092831943
0.000911820887845705
0.000914261799559456
0.00112035593751079
0.00105847570891848
0.000940865327371401
0.000928462166172226
0.00101832175154645
0.00100149789080122
0.000835578532700155
0.000783083173981919
0.000922882406717231
0.000954441671118102
0.00108169347635808
0.00114866992943648
0.000841618800098248
0.000973831274438089
0.000994115057149457
0.00116340116199612
0.00104219107562092
0.00094526482996687
0.000932155730155339
0.000966062436484461
0.000869692618947211
0.000940273800424642
0.000817724928122139
0.00102342670426933
0.000920675131983817
0.000888094193577417
0.00104286779462115
0.000901264268497233
0.000900159479831658
0.000836776525817284
0.000767598416752731
0.000766707248544747
0.000909100538630702
0.00102273716887848
0.000847693742065657
0.000906326376962169
0.00101008631950188
0.000946764926518032
0.000828674512372237
0.00118758082326465
0.000928264863974404
0.000984993830597301
0.00107759277688856
0.000752610525754357
0.000957521701383208
0.000814527810234705
0.00114284487711745
0.00100205572892014
0.000930184759641467
0.000800171832532739
0.000868107146828554
0.000866279110699771
0.00107740333942959
0.000732469047063849
0.000948040446251543
0.000858841437221186
0.000952678202490543
0.00100554842717191
0.000888415916607701
0.00102672679962568
0.00089544108926591
0.000969421684814155
0.000881914136849023
0.000843718590086642
0.000955438460191485
0.000926762875634234
0.00081799074570273
0.000794647409749791
0.000836870601999597
0.0010015395747567
0.00109041459941124
0.000813231824155426
0.000932076706621344
0.00101655592869206
0.000951293296232405
0.000878343298775535
0.000992654291960408
0.00107863100756662
0.000722164694793172
0.000903989401286725
0.000851941874340232
0.000887281446214436
0.000961813832836772
0.000979634071393936
0.000934885816885812
0.000876694737872405
0.000750699305061785
0.000983147668321094
0.000805792949760684
0.000813190857990598
0.00104917672105779
0.000891624167747327
0.000916314118294302
0.00102935833045906
0.000973244393448884
0.000770720526756174
0.00079017072233381
0.000773627504407407
0.000950952510590907
0.000734899417350718
0.000918678561398508
0.00100295735007478
0.000802985713816167
0.000829999661543138
0.000939539447077579
0.000871525291823725
0.000951604470293557
0.000938883430138872
0.000851730801055095
0.000909270773221579
0.000942496486415382
0.000881521856530598
0.000805321479589584
0.000780465291819198
0.00073217464346949
0.000903443547699238
0.000825841764405459
0.000789723001012257
0.000964223685842547
0.000845370477767463
0.00088917418597016
0.00093478491465662
0.00106398628245587
0.000892389904279237
0.000859249062103069
0.000758061327842725
0.00103803755244769
0.00107117954401094
0.000900319033531251
0.000889259472452358
0.000804083357570219
0.000759155115916411
0.000910336522853926
0.00112296144496066
0.00116591268217964
0.000897439986626334
0.000988514240424126
0.000777782656127207
0.000726374266778462
0.000988153939839618
0.000763944012916411
0.00103523410389299
0.00096770173974125
0.000857049577993316
0.00080552956485646
0.000987426167118345
0.00100742917790041
0.000940060345797368
0.000935021181513773
0.000927189937782959
0.000693019662272731
0.00106187924148771
0.000927647124315531
0.000805540425547221
0.000858490112359153
0.00096114413947212
0.000793974221994042
0.00081614120961275
0.000821439620465546
0.000957902645323197
0.000926007681983067
0.000890717716159671
0.00106298773360871
0.00104442513187561
0.000992341052171825
0.000973056913155764
0.000896175688991752
0.000912174766130083
0.000891223276585646
0.000874830571203511
0.00101992454100016
0.000824170512375187
0.00124875671212245
0.000950587364755578
0.000937722245312064
0.00108865517098824
0.000774101230464204
0.00092582117049741
0.000909677379752678
0.000827265960351341
0.000769840476591425
0.00102207646305495
0.000861474038013669
0.000946114509911834
0.00091811616248546
0.000814168486301188
0.000886365123683848
0.000955111175235989
0.000907620440908359
0.000874938597712768
0.000891012057538539
0.000868127075797954
0.000783220502707518
0.000844803863812424
0.000790260742515697
0.000818080509568145
0.00084075577062335
0.000816026827267339
0.000787256226363741
0.000856237512400369
0.000832949855034024
0.000773035928908321
0.000870057739206874
0.000918194088092744
0.000851728974920767
0.000710598086485795
0.000830411018667166
0.000824377685091715
0.000913699203610788
0.000845672340923737
0.000860605960728382
0.000881873461764309
0.00088361987909536
0.000771847891645846
0.000831821496161071
0.000860354734685898
0.000972827817440344
0.000837908117218133
0.000928133982005484
0.000912943468049124
0.000823682402104484
0.000758629535913997
0.000851011552537291
0.00073277643951798
0.000890872698300522
0.000799364246850127
0.00102460163921464
0.000926530474223844
0.00100242038279105
0.000790257601086432
0.00087363799095196
0.000803446278645222
0.000950893975534312
0.000958501355836052
0.00077489899989301
0.000832268214434399
0.000810425612178344
0.000749671650291858
0.000939224318132183
0.000727464299916054
0.00101920373027381
0.000823256134323303
0.000804262152827726
0.000839403458396119
0.00126432911953071
0.000880856773681606
0.000755859588593727
0.000838963212180669
0.000962321220114553
0.000746645790101922
0.000828430710520659
0.00105910663138712
0.000953538233025043
0.00106760573074114
0.000956267355805336
0.000859354189832344
0.000908881831632508
0.000837600059539675
0.000962305029640526
0.000744127863800196
0.00108029355534167
0.000818543642852835
0.000799068587341284
0.000801811787411724
0.00099742455936116
0.000801176107425675
0.00095554088314928
0.000944318299907078
0.00100653067819527
0.000753027157187604
0.000726074176691444
0.000809069033783053
0.000767488533643819
0.000839521765505234
0.000920714993698979
0.000788370070145486
0.000773982020047224
0.000761612385146882
0.00073722940148081
0.00083110837577666
0.000830277766776351
0.000748170948750968
0.000888544417123628
0.000668096984297661
0.000794756742241775
0.00081025310510148
0.00074138773916796
0.00077013564992482
0.000811383018655435
0.000937984340393356
0.000923169730802547
0.00073858061938563
0.000780615767785403
0.00087283638121652
0.000863971616139351
0.000763048073544727
0.000813552277056128
0.000797749389282832
0.000783376612907422
0.000810387316997435
0.000852083417081916
0.000767078812951585
0.000940135416318811
0.00083675124151765
0.000839338510634779
0.000758791601078102
0.000881718525133844
0.000786669358468356
0.000728149320138462
0.000715618646656809
0.000735715643293914
0.000787343673286241
0.000982661495053657
0.00084315987994835
0.000746889879209223
0.000774018147193403
0.000863245036308997
0.000820557508153026
0.000846122065212757
0.000990812103608043
0.000737264122043669
0.000970669777542248
0.000863515884019987
0.000898379180817874
0.000894587037283144
0.000913313905171491
0.000829224357495501
0.000850437052153192
0.000726422013304713
0.000882539876627315
0.000863738502616766
0.000750896785030802
0.000755855358711384
0.000690113267057632
0.000971253066383662
0.000888818200498125
0.000719272484791382
0.000728379317173827
0.000794766737123698
0.000936745811158845
0.000723528912382374
0.000792465825788575
0.000852762489760977
0.000739572443776991
0.000948037843364367
0.000746671521776165
0.000714579159570337
0.00103910268872072
0.000767591032874425
0.000775863329624684
0.000739677790982068
0.000827777863668401
0.000893920088257503
0.000846307729243013
0.00084655935971657
0.000701073027922309
0.000790442981912724
0.000862812956789559
0.000867774677587764
0.000767159236121991
0.000969018147273535
0.000827602669533869
0.000931892628786599
0.000850844879246292
0.000854010985831187
0.000931417509990109
0.000892964329561702
0.000859818892126726
0.000828662116744349
0.000794307408759721
0.000776189873791655
0.000870409007782546
0.000791283289835592
0.000736570698981441
0.000932109613101318
0.000771117467888269
0.000762337489076602
0.000771873812431763
0.00102637578966906
0.000767035393597277
0.000870289843373007
0.000736964225101583
0.000808671130453829
0.000918040305384307
0.000973558286521374
0.00101658906426104
0.000786070964315501
0.000757478612659161
0.000926022689388414
0.000969372981491997
0.000745818864710921
0.000868569099020578
0.000942837497507784
0.000728515918634456
0.000762595274171597
0.000966325112523552
0.000767855654347347
0.000744662384035106
0.000907786402338542
0.000794120415450425
0.000741478624718967
0.00082766652590473
0.000996622517268279
0.000862718572836762
0.000845066309269173
0.000748340115322037
0.000937486337363318
0.000820735376950827
0.000768478037057528
0.000848103561634536
0.000769181077902666
0.000823617490286682
0.000921017748993248
0.000697139370250051
0.000739280664346787
0.000783961979644191
0.000963085156871167
0.000734840449106759
0.000777101668064631
0.000723258132967633
0.000832402679562672
0.000843232359669437
0.000804174371094862
0.000846153803968805
0.00083196710533217
0.000864495283395491
0.000768916985192265
0.000849814310647968
0.000897694880067011
0.0010043803805037
0.000848894835636586
0.000901863131459676
0.00164309391521474
0.000783092552336971
0.000940503334562186
0.000755633724457733
0.000847513830970745
0.000861122775263752
0.000784949862659342
0.000782029295065278
0.000711443239204312
0.000867963246922279
0.00081250365018811
0.000800339659244872
0.000729811047142441
0.000820325211629147
0.000807972160157638
0.000759239932918139
0.000764520638722535
0.000840473395472613
0.000805502996119394
0.000780806061330808
0.000755388451939695
0.00063353008672722
0.00073560495474428
0.000739683423897179
0.000738619856874794
0.00078456859646284
0.00087336993845021
0.000782738838983774
0.000778735952672862
0.000718014319118184
0.000815245656505045
0.000819321680571055
0.000903661401331698
0.000798564117438444
0.000832670608001476
0.000885129466082399
0.000784422921877916
0.000826966188845941
0.000805121956809628
0.000841622489901537
0.00078747439739571
0.000794433720127639
0.000718518207850943
0.000752307974003598
0.000794513833102635
0.00092035213994764
0.000895541121104711
0.000907103954520481
0.00078189694423048
0.000841858795074389
0.00143881467476113
0.000812814476830652
0.000839247115076743
0.000893042119029464
0.000811486493745575
0.000762369313682554
0.000854284267203038
0.000690742557113657
0.000833288115005416
0.000760410810849598
0.000760458318696683
0.000656760106070517
0.000867886572955344
0.000726067571164887
0.000761119443982478
0.000721838379908271
0.000902457500655703
0.000752201874173235
0.000931476141916136
0.000733740786502955
0.000855346559510256
0.00061653110916015
0.000753701977177679
0.000871021573832189
0.00090398515792941
0.000660977479508005
0.00119029547520674
0.000698044165764799
0.00082896264119992
0.000817503009476581
0.000840246019837282
0.000809360883125974
0.000799713684434164
0.000709210635540542
0.000749000702927029
0.000785018277630145
0.000769157190721839
0.000699829258247656
0.000999424924011398
0.000867925345954799
0.000860955041932134
0.000976077931039727
0.000719282769129641
0.000783805852213419
0.000828553090168892
0.00088891259831162
0.000721988503218321
0.000763927501940965
0.00085450287437566
0.000774055526477067
0.00091928819908499
0.000729858392187987
0.000817423774300367
0.000712148371615439
0.000662361545439073
0.00078742313772091
0.000794123196528133
0.000753698418243113
0.00073416691143929
0.000802259415411329
0.000895217097013293
0.000875532137218991
0.000796816410332512
0.000671234667858655
0.000967226260707546
0.000931748857998668
0.000888815272217192
0.00094998765405465
0.00066996358674641
0.000751211504376536
0.000760708663019642
0.00074004841234298
0.00108444904350441
0.000887329605013863
0.000823980135816528
0.000801105764083008
0.00100537365711134
0.00107057563774798
0.000886365454020198
0.000910372960289556
0.000759829843914113
0.000775983473770344
0.000751361671080496
0.000935259893897183
0.000710662247675312
0.000970666337068385
0.000873605096424895
0.000778624698135372
0.000727018568881383
0.000767208149830667
0.00104047426397147
0.000779536735371234
0.000801438945278446
0.000791290800817734
0.000720512507086393
0.00072752569374711
0.000855303674323403
0.000739504249952487
0.000885501102265118
0.000796224252478294
0.000897679043441364
0.0009597481883803
0.0007195685315526
0.000712445448419932
0.000885665457421875
0.000772146107773508
0.000922448607487884
0.0009092051452028
0.000646807762606215
0.000843863350568195
0.000754528819555667
0.000745778987364622
0.000709783008347502
0.000648184246824741
0.000717460273484307
0.000744996014002646
0.000747152824550667
0.000700698085857182
0.00092088845359826
0.000862795285138802
0.000857162141546456
0.000749240393457597
0.000798981164698839
0.000849847939492065
0.000677087225795152
0.000704934924916486
0.000848542145578197
0.000891596920550832
0.000883262960398286
0.000694802489199159
0.00069404988903713
0.00081099171939901
0.000706985200143651
0.000725013555516675
0.000713864177569244
0.000797928339856007
0.000827112261909644
0.000860855764793725
0.000774798398500347
0.000773402822114775
0.000851368831081864
0.000709640457853104
0.00135006140223433
0.00114379562187573
0.00084908238714811
0.000681311018558299
0.000807625127010502
0.000792479885214095
0.000903709263850028
0.000838330690792174
0.000694566751680498
0.000734359194663249
0.000800728707467678
0.000713662073655121
0.000915004867413363
0.000710082171451419
0.000792132432813521
0.000652699228122463
0.000737581263716881
0.000754061753031436
0.000880665026527422
0.000851258487397007
0.000695399373063569
0.000735462418148334
0.000869173977007373
0.000820607421770249
0.000890139964866522
0.000699710964160937
0.000714533931167848
0.000779791524101353
0.000750390430340659
0.000775577764933972
0.000689418906215133
0.00070373086247491
0.000671247507523148
0.000661431565118734
0.000748974303862782
0.000763990488834218
0.000706485186968404
0.000659051588638202
0.000794275092007357
0.000784511863345032
0.00067088998104059
0.000677217538754093
0.000771297150412957
0.00081719182681158
0.000721432413304935
0.000755707570846333
0.000819260143539305
0.000739005349973416
0.000904940420967188
0.000708591819598805
0.000968819908920616
0.000842766147157466
0.00082786560789161
0.000790086246573731
0.000782380342109491
0.00070056203171722
0.000738946846691844
0.000803365877441624
0.000674837783085051
0.000764325596192563
0.000895033396552597
0.000722138145241442
0.000687968792012873
0.000737812848846396
0.000783817875154953
0.000709643734520008
0.000708010483092447
0.000856805374188477
0.000862615870738681
0.00072013862797391
0.000834377255258379
0.000824573929326371
0.000832156965853686
0.000695638506008581
0.000775360248884812
0.000712193598009826
0.000741240411127117
0.000762652438113619
0.00067735975842837
0.000735892745080665
0.000740464781652396
0.000780380995731018
0.000805113505130456
0.000735747034799864
0.000720707740450758
0.000766045829206355
0.000711304373302215
0.000731727306102554
0.000742484462158386
0.000763182305509472
0.000712664550198182
0.000818933283815348
0.000778280029708514
0.00083432301292751
0.000641852620731819
0.00065358637924909
0.000712316963295636
0.000842070151526248
0.000812926761574296
0.000856874820535964
0.000614878396744065
0.000760741944956764
0.00079467961691278
0.000558853610721691
0.000725732446597789
0.000739199718465251
0.000681062879868458
0.000644331188853366
0.000699020600446942
0.000624413559949472
0.000835682380564239
0.000794520885848706
0.000692971610309016
0.000687491604929119
0.000853397479662439
0.000816708278711976
0.000652669498283797
0.000692299545813514
0.000661690740660474
0.00074009825903465
0.000596705356810949
0.000731886277833909
0.000677425536169772
0.0007414429187559
0.000866645474940357
0.000734728901948587
0.000837099777582404
0.000666657591499865
0.000769828793196847
0.000761036553096215
0.000741029713840433
0.000864592237548639
0.000759785954707717
0.000669159258020007
0.000730502696235868
0.000799370279454608
0.000677511510674652
0.000676262533041709
0.000766920582930497
0.000710122073749216
0.000699082212279655
0.000832804878787543
0.000711890706056494
0.000809608362518455
0.000749798297271454
0.000815445064650001
0.000737875483757618
0.000721742201590217
0.000898550705228174
0.000747441585816324
0.00073599985327961
0.000640616835437913
0.000751295666836824
0.000847627802800845
0.000776363015990265
0.000771513724500273
0.000728355925538519
0.000941213833810583
0.000738217309090149
0.000838960685533127
0.000691150699447323
0.000681457804045102
0.000912914951976643
0.000699903930585391
0.000765167147398876
0.000758842342937781
0.000821352911176607
0.000780784468615628
0.000733572459078658
0.000828722741902128
0.00098802264917369
0.000835468329620845
0.000734560927436313
0.000743695066627618
0.000819032726383017
0.000656386202324047
0.00080504583605234
0.000826026935321521
0.000765302412995697
0.000758653471257206
0.000857695988873785
0.000682143047681849
0.00073457427234516
0.000752345226770338
0.000922903940209604
0.000779839005994888
0.000670488937233981
0.000694614341917119
0.000691569036623722
0.000779650952319696
0.000706307797102962
0.000660206043983372
0.000751172077956536
0.000911898817025779
0.000857667476046626
0.000777752792329836
0.000780359539418139
0.000694060725251132
0.000931520901627698
0.000690405734663929
0.000869133924467138
0.000685110762740287
0.00062331869113398
0.000836270490027767
0.000798227337281232
0.000875421717961255
0.000724582230483639
0.000865835454177056
0.000626533778546262
0.000718125206208792
0.000746802892695384
0.000708864765902844
0.000603570380001672
0.000668926398675794
0.00067199888170377
0.000826815456585164
0.000758302048220312
0.000747337970039443
0.000942457277852647
0.000718115507462873
0.000697551220698735
0.000713983331663617
0.000661226921933113
0.000660501148170584
0.000927917959824049
0.000671375864271045
0.000754515824738605
0.000755132324811649
0.000815773963141477
0.000804812147039915
0.000748922007433936
0.000787805939335202
0.000658563534356384
0.000739799802803786
0.00077589280457331
0.00081192923379342
0.000723218257929546
0.000716917868680342
0.00102991958018714
0.000681544786564496
0.000966944707354895
0.000783914440315321
0.000832866165044882
0.000869768432678328
0.000989656052842938
0.000792743331485266
0.000782817315993933
0.000977584109799691
0.000729101571227493
0.000803572155352799
0.000755851595557575
0.000674476257844485
0.000873313732014281
0.000722669598790467
0.000866074114002972
0.000844416235531473
0.000707950669473714
0.000832229223251988
0.000828764349064494
0.000801648043407016
0.000811481691184204
0.000784865791594921
0.000719432892361266
0.000784855860896543
0.000789618126981884
0.000781363121658598
0.000817765032722524
0.000837435175642123
0.000954680498283312
0.00086651951741554
0.00089964188531846
0.000716316204481007
0.000730746423908972
0.000715910866507827
0.000848803952224772
0.0008010075196885
0.000810059071139789
0.000740917674297088
0.00067976357059275
0.000652846697275651
0.000771869286453767
0.000790084864566842
0.000655745299527754
0.000781033623336205
0.000809223789624031
0.000789916176497858
0.000801696681788745
0.000835604453724047
0.000794309873989558
0.000762673126056072
0.000779616157800621
0.000670855638231465
0.000788042157266134
0.000780895021711531
0.000726729758723762
0.000807796933975263
0.000787591599434807
0.000714537434759147
0.000855795408665761
0.000839284901871599
0.000696552578383268
0.000718045336532393
0.000805826268681897
0.000827353259849424
0.000807299368905483
0.000778532179227115
0.000651003417275661
0.000602051905621029
0.000706639588137965
0.00081646733006526
0.000759408296272618
0.000749425603407119
0.000815120211911424
0.000801336364034559
0.000694848018948185
0.000872739941159875
0.0008632903143236
0.000789560926917585
0.000796786636204594
0.000864113185051667
0.000768275026403936
0.000850303096717593
0.000674732499709974
0.000846071325660217
0.000873758090603108
0.000954719269189765
0.000805305379867325
0.000881312442722376
0.000691762405813437
0.000926760528361254
0.000809431975838268
0.000729099563837885
0.000741764716900217
0.000890642886866569
0.000826726876217195
0.000752376832526682
0.000885674083292333
0.000838393072136401
0.000806837783426603
0.000850172567943902
0.000690533750175003
0.000783522301414894
0.000797062393552692
0.000784299140463924
0.000798139212861233
0.000820836938287827
0.000714212127505854
0.000696328026672621
0.000721782573830114
0.000750138313059054
0.000835136195777329
0.000802695524097347
0.000934452644403386
0.000733571869848351
0.00081009733441649
0.000910699996819588
0.00083875487133482
0.000708876281577266
0.000716068887751575
0.000889322424685239
0.000728145985474126
0.000827253069108153
0.000788805222902998
0.000783971183938798
0.000781018988261732
0.000781266670015039
0.000760634353438179
0.000776973633077172
0.0007676811287773
0.000808787766669741
0.000867451063146591
0.000867709889672834
0.000961146065212612
0.000845832830930678
0.000912475886503176
0.000792197130719846
0.000832694858985099
0.000913168628617658
0.000964702058826363
0.000852949870890854
0.000782466241184862
0.000816117832104269
0.00091517827013805
0.000804173330886783
0.000790628237953421
0.000700369497060776
0.000777361206820972
0.000860008011829711
0.000991507705359595
0.00088895428011971
0.000906231363544162
0.000835447014320594
0.000984441177580867
0.000807453338756536
0.000815953221373316
0.000722507557557843
0.000880596348730695
0.000722971964827189
0.000777346219810176
0.000762371389061978
0.00070315350285234
0.000800293852551488
0.000797050951788066
0.000740665130706186
0.000829517836116596
0.000943827897332907
0.000778683017795205
0.000878114660737431
0.000679834921416344
0.000722504210841988
0.000658650625108676
0.000879684282476074
0.000923956449072646
0.000738555824679703
0.000704439239585087
0.000749225141648243
0.000832858390660577
0.000913469951239324
0.000804474689107481
0.00098672212177606
0.000776687921817021
0.000689330720764586
0.000744982276358227
0.000875581120363702
0.000818488484216638
0.000741438812695373
0.000917656229105431
0.000855664139996379
0.000866248113976105
0.00074632154113635
0.000743076469283999
0.000790443856011793
0.000711436293111806
0.000685521330000006
0.000733061143344945
0.000972231535288036
0.000838074144222903
0.000789530916459003
0.000854917632832869
0.000713257290653831
0.000728531657052492
0.000721564718032573
0.000844156801330779
0.000834540000051933
0.000775786748854754
0.000729769139738088
0.000666833183031985
0.000649854168429681
0.000730459105211864
0.0011234312188698
0.000810776643422458
0.000876383396323199
0.000737713328161541
0.000724061976486716
0.000683835006556381
0.000768656786522377
0.000570093111061419
0.000886815948209011
0.000728179036468765
0.000845887071199821
0.00075681183458795
0.000848157914353435
0.000765556537621358
0.000692370460348474
0.00070924766535505
0.000779729973970184
0.000733823900730736
0.000675965074822275
0.000683889550286465
0.000730647741309241
0.000712411994701222
0.000844771100667673
0.000779722762464051
0.000662516228590556
0.000714867873823158
0.000773091290042028
0.000715833258959132
0.000831419745250434
0.000789848352437517
0.0009374926509783
0.000810288070756194
0.000695740066464615
0.000981368025531152
0.000774116568360619
0.000711320909444985
0.000574658884196386
0.000673893749633961
0.000664243873046536
0.000697607489002308
0.000604160746069435
0.000927101912390934
0.000783446770416442
0.000660526310654936
0.000735129604324445
0.00067137767828933
0.000807829446104023
0.000737750950153934
0.00073833486168231
0.000691963674684355
0.000724544604393678
0.000778859135170491
0.000649150990314917
0.000757921668456468
0.000643655033817784
0.000621356736252495
0.000896589647204149
0.000752590519227277
0.000763690237687527
0.000648612273577906
0.000745998906348697
0.00096783047294461
0.000681777181186492
0.00085143335200956
0.000699300314003432
0.000805231974604174
0.000764422777601339
0.000769762932265979
0.000634690729262412
0.000682098425299083
0.000886189986042654
0.000699656883936675
0.000669688613261667
0.000739880893642847
0.00080665082105704
0.000692635518841983
0.000803327879015117
0.00086118158331686
0.000959203311219087
0.000699744723783452
0.000867126115088469
0.000798059105363282
0.000757393754819838
0.000746338402311931
0.00082604094078288
0.000786960645567933
0.000672325310633753
0.00071590428351958
0.000740082608438801
0.000685510449094381
0.00095916127731116
0.000840130922598349
0.000660992007405773
0.000935595996926432
0.000751076316880647
0.000683876196208842
0.00078865619057975
0.000717686418076216
0.000750352404404473
0.000783671440206867
0.000763681659462258
0.000704899760819333
0.00065593742787606
0.000633992476074605
0.000577566444684914
0.000721055764413426
0.000678746352002795
0.000637809136759053
0.00072169133651088
0.000639922752472181
0.000764486608432064
0.000778455958066808
0.000875234205040615
0.00087670447405882
0.000756836193799525
0.000664588368961036
0.000709086100490906
0.000642999437717558
0.000852176521291306
0.000872981116445113
0.00086271868323719
0.000815042103432366
0.00066471698325096
0.000750536496947837
0.000793188556981691
0.00119308667095299
0.000724824994932374
0.000759228766309634
0.00107210084147088
0.000800314568247692
0.000671654462026613
0.000766731545660702
0.000784652334513388
0.00064460957305645
0.000721280852846219
0.000741703546721687
0.000819214992530551
0.000822850988855002
0.000744541594380828
0.000765374041526439
0.00080449459040419
0.000706925181005128
0.000738991191191825
0.00070008511074162
0.000699965697720428
0.000627161622809229
0.000907880224295464
0.000815875139248343
0.000604376738199517
0.000839228626398046
0.00078381674001002
0.000789395119753517
0.000839737910463084
0.000728108207716573
0.000851400348712947
0.00104862161026404
0.000963341250007774
0.000849145262271975
0.000851222112432581
0.000841031751030906
0.00063579050799619
0.00074717208557511
0.000879696416569357
0.000896856843158591
0.000796151481133345
0.000831218461428574
0.000745881692804903
0.000600646690551225
0.000805645568004513
0.000880134966562995
0.000752125749658995
0.000735901848603513
0.000663396735157944
0.000734127023568414
0.000820957914327147
0.000724816791143595
0.000618594572800967
0.000785994017668909
0.000749382356302378
0.000725855714956292
0.000858228759358317
0.00084492728964005
0.000705059518124185
0.000792434415065668
0.00059539048628799
0.000653444313320248
0.000686795455048571
0.000627077453834825
0.000705658453817025
0.000754243922380807
0.000728730080307089
0.000754755165823888
0.000660682623256195
0.0006491333457732
0.000817788473572194
0.000637550420968129
0.000654640798687122
0.000598677999593237
0.000785546648879193
0.000604854443551404
0.000737580930527496
0.000706821202080358
0.000639616256431168
0.000684182218035114
0.00122358607002372
0.000715870413799661
0.000851500801832269
0.000704869838754856
0.000860733369726674
0.00081186418726931
0.000643721664468208
0.000984754062058457
0.000839321443019741
0.00074938552177147
0.000822612472647696
0.000639396589165341
0.000719667214886881
0.000711110030297538
0.000717281563142219
0.000601101866760044
0.000698899839107268
0.000726021892701004
0.000663602992770728
0.000676328027797282
0.000759856384146242
0.000715013505670378
0.000686841929525362
0.00065325692556409
0.00070808686380418
0.000630115093125338
0.00067483983934515
0.000651611940433624
0.000566190752587565
0.000647111800440845
0.000716962485225277
0.000682362383196424
0.000619928547384489
0.00066310187049878
0.000560842390340364
0.000672329582536536
0.000622346308775139
0.000894083207121812
0.000602279783550437
0.000638012844602968
0.00062840025480229
0.000676573921326349
0.000678726262212055
0.000781008512202988
0.000775546553402199
0.000627700355259327
0.000756067541196181
0.000771750967767685
0.000683207898292233
0.000727999784357083
0.000762869931717769
0.000786688323641701
0.000661660671689596
0.000652030958480496
0.000674676306609695
0.000668801044339202
0.000757189462886599
0.000533187176853879
0.000688151666483512
0.000732697676712633
0.000751772433088783
0.000694148914608616
0.000744315060341991
0.000751283228516074
0.000956725862342143
0.000831194673745328
0.00084785360577021
0.000848886091229281
0.000767894518476895
0.00070607036744399
0.000572075281947163
0.000664110751112263
0.000788851616697048
0.000695633667814305
0.0007488701679329
0.00070710276886023
0.000754812967986439
0.00080775606054171
0.000732749565709767
0.00075489572884984
0.00073429003686914
0.000552810311104064
0.0007189458883608
0.000586104156001427
0.000787181053011664
0.000724820228609259
0.000838868133821664
0.000803430397712224
0.000777129623196532
0.000800197442348344
0.000706464031978618
0.000767351779210245
0.000698134815931475
0.000648046397303492
0.000656172847129084
0.000602786689932032
0.000773537528351637
0.000910856214957899
0.000663941404338714
0.00056419242165636
0.00067372055881151
0.000613869339390838
0.000693388668707249
0.000726465793194035
0.000754821995520004
0.000666707820258549
0.000751555906560248
0.000650385670140027
0.000956234001638621
0.000857044632674447
0.000761840705690872
0.000779637346757882
0.00077785012104046
0.000683141823415302
0.000752405159681605
0.000769975791531038
0.000743313872094918
0.000743899774165442
0.000764550496576049
0.000755963856319031
0.000728591900471539
0.00070141559473653
0.000688868390268549
0.000676138598013984
0.000890807073619635
0.000717973685684217
0.000736055805534271
0.000795152028566826
0.000833510451037536
0.000714218771867352
0.000698891391921701
0.000739554127178158
0.000648230614738298
0.000604658544226259
0.000751905611556567
0.000830540970225623
0.000691826261805757
0.000655573043796267
0.000686951699901213
0.000816162151581811
0.000792350147872985
0.000679768206603694
0.000789791032694426
0.000721244845330931
0.000625187096796386
0.000622518515095829
0.000833977654275975
0.000661401130214195
0.000833294245823062
0.000724411425285149
0.000704919418611447
0.000733286902993057
0.000725569627001939
0.000810080166561958
0.000514066849179999
0.000772319938181167
0.000746272715967648
0.00079872426656214
0.000742731967084319
0.000706804450346915
0.000645612557415322
0.000671843230773856
0.000620224097769027
0.000753707338263693
0.000709837242309061
0.000637430932644397
0.000758413542345723
0.00076647462802815
0.000769186544179889
0.000754206036790346
0.000711792550933796
0.000769479963881972
0.00073597169379614
0.000640099422359445
0.000577662667707127
0.000767031432807438
0.000670522946671928
0.000702695432446179
0.000616871881096442
0.000749478043222873
0.000546532155484912
0.000790079332013814
0.000740230570575815
0.000681502899785401
0.000663520178522394
0.000619201255786519
0.00063669209769231
0.000846329238207524
0.000885666749744878
0.000675111429945297
0.000632692687092968
0.000620369192889018
0.000665975904853557
0.000733615901118388
0.000948029715261463
0.00054198914140656
0.000662859595903817
0.000752068902575303
0.000800617136110548
0.000738392141368203
0.000733718106151418
0.000662543637817292
0.000629660930465162
0.000616566741974714
0.000736227085659931
0.000783699093180549
0.000628053065885679
0.000686267451195231
0.000717628159262174
0.000704137153713436
0.000835439936874215
0.000505917859173639
0.000714732451734341
0.000748960934764157
0.000744151273124362
0.000620809544887686
0.000672101185143569
0.00073012335546365
0.000891122065338424
0.000787303249095339
0.000678364350132605
0.000606533948799486
0.000769435274458905
0.000625201043753707
0.000781206968398182
0.000668739992505486
0.000664424879465945
0.000616333884441064
0.000602728922767583
0.000824081633999549
0.000684647763713805
0.000796337385063794
0.000792073639600212
0.000733262250865446
0.000638544145446773
0.000786847122668445
0.000844839751516813
0.000607083162586067
0.000734507640229389
0.000616829836897149
0.000785619029472375
0.000771798033665969
0.000797902021001551
0.000713117882435688
0.000727599826754683
0.000778218472605915
0.000794474073657137
0.000827552763368954
0.000800211105278696
0.000777285316765272
0.000615188703728169
0.000836108307860137
0.000663342091587571
0.000702583979140191
0.000719037408421886
0.000731650254631114
0.000735476006681677
0.000640237858057567
0.000742153995506728
0.000753754131563035
0.000807326397056525
0.000674369769696411
0.000576254290290321
0.000680480496368339
0.000595285836996196
0.000572111466488893
0.000702755567338566
0.000541962490497869
0.000795848620920678
0.000563462405629741
0.000701709205897736
0.000702364151073283
0.000677062225442251
0.000802615823364959
0.000643190673554921
0.00074133402957462
0.000572039952039552
0.000725526141872133
0.000878479508156276
0.000802445092523605
0.000695756463077019
0.000758513772979033
0.00066694817804725
0.000581351351108284
0.00071784225541568
0.000811267333884957
0.000616740584880871
0.000600184862011869
0.000652905873031033
0.000754834046996042
0.00067867936273815
0.000704121423688083
0.000673138869029179
0.000592814965105206
0.000784536844464168
0.000668143664192904
0.000727363765970665
0.000827814718010133
0.00080148551924229
0.000567255164849076
0.000594603607361532
0.000631982478004104
0.000641697142801584
0.000677764642836444
0.000625223659979703
0.000625214102000505
0.000592404997684413
0.000738628956884253
0.000884127462080352
0.000876287661644469
0.000580027805132526
0.000779524303448187
0.000623611393596554
0.000736626785793989
0.000716566309924294
0.000727841260333283
0.000758632064681466
0.000649559895927334
0.000636843505065655
0.000727050704264626
0.000666779555123467
0.000698787712586637
0.000509406975622075
0.000657839655441336
0.000680600852925073
0.000581518309686164
0.000637422602288855
0.000560679445465052
0.000645965878161804
0.00067709634083591
0.000608404839776066
0.000675467331728346
0.0005397227226754
0.000692449052816998
0.000605377804124993
0.000685941647010866
0.000647021501355568
0.000686709963037566
0.000886245469846467
0.000572534521200245
0.00076407321880672
0.000783036656829831
0.000828063739366759
0.000739114956392718
0.00061714571518337
0.000761055321006939
0.00073697688177839
0.000669239253355873
0.000856142504293575
0.000746480828291883
0.000810517859263897
0.0008119194084661
0.000682479196991701
0.000730863619516431
0.000728160693467243
0.000764610107020028
0.000811248323786547
0.000640207023731301
0.000800486070631083
0.000619866303462413
0.000664651416943847
0.000728322445182839
0.000674341984425737
0.000660956896790379
0.000777034331895545
0.000701052620011417
0.000798728320660783
0.000659770500775617
0.000846102804370867
0.000564327378904876
0.000676544157647066
0.000686371817518119
0.000577235040154107
0.000594924585340554
0.000714556170465771
0.000821042999434598
0.000697215003440313
0.000560430648310267
0.000724447332716144
0.000620703360489884
0.000712740393755359
0.000756330674622444
0.000667676464504409
0.000801437089372259
0.00077166917078794
0.000676332057691158
0.000791907116938277
0.000653379882148187
0.000578984174672807
0.000653241031742648
0.000821855409609805
0.000730099603460671
0.00091732783987204
0.00069540438412837
0.000601074999661854
0.000653985982734055
0.000577334019121384
0.00070029601376935
0.00100854753562208
0.000726267472117769
0.000672133926123765
0.000702478143498851
0.000808755140469133
0.000701698940417921
0.000813340262376717
0.000712978235146916
0.000656371653324864
0.00069536920617624
0.000753220402690561
0.000875191439454606
0.000620654870020829
0.000595699855683544
0.000724117245343355
0.000714913970728537
0.000805695611820324
0.000665274471827116
0.000700868904042023
0.000652761266421485
0.000758207969116858
0.000675511280450364
0.000599353951553788
0.000579748241058182
0.000814662903683618
0.000797949111898628
0.000779452076149306
0.000639086991302697
0.000741958787693305
0.000587209779892096
0.000898935133602747
0.000624496884638627
0.00050494663632729
0.000658059738702892
0.000740528265413474
0.000665640838742816
0.000793883864653418
0.0005876492322299
0.000723950973917111
0.000723657592066603
0.000643465631843756
0.00069082761366843
0.000680878829467499
0.000783128740794656
0.000773370491190964
0.000667731068685028
0.000750264704555028
0.00076776096641293
0.000750510081964602
0.000774837607558133
0.000695475350565174
0.000641062074382625
0.000587159398625867
0.000664359550946752
0.000625217956931414
0.00069838624743979
0.000730037038922795
0.000795054939903697
0.000601729400414179
0.000583904302113594
0.000880707381416623
0.000856034955141519
0.000666882879285931
0.000669570061603991
0.000685146458460236
0.00062002341473068
0.000625760882677522
0.000607458187532386
0.00063527521970263
0.000587582020389824
0.000655891855640381
0.000516576244959569
0.000782912323845987
0.000678999083075956
0.000721893020613332
0.000578826407714761
0.000745276892083231
0.000586961006590572
0.000636332323560011
0.000749226488580296
0.000781238942430242
0.000696494491846007
0.000608248687118024
0.000653099051022133
0.000664783585892704
0.000627963643113466
0.000706880726572649
0.00057660082562117
0.000678300127130835
0.000629411418064941
0.000789436171002028
0.000926837310369454
0.000694806058455897
0.000565777830293016
0.000680650062967711
0.000685926893442147
0.000776551361051496
0.000666485642209518
0.000737831890580622
0.000796456377805643
0.000720457590326146
0.000771759765140602
0.000848493077370805
0.000631313291522394
0.000618347762130831
0.000635616484422521
0.000780053225787161
0.00068784612407823
0.000746524348373622
0.000725135064791971
0.000593647962660583
0.000783148664173209
0.000678321158787591
0.000637749364296127
0.000856439659308763
0.000637952863964449
0.000668839004152353
0.000685914034266528
0.000685975614230318
0.00077718948018788
0.0006954037409272
0.000689597537971859
0.00069498382511617
0.000621698405526267
0.000633024272100527
0.000546870992102222
0.000704399440935624
0.000558496324826645
0.000640712513604034
0.000623513978950384
0.000784746018197818
0.000679726032324198
0.000770708898772273
0.000714945211327387
0.000594262238796058
0.000757708016781512
0.000644463287535973
0.000682573972203342
0.000741754033390513
0.000718502223693786
0.000790046321814451
0.000686019553756716
0.000743717401175126
0.000645840940938139
0.000716423832984232
0.000602445335444284
0.000650730623699985
0.000608157983141189
0.000598027998988944
0.000682898374209262
0.000680414703512406
0.000901753298158366
0.000662749974487677
0.00068332900599836
0.000666730746217761
0.000660853537942005
0.000574726022421381
0.000702221533647509
0.000738792144031579
0.000718936832455124
0.000719856086256072
0.000637896584957913
0.000613364987722469
0.000670810746085859
0.000785939612821692
0.000806125787055884
0.000767240958595356
0.000682426865243528
0.000789608903107629
0.00080610637119891
0.000754679184991748
0.000630074790512251
0.000731554838318989
0.000671784396307219
0.00077437173913115
0.000643263097576637
0.000706002651980849
0.000809395890013782
0.000616927949839761
0.000674653984801429
0.000693248013322982
0.000979169282631947
0.000574750323653881
0.000758923746508779
0.000670990314184128
0.000670153392084252
0.00071223806327693
0.000534318773261485
0.00057520583434087
0.000699773374210948
0.000610484757582246
0.000687421391709649
0.000717664492261197
0.000656336089301466
0.000663416247280228
0.000640103240829671
0.0006485919042167
0.000955339874352897
0.000706821451612846
0.000633843795982532
0.000810980068812428
0.000660421599234805
0.000877051377851842
0.000654112090544491
0.00072064509677361
0.000861082796323311
0.000728245578920126
0.000629881605274644
0.000721571128080175
0.000717570043727955
0.000662715148997267
0.000964038059912803
0.00057924733679816
0.000659966497868714
0.000561376970858328
0.000566929886113914
0.000599327121718406
0.000683824000520645
0.000573203997607755
0.00066523687631199
0.00060884054598957
0.000679418306497532
0.000747979073991576
0.00065173953417116
0.000727329381253085
0.000698186612375772
0.00065579617666776
0.000698302856047681
0.000592758083707782
0.000544522929550489
0.000658671885241625
0.00086428397632266
0.000615211244241512
0.000685216883382643
0.000799046572824668
0.000753098551426945
0.000625556348417804
0.000714097301872887
0.000844663778345107
0.000767201622727868
0.000772924668348901
0.000963559913471437
0.000781070264678572
0.000598763236730863
0.000828061245377696
0.000679058270211017
0.000632139348949924
0.00078480098589602
0.00073910999872495
0.000708313284289711
0.000718760973974683
0.000681804642905155
0.000662700095798096
0.000684487616131055
0.000704112297296398
0.000631101053192039
0.000662244174977569
0.000605268203741609
0.00073618262732904
0.000606296564749649
0.000621572929026348
0.000735334664832769
0.000899211919657563
0.000783406120050257
0.000660075850840666
0.000682309965952302
0.000674621230411178
0.000732275438579904
0.000670791011600403
0.000612199833028561
0.000556417041534308
0.000897769752098765
0.000681734355111371
0.000757580528913301
0.000664350237180333
0.000640028263099796
0.000733906509926808
0.000731359550300816
0.000870584934236005
0.000710802786281855
0.000806209109805306
0.000608713293320729
0.000613297566958752
0.00068669141846262
0.000736156029165382
0.000667246836887637
0.000708918646129204
0.00070289284674989
0.000726125181854549
0.000653375790930098
0.000618645722331643
0.000629992509896505
0.000731927176313051
0.000851804688427193
0.000634812167029001
0.000634647897568895
0.000894062683502424
0.000656318957051563
0.000704966421744702
0.000905897422299581
0.000749913635411136
0.000838436052965469
0.000770869190123922
0.000622711582595244
0.000723090428394996
0.000602766165687606
0.000846572682552755
0.000771940839673487
0.000828266206445816
0.000678592968556945
0.000817757542144658
0.000853440027143964
0.000771597287443143
0.000730211923900764
0.000721616718083826
0.000704988990120524
0.000768079060996104
0.00076791110404948
0.000525534495385137
0.000831530776747823
0.000729477676084567
0.000742873601068392
0.000745277130635536
0.000771744023753846
0.000860255379896089
0.000733113156952377
0.000711285473803695
0.000748769990974193
0.000601753636189208
0.000725511482413577
0.000703941676501071
0.000666454570253571
0.000890138345768752
0.000714064829139633
0.000883973733573783
0.000658496166338858
0.000625607152625067
0.000636477257339669
0.000640725773614467
0.000842581855973351
0.000639134023284291
0.000636684984436629
0.000660509007561516
0.000665340269087651
0.000617394111289982
0.000680208276140917
0.000582398215236817
0.000724842777712595
0.000574719812430686
0.000791422947087479
0.000800677360534519
0.000797498296690212
0.000689662974607806
0.000838997789927675
0.000691295849294988
0.00067243593959213
0.000670518860989125
0.000683802183064606
0.000671468886605878
0.000712739956296008
0.000603890397598569
0.000742441243838911
0.00078811505336154
0.000741208771680127
0.000684188424583088
0.00065082812517989
0.000678149160216299
0.000761651938948841
0.000693321183990912
0.00071580509561476
0.000728724621503199
0.00066843701511544
0.000728115066653071
0.000673538397548361
0.000798563090337423
0.000664362864158817
0.000678576108362917
0.00072460603155589
0.000608716072312071
0.000741962667514891
0.000687124211658193
0.000637378977158731
0.000612968467439452
0.000849453679428354
0.000599843499777251
0.000764956420435437
0.000674260295410927
0.000592554189748933
0.000714286415475947
0.000707344959973783
0.000615806720817082
0.000675868261662031
0.000657552408083889
0.000735391885868195
0.000622918393581811
0.000658270681470604
0.00064982019710764
0.000611941148568556
0.000624182977087503
0.000707532647791734
0.000626105572579219
0.000653388203979184
0.000630874777931188
0.000633644660783719
0.000755759025495783
0.000622399806956838
0.000499459104779777
0.000613291824855227
0.000692271939135642
0.000777656220602884
0.00068037312620486
0.000680345778803474
0.00080251948076559
0.000705034723444786
0.000801405584988935
0.000687013407810704
0.000632394531039803
0.000689793138664651
0.000621282042737693
0.000835560263689899
0.000809995444143967
0.000842813963973328
0.00075987918727578
0.000617653003859069
0.000675342543962629
0.000663393731086274
0.000725182632900179
0.000646711717388238
0.000786303129690248
0.0007582115629795
0.000832613084925056
0.000783138627764787
0.000629747197813867
0.000553495669422987
0.000722712518699352
0.000795450657503491
0.000729497310512677
0.000788652271491175
0.000862543087354392
0.000698822184241167
0.000654736914401711
0.000767144629064143
0.000744330964597272
0.000790602984916796
0.000612688920132944
0.000799436820995768
0.000754859783663297
0.000681909199766769
0.000585098641922428
0.000734382982670391
0.000627802362010525
0.000693280213749657
0.000776861196992429
0.000783848982758006
0.000611469129221852
0.000668753764487972
0.000741064551327975
0.000798810641269845
0.000614029802880389
0.000703547908320291
0.000688850600058705
0.000682659196800131
0.000696444285129057
0.000883355014428532
0.00102419012308643
0.000645670994137713
0.000738607956962475
0.00069814907020046
0.000785277227319404
0.000832591553456041
0.000778111814001965
0.000733683856830598
0.00072597427246195
0.000616562619015584
0.000724957802120707
0.000609733685927896
0.000639267518425982
0.000573902115709778
0.000701869632547103
0.000618512431477453
0.000661221129108847
0.00057064930055798
0.000696121880903208
0.000628560222031414
0.000697181787667545
0.00067317024864826
0.000755122845286465
0.000655587301219055
0.000805395624691824
0.000760839534057248
0.000719778441393198
0.000733322865820005
0.000658528559836739
0.00077183413398274
0.000652685137820238
0.000937706320988129
0.000651754968697186
0.000876605518171144
0.000636183980733389
0.000595814214446819
0.000698453161055637
0.000776292672794747
0.000669697285121354
0.000784129939970952
0.00076296633684847
0.000583702764369922
0.000729818967163021
0.000683608059096524
0.000823102978662629
0.000645335283259593
0.00074432610773794
0.00061694391377771
0.000917648011436559
0.00074644647956498
0.000642779497367523
0.000783804948945167
0.000683293968565277
0.000734682372720486
0.000696538006069566
0.000647625312588954
0.000700262351200929
0.000727974699566356
0.000746621533700078
0.000774030010814048
0.00081471597288199
0.00053800359715106
0.000703342622504732
0.000647917932787057
0.000634093860200855
0.000759296229090056
0.00090530643394933
0.000755906408569996
0.000736684328512651
0.000803146808176987
0.00085446493491329
0.000665866018725043
0.000598590669379414
0.000719875261470971
0.000691653326590318
0.000673155702092904
0.000742782281749338
0.000723442897168164
0.0008321848749973
0.000818032922161805
0.000689318991989557
0.000687700017170603
0.000852795947613113
0.000688336523325906
0.000746789583840961
0.000774028313912143
0.000781749557078153
0.000799762714177651
0.000748533288110119
0.00139458990320839
0.0006460254470304
0.000800251392432694
0.000673626367693324
0.000767548485704159
0.000809725752969119
0.000631389466662253
0.000719852080190655
0.000693186128074937
0.000714962515483475
0.000794938425421604
0.000732835436006246
0.000555252252382201
0.000785352502615798
0.000781553280578173
0.000724796457344913
0.000872150219845808
0.000778832107637566
0.000716807290109417
0.000875989005470576
0.000769812951767345
0.000685728812098318
0.00070724854218185
0.000640303501934376
0.000715107198894582
0.000699290388505882
0.000798684264811843
0.000737045004194494
0.000778513037915331
0.000670731926428574
0.000837202927115156
0.000592184849702957
0.00067585082311526
0.000809753230165739
0.000671640843679236
0.000809611941259611
0.0010223600551274
0.000833619344053361
0.00101065132120318
0.000749046553470665
0.000755984244686352
0.000863585516324394
0.000824387067161563
0.000723669549092798
0.000836399068354356
0.000631440213811465
0.000729744837654836
0.0007011135979661
0.000642673107439168
0.000900124738486641
0.000981137533824126
0.000785499305281217
0.000881969936286845
0.000697851243772531
0.000809589754269249
0.000652042663175513
0.000779367264452573
0.000806113155039207
0.000737040623238803
0.000750704596701502
0.000758181513630095
0.000746935028141217
0.000879760711917703
0.000716616924238468
0.000880346456001261
0.000946396232558055
0.000856217219622053
0.000642445343656161
0.000649497946088455
0.000761607558568678
0.000835224305827174
0.000566973825908006
0.000656057881614956
0.000661054691498012
0.000570041589529575
0.000828943168156849
0.000784839456513368
0.000659087432448239
0.000718126265143
0.000810887231440717
0.000792285626421116
0.000689208922573802
0.000802369131315407
0.000666074358840173
0.000854789075453693
0.000799572394454891
0.000764894068463807
0.000822132174106433
0.000812235332514659
0.000872963145196273
0.000715008870047016
0.00077730990712536
0.000825991377356014
0.000821674462235052
0.000631675514837524
0.000661375133242942
0.000779479651744658
0.000552950244234291
0.000602146676520851
0.000644452481706128
0.000687200609189974
0.000663942735812383
0.000763321718913507
0.0007259472142377
0.000701651422139492
0.0011400664497964
0.000881132010550225
0.000697445768253517
0.000740162615612396
0.000749776988720009
0.00101351813905787
0.000779530540298388
0.000735368392868073
0.000990479790320425
0.000623653168720724
0.00065493864011926
0.00071831472574986
0.000784693216699222
0.000719702060186561
0.000781367101957084
0.000846223801504211
0.000828742059577616
0.000738825979303152
0.000808602010092199
0.000723710795429516
0.000625430702655087
0.000709723100716567
0.000607302267988667
0.000663995106370288
0.000630445463888883
0.000931376342826959
0.000734261360614695
0.000959206794236609
0.000619438596320145
0.000723548358628207
0.000615885787069758
0.000874925979186132
0.000791001093564684
0.000743720391922354
0.000643782366821062
0.000870904089054793
0.000846036743675713
0.000786236233850671
0.000827876595456028
0.000806967201334845
0.000816123695214668
0.000753759147283316
0.000792798432721814
0.000683493926725814
0.000769532049570118
0.000767689061472924
0.000733963167524357
0.000693699231087215
0.000847326984056469
0.0007092757284258
0.000865339248755614
0.000891989071790917
0.000837190059948951
0.000738953923238383
0.000799594576297235
0.000799271161661377
0.000863037935678992
0.00075640510941231
0.00079416562510768
0.000861742491856632
0.000676811009817376
0.00077671022010058
0.000995012475415317
0.0007445490826699
0.000784490892446757
0.000999194761955936
0.000734210293279954
0.00087573670415296
0.00097474408655322
0.000886522635045432
0.000766537594403525
0.000796777888142668
0.000696042609464368
0.000787617334558644
0.000631888536398355
0.000778643256979414
0.000719998855969664
0.000758392504096051
0.000699761486939384
0.000806646107355086
0.000686480779448319
0.000812103423480159
0.000707653966806496
0.000685925237380871
0.000675797150670324
0.00065504138687148
0.000861067442273156
0.000651990464229082
0.000755075286712018
0.000775379964410039
0.000781765045803074
0.000719427371331195
0.000755555234199286
0.00107461444438345
0.000944538746112581
0.000984350160588759
0.000754779282142414
0.000700099154086874
0.000713205190418715
0.000655550190695506
0.000739336945412978
0.000689265155299175
0.000670501808390543
0.000839865269551654
0.000863768747962769
0.000764700143506448
0.000670642227981213
0.000712479421606666
0.000763962372417741
0.000662109669704824
0.000763004795008923
0.000638219531031995
0.000622821650084053
0.000650632436163009
0.000742775393378496
0.000782425147738159
0.000895042892086493
0.000649709875542245
0.000778440612656419
0.000677458752752449
0.00077754721646397
0.000720543309370716
0.000752369662956255
0.000736437644421972
0.000668044894264056
0.000944474780721823
0.000759434767886862
0.000857682490528711
0.000778420783948976
0.00070768870713734
0.000791763816619639
0.000835063358948321
0.000726781585101543
0.000748466865310976
0.000789145604456538
0.000760838475648406
0.000809647537074755
0.000774568685284364
0.000826442297099392
0.000682291115432809
0.000643177395304466
0.000704161971133028
0.000756611825099219
0.000723506796057965
0.000759024514384047
0.000753315829023087
0.000978124987485474
0.000781918076908516
0.000837935496705576
0.000892333089188086
0.000655477499563188
0.000740552631029893
0.000659152845750309
0.000773754622999251
0.000745076831390233
0.000914849121014302
0.000691656001334966
0.000782067270353808
0.000686302888568069
0.000756455281865146
0.000711245242129568
0.000758960454875413
0.00068556172042758
0.000834995069694902
0.000758361627080456
0.000626811829952532
0.000712460932652459
0.000626671283294858
0.000923414433431871
0.000678163039210646
0.000752629374574862
0.000766503083922584
0.000687435157751967
0.000606207600551058
0.000672616704801793
0.000696106589893834
0.00076459109363954
0.000654771388438232
0.000675749646824002
0.000674680627061767
0.000693626454244576
0.000838387145243568
0.000651493135648076
0.000719330741138336
0.000763669830603732
0.000856328856447632
0.000814786113977716
0.000761917324755557
0.000785386657170891
0.000800330820910649
0.000614003705376832
0.000748362350651762
0.000664639548250018
0.00068121395549946
0.000636504750075291
0.000614495965786232
0.000765599213636701
0.000771905971348652
0.000904475155823197
0.0010508899001843
0.000879836163228862
0.000767919188233037
0.000697468629676908
0.000800558369085943
0.000702662462683792
0.000679640719566663
0.000660716220257376
0.000648610874508489
0.000604773635822727
0.000736863418606594
0.000700926701577332
0.000757466508748945
0.000709719660449384
0.000759592499132292
0.000667511259578374
0.000829861513678988
0.000705856195272109
0.000627926298754536
0.000819871022560478
0.000687501271320181
0.000686599370966076
0.000748020130024657
0.00067077937512649
0.000762379763620646
0.000688707817610291
0.000530084329998789
0.000676208069806304
0.000921308358182938
0.000974117104309372
0.000740855717308034
0.000925302955463633
0.00087254142579594
0.000743460765140701
0.000846771704154505
0.000918921181221702
0.000716232273555834
0.000719588912983595
0.000857211889770534
0.000788292612788345
0.000849774862197379
0.00082207643805159
0.000883003152109843
0.000796327027097479
0.000681593456269413
0.000778462714223685
0.000854949687039038
0.000869401174995019
0.000711888261384792
0.000764784000833681
0.000726865775376983
0.00076381111852369
0.000772400518120828
0.000768776117375899
0.000720642616127019
0.000897322703642316
0.000810267430837444
0.000834643662064734
0.000919113499560875
0.00114030125697039
0.000751107446455907
0.000702006683236839
0.000620157184599809
0.00083106191580935
0.000674604161028907
0.000765847695619886
0.000669480774272148
0.00063493338965485
0.000722446928007486
0.000701730754196335
0.000794021176530061
0.000871653886400401
0.00082810206106085
0.000814327062230771
0.000712985438490378
0.000697910792160421
0.000754718963864259
0.000814593419874172
0.000758850177263297
0.000736897348817103
0.000763009983234998
0.000844527950714109
0.000708130179607549
0.000703312992356525
0.00076635464445832
0.000736591198877549
0.000699262062083244
0.000710629808565895
0.000763458181997346
0.000773338704079099
0.000697547545297778
0.000718133428535985
0.000801597685512021
0.00068621298754727
0.000709852910457679
0.000757130019284603
0.000694001472332136
0.000665982002142772
0.000838845636546453
0.000863619356453164
0.000711602477844991
0.000626228083456702
0.000649429545536267
0.000713191523665366
0.000729928049327003
0.00105653942253732
0.000712579834183647
0.001061715853724
0.000892924269513987
0.000804598450841082
0.00107859985805798
0.000795626201966554
0.000810400554172332
0.000803866213954811
0.000866053663149934
0.000789439610457094
0.000788271191560402
0.000801075224859231
0.000784036643112885
0.000803932547963265
0.000728003693215952
0.000859528920947636
0.000836695627057871
0.000764380442781879
0.000805085314121573
0.000796621192287658
0.000843590768273266
0.000887636397461704
0.00061356715641982
0.000685839099873874
0.000790405519272999
0.00080735334560857
0.000748187426995925
0.000694019280566865
0.000740862221204521
0.000704221826702884
0.000635987821761181
0.00103757549758902
0.000747589312726026
0.000749131717473148
0.000849722262499746
0.00084273714982949
0.000835210294166201
0.000868530762256386
0.000751533401840611
0.000737258258242115
0.000733236518879556
0.000775508169665588
0.00090400396336094
0.000757580257506786
0.000981147683210424
0.000710840243974163
0.00089442212560723
0.000855429574797767
0.000715907535378014
0.000840370094816586
0.000847529462671065
0.000739928283344908
0.000820780541859381
0.000833408194900536
0.000722224001437163
0.000858536654803745
0.000719053900035664
0.000716532338995466
0.00085039090938411
0.000761303673868512
0.000674250733775428
0.000899294765057443
0.000732588485541164
0.000778498080897459
0.000849605006330002
0.000751497376067697
0.000760995811647032
0.000829732335438428
0.000738429839201222
0.000792178422557472
0.000883653973877524
0.00073089682463438
0.000808150995567444
0.000707197494593198
0.000822823768048566
0.000745518721725423
0.000651215141205762
0.000897454113284145
0.000618370190729179
0.000758676445177325
0.000622447383449106
0.000716385755786735
0.000625832685380687
0.00078927271438434
0.000764379761612888
0.000677068403237592
0.000656399325746543
0.000650967707374326
0.000697484701489036
0.000657983063150885
0.000734245319382972
0.000953988823762014
0.00074702055469108
0.000927642939310157
0.000683290298183395
0.000784919988306756
0.000636540504597781
0.000700280075543949
0.000748634919769105
0.000741877717532119
0.000823804227328044
0.000611572298561783
0.000651044440148397
0.000835996077443863
0.00070248782425888
0.000781249888948225
0.000755980863154379
0.000662064779006683
0.000750331143030393
0.000790195325891413
0.000745319371398127
0.000776715369271305
0.000795218092546634
0.00063086251877388
0.000768590744204682
0.000736795362309971
0.000726125963674936
0.00081732441356615
0.000741172431244949
0.000741301896420368
0.000795640450956659
0.000865744975809175
0.00066482002074134
0.00085567267511285
0.000756952738392221
0.000689173257043673
0.000710854880111328
0.000798955291155984
0.000648828250149407
0.000665491355401728
0.000784488283676664
0.000816657362271068
0.00067914607989175
0.000729193641621228
0.000889019202222596
0.000793176887314967
0.000757055114867607
0.000806221982215839
0.000774006894761617
0.000711616040572047
0.000695834151438867
0.000766008745055523
0.000733485901249457
0.000774763396976289
0.000851528537538248
0.000870450009007208
0.000812620060078517
0.00075775632327641
0.000724407850388654
0.000861886733805231
0.000806873292887305
0.000999893274852788
0.000795207825606242
0.000726308924481771
0.000789694033253277
0.000607623332916034
0.000704311276587613
0.000685506547140265
0.00069647835055058
0.000722524534217492
0.000656262384710242
0.000807938657940158
0.000732954993777639
0.000730528261883935
0.000734861687845626
0.000853368356481895
0.000746420166173204
0.000758399343508965
0.000823820956456832
0.000768140240260933
0.000642700875889179
0.00065925106581894
0.000738852934200924
0.000739882075319626
0.000670676827127562
0.000820475924626223
0.00069706039522505
0.000654427786606596
0.000711410306766855
0.000779987534130728
0.000690638749372513
0.000937476804549618
0.000850010003261128
0.000800632805510664
0.000583269051373005
0.000635999192241955
0.000736211017434137
0.00066313922890937
0.000892640751908977
0.000650863448335905
0.000811556347779546
0.000835469790915691
0.000780212446631837
0.000725700344688217
0.00081857160230386
0.000661507242015854
0.000601160923893831
0.000811109041940588
0.000738980345854485
0.000677159226738684
0.000815060237685513
0.000640344949211375
0.000689848148350687
0.000720185623179385
0.00070019389707249
0.000791556603079537
0.000741915379042416
0.000925158453804495
0.000702953310396594
0.000699229728630972
0.000690244720425463
0.000879604970306084
0.000822365577562746
0.000776309202619982
0.000744387475926676
0.000940070315163259
0.000759680860041029
0.000676706314616363
0.000805734633031597
0.00063715314106501
0.000680277079218558
0.000681416740295875
0.000784718324370248
0.000784660860416756
0.000723498757410125
0.000761512490457556
0.000710315102836953
0.000692192728399904
0.000701973217079725
0.000824094192578089
0.00060519604506546
0.000740862235165632
0.000745571869317163
0.000762464656043278
0.000679482320998827
0.000754629935933691
0.000732956802884712
0.000906069580014399
0.000665922701968596
0.00080765501796062
0.000730053498070536
0.000929938192856278
0.000791867205385005
0.000724493725190401
0.000675143413527284
0.000686465118865249
0.000787273960286119
0.000810212286177702
0.000832919435720327
0.000689551528867673
0.00098209893652689
0.000695538648812086
0.000727997734804967
0.000838598790373786
0.000650165483306715
0.000734441223059041
0.000668462629060051
0.000753882583162313
0.000656691218125689
0.00066593985851683
0.000630197221441968
0.000746231230758074
0.000670197007425122
0.000751250276338307
0.000698386123567427
0.000918604188093112
0.000698586390411228
0.000699641388477109
0.000721784027898973
0.000735431201361586
0.000647780966091366
0.000812936061501968
0.000851183947330027
0.000761201017928003
0.000754994248516631
0.000926854155394569
0.00107710758766431
0.000776960464339398
0.000751758306044534
0.000961650930842605
0.000626924043546979
0.000705993489119404
0.000896559408943343
0.000671142466745413
0.00068426781205856
0.000779700371172119
0.000696684628640576
0.000786051854561577
0.000746848689369691
0.000872294696193592
0.000705066412518725
0.000718746468507405
0.000700928926135342
0.000815344822777875
0.000745849139599778
0.000862734829989194
0.000712297697409619
0.000642342101472794
0.000846890799573367
0.00076866121112732
0.000822887401016162
0.000748762396900286
0.000925093087768082
0.000749190980170708
0.000787181751513746
0.000848838509071806
0.000949914114961161
0.00092316371829439
0.000777515010262899
0.000746329436790435
0.000929068812779942
0.000815397776338976
0.000855498589058289
0.000834945404825595
0.00082654985054448
0.000799845572009648
0.000758495403983029
0.000732854225393095
0.000666391960159836
0.000851118443763948
0.000859306943376586
0.000678896639569997
0.000749866019429982
0.000728267939300414
0.000929035317164621
0.000994305280080968
0.000783690268481009
0.000724804190719839
0.000827285854945285
0.000793662274025319
0.000753429746390859
0.000731349352890745
0.000866297671140444
0.000752415675402951
0.000782636835087154
0.000876008107755403
0.00103078916000935
0.000820785960503712
0.000755862483010729
0.000798743330583558
0.000688314297619805
0.000689498459785842
0.00066236516526105
0.00073451212554318
0.00070850851328176
0.000663061913543438
0.000778098317749347
0.000747646986637304
0.000753236167452765
0.000699751659143676
0.000765595376664455
0.000854745501461375
0.000668969003208267
0.000670965746298859
0.000758816657425431
0.000747143782585088
0.000745104304565155
0.000716687741709713
0.000794964005581165
0.000665833391829874
0.000723275678441723
0.000740733116470876
0.00102817196905039
0.00081664886490513
0.000745281788055583
0.000709705576993313
0.000675270105497436
0.000814374770523046
0.000782610784341021
0.000764470627195296
0.000685184334473593
0.000673404508942424
0.000807590752168854
0.0007855152125868
0.000905891987625313
0.000892789953693745
0.000789490502830159
0.000780028254780125
0.000792330167119188
0.000800926226272118
0.000933872874673038
0.000804314637176287
0.000656067379540879
0.000834166618410173
0.000682974827141383
0.000827322818908202
0.00085464775596478
0.00071075615367583
0.000657503478791679
0.000807227034923657
0.000685119908691282
0.0007851647704235
0.000936144959400092
0.000861617285874071
0.000695103627848356
0.000908321299391739
0.000957563249434633
0.000883495465744105
0.000906163773783942
0.000796089483994991
0.000855294166292984
0.000824748511003223
0.000763260594356665
0.000764795120205989
0.000678331702850818
0.000735959281888099
0.000811156710369046
0.000692511375340032
0.000824606784346401
0.000796808473470625
0.000725964473644116
0.000683494505027529
0.000689032517551379
0.000706888363190406
0.000789895285943567
0.00087047732307757
0.00070772517186903
0.000812924339375843
0.000668784589836097
0.000734962895576614
0.000681216555543155
0.000750963002571196
0.000937532958043047
0.000663426514448072
0.000753424285535317
0.000756430083485014
0.00132669445650355
0.000795528179613894
0.000912606293301074
0.000717028739323547
0.000748181178685168
0.000805475270171787
0.000842587040497155
0.000912357693767634
0.000957699625303538
0.000832825500321991
0.000655404224744888
0.000752869979447193
0.000867588008901399
0.000822242333175882
0.000741463778837329
0.000723219545745048
0.000676186448867381
0.000798195628054064
0.000756792495963088
0.000735124603211295
0.000764655339709388
0.000771714635716877
0.000801902714145403
0.000760380081873726
0.000787407377074056
0.000706120813104708
0.0010163579780424
0.000840357421965371
0.000960148797839029
0.000745209272380089
0.00080849764889849
0.000814568815007734
0.0007197104094909
0.000736906760438941
0.000810438254620175
0.000702402459236623
0.000911597493781181
0.000810777979213552
0.000723635607899738
0.000724290971016399
0.000807054280183884
0.000906697693075701
0.000793455982667614
0.000757114554688901
0.000795704764444146
0.00078532712855746
0.00092604625380447
0.000748809505397054
0.000810521135083074
0.000730585085185148
0.000940677688134923
0.000828358399101452
0.000890462168698019
0.000859887638589314
0.000942121204029864
0.000765816735017025
0.000960048201587064
0.00095129467613009
0.000785133474781573
0.000681773283488403
0.000856653506396068
0.000805874725926678
0.00067956026549295
0.000759205603693798
0.000754230002075039
0.000604427345943975
0.000776372588283161
0.000725818515337208
0.000632896232187112
0.000701094653992771
0.00069426215346272
0.000799069325987447
0.000936959405545217
0.000883820690190324
0.000765495318069809
0.000806312547868124
0.000882534264686234
0.000856443992835822
0.000776396146985406
0.000829892805133053
0.000776958803329509
0.000720596329715126
0.000777166340156165
0.000709109504514547
0.000822025735966889
0.000782231545959651
0.000963007890378594
0.000870673482660399
0.000973935216016637
0.000761594231263844
0.000952902331306812
0.000922703692450742
0.000687973229706962
0.000829872225444574
0.00081040462063863
0.000821186153524165
0.000809302881070503
0.000787977253156843
0.000807869351842538
0.000933088329099189
0.000759117334135694
0.000777390510799254
0.00078482536616064
0.000898559827380116
0.000793916595708615
0.00105660534317346
0.000799112591526971
0.000870908946992955
0.000950567286128415
0.00067501554492144
0.000816191812056735
0.000842129940725404
0.00108098339966516
0.000798850046060614
0.000955887511610522
0.000791223971663123
0.000717711196559999
0.00105106354809115
0.000846267692371127
0.000811622370380241
0.000856214869298991
0.000877212179461792
0.000713920593946545
0.000872239702317164
0.000841035724612956
0.000900900655091417
0.000901168816700941
0.00098369342768964
0.000772228085109259
0.00073786101444011
0.000824318239255585
0.00103750027353616
0.000827422797719338
0.000791712424306668
0.000813164298315839
0.000800562752441875
0.00086536752226111
0.000883582916762211
0.000871179378344598
0.000696990462833795
0.000786717460765798
0.000842327114185393
0.000866328648357071
0.00080610340886105
0.000814339527627221
0.000840874074844198
0.000886097768397713
0.000910062865793138
0.000721123660213798
0.000760142521142354
0.000841354020183657
0.000812763080980866
0.000894394661634319
0.000889567409294989
0.000813703939187667
0.000733861661563687
0.000831318510325215
0.000763583716103945
0.000842557081713677
0.000774533374711442
0.0007699989958154
0.000853209768467235
0.000958692560720805
0.000656579108645773
0.00069318703622268
0.000817030865915689
0.000753836729809755
0.000741816769945486
0.000817828503084132
0.000761353192032219
0.000693504859063073
0.000789284484866829
0.000816922569955443
0.000744192281019741
0.00101730700118458
0.000781226854391138
0.000827699480640961
0.000896099567054727
0.000729895588084437
0.000807820489007469
0.000784888492744107
0.000639422891825398
0.000808615824545823
0.000752878767139605
0.00067802539766378
0.0009777599666833
0.000817852813552908
0.000790833511832543
0.000822550755480959
0.00089054160950728
0.000816179933806172
0.000778090449266875
0.000805335347515869
0.000749974921604351
0.00087144323610546
0.000921991443769715
0.000794976010261403
0.000816855502028393
0.000742518660946968
0.000809049123471753
0.000884399198887315
0.000724499818988223
0.000785248946165493
0.000878351910358682
0.000954961246452114
0.000663697921898122
0.000759355228423691
0.000912953416456851
0.00085716359601955
0.000810897107230947
0.00077116243266489
0.000711987243353317
0.000833136864651742
0.000810909411148575
0.000971070318977703
0.000986008856989548
0.000820314075990033
0.000878025520113549
0.00078497361256809
0.000873979970467777
0.000972853380756232
0.000883032775318705
0.000830258727588603
0.000812477758625134
0.000818395907426521
0.00089641089010025
0.000872723694972629
0.000962875499517857
0.000957887287778894
0.000733558374900572
0.000883599059583301
0.000802518609625948
0.000861453157625894
0.000829827277109716
0.000862182424705231
0.00080049088145407
0.000744074423500223
0.00096668700872478
0.000746415420393158
0.000930007115281653
0.000800735377434978
0.00121142700606808
0.000957142574830697
0.000799871207066836
0.000848336304186414
0.000818426626756132
0.000960843234140495
0.000813597989976189
0.000727337349397973
0.000760265599567383
0.000811011825533229
0.000873210986181323
0.000884438530977438
0.000736454686249937
0.000853561590048081
0.000859278857554641
0.000815579235501464
0.000822879295957068
0.000834956089389686
0.00069200061760729
0.000804956362071649
0.000794318918514873
0.000834266233085931
0.000780875059372574
0.000772237375237934
0.000774907064846795
0.000724045987300497
0.00110199518704082
0.00108141356211895
0.00078420690229771
0.000869481254905352
0.000863910959350044
0.000915021098004686
0.000821236168135129
0.000857230873040168
0.000921349823263924
0.000847793113809714
0.000772555790415738
0.000804412097739043
0.000841804428681629
0.000791856700419851
0.00086557447808361
0.000764259228887616
0.000766234561783147
0.000766561635993152
0.000896692867365541
0.000953129822557738
0.000882140842277253
0.000867381999494162
0.000963929595441758
0.000996854210350607
0.000885626093960726
0.000978574678179358
0.000955717554780352
0.00107494836691528
0.000987433076997123
0.000782767323714532
0.00102552106793897
0.000910544732619012
0.000922460945081233
0.00103217771644816
0.000955551234916605
0.00111535996431217
0.00100074607135402
0.000958048917103644
0.00101367617375116
0.000858371655733272
0.00100963067035376
0.000911933617961724
0.000950324475625271
0.000939465523438124
0.000739045250804604
0.000687861160527009
0.000838496841753561
0.000917649210007027
0.000835324521028078
0.000872303991598085
0.000926344782534378
0.000970386455814044
0.000824045593321515
0.000914494310282567
0.000843011730476535
0.000882969786576427
0.000842008536143371
0.000875204974666764
0.000881518065296139
0.000697750413566482
0.000960447622189032
0.000812529261507531
0.00083054404004944
0.00112244239297828
0.00089243756498084
0.000777931884719696
0.00100484773173385
0.000707245388810122
0.000853347001487076
0.000897191888565316
0.000810488880517063
0.00092034568842155
0.000805409119405497
0.000796683476977094
0.000848290296842363
0.000873197026595504
0.000917578416162706
0.000939498354490771
0.00100934744017361
0.000981263698106545
0.000900166924171249
0.000850711350975125
0.000919039363953042
0.000830004863842257
0.000834252602749777
0.000942905400846749
0.000914295147214465
0.000855861030007064
0.000806856440890576
0.000864028819894171
0.00102893120574943
0.00107014725961652
0.00102771948555022
0.000984778035805738
0.000807901879909741
0.000813889035186542
0.000952064756096996
0.000831236359774199
0.00097684640865515
0.0009673754512815
0.000812722098997221
0.0008719747462538
0.000888763402529388
0.000926361396401244
0.000950657016507881
0.000828161831826753
0.000908256673056682
0.000823499756300543
0.000846792561365661
0.000832941014806455
0.0009706056729734
0.000853511601824
0.000996757688486025
0.00115888187185022
0.000840299529211057
0.000884935421295377
0.000880683108893145
0.00085087457405136
0.000893970355610707
0.000898365894021664
0.000795961872332838
0.0010691030740727
0.00111043903288849
0.000748719242746116
0.000845364862221437
0.000852238377627123
0.000760136615319557
0.000899611193938208
0.00086272840179972
0.00106461608190905
0.000873703391662148
0.00088736924354982
0.000816642730725514
0.00141647324511921
0.000853715500684731
0.000911455731116728
0.00105305009157918
0.000811174640770951
0.000990067097611296
0.00085432823284922
0.000905587314858155
0.000919055455481537
0.00093175677022265
0.000832362459321259
0.000770431913175774
0.000825786742287608
0.000750112580563453
0.000958678053603982
0.00085389261667648
0.000693060209570722
0.000975325775678252
0.000975392393687084
0.000860769817598257
0.000808313397627939
0.000828023148219615
0.000809925704067522
0.000756810598541562
0.000816317917501507
0.00453578773502955
0.000816984504354014
0.000868266778643995
0.000786675454659789
0.000793075975225875
0.000883689237507507
0.000917730597811575
0.000968031407356183
0.000917696518588862
0.000949696744298541
0.000945261028388561
0.000785083205807227
0.000881307569956478
0.000772389815194385
0.000885201672097895
0.000838246619850498
0.000889860405272628
0.000839532290353246
0.000870898011373073
0.000720801539450941
0.000871638832796364
0.000818157983626483
0.000804327394307703
0.000948260417104621
0.000819048683830068
0.00100560762654743
0.000830920638081342
0.000750552467576331
0.000772122674669755
0.00084578518943975
0.000900131164962425
0.000983038226636183
0.000835866818345964
0.00104592040423967
0.000842851794763891
0.00088536445187959
0.000827927169389402
0.000851465305046647
0.000943158263406354
0.000913018474286847
0.000849372263205034
0.000857096041227314
0.000951892242578041
0.000830343139927452
0.000928348843566349
0.000830809012657252
0.000734853425662616
0.000818794010715934
0.0010967336271604
0.000922928282879572
0.000871845332160411
0.000980825280565163
0.000948032351103524
0.00103750962669403
0.0010454466329136
0.000879244328103299
0.000828637176334929
0.000864824156197608
0.000868925524005307
0.001008743067817
0.000944559704646788
0.00110446698171844
0.00100409006461257
0.000852412854308433
0.000904862203037915
0.000933442248343117
0.000863370997777383
0.000854638758239887
0.00401017512194714
0.00112247304448289
0.000855934482738186
0.000875363555307002
0.000848572310501602
0.000817617542730833
0.000775422116393074
0.000772652714261476
0.000912921887648101
0.000835918601150739
0.000953809992796557
0.000821760404826283
0.000759266079576673
0.000837864530736808
0.000884782150106232
0.000998390892624837
0.000863444754922846
0.00102466600411471
0.000961723083385764
0.000921717170009557
0.000835233414444557
0.00089043730822898
0.000893337508638854
0.000923369138584143
0.000833704273857654
0.000949470337978422
0.000995780854221257
0.0011577296423904
0.000877644978229566
0.000910900658559167
0.000913483505749422
0.000956305447801701
0.000831825017516207
0.000875709257916333
0.000864361241431748
0.000899483171111039
0.000959279182330758
0.00085648770387563
0.000803616422376873
0.00076727463847114
0.000895547484988334
0.000850810367503371
0.000773467089123715
0.000764061843557977
0.00105624008765498
0.00107295680985206
0.000970106571905594
0.000803905192830425
0.000888370510618334
0.00089332892453764
0.000959095518800178
0.000837586660231321
0.000891977891239567
0.000880321397558527
0.000954761467338995
0.000767338738792939
0.000904315264330296
0.000891842953103428
0.000846300648150436
0.000795709790468845
0.000946317552966205
0.000812692230890441
0.000823561454745571
0.000935472157486158
0.000982836836587963
0.000931665517862853
0.000913070299794188
0.000820367787849192
0.000939587370763688
0.000841644238293452
0.000821984227290579
0.00101087884017322
0.000912642525326373
0.000922674996477051
0.00094483951347168
0.0010415157507714
0.00102065134791386
0.000837784820241283
0.000930012341524142
0.000857579996493779
0.000830991025251688
0.000874468454123871
0.000889773131712003
0.000916638903953162
0.00236093338880032
0.00089800882356042
0.000930114876142829
0.000863303170147761
0.000853796395783622
0.000888154119536386
0.000908711769292993
0.000830940240254594
0.000996688291227243
0.000886726704151805
0.00100698413631843
0.00105061925546702
0.000930882457487409
0.000830142184684059
0.000918882254677834
0.000843182855151884
0.000833713191261104
0.000874322559354117
0.000840041769834596
0.000869675689904511
0.0009443314984509
0.00119910089321144
0.0013040258120618
0.000954911531553171
0.000834593011211098
0.000959331234514114
0.000963648991856833
0.000938353441325792
0.00101069902478374
0.00109881464232938
0.00177604088243431
0.000856126874292269
0.00144872185820471
0.00115653989819694
0.000946241778597587
0.00116673174334524
0.000875568820879324
0.000948962862206288
0.000974572433452401
0.000891658987946951
0.0010771222601743
0.00111873911814335
0.000861748883812248
0.000834786297979917
0.000917085507807621
0.00081492258842641
0.000913137067067252
0.000941183383807088
0.00081901809234686
0.000967265666943523
0.000930213620718203
0.00114377562655572
0.00100493998356097
0.000852495406339329
0.000805741403980328
0.000799853905870837
0.000919623731733298
0.000737834484302769
0.00111171630093617
0.000972827102105339
0.000907096804941764
0.00099531122612881
0.00117368953689213
0.000888102744476505
0.00100717237633119
0.000782475691839686
0.000957961157991225
0.00108318311969007
0.000929462608283462
0.000856219709030138
0.000814408468249688
0.00102910001624772
0.000991580241159927
0.000952683306632375
0.000994103835869593
0.00100954244972078
0.00102745882108083
0.000845912041118171
0.000883603868795449
0.000978523616861978
0.000905739989006257
0.00111012384515027
0.00115309755816627
0.00106271613734101
0.000887235725504808
0.000848688801177543
0.00406482720996149
0.000867205778364549
0.000958330706770679
0.000927471196686505
0.000792081572250767
0.000953124434517184
0.000987599836751833
0.000934844076593514
0.000965958840763478
0.000925341350197832
0.000912348309119546
0.00110605137941547
0.000880982441352952
0.000792350977408993
0.000949386405071361
0.00085543138844015
0.000748099654571305
0.000856626719346134
0.00085308628412332
0.000923426496013023
0.000838265646374581
0.00100373320474674
0.000854996867062657
0.000770776802171943
0.000916878411213917
0.000921827156997618
0.00114691251593886
0.000890907047758458
0.000846888292651728
0.000959885869529552
0.00103482534623745
0.0010391042636775
0.000980482976248904
0.00101956722011757
0.000951937176441216
0.000942763749830548
0.00126358039160727
0.00105386574315611
0.000938159618177163
0.0009678311309525
0.000918434963912444
0.00109364522534178
0.000952745897902634
0.0010385354559262
0.000974813483308982
0.000865388376992503
0.000898453974955001
0.00102844494294989
0.000852656611253329
0.000852110010740597
0.00101783721326926
0.000922713854100562
0.00100256135486589
0.00104169097871238
0.00100418225301606
0.00101443776837168
0.00131989965384987
0.00109435058622356
0.000958433495970169
0.00100346626555561
0.00105238214805147
0.000825080353514086
0.000963373028657351
0.0010250608271099
0.000970311834909192
0.00129473297260395
0.000878105672503298
0.00117118288507185
0.00120325049781452
0.000978544089505276
0.000948670036849099
0.00117353903366739
0.00105730735874888
0.00104152253457888
0.000974356798289827
0.000866125448167635
0.00105471273797274
0.000990208576897703
0.000861655605405157
0.000970199341972083
0.000936591581504367
0.00104332967057082
0.0010421547298314
0.00116883262945852
0.000968597861062635
0.00108703632203474
0.00139473551672143
0.00105554456399734
0.000995905165033197
0.000971543270099989
0.00102680170017395
0.000950713402946005
0.00114756102009979
0.0010060437397874
0.000915562777565861
0.00110740406187619
0.00107042258135467
0.000980161112786905
0.00119103227445574
0.0011548407441015
0.00105235258138036
0.000927165224996379
0.00105246311310656
0.000858970358122726
0.00106888975114023
0.000977009631789978
0.000954803914812188
0.00114011649945184
0.00105715729636638
0.000968509766147716
0.00118702511083216
0.00110428358241103
0.00111357912315389
0.0010908650950061
0.000943106750136512
0.0010525842923363
0.00161812169710251
0.00114128265356575
0.001368019958199
0.00100864432808784
0.000968453967364534
0.00130849706211057
0.00104708598149069
0.000980917905150196
0.00133923441425131
0.00107827191274785
0.00108923825314746
0.00124081681582665
0.00112922572243359
0.00115782412643237
0.00102352732358191
0.00114192310634497
0.00117857181825279
0.00095913703735543
0.00108613847312374
0.00105918653152601
0.00112850126351731
0.00116358255854885
0.00103929600426727
0.00104477467281611
0.00143172434513172
0.00117170571556848
0.00106714834820943
0.00113858897296608
0.00117894667449621
0.00103958886499562
0.00115400185975895
0.0010452660374683
0.00109147066215025
0.00103125012594045
0.00116869448013051
0.00097360315863588
0.00132739565741123
0.00121442158796119
0.00116105142607655
0.00131133402904797
0.00129128936028575
0.00104115325802371
0.00134312431341828
0.00130904477270183
0.0011445907612813
0.00101664468053487
0.0011459704135493
0.00114752435396466
0.00122462704607219
0.00125357598691549
0.00159602135033685
0.00149800275039343
0.00146609066101547
0.00148565333555579
0.00173014406744816
0.00179381064147259
0.00138918080734464
0.00147243299336217
0.00175760498148246
0.00188054320674334
0.00118825651448625
0
0
0
0
0
0
0
0
0
0
0
0
0
0
0
0
0
0
0
0
0
0
0
0
0
0
0
0
0
0
0
0
0
0
0
0
0
0
0
0
0
0
0
0
0
0
0
0
0
0
0
0
0
0
0
0
0
0
0
0
0
0
0
0
0
0
0
0
0
0
0
0
0
0
0
0
0
0
0
0
0
0
0
0
0
0
0
0
0
0
0
0
0
0
0
0
0
0
0
0
0
0
0
0
0
0
0
0
0
0
0
0
0
0
0
0
0
0
3.20059626798436E-05
