0
0
0.00434881472166778
0.00334991101262367
0.0033164994522975
0.00372287937186692
0.00382206963193449
0.00182949858310368
0.00162022943984983
0.00171232642022017
0.00174844026301613
0.00180514455656168
0.00163452674471128
0.0016776491655257
0.00167289849938717
0.00121562195826112
0.00162793828773828
0.00158721738760007
0.00142358036424776
0.00153140235941775
0.00130840240505472
0.00155831369506372
0.00151851704900677
0.00126479874366212
0.00152030061653659
0.00145672303608233
0.00142375890651385
0.00219922249502775
0.00342362613392019
0.00142566620609219
0.00131876659292776
0.00178187685654185
0.00324745575858788
0.00151492692257284
0.00160551090719497
0.00146754200895706
0.00167034162563201
0.00164528900506632
0.00125688521590894
0.0013092836125644
0.00135983449803572
0.00145955551500146
0.00143891205095841
0.00127577328681193
0.00134994560020641
0.00128783198864646
0.00137559078784138
0.00120389007139138
0.00128609911095913
0.00118227635010264
0.0010353752787902
0.00105417550586218
0.00121630384005156
0.00105311634699984
0.00103689012520252
0.00122974153350047
0.00119671612392503
0.00113876464055064
0.0010807412144945
0.00117627701507823
0.00118151029621199
0.0014784214736854
0.00128363285047701
0.00133804018157297
0.00124408759867049
0.00128766914196666
0.00131465971126324
0.00133200226449269
0.00131426513516092
0.00123051311142043
0.00111051465121471
0.0012119218034989
0.00123666943956369
0.00122026677258853
0.00131525961092751
0.001221238266157
0.00126108051274708
0.00138433608793081
0.00118718566207634
0.0011256211539555
0.00111828715373343
0.00114583232772673
0.00110150777700996
0.00126958445165809
0.00135196461303625
0.00113520327259216
0.00114709877370057
0.00127202701357453
0.00129193918926825
0.00124092578329468
0.001164152790465
0.00124255821681047
0.00114744294490819
0.00118026337583728
0.00128186523228083
0.0010079257670227
0.00128113735222858
0.00100822304923873
0.00101914518928994
0.000974518435847017
0.00106485080653712
0.000887227472591544
0.00123338541257025
0.00103257627955033
0.000906762884666773
0.00103754122124253
0.00130570762815988
0.00121880922723682
0.00118940907097927
0.00107084127494759
0.0010252146128849
0.00131489244150708
0.000938345639340233
0.00110748696571404
0.00109597717835131
0.0010514014767957
0.000995705701301504
0.0009752733590239
0.00123882852718179
0.0014821825804892
0.00109675790525185
0.0011284917659878
0.000937396083795086
0.0011659007720821
0.00117686736212559
0.00121781272885138
0.00134113890450979
0.00111179824262854
0.00101920279196698
0.00115162138066461
0.00100693403796754
0.00112211102443014
0.00135512654863866
0.00127126097575203
0.00128377473140506
0.0011169627042309
0.00118076342230945
0.00110073101504567
0.000958603337947527
0.000974133183055636
0.00153536951436365
0.00109852144060503
0.00112820397439284
0.00137556855216512
0.00116888051729579
0.00123127759833122
0.00104545251882843
0.000931265541366888
0.0010410906630225
0.00120175969352467
0.00113654476892163
0.00118292978654173
0.000890363521161296
0.00104216400768667
0.00110577860969592
0.00121968765545915
0.00123595731085382
0.00107942609621846
0.00131704900809243
0.0012958532936075
0.00120697915825154
0.000939293440499652
0.00116684184829664
0.000979812170843182
0.00104414956842931
0.00166112071019374
0.00100296044041269
0.001008365922741
0.0010414361680255
0.000936406627802729
0.00119522187371016
0.000957156972126428
0.000949258890219907
0.0010275010980322
0.00121207407842013
0.00108013289725478
0.00113330628570351
0.00128264605449024
0.000998197142138429
0.000927743904347498
0.000923638754018393
0.000961492357435183
0.000982360248584465
0.00107167850303584
0.000941319637221351
0.00111552254526185
0.00102713309105781
0.000919530498606225
0.00109772188417122
0.00101800887342486
0.00100229413236628
0.00102967701087253
0.00107239426382658
0.00115231502388401
0.000939056440317553
0.00104011371954375
0.000947042080009652
0.00122390442148119
0.00107938072790882
0.00104751385617835
0.00103104849059999
0.000991073131518456
0.000967347156649597
0.000941324838560326
0.00117415766679929
0.000999790219659964
0.00084825610438523
0.00131735593559159
0.0011717402023333
0.00117336590674926
0.00105883778533383
0.000932691782033496
0.00112762172023542
0.00102037540312592
0.00100537412291309
0.00157959204001644
0.000912791541333137
0.00113682593177085
0.000933015461796824
0.000859170541527109
0.000967699677066521
0.000941924786942259
0.00100179999091406
0.000932782709105257
0.00107912091706913
0.000906771107097426
0.000917886234260686
0.000924872720253838
0.000906005926337512
0.000886055548106473
0.00117804505796223
0.00085565797359153
0.000936582513787853
0.00101810479247412
0.000992231012749888
0.000891819535440964
0.000842336867272983
0.000829254831884674
0.000921713016517849
0.00113207790441195
0.00112867756335836
0.00132752660134711
0.00104540356768439
0.00109345566675679
0.000914955335624033
0.00144564129108353
0.00102022631715248
0.000942955696482623
0.0010708856689366
0.000964208126865463
0.000913190855917404
0.000943697270658043
0.000925335316085422
0.00107714442626153
0.00091528155121316
0.00101634803381172
0.00109354631490474
0.00106741818038781
0.00126844083245809
0.000948964927474383
0.00114838441358731
0.00101739701010349
0.000835986812771456
0.00109652576776284
0.00115289908279071
0.000979431977650637
0.00118511539309816
0.00101297193485828
0.000915775197193711
0.000907397024983189
0.000884546367438778
0.00097064178518613
0.00100733872745315
0.00108103378126893
0.00102918439087211
0.000927574709696358
0.000824636922111212
0.000906997818840064
0.00102968988642168
0.000922435738535648
0.000894090433201767
0.000807517403044597
0.00091529967315464
0.000858812587664399
0.00106052431059137
0.000905431806410238
0.00105636567328273
0.000954173557076234
0.000843969392553808
0.00084115386519824
0.000858255825126768
0.00189347141730107
0.00101129215487851
0.00102887477661014
0.00100060886626157
0.000983989524552852
0.001073328488504
0.000958558414708443
0.00155905268798967
0.00110808809141752
0.000874695435642242
0.00123263902500705
0.000896534701305509
0.000977947338735839
0.00104850209018292
0.000843578827104296
0.000891924689253971
0.00108925194167276
0.000782588781254488
0.000783990658376319
0.000816761867748763
0.000931298738185172
0.000882265341248756
0.000937464567351759
0.000897297240370508
0.000805408624529584
0.000786129628246689
0.000865110887671945
0.000860390946778157
0.000907703382616371
0.00108493074652633
0.000945565887525338
0.000916654586869419
0.00102957861990861
0.000794227974566211
0.00115972227305208
0.000938272954194997
0.001145106768295
0.0010058373524811
0.000863704300320424
0.000979824040072664
0.000932971844177072
0.000931545548467084
0.00100112141919245
0.000912820346076627
0.000907108095047678
0.00090374162958771
0.000924528704755211
0.000850178312388197
0.000866599559244682
0.000802083077501899
0.000859080383894111
0.000981689192621423
0.000818515548192268
0.00089521052685125
0.000855460102828795
0.000945965177906849
0.00088850560315505
0.000858255492510339
0.000840615004425381
0.00079710391777158
0.000846818125427763
0.000935472727651241
0.000913928111551077
0.000850467892615425
0.000865571206406402
0.000910363490910312
0.000946182258537259
0.000936431519477666
0.000970823431271228
0.00115090759449972
0.00106648712104718
0.000820530092985126
0.000927868510842427
0.000940220365723329
0.000868338698898786
0.000890449641986069
0.000948391938075772
0.00091170987012195
0.000858777572412179
0.000973697218999176
0.000995829094907027
0.000886350134498079
0.00101138099110602
0.000953883983029768
0.000836921963714914
0.00111030808987894
0.00084056546222198
0.000968412685804532
0.000777305429879778
0.000905969153955126
0.000877513501459748
0.000870744013973035
0.000802864025155796
0.000840071729554887
0.00082466450159426
0.000888832360826782
0.000810302543662029
0.000846663565731696
0.00083395913032876
0.000848598254118483
0.000881531148165914
0.000867350704590936
0.000746880619313964
0.000814807612385657
0.000784728161907278
0.00135361383902472
0.000948014193054063
0.000846859563296476
0.00074758839001561
0.00104453570327835
0.00090234092739672
0.000741721614305275
0.000940155609009097
0.000862867735650433
0.000892234521050722
0.00100296752642513
0.000899145747299754
0.000845887483194032
0.000743215907556239
0.00112769645850225
0.00109702460571537
0.000983717700133827
0.000871195134788263
0.000997977826702222
0.000685264494442975
0.00154342120873209
0.000910711517510502
0.000904810413674801
0.000856007432498386
0.000906372439080574
0.000845584008123525
0.00106582208662061
0.000877875965441802
0.000857065355801033
0.000838721282618054
0.000835032293347937
0.000808767201551087
0.000980421576728518
0.00090466269422291
0.00115110936484934
0.00101097806207463
0.00091318749087083
0.000996714327346942
0.000881363501604322
0.00102856832489898
0.000779560940284377
0.000909017937087082
0.000703281550948973
0.00105937350168119
0.000827748773811205
0.000944635966766467
0.000838843899733432
0.00134597091571182
0.000838145426874424
0.000768818761262215
0.000879297688523545
0.000895491021160019
0.00100294030470781
0.00113291030857922
0.000954745113494556
0.000870154163241971
0.000849711546533915
0.000929941457501833
0.000873738334798647
0.000883223463859265
0.0010875671270945
0.00098031067761555
0.00085606186502153
0.000813758981145103
0.00102285816037742
0.000747546870471489
0.000791932062544644
0.0010049975986005
0.000803996692769318
0.000878121878867625
0.000917240301237323
0.000880666318906258
0.000852861093749308
0.000863916533281296
0.000748714473378012
0.000845231842132114
0.00105223128067026
0.000959041928649612
0.000805533390006661
0.00101538850679353
0.000848393778483613
0.000761692506956125
0.000791495542170091
0.000914398623639197
0.000881826762657295
0.00115504785526065
0.000687781642328536
0.000878141348067199
0.00103986839313333
0.000971573891870503
0.000841895527724218
0.000907086203256969
0.000869899686779075
0.000928133721150057
0.000756111639434478
0.000783371905707793
0.00085898646462286
0.000907008479772352
0.000762101377019919
0.000874288153138811
0.000785006467706506
0.000784948607717478
0.000829515476043551
0.000923737884558838
0.000885466127202254
0.00116747409460001
0.000914483868597371
0.000846532545113478
0.000778108932182339
0.00100043081451358
0.000951274502893862
0.000750173591785202
0.000871315223787514
0.000824042052302484
0.000849311439190042
0.00103225583970555
0.000919412589869644
0.00069267099415266
0.000840605060806036
0.000881666007259196
0.000859083127786836
0.000787967281824138
0.0009003312358854
0.000811624798149977
0.000852195276918301
0.000803589575429602
0.0012022366355389
0.00103240650800901
0.000863093374848866
0.000697348696855277
0.000765899621038403
0.000697029867519795
0.000754983471804302
0.000857790545688247
0.000776536641197115
0.000737359006667639
0.00077603765756575
0.000707567615953761
0.000837147206354223
0.000770289844493758
0.000766773831156963
0.000686580769149848
0.000791799191315147
0.000930559426652724
0.000856541331970491
0.000798454058543534
0.000792667633236955
0.000746511665571337
0.000703852034811456
0.00077334642087485
0.000803434473371443
0.00075149810261247
0.000935087365087281
0.000757847054927668
0.000716402299418404
0.000773883276117978
0.000755595810419656
0.000782233400738985
0.000739266820928187
0.000921002534594294
0.000889850349445808
0.000940000607663543
0.000893640018406407
0.000749582922864823
0.000840567304896547
0.000857487238920404
0.000786174695958337
0.000782578309306974
0.000828741052499848
0.000916889017634518
0.000724001354042624
0.000761796121136818
0.000966139521014674
0.000943493511227836
0.000811590804430567
0.00073038545642583
0.000701919617150981
0.000742479429776294
0.000885292742092721
0.000802768738268399
0.00072744329196255
0.000777428795435207
0.000822799454270054
0.000887705030780432
0.00086561431150745
0.000914649961062978
0.000771404180359437
0.000724664057949207
0.000770405265699327
0.000824284708437935
0.000859934356359567
0.000753796516055064
0.000778897111172158
0.000774204296043654
0.000889837469531302
0.000825787304082828
0.000877134180244769
0.000875597158803883
0.000802390147749823
0.000625873007136244
0.000721974821707454
0.000721410309107318
0.00080880263354217
0.000888191495790499
0.000797454450294261
0.000666330094493065
0.00083689083491627
0.000698114227850589
0.000792684503886022
0.000834114079044571
0.000958227279949841
0.000869635294516488
0.000854338843361225
0.000920908381304261
0.000853178211441167
0.000699295805104694
0.000797865904114496
0.000877527268601336
0.000953000618452406
0.00092809584487089
0.000780312367146099
0.000884631097153116
0.000902758850149439
0.000795136678911464
0.000702811482619933
0.00104751964508531
0.000914719471877436
0.00087826931756695
0.000650239272343483
0.000855611592127237
0.000786065558359841
0.000795106055290159
0.000796966016029887
0.000785755031355562
0.000856855307970522
0.000825750590277292
0.000854247921655867
0.000904505584987126
0.000782349947130698
0.00081595543417565
0.000890415180990721
0.000758059335529072
0.000816108097315183
0.000910949738841136
0.000800312732200311
0.000834754414646841
0.000807215699635341
0.000809886887662918
0.000818843698305191
0.000807260755540226
0.000846892085918257
0.000853039138589981
0.00077375430062014
0.000788416341550336
0.000848489985964591
0.00092795290680196
0.000722459365625412
0.000755198815219972
0.000676072255016603
0.000884499606613047
0.000830559959083991
0.000718201928163567
0.00084750565719387
0.000708463527508797
0.000782815966150831
0.000750065913354023
0.00082258534046962
0.00077034776916876
0.000911093065027135
0.000991634177929504
0.000759270835270793
0.000849781960775302
0.000914378113490752
0.000798799030732876
0.000842855517227735
0.000876234046090736
0.000896630352625037
0.000793077031586482
0.000900479482420816
0.00105690443941363
0.000866088534305982
0.000782030063604319
0.000799123492734172
0.000721800769132296
0.00075416064371994
0.000753090014516616
0.000764168926824232
0.00080399026446457
0.000844189309551519
0.000751592705235599
0.000812908117441047
0.00091309335753148
0.000782959820508916
0.000714493683310458
0.000756740858834536
0.000769142137528543
0.000815855308888924
0.000919438078319477
0.000811728017040888
0.000907246999649205
0.000768641776010332
0.000739542387728707
0.000808214859289424
0.000844815979056996
0.000865107060988724
0.00070694616234912
0.000908203040257714
0.000722178254276244
0.00075742079427582
0.000821251353240644
0.000752835432722515
0.000779329411240276
0.000808189396673168
0.000752692464220969
0.000864238798661291
0.000688266462094592
0.000739803835780952
0.000800152783079735
0.000805110185718526
0.000666792434727651
0.00075313055232684
0.000816674050559323
0.000890435077551391
0.00101490736649633
0.000820391126340035
0.000759668115984828
0.000845850614895673
0.000847277165610543
0.000780173400129697
0.00116905839975981
0.000914021741930016
0.000796717330287347
0.000789297013259224
0.000758181120270656
0.00085101177497756
0.000746070012771719
0.000834029899108857
0.000758275629100669
0.000656145210374903
0.000895370198584692
0.000768806357013405
0.000915115694783416
0.000835647518453708
0.000734316824864531
0.000801082714345414
0.000809631791727406
0.000901458431214492
0.000938973097636479
0.000700077402728345
0.000739885319666488
0.000685660287356099
0.00103941235923589
0.00100644260614051
0.000785964387005564
0.000703054039893163
0.000700010387354504
0.000757829724209358
0.000700872377121545
0.000703357987933465
0.00084488597475879
0.000695712117725219
0.000723272732933359
0.000778350552410612
0.000880045477765066
0.000788477267040116
0.000749543229009146
0.000805954466806978
0.000823464225330279
0.000799098095798262
0.000773878837053982
0.00101558784281899
0.000772440808951255
0.000764723951002301
0.000787256561651963
0.000921762540303502
0.000828860374720539
0.000801863198394137
0.000832884140037405
0.000780908604643825
0.000679449968662963
0.000736775681293982
0.00094569072249667
0.00134473633393701
0.000718777145915687
0.00133525563258215
0.000903637958865071
0.000904529937882623
0.000764175966154869
0.000684947210298259
0.00079388395291356
0.000951109914200845
0.000840961673132825
0.000776535434638541
0.000840979502826833
0.000761803765700238
0.000880406174861848
0.000825454962802916
0.000709334450248153
0.000676160641712858
0.000821762532309323
0.000813298435658509
0.00087083611823868
0.000778836387989436
0.000908719840644143
0.000794324202145088
0.000688960130568038
0.000847141235389421
0.00086042480676682
0.000769046004941848
0.000919110333779824
0.000917834389862069
0.000836723769635831
0.000820287487813355
0.000684674368502062
0.000702371448231062
0.000827631735046757
0.000819774453976111
0.000786689271561864
0.00088236745709105
0.000999712708604289
0.000901291854093947
0.000796185823449495
0.000927081620636248
0.000941698553581694
0.000903735166310113
0.000792568701036355
0.0009278468719238
0.000771025666137924
0.000819934441145856
0.000833900580908511
0.000979198585701038
0.000805474977021036
0.000850932640261407
0.000829293094941006
0.000691643074827264
0.000824808115262669
0.000779993221788263
0.000785395643243935
0.000800835086137142
0.000995931018680089
0.000790547102619543
0.000937906790569631
0.00095707702399464
0.000784660530624652
0.000872433484693136
0.000813893985200561
0.000801973269823559
0.000812324447880494
0.000748655517833102
0.000853615926237748
0.000750409097183366
0.000779542538961667
0.000795156357617339
0.000848831293488859
0.000716601522412742
0.000943326233847054
0.000849044828744196
0.00102728333856478
0.00118844391172473
0.000762285015738583
0.000875231309103974
0.000772796955115519
0.000729243908369279
0.000683083530693993
0.000749547181155926
0.000770779850669023
0.000665779135571583
0.000824187107292665
0.000727657847248465
0.000821959561601388
0.000815830833559314
0.000764387665499632
0.000844542279449758
0.000862205337854887
0.000754691136631841
0.000770209547024884
0.000868679077436708
0.000759253520430915
0.000738566686098236
0.000697392258540691
0.000775821864774503
0.000731642736338681
0.000689649146715488
0.000745781416849773
0.000671306395224619
0.000749387354477431
0.000742732263259236
0.00066377315337919
0.000806573280265913
0.000949258480689636
0.000681025414145497
0.000707419949613932
0.000771231870448774
0.000682302266872978
0.000823453242276127
0.000697801652530407
0.000735268125029095
0.000776084617171806
0.000727222329932404
0.000747262858153565
0.000940775752393623
0.000662081431664161
0.000932450499306814
0.000695683740073356
0.000831257721263254
0.000721972915739459
0.000866145419806264
0.000738547022410221
0.000826453469060654
0.00101395456865379
0.000845360205680568
0.000649978929781429
0.000832207345619658
0.000689274906974464
0.000709183543359912
0.000824365036601807
0.000736004571467419
0.000826319320788416
0.000735597701614051
0.000787957365461837
0.000781678564999299
0.000771765682772374
0.000817946026592211
0.000765775892360697
0.000756081718982367
0.000714266775300615
0.000722156053272473
0.00082342081273577
0.000792690345172824
0.000667003650965481
0.000702278515146843
0.00077701623254086
0.000814964486706868
0.000769248231602798
0.000717800078173522
0.000666361955324272
0.000698946115986266
0.000732120104887873
0.000711077977499333
0.000763072074566924
0.000933557174508673
0.000716652386191775
0.000784730842759132
0.000878836121122441
0.000857933920055435
0.000735291501661342
0.000659321238309537
0.000936232966264802
0.000873489295683526
0.000769574369749825
0.000708101445679152
0.000705149490143972
0.00077897414075654
0.000864224411240535
0.000720806067581146
0.000760267225762415
0.000822596687673724
0.000908383448964158
0.000785457311062777
0.0008661679879462
0.000906038871416531
0.000649596403131966
0.000870601257346967
0.000852111633259402
0.000842988219676826
0.000709851941396138
0.000664305880952857
0.000931076564455469
0.0010948690320603
0.000799177752660399
0.000789746297262186
0.000735278346847391
0.000772322366909533
0.000755055121885491
0.000753846126052438
0.000686080933260372
0.000765998705960984
0.000852681778050468
0.000729228960399391
0.000770081681947902
0.000715831625907915
0.000780026203790697
0.000714304293885506
0.000748128995455059
0.00078565865222522
0.000673500857501687
0.000730707100975667
0.000758825881405051
0.000801487607266522
0.000700091057749591
0.000731884095426599
0.000628848759325287
0.000758042698502993
0.000773155850135769
0.000706857123193357
0.000775989521799823
0.000873763971529822
0.000764543001628102
0.000743231333857831
0.000739722844819636
0.000756772673866835
0.000773723634053673
0.000742209114594122
0.000712521981211916
0.000835425076860852
0.000776583400949022
0.000735877542192919
0.000713063080218234
0.00104356079273074
0.00073108234237691
0.00074255014027212
0.00068859737989376
0.000728815477380285
0.000695003699981931
0.000669649105379893
0.000791591355586488
0.000810628180171279
0.000735894045746318
0.00085628341784435
0.00077189052767195
0.000726799451964943
0.000781861678384101
0.000706175476786288
0.00080072657728896
0.000679942606480351
0.000680226601970076
0.000759871405027122
0.000613898080196892
0.000728871199024887
0.000833028295441071
0.000826250732893205
0.000733215248422355
0.000891955229373265
0.000717361372907697
0.000749948178971866
0.000674425921027923
0.000706831677801573
0.000636394340738063
0.000693786468665059
0.000769937016737306
0.000669671433707943
0.000850932135532588
0.000742815311627402
0.00066822772021342
0.00071603708958327
0.000762912724524
0.000695738960883297
0.000806982514665467
0.000661780069710404
0.000748098554297795
0.000803779387238939
0.000667383065194428
0.000879213959652101
0.00078462401204363
0.000832025964469133
0.000643084138970191
0.000827078527299136
0.000681960355576049
0.000841741663238162
0.000814035655540708
0.000736235575437398
0.000646720719740938
0.000861688318620683
0.00063095555887349
0.0007080530072258
0.000705654773845982
0.00067180598393739
0.000823472399395933
0.000681226435174709
0.000699837881271339
0.000778754120074779
0.000818470210783257
0.000789524736498196
0.000814680459728102
0.0007651572225007
0.000808885770106805
0.000843423225121854
0.000642905970407729
0.000623812827085147
0.000957434134778738
0.000717640671214324
0.00078209678822902
0.000808447490324448
0.00085349293644514
0.000872422504585144
0.000783929117475535
0.000657902315586499
0.000714068311440414
0.000808933126200651
0.000752795851832493
0.000751680128849716
0.000899162523062533
0.000801217033950198
0.000686246011889136
0.00135795023536129
0.00131561272027861
0.000736139007937984
0.000684164517413373
0.00096558567809312
0.000643096200543288
0.000644264431866082
0.000668489428645147
0.000747511855330643
0.000739886049747131
0.000688798337898311
0.000696063798166289
0.000750555367377277
0.000745140676801989
0.000676827298156436
0.00065244619443015
0.000686887214068014
0.0010638873458131
0.000670785656137458
0.000717358820580171
0.000795429889519545
0.000801392077055944
0.00068156132309404
0.000750631023198688
0.000628157215304155
0.000701059270948425
0.000643165604807874
0.000738331858646541
0.00103971004020763
0.000682046621409253
0.000841015877255359
0.000792772878344388
0.000837345790986271
0.000731506314777354
0.000621185874699864
0.000772789169447594
0.000685709902949609
0.000769914949265111
0.000738912093825832
0.000633339446151614
0.000643265994030603
0.000737855800538078
0.000692620592021838
0.00072700734788939
0.000687672733491917
0.000710419715000595
0.00070700688018272
0.00079007088395987
0.000763187096927111
0.00066796646591507
0.000761910281304898
0.000722820402598078
0.000686721082937696
0.000755571365832581
0.000760320974205673
0.00072328388886575
0.000765291108427625
0.000708205490207507
0.000676586115292843
0.000670588615402979
0.000560249440674949
0.000612369687225456
0.000898369476565386
0.000745036102307957
0.000658907676336701
0.000755269906120361
0.000812637465409018
0.000811065665023155
0.000708219758942979
0.000805954616922791
0.000773885025883503
0.000789629817502154
0.000790561558082336
0.00077081787946908
0.000606247274982343
0.000714698358475909
0.000671972396639546
0.000791059374234458
0.000683321843355648
0.000745098773213936
0.00072288253826062
0.000611921838164434
0.00072424970394737
0.000715894500296139
0.000757664056163265
0.000739318863814551
0.000702482791264986
0.000983980685868876
0.0006095821578695
0.000705157466024391
0.00068691108725576
0.000784832137006612
0.000794734347901269
0.000904426793356555
0.00070904304978973
0.000693836894635424
0.000716119082760414
0.000765847326324709
0.000714678078193205
0.000674958361956963
0.00107631036681756
0.000784594936083759
0.000820170531746992
0.000764264707537248
0.000665335203572755
0.000962624341430889
0.000718515747392543
0.000583077170120353
0.000616971915168658
0.000659480025150176
0.000685195556503073
0.000630282781738834
0.000721981125189358
0.000887554516561135
0.000744680903433691
0.000690446048313488
0.000694785016573501
0.000677361893650824
0.000773433108134776
0.000770086072844392
0.00067064210539675
0.000645211954250444
0.00064181639661371
0.000738011533082199
0.000781593190844203
0.000709573802743581
0.000696432657129028
0.000677283522307386
0.00078100805445045
0.000693222057850713
0.000715441036684713
0.00078637957380836
0.000725787950146593
0.000732316649403273
0.000731252478552271
0.000786123909598461
0.000709504141637278
0.000637777548923735
0.000784151221566309
0.000855116386888306
0.000723021708280809
0.00071648721369927
0.000755206499299564
0.000689490057762815
0.000638958160546267
0.000751427781206191
0.000652457321197942
0.000825381289914278
0.000625902982800087
0.000756703716304679
0.000616489676127141
0.000574285743878521
0.000666733688553689
0.000728924058859875
0.000653556627938407
0.000835260896566825
0.000700924153466213
0.000675539627836806
0.000735732954314313
0.000705085569716934
0.000748540041971172
0.000772420388052973
0.000625649396236391
0.000678462768814714
0.000757483720999486
0.000651181481643422
0.000680407952552555
0.00069602887171263
0.000666123692466924
0.000848889889714377
0.000718182533988019
0.00069045730720882
0.000719236849366079
0.000656515006374977
0.000741923159660652
0.000670065492132993
0.000631966177941329
0.00075129001620386
0.000621480546185397
0.000777687538294139
0.000831198646569493
0.000774938263881999
0.000716272454568237
0.000757066249144343
0.000688832514804062
0.000685509365213099
0.000675794676827127
0.000681525393392872
0.000753717252094795
0.000641408378454228
0.000714155302127855
0.00068779238979166
0.000713265852178907
0.000656953538057092
0.000599125668668767
0.000767931432127069
0.000653705893257572
0.000676958609066071
0.000644228328661953
0.000695129407623174
0.000580499249429803
0.000737788492981112
0.000670012579289774
0.000659192145836277
0.000928232528713607
0.000684188018424394
0.000594343407116373
0.000911259483477812
0.000802830500660875
0.000668189024526175
0.000677344301692819
0.00068345663208559
0.000621511623342541
0.000706762974914941
0.000691426380147859
0.000731837692218957
0.000689428096038155
0.000636281127919208
0.000764964475826273
0.000764128972025746
0.000721108895717028
0.000663819668477123
0.000829451651412426
0.000667699808465988
0.000656847659745267
0.000595018799382189
0.000671330811473626
0.000683935835323274
0.000753084919565688
0.000762285197910783
0.000709908640065269
0.000753866061474872
0.000895092219675329
0.000641851939291665
0.000787632701371159
0.000680908974996358
0.000634116762972744
0.000661466639395171
0.000641882261220477
0.000742836104094602
0.000648141877298671
0.000689089686496821
0.000672056359600609
0.000616331578373882
0.000699182643471849
0.000694187145033229
0.000807678390113929
0.000750161285218083
0.000715127440826879
0.000797661796381618
0.000756650914819818
0.000634784313436877
0.000955712933735509
0.000740300183726169
0.000623771334826059
0.000667827632428975
0.000688688130252453
0.000595633048230134
0.000895039258059614
0.00070680463175914
0.000692076409067279
0.000671282232784115
0.000749455170920431
0.000710685740126108
0.000720447121391314
0.000711225621524181
0.00071794729321665
0.000728307531816239
0.000677995535309127
0.000698583760892134
0.000708223950272155
0.000770160837309419
0.000676251477085825
0.000886733020768183
0.000877168554577593
0.000812515481779149
0.000822325583747238
0.000844190187680664
0.000737654017235146
0.000608360257922086
0.000719619178405822
0.000844243261409162
0.000776265024863495
0.000821156936038607
0.000583725025398202
0.00078621926207077
0.000621519932432576
0.000719185352499607
0.00065060536568363
0.000672828271126571
0.000709220973770596
0.000753326576010263
0.000666700098617238
0.000585955822194473
0.000985167965253863
0.000664372326709714
0.000732235969366603
0.000768486405889846
0.000696694704046936
0.000688281474396197
0.0006449269096715
0.000704612117234785
0.000656301460848473
0.00072851815495454
0.000653430763573414
0.000643108521241573
0.000747793463305351
0.000921034697679021
0.000787372081347545
0.000635969414374587
0.000680549641996102
0.000736461056623904
0.000658133229492945
0.000632704157777346
0.000648883148218971
0.000757195737632133
0.000881079728137741
0.000834871512713747
0.000664983237530792
0.000728993310959154
0.000798761337940573
0.000746477434389148
0.000811181742665568
0.000774540215725176
0.000720863104413569
0.000754051170467529
0.000802070364180193
0.000679174399632972
0.000715298797722057
0.000643700457662308
0.000809664494269817
0.000775942806415646
0.000689314798733967
0.000644004415842783
0.000706017250315358
0.000625988575262198
0.000941984346961902
0.000647583478488103
0.000660115411412548
0.000619132943058938
0.0007318024340776
0.000959718638668892
0.000737645714417442
0.000702765114923937
0.000806080192476219
0.00072370064520145
0.000715072099478155
0.000855753085870317
0.000767525528915245
0.000846396707726182
0.000875446155640589
0.000775403908738481
0.000656596308837873
0.000757204113940923
0.000791991138419212
0.00069504332314803
0.000668874542337898
0.000606662955596727
0.000627431467323187
0.000677998286430765
0.000822686310824799
0.00077189560863832
0.000717185115381021
0.000617049966039259
0.000869234559009652
0.000712467375195827
0.00084521301238425
0.000644496967425397
0.000691547382276126
0.000791303671067237
0.000625718951205479
0.000571090817243711
0.000783959204167496
0.000684368045941047
0.00068431409948152
0.000685217336123233
0.000573765386989044
0.00060571364837796
0.000649152767325574
0.000769552910916856
0.00091968902222289
0.000750048584881243
0.000661612374690609
0.000743373468928176
0.000681447003023999
0.000652675767236011
0.000707548354137979
0.000669982475868165
0.000640227604413876
0.000677506237913631
0.000737800584019577
0.000845991718441246
0.000705204624367093
0.000725253366222724
0.00069938022160734
0.000864522231809711
0.000765727880819328
0.00064734214689645
0.000750543303625929
0.000716495849742046
0.000647404502815019
0.000697525744057763
0.000614332750178363
0.000824772487696252
0.000911754805441482
0.000775095502102381
0.000689591302945938
0.000645944416433661
0.000690841809906096
0.000732251171544269
0.00119796211451593
0.000905469174366144
0.000678694631015035
0.000814250242626698
0.000802219598324183
0.000708702733606393
0.000712309775581754
0.000737659992427078
0.000724148133980218
0.00075244930466713
0.000850114630541168
0.000766588794281305
0.000647356014842575
0.000691986045368103
0.000770268362197843
0.000618113184650029
0.000658592277990896
0.000722876796618001
0.000646277968599468
0.000650110940895056
0.000783778724451677
0.000657562783669672
0.000625343362868374
0.000711369698874714
0.000608964809355854
0.000719530749646512
0.000705457483434227
0.000654832117702271
0.000767957847078701
0.000768907360197228
0.000728472706081276
0.000598720946945334
0.000700101404673013
0.000700148067282651
0.000812006249703098
0.000652494130083635
0.000749612624329129
0.000736875272471444
0.000652554709510238
0.000725051602078002
0.000630837567006068
0.000641754419026419
0.000749725714019842
0.000789571357488729
0.000764076653362275
0.000747971562417617
0.000699791157220144
0.000767592487460382
0.000713567984446984
0.000710063765373698
0.000802281539899925
0.000719155795267542
0.000838783096789873
0.000722191341934271
0.000764662926749086
0.000752886805180079
0.000647436708050227
0.000665175583723015
0.000662047852758731
0.000738428836220711
0.000622088109310757
0.000724036868262579
0.000698632430757504
0.000677891670013633
0.000741171151134264
0.000670617820554026
0.000754639651207764
0.000704440798579521
0.000603870636183931
0.000828135822184662
0.000730002411397149
0.000680073666276486
0.000717815022926851
0.000651193108781609
0.000687784461236059
0.000700841325100945
0.000653642701480496
0.000683188348170904
0.000878196480255112
0.000793248621320703
0.000691814166248986
0.00103173196158126
0.000632949521907762
0.000709197498738467
0.000650113652018014
0.000713813499225235
0.000717063568551504
0.00068277100243271
0.000812077623575282
0.000726821138803253
0.000767310595824178
0.000723288700931241
0.000647760345567492
0.000771187974002997
0.000602391610442159
0.000676141923975948
0.000597106624954
0.000818680658396865
0.000600160850930436
0.000685319564611217
0.000695374821205429
0.000678861750212269
0.000731211871501317
0.000651977141430116
0.000738028986052774
0.000634614262629065
0.000637368838005822
0.000687651508415717
0.000623965914932817
0.000636159067587416
0.00061412918630415
0.000807487125895558
0.000669606929179594
0.000739632890008358
0.000717995514419917
0.000657915316115063
0.000658750247728208
0.000801199232393831
0.000661805114533541
0.000699332495633127
0.00074792732033439
0.00072751188689642
0.000690593725747164
0.000771493467530038
0.000704589178358832
0.000715081331332465
0.000756910634064563
0.000775583681872195
0.000709391986276466
0.000678362934414642
0.00075372660114576
0.000739170480029349
0.000754266174674912
0.000632455918186403
0.000638343992932932
0.000838111665332472
0.00075571302105322
0.000696854982851101
0.000682757272414665
0.000609059994497849
0.000510849445940938
0.00065425301341879
0.000839269175163858
0.000679046547630793
0.000697254822230424
0.000674862990580315
0.000746698682488837
0.000690673733444901
0.000749997659390687
0.000697536803867324
0.000642693990964842
0.000651157288226188
0.000843500313416822
0.000666142743920691
0.000702259348859915
0.000670548812091018
0.000691412869101892
0.000720873308157362
0.000748968185726771
0.000741353701496689
0.000668327856317449
0.000630781843825862
0.000621898631053641
0.000690254900946206
0.000675459447979479
0.00071727179890783
0.00081602647725645
0.000778499203905321
0.000660026221135349
0.000687199631689908
0.000716019116942656
0.000620042355177353
0.000796477208755999
0.00068011928546143
0.000727402256357608
0.000710810299957857
0.000684513597004629
0.000718667047692256
0.000668696412865261
0.000668458993928584
0.000767528394372108
0.000814384344835634
0.000609036089039414
0.000790616263493479
0.000697877883054871
0.00062104368459844
0.000676605895484327
0.000658573482677268
0.000701794360154951
0.000674453427746978
0.000744170643313966
0.000739278957456027
0.000696352842512149
0.000661125708810136
0.00071809595665083
0.000675142503757869
0.000564437467707409
0.000677055580542156
0.000602600332244392
0.000739414228380025
0.000596098322150834
0.000785735976529228
0.000647021688398906
0.000659092527095768
0.000666149465538224
0.000703437487657089
0.000647564545034923
0.000737887282558186
0.000658713982029041
0.000595437969087196
0.000657606323032687
0.000726052918925105
0.000646292986432155
0.000755818159465
0.00062691993194144
0.000595462673937093
0.000565274357991545
0.000700700677392957
0.000869091433606599
0.000637533417785005
0.000676266880206341
0.000603101308949355
0.000627262518772564
0.000711141860094059
0.000636035151712531
0.00074145460876174
0.000678962492367074
0.000617035541045063
0.000810724083880449
0.000700814181939195
0.000693397423695051
0.000743527512157962
0.000703698721582851
0.000721191910401021
0.000581220296826387
0.00064875707421157
0.000561408119099881
0.000632161519054245
0.00074565583321182
0.000795634603572482
0.000740654033953162
0.000615889695915667
0.000769999672672501
0.000639167061898275
0.000843094604954417
0.000723311741683109
0.000720850042288318
0.000663859821053385
0.000766181030111696
0.000681948501434679
0.000727760287931479
0.000678979652721101
0.000654995901683871
0.00071548012391779
0.00068202061084471
0.000722744796636482
0.000679743144596929
0.000575420849439176
0.000663901274601846
0.000691511672186858
0.000707096423950555
0.000708845050366131
0.000712307156135021
0.000681088909150094
0.000693821788120779
0.00065906721691413
0.000687297055901702
0.00068779757023443
0.000672625101882751
0.000622262871809181
0.000658707118875275
0.000743039040698836
0.000745228201531754
0.000753978180399578
0.000653089614535892
0.000827951519502087
0.000648566121765762
0.000663066061784699
0.000690270552795102
0.000657721861363897
0.000610832571196002
0.000778103022604736
0.000858810222023013
0.000726657655440447
0.000720788129359605
0.000651844315436148
0.000915299807505867
0.000793288951685449
0.00073255021484326
0.000616262630692416
0.000634169568729032
0.000611954144181252
0.000695252700109627
0.000643405092456222
0.000670742191449137
0.000614286674513071
0.000729714173995554
0.000924600441047595
0.00069776866406631
0.00101525572124623
0.00144063854150475
0.000782557212392305
0.00073766679252796
0.000756682201426207
0.000656088323042276
0.000716187599988192
0.000618211305290295
0.00069991020209291
0.000796453526885605
0.000693312950661562
0.00070535427037574
0.000775971481398935
0.000663191424005371
0.000682561867330372
0.000692015444002178
0.000577876236865519
0.000619301333947774
0.000791061494218353
0.000809238594730608
0.000808801934208414
0.000646552508461491
0.000816256261388085
0.000715997868411678
0.000714232823480101
0.000681562700852397
0.000693681402554771
0.000937657104806932
0.000616162738098916
0.000698231160736087
0.000627157102141748
0.000788353901512864
0.000633603827682823
0.000632439223763608
0.000694941266878089
0.000663247263288126
0.000746734958296331
0.000713304964876877
0.000635945180913684
0.000593315782260149
0.000661525028237642
0.000574525236715332
0.00072946632888661
0.000887468956195974
0.000710338752123744
0.000676020598806287
0.000697328051380257
0.000778155631107088
0.000780676701293894
0.000709936860799447
0.000607017158700571
0.000633079278335594
0.000720412736117079
0.00072834426679546
0.000576558704815417
0.000773856821359007
0.000575373300690875
0.000641385343355067
0.000640040298930917
0.000775624440583276
0.00070846796540486
0.000580994709266854
0.000648821672950113
0.000648162965610971
0.000814078232603266
0.00070680546714175
0.000757267337403881
0.000649133912907457
0.00069291528892667
0.000655999758125045
0.000657878168613513
0.000883957161750981
0.000737692476636374
0.000678434012798588
0.000710131421795358
0.000682380752809731
0.000682256308610699
0.000738418931866323
0.00070726857308815
0.000780286514568122
0.00076350881666019
0.000665528921944071
0.000669039616061382
0.00074940703780737
0.000709675905908051
0.000716647255222677
0.000704017409377484
0.000786393110117357
0.000615986050390014
0.000670783086484672
0.000752006178761617
0.000828336782359662
0.000873010628276785
0.000707873105350318
0.000763806993153305
0.000585912315006735
0.000766093450031518
0.000739248904603416
0.000759058966397479
0.000711783669740341
0.000839763651671039
0.00067035043269793
0.000703596146975517
0.000654403659451623
0.000905056446664195
0.000869548817202863
0.000701437742915904
0.000731885649265313
0.000577446057958553
0.000728310801793429
0.000496440612324819
0.000603764612496679
0.000674747046443978
0.000533017182067686
0.000726552316848812
0.000518153034501734
0.000635595639519911
0.000650293054082419
0.000630378442600894
0.000663766928535682
0.00067147617303224
0.000641220629256944
0.000634058862369614
0.000742898066756426
0.00092416353084054
0.000699622678742698
0.00064168388567106
0.000840449840937836
0.000702235271760359
0.000682093857480529
0.000666339536417506
0.000513576506666282
0.000610973093997094
0.000630619729364047
0.000808020554189403
0.000710349564386117
0.000781930915522828
0.000589314514508901
0.000645082846339488
0.00074581110870686
0.000639113813476353
0.000667191928031662
0.000780472892974781
0.00070139109907443
0.000756149345706108
0.000756233294384728
0.000640323498591639
0.000730171679301036
0.000690681835511099
0.000753800207933132
0.000725773474190022
0.000688094462781184
0.000691480898786571
0.000816314453969731
0.000759018278605977
0.000652834343726812
0.000651458610851109
0.000641790664829251
0.000631557110336488
0.000687529340422545
0.000778519518488769
0.000552678727869338
0.000658430142559736
0.00072763955568659
0.000814755115426437
0.000642891797588317
0.00069840935443801
0.000683934522536921
0.000703881831852425
0.000714725231989807
0.000755688078191675
0.000658116155371143
0.000680893744656347
0.000674656413641035
0.000659924894339976
0.00070246525552404
0.000783311589944642
0.000693082711277059
0.00064102886849919
0.000569082739582373
0.000747480173010537
0.000582533430768481
0.000608385884458841
0.000750225260478883
0.000776616109657581
0.000661051094729872
0.000659015328020055
0.000692515842253637
0.000698333900060871
0.000669551392312856
0.00076351590825331
0.000703877629043741
0.000611282426967403
0.000627289526539467
0.000679319774129006
0.000729163467741509
0.000714052479620595
0.000627805144202873
0.000735869870467523
0.000846854558110294
0.000625595185361951
0.000672227797615279
0.000685586038120262
0.000625028489534384
0.000712060816698403
0.000714274482469432
0.000734180883897868
0.000575275261572935
0.000600349842090314
0.000665387763806537
0.000677972895785618
0.00059758303626277
0.000552207038535811
0.000606022004904151
0.000709375385041025
0.000645775172200901
0.00068820687859437
0.00076841230416606
0.00065828280626421
0.000788697467140252
0.000802008202237092
0.000758491967686868
0.000700747672463022
0.000575349226812252
0.000736498691521112
0.000738506380522635
0.000751050561230234
0.000695344295228171
0.000647188061677912
0.000600525584114293
0.000784401644417379
0.000687356895134313
0.000783884441503725
0.000640092537944692
0.000696428248329356
0.000642423460404091
0.00067355809720747
0.000626176891756171
0.000722348534121889
0.000678262081030259
0.000686411179957831
0.000707906309293409
0.000611835364046211
0.00057480755799061
0.000695618702391484
0.000657438606815894
0.000571248645769392
0.000519321982850948
0.000625694301086863
0.000635707700762101
0.000718607924534163
0.000626742578361394
0.000615300297324168
0.000618239959210207
0.000625934524533107
0.000633114899925883
0.000771844153547383
0.000599519203897693
0.000605268419238611
0.000739932646877373
0.000900388250542398
0.00061855196518902
0.000737059827487385
0.000614223259514336
0.000530388459749381
0.000600175413688333
0.000662995480090521
0.000741512979379983
0.00063617755200859
0.000600536252023046
0.000610767687286463
0.000720821326948894
0.000626236929006528
0.000642893464752082
0.000544941410167694
0.000732798322589372
0.000706119607105008
0.00057543774469404
0.000627299060826861
0.000582832612846466
0.00064500259331168
0.000710346753419429
0.000671849649146967
0.000578597766105361
0.000617484527524609
0.000603353937558369
0.000650696705325007
0.000643702379933627
0.000689507668979664
0.000656092086314137
0.000740208078945131
0.000604700477417198
0.000606025453607473
0.000752870415543004
0.000652800027719808
0.000633077270556318
0.000698977840555906
0.000644292241645534
0.000727988738728536
0.000653736505289302
0.000755752748990777
0.000538281760566488
0.000775232469707247
0.000594694540503572
0.00064711018924501
0.000683326783048762
0.00067814520474848
0.000525312510901705
0.000612360940113838
0.000586338864302452
0.000560447043573661
0.000663709528532329
0.000768286992054931
0.000789763923174791
0.000690677153260841
0.000738735428590617
0.000568091031848615
0.000677268491794006
0.000628115213343706
0.000617498291827225
0.000588360354388866
0.000647912066170312
0.000578212552214807
0.000570178998829183
0.000565398600279124
0.000615230626353615
0.000601331244582315
0.00070469739058756
0.000600645332190384
0.000662416716009069
0.000611119488075453
0.000645466662493493
0.000687976568605579
0.000581406973027141
0.000657351869556676
0.000559172600183113
0.000663024272809295
0.000602591501350586
0.000578452607171354
0.000631485557827972
0.000632269352622804
0.000672673764684209
0.000670382490239307
0.00070685160355111
0.000576430602726092
0.000748879579284532
0.000631222257595293
0.000624109081215778
0.00061567221066858
0.000609064917923109
0.000568125608786314
0.000780930419188309
0.000607732701004167
0.000556302293673625
0.000638631163018087
0.000623826884640639
0.000554760575678327
0.000624546426248716
0.000572227786845692
0.000616993112297401
0.000727085938359429
0.000715721779212722
0.000543345288605407
0.000935688925740858
0.000609977662282654
0.000588273515598118
0.000603679585551671
0.000580858084279846
0.000664302950677192
0.000615479368900469
0.00063818550958509
0.000649562217843387
0.000540055375124561
0.000699074297483711
0.000645178670851702
0.000594607911075133
0.000723568020281304
0.000574631457958803
0.000597746903728231
0.000652117532364122
0.000704986102322223
0.000589970710246098
0.00066288257764917
0.00061792497426811
0.000588159245014839
0.000657761033786942
0.000627080019589031
0.000538617654163747
0.000658151463328594
0.000545804707738443
0.000598831293507109
0.000600932872011878
0.000673027563167153
0.000511351791270888
0.000666163932383135
0.000595521086287107
0.000610794615167764
0.000623396447888789
0.000629934811510055
0.000601182076621247
0.000671366435749405
0.000624120161005718
0.000639780154972679
0.000521185982273841
0.000568500947171687
0.000664989148360751
0.000582723198191053
0.000617052782649587
0.000558296961578437
0.000545307149020507
0.000667147810151956
0.000676215956495619
0.000625186028675081
0.000674319631376832
0.000587945163336329
0.000570381304882791
0.000592444628659333
0.000621170079333854
0.000553524533325744
0.00064140399011153
0.000641492819235067
0.000601792037486892
0.000559262349435853
0.000593843898475327
0.000623994168173488
0.000674491982445237
0.000681685883433895
0.000677596942336161
0.000533480093897143
0.000648071884113797
0.000534074538903069
0.000548427459526509
0.000595353040393077
0.000743152740725422
0.000740028040027986
0.000766376548135492
0.000807821201851432
0.000605052768952693
0.000564698233262476
0.000629625369818049
0.000651294201195501
0.000630566499789234
0.000634031921000349
0.00068430246873096
0.000692168266444577
0.000728660185381682
0.000655245702540782
0.000688357354487128
0.000506334798018457
0.000607652072011324
0.000626154708436778
0.00058962142027452
0.000583089826972224
0.000626501744458108
0.000632984096911465
0.000771809638038029
0.000716268429001396
0.000681151569349934
0.000692154161419641
0.000708411468591288
0.000659688671918269
0.000616597042622649
0.000606464387552221
0.000580456702411354
0.000670144221921018
0.00050826801758392
0.000592761049068019
0.000561920386408826
0.000579212301803117
0.000579531303749372
0.000621080173994666
0.000706399233108668
0.000695258459758787
0.000638047187723446
0.000657694860903243
0.000639013981039339
0.00055837169097112
0.000721639968655197
0.00057448091533245
0.000671302174283301
0.000636046292606316
0.000728363193788028
0.00068467300238891
0.000745013451173968
0.000563107065543458
0.000649817798449422
0.000569584628506282
0.000574433960513345
0.000556802433257668
0.000583148612924078
0.000734389782155431
0.000664767886280608
0.000582721824452059
0.000631566628490824
0.000640187979263161
0.00059071468546341
0.000595307319319196
0.000599138218742272
0.00067259439119455
0.000636313518851461
0.000554281771886465
0.000567939875541488
0.000658948240440199
0.000595112097126124
0.000530326103898204
0.000581319282452388
0.000692040024172939
0.000743990824171298
0.000614294793004516
0.000663951826821267
0.000506991390465389
0.000672903974529399
0.00109040731319801
0
0
0
0.000632206615937795
0.000719031775923406
0
0.000848106316247194
0.00060970070601071
0.000657100577006053
0.00059710167256436
0.000551772710213574
0.000696044250728839
0.000637418399165574
0.000604738790715848
0.000637072483288941
0.000601943881779607
0.000527832176847917
0.000702595474934214
0.000622541822313792
0.000564378480251142
0.000714450524336419
0.000725618132373806
0.000567009745648917
0.000569068107526501
0.000690887085540351
0.0006126450635874
0.000657857582745986
0.000508101899105139
0.000678819542148939
0.000734894201696013
0.000565051799721019
0.000535606673548677
0.000540527314124635
0.000592626813470761
0.000637196966973551
0.000736955828583799
0.000729980900634518
0.000723987598429773
0.000731594668974995
0.000676020021013179
0.000705430228135529
0.000677471885682119
0.000629197682003303
0.000671749889871663
0.000610551925442243
0.00072383742414001
0.00055294204690228
0.000678716298701832
0.000647767475345226
0.000685453244237886
0.000588731429252405
0.000527687226852571
0.000581353111076299
0.000644578412396523
0.000723762701893721
0.000565513654989143
0.000752659657550586
0.000628858544113906
0.000632427529767921
0.000621660098064528
0.000702767380296148
0.000547723654382331
0.000614198611642722
0.00074793281933879
0.000777579700592131
0.000649523805108933
0.000601643445207383
0.000612656361336328
0.000575496503360513
0.000629346707566766
0.000733173219574497
0.000602954135514567
0.000613469447751941
0.000612308597839778
0.00062144614310516
0.000614642014366648
0.000633360976289005
0.000686559194629559
0.000624766467912142
0.000629901176112698
0.000565758603738471
0.000611954031429393
0.000606505917484817
0.000630550415541253
0.000714380586061709
0.000655734048992801
0.000684860568995686
0.000670587429430168
0.000639426051530189
0.00063591335959519
0.000659985769375701
0.000715931791754521
0.00062930869898194
0.000807562250031593
0.000655467980326421
0.000745015852181123
0.000650262467834398
0.000654467766277694
0.000584403488745777
0.000649625805635521
0.000678892186828228
0.000638073825145675
0.000690736263002535
0.000599687466271808
0.000688306104137969
0.000549438413687938
0.000613959399501761
0.000536529486198144
0.000767921959489765
0.000562959830612942
0.000766634331501422
0.000572298987952265
0.00066568026773628
0.000601231632451691
0.000672054359643333
0.000720800680555892
0.000695629193509521
0.00062667994452277
0.000603685961451909
0.000595421277747691
0.000754496137335493
0.000605303013210779
0.000663927514459597
0.000488531456548421
0.000688759141220444
0.00059874337877807
0.000541056022077449
0.000598794873149445
0.000551187172520565
0.000655375627008883
0.000575365199817684
0.000545307690413996
0.0005813785360273
0.000532956276792579
0.000578299914609633
0.000648492852512098
0.000836422653938361
0.00065884817000722
0.00060515691531736
0.000655495650789519
0.000663360989167265
0.000608740668030654
0.000694404172118577
0.000574990364291425
0.00057445437754937
0.000705041589093738
0.000686311579172103
0.000671562611783766
0.000650510929609651
0.00063295502069012
0.000670896016590838
0.000712410368939587
0.000807813234871219
0.00062092880046028
0.000685173340115885
0.00066464573232435
0.000486741290647382
0.000663385240050202
0.000639116291449803
0.000708583282862179
0.000601588269247824
0.000585616388039909
0.000598678955958021
0.000520158226819574
0.000612900591772699
0.000607562563692971
0.000608372125911363
0.000768200718820325
0.000670449942420671
0.000620450440837482
0.000743773003087872
0.000618116364265696
0.000733981521947656
0.000657780606016606
0.000657234306944638
0.000534964478862041
0.000657669345751007
0.000675357180132979
0.000601748585251843
0.000641525392918517
0.000619479286202176
0.000712045963973121
0.000592444187528457
0.000571563077397877
0.000744843926562453
0.000581470972074141
0.000679890118453111
0.000597268369295364
0.00057127166814176
0.000663633678417885
0.000617905461595472
0.000726384730181099
0.000611988603096538
0.000651157397861758
0.000615899482941143
0.000570087442084915
0.000707851984197314
0.000558849680476741
0.000521857905815476
0.000794856413006905
0.000592295211382302
0.000663399840345571
0.000538213077990147
0.000668379161845963
0.000805473767058905
0.000628948712220281
0.00121325448373812
0.000768628073229822
0.000627745135756278
0.000560977035551569
0.000658064288265181
0.000673456378393154
0.000704175027591698
0.000761951797373597
0.000539510948096766
0.000589982840555815
0.000579785632862144
0.000700344424522818
0.000638542552179693
0.000534792814443491
0.000656292437393279
0.000655664795486465
0.000657637334243875
0.00069696426787163
0.000582087599445807
0.000676641113652502
0.000583248917848388
0.000743165321079317
0.00072770058611246
0.000699141152737369
0.000648717032180731
0.000703996937778321
0.000674272884274958
0.000674487928041521
0.00074810362498195
0.000653632562128492
0.000668456789497273
0.000609211261526589
0.000702656767702802
0.000706561171870674
0.000566665434640741
0.000571711506533537
0.000635965616266832
0.000584254540180327
0.000647559108483372
0.000675540033774675
0.000604207941254887
0.000651861452852335
0.000664507708799081
0.000516044897997581
0.000596672749022126
0.000554555296934035
0.000649302675904302
0.000650855966712686
0.000602567875782643
0.000575569986298998
0.000505280553593488
0.000601040861952906
0.00058551783576639
0.000639942825162253
0.00073330854765689
0.000549523282737261
0.00056974093502507
0.000572881463527685
0.000628623172985064
0.000557303600206489
0.000563732905883225
0.000620270158412985
0.000633200020343134
0.000638016082371147
0.000704631676302563
0.000500751840662641
0.000595020904784946
0.000677944789433488
0.000727531634002279
0.000671907330325771
0.00083791299518657
0.000673815487118763
0.000669812676986269
0.000570952276288
0.000606016041122933
0.000634870942394568
0.000655634066121294
0.000590169454175593
0.00077496222431164
0.000630461280020314
0.000635209641374517
0.000640099938913738
0.000777441107377421
0.000696598120291274
0.000712392220806093
0.000641804408759503
0.000686062184353704
0.000707378542175317
0.00075376412350879
0.000629232387447107
0.000791620513082798
0.000583412185437491
0.00067787243832271
0.000692763979157878
0.000654874360909398
0.000678549677663341
0.000504029712676958
0.000744532392099926
0.000666235409845931
0.000583379147591766
0.000613689692471134
0.000753344674913591
0.000672017008868111
0.000741352679249824
0.000641076436363741
0.000691422690774755
0.000643354113316925
0.000609306979878209
0.000677621651296786
0.000567547165744324
0.000654240498885285
0.000631930571195376
0.000750232457462827
0.000793882479163283
0.000563714574511591
0.00055861580914267
0.000700677878155142
0.000578063122070129
0.00057320344094362
0.00064587863844532
0.000850135314581131
0.000630143786023598
0.000582406840334327
0.000545845370938744
0.000707249111884416
0.000697992153027881
0.000624892922355348
0.00067278284163713
0.000632415119357426
0.000609793045083473
0.000665334703973389
0.000658746409085995
0.00064645068802857
0.000519407975273044
0.000655212523063896
0.000701863986790724
0.000696604117737645
0.000627959326327982
0.000574161368181657
0.00056691325212411
0.000828490585568232
0.000582307459499058
0.00064231745497045
0.000632437632354372
0.000690204399491383
0.000792442009412532
0.000779433993615839
0.000588847567235162
0.000697722758557753
0.000526801914497083
0.000583438994514256
0.000611934795484478
0.000714885627745508
0.000584897359179995
0.000824934411005216
0.000607407815817997
0.000670781780508441
0.00066238952876121
0.000825832827793554
0.000542687294894108
0.000696540430534971
0.000729809331387136
0.000673510154149409
0.000906147999909855
0.000815549122543678
0.000617791824697899
0.000688557504568086
0.000711886148795258
0.000639848879292639
0.000758150705687498
0.000579137432087447
0.000714035652408253
0.000592829475652963
0.000676923481189227
0.000518466628853766
0.000626949492973738
0.000700045312546148
0.000688694882995676
0.000751016887656872
0.000646437194549333
0.000715593942576696
0.000655479777834617
0.00054245720062534
0.00061803361980034
0.000557756288628985
0.000657903017322497
0.000625301934954102
0.000700661171072226
0.000523892451529383
0.000595918188906325
0.000606076007774194
0.000724747334274598
0.000693892173534363
0.000646006963167695
0.000635269919149568
0.000634570040146245
0.000606754097134629
0.000679407842289606
0.000646448588267177
0.00052453559343396
0.000751766688626537
0.000611088957513382
0.00056535165861966
0.000634594022215139
0.000609768156596403
0.000582632995934876
0.000735728527210009
0.000692720960861784
0.000759121405022261
0.000673878931788816
0.000640749939700131
0.00050242201835325
0.000689220998197852
0.000583918444203793
0.000669662223413432
0.000581275315613494
0.000540324516618906
0.000730903463084916
0.00059615089109742
0.000703006331044678
0.000892420840302321
0.0005331682611345
0.000679481335616137
0.000587092262531682
0.00057766722227963
0.000699327189030698
0.000613713267756249
0.000880646496577352
0.000736380967056221
0.000559339359800592
0.000555168190711375
0.000628555346009959
0.000687436853318308
0.000664882400006828
0.000620925783638395
0.000571264836184052
0.000606322680543069
0.000530300934928155
0.000628440527967298
0.000559488728012391
0.000517480392789404
0.000672000574723616
0.000600458232784223
0.000571418347611648
0.00065252057834899
0.000595787934519977
0.000513961526743974
0.00061012921434607
0.000681163912428244
0.000628513274315829
0.000559152410067212
0.000619017251574723
0.000688227452630936
0.000560046684610133
0.000505506355590198
0.000547723437253974
0.000526703268797856
0.00067790839931724
0.000646860728594177
0.000618337739258525
0.000572787397966417
0.000820396308057127
0.000733025691803596
0.000723133492727983
0.00074676371026041
0.000818713630784055
0.000696849267644432
0.000704239872832578
0.000621295456418213
0.000590948843986748
0.000513082049039312
0.000705366165280138
0.000654310022419798
0.000660218919383919
0.000738031796081987
0.000588287476802515
0.00062518452755331
0.000789409038060031
0.00061049826382394
0.000617216883091579
0.000722049697984349
0.000612914484346945
0.000585369392224692
0.000665252418246283
0.000553807388668322
0.000576292597963186
0.000614428313697291
0.000625320268981463
0.000603229989068407
0.000606397391526235
0.000554005909363064
0.000583865092287631
0.000649015332528647
0.000598587373617925
0.000718359769777123
0.000571976820182471
0.000703282817267194
0.000663378058489824
0.000710936534959535
0.000625255260393409
0.000778548786724836
0.000700601404352951
0.000644976456938939
0.000589055747927475
0.000684043592767911
0.000602667496775535
0.00060313796847549
0.000565045621930285
0.000683201268757968
0.00054618194224087
0.000737036306687144
0.000564480373074799
0.000552880051800199
0.000564264659451614
0.000615687370790213
0.000574125056628234
0.000659585217146771
0.000567693857542385
0.00054680914426148
0.000631401419645033
0.000699338392841953
0.000654760111820085
0.000562963139794623
0.000593166737265533
0.000703808265092704
0.000637199083066909
0.00065645322427371
0.000602863670833667
0.000655802905690861
0.000592335813957464
0.000539835041912994
0.000666499972858185
0.000592177586404095
0.000564455089507389
0.000688311879148417
0.000539870703584224
0.000608309559525328
0.000646357540383111
0.000629956295918147
0.000562605626154681
0.000719047484664055
0.000668722751590167
0.000592840291252583
0.000686388334777057
0.00057322247216435
0.000622699817922794
0.000676277430785987
0.000814437739445976
0.000748837122135894
0.000587650035076754
0.000631935507361561
0.000683199111346609
0.00065133110417336
0.000564500427791477
0.000621199392986269
0.000625670678747652
0.000696760798380944
0.00076410160250434
0.000615843068824493
0.00068870371512806
0.000652153830759726
0.000641002456326377
0.000595478769131057
0.000600959133600749
0.000625949508917305
0.000664674519862427
0.000663183868271623
0.00064650726903105
0.000578845453090712
0.000649660318572752
0.000559107758725222
0.00062229518920981
0.000642691078910451
0.000735461630945188
0.000624913157542539
0.0006052630574742
0.000637164089440775
0.000656993440809764
0.000529847178764598
0.00057930080262596
0.000676598042425095
0.000615314388819628
0.00066553023613058
0.00059802716774334
0.000640282304874791
0.000702167593986031
0.000495394821177541
0.000601095675942989
0.000647966032606474
0.000684222884491242
0.000568236863344358
0.000662689971236874
0.000677205888372648
0.000688860384232643
0.000665702385609093
0.000768791507476776
0.00062610727900185
0.00065232435718619
0.000729444384977801
0.000542083260510616
0.000559677959891919
0.000651872586903828
0.000510738212112004
0.000639585927477702
0.00053306250346584
0.000558863419484066
0.00050807549880136
0.000620353731830818
0.000523766913527276
0.00057207392889503
0.000583972581911693
0.000564993060091601
0.000516323721754798
0.000678099355463769
0.000555946346200033
0.000587619485027311
0.00068373347145255
0.000768268405413612
0.000633980252254376
0.000719914145217644
0.000655221536515039
0.000771654297188132
0.000654523212982663
0.000508924360293493
0.000585479150998251
0.00063277943827069
0.000663537432186143
0.000570735662815426
0.000585321899479079
0.0006085885904214
0.000586404109223171
0.000610794450787283
0.000567448797783387
0.000669438448322395
0.000645411745541426
0.000663652334559035
0.000620488391803874
0.000636217176396006
0.000684094148198194
0.00082201300864861
0.000722275976916296
0.000770948166507868
0.000666234347903905
0.000674648793723346
0.000690552102601251
0.00053570724166967
0.000676197435890303
0.000722448694455316
0.000583432899050381
0.000681762277247623
0.000646678651308808
0.00059192441498549
0.000638078861825539
0.000628170314857271
0.000694312940718836
0.00063957837823018
0.000697867026889916
0.000671836514772171
0.000656068333039271
0.000622742666487083
0.000638943268025896
0.000596934415312891
0.000508390857677397
0.000617183598750742
0.000618005459422013
0.00059764969261024
0.000609463973446582
0.000556900194178826
0.000638935113237809
0.000620635222941991
0.000617183237567892
0.00063537103935493
0.000858783937606885
0.00074782864689061
0.000669958430380131
0.000680040653446785
0.000667448830938455
0.000656665132551002
0.000715570531104624
0.000632310168293721
0.000600504493640621
0.000772047383299907
0.000633493706642458
0.000704604307427932
0.000747567299005554
0.000523857367396762
0.000536969814763416
0.00062625796985108
0.000661748970193361
0.000626789393608881
0.00062694319931507
0.000616805244805898
0.000592454226321634
0.000620119493911846
0.00070145262783311
0.000730340551340411
0.000612883190434556
0.000676798512841113
0.000647091611969465
0.000655897686460977
0.000569389552102415
0.000505257486213944
0.000675971452718489
0.000568415732669691
0.000720398023150326
0.00070408093755624
0.000601097590980062
0.000858587616029004
0.000539976347807778
0.000704698371562241
0.000601568045869779
0.000546032927955007
0.000592512979152781
0.000673777835640872
0.000685903506381603
0.000655641862525043
0.000552626759965463
0.000891449374046115
0.000637832431877625
0.000693126802740995
0.000768474483025767
0.000741420427707783
0.00082785747782735
0.000677785165527479
0.000678772867315999
0.000645749304820687
0.000716585441201125
0.000568397111423518
0.000611602712062813
0.00062094409644315
0.000704491102337253
0.000710666690282798
0.000596619613420112
0.000604620132511448
0.000637360862782441
0.000608924496664441
0.000598916908546518
0.000689054246858078
0.00062949235479096
0.000670794096731295
0.000693386534736304
0.000692633900622788
0.000695171296214332
0.00060316196155797
0.000627912414497466
0.000628734948268599
0.000648601329413192
0.000586591087429004
0.000624533528766762
0.000690206089067536
0.000675315835760465
0.000597528208768056
0.00062301771578671
0.000631725836322132
0.000694025397002292
0.000691862864775124
0.00059884558904577
0.000534657097220565
0.00058317914521679
0.000630063083218869
0.000610205313299823
0.00073208915028334
0.000793278442749763
0.000803861172975258
0.00061787483446722
0.000608896529660877
0.000659048846198756
0.000573627328929872
0.000590546612015089
0.0008028739348683
0.000690766004049622
0.000592602200641684
0.000640047447160676
0.000641337741872542
0.000573676212188973
0.000632194925031775
0.000669522033264738
0.000550504053727936
0.000545928430769328
0.000602048314110307
0.00063379171322207
0.000650062674988057
0.000703876727187111
0.000538327321516456
0.000614259174547429
0.000800378400149666
0.000691120251816085
0.000669776631450766
0.000645628258900391
0.000693509243125202
0.000640934709185399
0.00068895617809167
0.000736717849956225
0.000710079074413006
0.000632305235724724
0.000722041278276078
0.000619355760146914
0.0008257452076249
0.000863602009342221
0.000761894002088588
0.000639733120640133
0.000590180414415127
0.000632960668249289
0.000571131754230627
0.000808961610380814
0.000691051225258851
0.000683112232097227
0.000734349966042549
0.000721943005056988
0.00066147473447144
0.000588269215116122
0.000805036887180803
0.000699435044131757
0.000638033847942051
0.000643778759356968
0.000546857681912038
0.000667348813606334
0.000592172527151587
0.000646737872059913
0.000591732762075147
0.0006795324158137
0.000695672335047592
0.000671156957414803
0.000694882151563954
0.000672164045870451
0.000666338583430562
0.000644841450187687
0.00071842856123363
0.000647608068385211
0.000679810299417371
0.000661028815451834
0.000536263616632616
0.000674971250122561
0.000631114797437501
0.000747638429512672
0.000827193132690785
0.000532948967334978
0.000662902170861958
0.000709684435465972
0.00062197945049089
0.000655109595421259
0.000696355707839416
0.000717357873956515
0.000756723364059394
0.000769399911181936
0.000673509946761377
0.000779085012334731
0.000683209790204794
0.000791549084340995
0.000719213783856517
0.000688692086817958
0.000664257854253058
0.000591833949403421
0.000659965375567311
0.000577535421260282
0.000619923065377672
0.000759440975872452
0.000681372331797014
0.00070634022349981
0.000727441867599738
0.000668254965800961
0.000641201599066206
0.000720841467036389
0.000777117019125312
0.000710296734383043
0.000742469342302906
0.000660590659671603
0.000754886120268211
0.000641250488200384
0.000985755823995393
0.000670756329913475
0.000784862590581979
0.000646571843208675
0.00066295465199677
0.000767631408447229
0.000599631597695255
0.000581215949660706
0.000678883934419428
0.000657370696500496
0.000679828218104491
0.000648121583885204
0.000640474345098615
0.000663780562253782
0.000691442193161327
0.000746077760865534
0.000747853191113899
0.000626999187050777
0.000764307443907273
0.000678935074924625
0.00075493136186381
0.000704955913487539
0.000689622188497599
0.000587043375585917
0.000723420515177133
0.000620773188794564
0.000711983088195847
0.000984807248155427
0.000722643327015493
0.000745919300005196
0.000608516519971115
0.000652621678529511
0.00064639679549006
0.000554572472693278
0.000592044359341137
0.000523298838967155
0.000618417662438431
0.000622290488294296
0.000662798103180194
0.000728419939664747
0.000603160832489715
0.00073133865891088
0.000631695735161095
0.000610088269160091
0.000661701867570842
0.000692146698866112
0.000707514725393306
0.000638995026787742
0.000653924908396397
0.000571716132457159
0.000602507688941913
0.000764716486244895
0.000670179293693013
0.000654140663486321
0.000655118871746265
0.00149651235323759
0.000627316892928937
0.000813611152331101
0.000689376496328949
0.000784355215630324
0.000677106104666704
0.000805557658162101
0.000687291048055848
0.000681719688234288
0.000807564849095206
0.000695446874565538
0.00062498071050282
0.000613908026216166
0.000635507994688209
0.000749971444019384
0.000761995054254492
0.00062995346134636
0.000683923772343853
0.000684769134314345
0.000667576193430893
0.000591209429013593
0.000619934167239243
0.000638342354387043
0.000601746602691936
0.000644208178538769
0.000720882290284945
0.000621621083003074
0.000715551278255603
0.000695909139380382
0.000750883189584671
0.000740373322866525
0.000613166821711607
0.000587793134583758
0.00069793334511242
0.000608000355679304
0.0006359077536645
0.000702227068357559
0.000669857092018934
0.000654813583932294
0.000692988416649115
0.000571660090251512
0.000754348334722716
0.000626241808687285
0.000677080330794594
0.000818056638596469
0.000756018403093199
0.000634637989893527
0.000630971385389615
0.000649948658376035
0.000688426518457844
0.000690844404554106
0.000583503626177693
0.000674005390595998
0.000667895677984667
0.000730529487304269
0.000740607717494976
0.000696224480933926
0.000629894340252999
0.000637041906934901
0.00061813484104073
0.000657346935467044
0.000599816899180738
0.000674982025213239
0.000534047243936626
0.000761769644940425
0.000739644118899901
0.000707321168742367
0.000597512776192212
0.000907518483293387
0.000668953700718664
0.000702651688072575
0.000669816589738757
0.000652175059310731
0.000700267835742295
0.00069479904695042
0.000626579889986318
0.000663982414145248
0.000628817698639531
0.00073428601762083
0.000774365218003211
0.000669314983548051
0.000557779137515553
0.000758515821739485
0.000698180576733243
0.000671498724353172
0.000746382457061883
0.000622709834828127
0.000695065229287799
0.000630446521831699
0.000670341180751785
0.000717658899179141
0.000587912333618272
0.000617592367527639
0.000567158976078916
0.000749889697769403
0.000665820775148993
0.000656966828425258
0.000651958097158405
0.000730584653000901
0.000645991762021546
0.000629086561618043
0.000708549202678437
0.000753462313307989
0.000768104406707944
0.000715420107038768
0.00071809096444479
0.000751854735174896
0.000791748581865611
0.00066386394332643
0.000547544507777961
0.000749871555095426
0.000719856742761509
0.000721544335652739
0.000670205569341616
0.000642404739124834
0.000702697906992252
0.000721939164580575
0.000737456701576003
0.000664976233457598
0.000651625728503901
0.000669147402484802
0.000732109412894678
0.000800844243558802
0.000717379594914737
0.000644495606404222
0.000743502239187752
0.000750392420235643
0.000640126357199799
0.000733346854630224
0.000752409773830107
0.000818192273419161
0.000697207916032875
0.000668400132449224
0.00063962011858026
0.000848168673367677
0.000700972548242449
0.000676701832659868
0.000636406314733959
0.000615773590817342
0.000653046519128015
0.000732474007889217
0.000702275333513851
0.000694997531117791
0.000740060729597989
0.000611934468552284
0.000687033441841879
0.000673031785891973
0.000645167880188775
0.000711381218226654
0.00067165409074623
0.000569161717301373
0.000735993550297159
0.000631158941407618
0.000940949387796207
0.000781430829911218
0.00074582714294448
0.000848235075962131
0.000664279784860159
0.000775378614118663
0.000830244964631397
0.000827571322233735
0.000644199175662715
0.000665091293902631
0.000749484573622354
0.000791835810143711
0.00074710798942736
0.000631348307166913
0.000673540840603666
0.000687759847953949
0.000659944368483245
0.000701727502723032
0.000727190112570752
0.000731010479982223
0.000737219192589197
0.000746715385124179
0.000571817216487031
0.000750433936120523
0.00075874961628213
0.000734674295764731
0.000728096781332032
0.000690235115439145
0.000646489259055282
0.000847953723901996
0.000763011656543536
0.00074140649531833
0.000641830081904473
0.000722406520896693
0.000762211501053596
0.000673845578021263
0.000681082891131678
0.000909459838714864
0.000745594582296675
0.000759139222983828
0.000742126567572917
0.000660210017540361
0.000637696190869724
0.000666471304741719
0.000675696620529767
0.000624168241850356
0.000705162019549116
0.000643281782971264
0.00061148213279773
0.000646055392358873
0.000938860871256551
0.000635624908649507
0.000635931338053884
0.000741535934007565
0.000687852576329665
0.000855994252896792
0.000762124289606858
0.000766597779672755
0.000649529354418297
0.000752602684832028
0.000547635337494226
0.000632764528306098
0.000778132735756586
0.00070917578466336
0.000706165786656379
0.00065658197371658
0.000695990905491455
0.000645119332888574
0.000696850293344724
0.000692595463225212
0.000677313333543278
0.000677085977362748
0.000745836910723923
0.000698955576870065
0.000782391307187833
0.000697796144536022
0.000751128457411456
0.000687532381591716
0.000750365814548607
0.000738221822944271
0.000781184140635301
0.000702962271505766
0.000679908881058126
0.000852265985182637
0.000756818258001593
0.00131419799881269
0.000593182546184949
0.000635969696313383
0.000788684648073813
0.000655634440727217
0.000652444774293577
0.000830773644458063
0.000692677829336638
0.000705799362491989
0.000643979773115994
0.000680210340970745
0.000604733761144902
0.00074211383207143
0.000768135687812086
0.000727254684440697
0.000778252392921948
0.000799654203458548
0.000858518732612441
0.000699956417349374
0.000656968540709781
0.000737616557481366
0.000726666096492389
0.000759211041338456
0.000673551227969093
0.000764040919815682
0.000722777914457565
0.000697119180119025
0.000666324532227764
0.000675025722006978
0.000678840163130138
0.00126936337176857
0.000650595361527748
0.000816588986176409
0.000643643043250128
0.000606096703315284
0.000837120415193072
0.000785026500882357
0.0007415769278502
0.000672482189091812
0.000710227266144204
0.000718386901024811
0.000825449826489749
0.000799664528662732
0.000708118676944177
0.000703204215392914
0.000659587302601974
0.000731254180638282
0.000751584184443916
0.000719558246873221
0.000740771234495758
0.000663592614764384
0.000817952156902278
0.000640812450959142
0.000652494692796104
0.000691686043219084
0.000833087522004397
0.000681922630995792
0.000686630224380806
0.000772167954907036
0.000609008894703691
0.000663665632107735
0.000720773632535277
0.000781483336859893
0.000705208454704804
0.000749679536868081
0.000652741828214619
0.000701487273645537
0.000777140259430816
0.000674099203186712
0.000604246575130461
0.00069274552707814
0.000703162221078879
0.000710957234741908
0.000726664949084439
0.000828809292270866
0.000870969305343049
0.000682904051996498
0.000695231460330875
0.000784863080638427
0.000761493727694825
0.000724442067457629
0.000718929587753558
0.00072339890156544
0.000663525929023578
0.000739030526955981
0.000649959800701907
0.000646763041564598
0.000634340469742092
0.00060839565874398
0.000724532853341112
0.000674809307376572
0.000635678210844852
0.000671959172304076
0.000672476729569129
0.000734865931380482
0.000655955027924805
0.000700193857733979
0.000698592876705146
0.000728332842249265
0.000678394309739741
0.00071421736834689
0.000730883026343445
0.000727785179413069
0.000680505917240276
0.000706492459659132
0.00072170987610712
0.00070000773642835
0.000627040831811284
0.000714069098428174
0.00072392706755969
0.000658406482301626
0.000701820519031743
0.000733054679564323
0.000731932703448963
0.000796159023493514
0.000597762541977759
0.000749013716334758
0.000661104356956742
0.000643409266028647
0.00074394222374218
0.000729332315782729
0.000731488377853973
0.000677416708069625
0.000678148427515405
0.000697923743405298
0.000631735521555807
0.000625893421159417
0.000692548867750331
0.000601982286386767
0.000711573559318424
0.000596723401187904
0.000718385133845633
0.000811460926241164
0.000707414352751474
0.000670726635694917
0.000678860228508568
0.000714094763658828
0.000703919905098605
0.000717909902438668
0.000585254507648721
0.000629075625858858
0.000646287633000488
0.000552559394526782
0.000598800512200481
0.000711347765087929
0.000668343234974325
0.000661724558971206
0.000774072082715265
0.000707453938582873
0.00068405049767146
0.000572900041164995
0.000711336325121703
0.000737935801213796
0.00057457470124293
0.000655521302511304
0.000647777032686293
0.000683814685286182
0.000632956308980319
0.000702665583378795
0.000750652893826578
0.000719597003111814
0.000578700230148546
0.000665486037758156
0.000797494475868894
0.000663721468139408
0.000705145769243361
0.000767907492107066
0.000692853254811757
0.000769489828870623
0.000714396338151546
0.00070000485346515
0.000810029072733078
0.000691421804480015
0.000684107121301292
0.000658308611312765
0.000642281425609494
0.000655893722294526
0.000646968419368162
0.000687676037836116
0.000606916342841891
0.000643170962676376
0.000582973356796499
0.000669881106841095
0.000803398295782919
0.00064988677380557
0.000764156769699812
0.000665578531748606
0.000588752852176185
0.000689817757394146
0.00065680920220062
0.000681235547117623
0.000731731622222404
0.000619523246475057
0.000695728772816499
0.000739285669025589
0.000773269986130645
0.000783125828641911
0.000759114091843475
0.000738546396322007
0.000756029572581919
0.000683249268973365
0.000776375497506485
0.000821137390148379
0.000802504571524479
0.000693841899121234
0.000604956677198441
0.000722924299779425
0.000574683587030633
0.000749153893634327
0.00068588440118324
0.000632803112943058
0.000769278082473057
0.000775346753031354
0.000833270314956322
0.000733398314232496
0.000732959898015462
0.00073560915804945
0.000616318159271327
0.000740502397549544
0.000745666134578603
0.000743608252970706
0.000709338986004178
0.000790006885798911
0.000776291890703621
0.000773579059583137
0.000657851723499067
0.000822916511608183
0.000732257407261501
0.000721412487314756
0.000623695205029998
0.000696658278074895
0.000641446185459232
0.00075104579388296
0.000730001763094523
0.000739824862615667
0.000743688163924167
0.000688763094375822
0.000630370229261307
0.000635148929757942
0.000709090588906381
0.000812880123728272
0.00063447341618564
0.000761216559333994
0.000671651607614902
0.000717934362486481
0.000737778985061311
0.000653760574132314
0.000593131617675699
0.000663356117316308
0.000625539570547125
0.000722226734894501
0.000631703840152611
0.000668328162576201
0.000606535718819492
0.000722892944386932
0.000611072541958665
0.000601644747441145
0.000703794774003131
0.000600519892461402
0.000698740256624785
0.000743736122254265
0.000641171429638599
0.000764843960824028
0.000740007069783073
0.000677430697921513
0.000794755847072406
0.000691661140459974
0.000669440413746908
0.000770686858039028
0.000679537757691498
0.000773223241931419
0.000647861686858034
0.000703491288156399
0.000653306007869574
0.000597299631164705
0.000656257005456643
0.000629583694365369
0.000690862440313676
0.000647120732916324
0.000618471097013476
0.000691793464532946
0.000710479750948692
0.000867196134376896
0.000686387390786667
0.000582662544251476
0.000651315702387508
0.000690240363497591
0.000716244607162344
0.000679712739473446
0.00065927407317954
0.000613117409926954
0.000832932186964064
0.000698116573733539
0.000737614017245305
0.000649724993782193
0.000763541968416128
0.000721279104345837
0.000765974610085114
0.000518710950831253
0.000690609467118016
0.000755618636495656
0.00081887612822612
0.000691188354997437
0.000658848502635863
0.000717573182641494
0.00071983930429312
0.000845322955906716
0.000734713521292936
0.000779363572556768
0.000711486629350649
0.000726371852236212
0.000659287353924263
0.000761410188734559
0.000727841243521083
0.000811702214754152
0.000696044926639184
0.000754422957304521
0.000682424660770864
0.000701608902058216
0.000724727761526669
0.00065891931044999
0.000737355180241917
0.000917568461741869
0.000685125167032692
0.000714610443439402
0.000810217395477262
0.000737646755324007
0.000851583315989249
0.000826441188649131
0.000783254497615451
0.000719509549531233
0.000740665685728212
0.000748431778208448
0.000754952577490188
0.000703031516520046
0.000686347744735578
0.000756238597947133
0.000684629190759736
0.000667478717604233
0.000589116400652911
0.000780771500652228
0.000717711468088753
0.000784093991601225
0.0007511414229081
0.000851204567977641
0.000974119689573469
0.00078643685841068
0.000731909039707488
0.000787318811129143
0.00073257754893162
0.000751682124527542
0.000762866465095431
0.000765672865106667
0.000688867373275476
0.000763222746102533
0.00088604126011289
0.00084359093829208
0.0007416985908979
0.000771126414131878
0.000918905947923174
0.000676476359886365
0.000781055400429466
0.00073520031353051
0.000702128541788334
0.000742377584737335
0.000769658645316747
0.000755931204527802
0.000702635079152365
0.000714368745199041
0.000872248864072893
0.000734029455778502
0.000855248618785578
0.00084756755803518
0.000782891447800102
0.000839557299427801
0.000663349661113016
0.000702403973055631
0.000852731466156963
0.000814056822657556
0.000848822860309739
0.000670203968225366
0.000982346920636688
0.000671714699822847
0.000907474795687784
0.000836204943493285
0.000739949244159854
0.000873651423008572
0.000885314439541083
0.00070795843003102
0.000773992698586099
0.000802332222723763
0.000847060563256896
0.000724348399693572
0.000938960016030775
0.000798225826444741
0.000643820451694853
0.000846437845824353
0.000940010940797241
0.000797364550300459
0.000844755761850735
0.000772634344579896
0.000893166238439744
0.000744521588379794
0.000827871712616431
0.000836907483192848
0.000861096014467631
0.00072374119807146
0.000860357949400624
0.000864031785429379
0.000751897899612736
0.00074418260885417
0.000860764677801918
0.000741430845279792
0.000724807901612462
0.000680080758669429
0.000742378843816095
0.000794034804239961
0.000795352393070008
0.000729767159568985
0.000798071548171799
0.00080050751703894
0.000893586380688643
0.000831554480731061
0.000777930392182639
0.000928487007341729
0.000821980849972048
0.000723888684278684
0.000724604083965427
0.000619180335313946
0.000663950122782115
0.000780443902797037
0.000682505239984597
0.000842407769231672
0.000640035992364305
0.000696207790165764
0.00065835787544002
0.000738572727986811
0.000712678609084491
0.000851128781854465
0.000766451432583904
0.000775741008127672
0.000826388704278746
0.000861845505686612
0.000737814163083285
0.000787835654465355
0.000814647593043367
0.000682871960442048
0.000677966807636335
0.000845578246906706
0.000727767050593135
0.000703387043826147
0.000755854686931258
0.00065388019114836
0.000718936658088238
0.000803856201155145
0.000689075769478538
0.000770690147357525
0.000821372583834077
0.000764367206907985
0.000882684289526661
0.000747923597387462
0.000795392846181041
0.000769499850130149
0.000601183762855346
0.00071926147626837
0.000790189808774155
0.000721062709861867
0.000748065084226605
0.000755845191746105
0.00081701230976755
0.000816564518672435
0.000724865867687363
0.00072253161387221
0.000750119941559618
0.000836293957042706
0.00085702848544853
0.000814280862491046
0.000920819963538569
0.000844320323830835
0.00058592637135793
0.00077613505490038
0.000673328111720785
0.000706850065157499
0.00072326417202575
0.000758583730929809
0.000793430960391196
0.000789262536658242
0.000762201483665051
0.000688402310538286
0.000728322187503151
0.000719819191846155
0.000661761244597182
0.000665560755520165
0.000643659994375495
0.000671900345894754
0.000708425929862945
0.000702605051079013
0.000711568172136877
0.000756426802716297
0.000739343076015644
0.000692612496823655
0.000745036612394384
0.000793157550293177
0.000720693975975814
0.000726302009676812
0.000766737156026261
0.00073761535894281
0.00075701786817022
0.000741229517044683
0.000713809197025411
0.000791662473531453
0.000662800218401578
0.000792879795147665
0.000723997109485514
0.000671318246410366
0.000710615843681509
0.000814017556944327
0.000811278558380374
0.000670234356983841
0.000717947915717658
0.000794815850761762
0.000667390247987708
0.00072244478473156
0.000953217362168392
0.000790438020529517
0.000727323633652985
0.000637173041588989
0.000723063799832706
0.00108390005292995
0.000820096068799768
0.00073168258676029
0.00081254221360905
0.000818392200078715
0.000756081854773932
0.000681920071533713
0.000661286401733107
0.000820425686481136
0.000746279983806699
0.000746781988891953
0.000733865840478939
0.000870726169726077
0.00068800436123437
0.000787180638146755
0.000721458379366055
0.000744306752806454
0.00066829289844441
0.000679335577975705
0.000677187414622648
0.000781670935275969
0.000736572117319669
0.000670576337787148
0.000626294731189489
0.000785814843638167
0.00074313327114195
0.0006657941453951
0.000738733673154536
0.00079775216169899
0.000659484540444908
0.000769172760384757
0.000820508497904828
0.000889784614712376
0.000779052119804774
0.000731300861397531
0.000738755289520242
0.000760807785990321
0.000790421134165094
0.000733646936608295
0.00077171508603296
0.000769462993765791
0.000735362328713384
0.000696632229254483
0.000713565719057726
0.000747699984659382
0.000634062026480975
0.000706629532157556
0.000740960790833904
0.000800001861686774
0.000716808324859494
0.000766403317211848
0.000728657775897549
0.00077317600180253
0.000736561612052845
0.000748504540885474
0.000705487436376152
0.000747590911459899
0.000784444488474052
0.000732351475856625
0.000711658778367019
0.000767807970086094
0.000649743835892647
0.000730833057871484
0.000775867167506737
0.000773789528710897
0.000735150542678646
0.000753370047056771
0.000791343354868426
0.000785863794430515
0.000761567012177436
0.00075806810082739
0.000697781406897574
0.000822920907851671
0.000724779971976179
0.000718058609071627
0.000830401845208113
0.000800694685770386
0.000799975210890315
0.000764121879235962
0.000753169324824559
0.000878042294010763
0.000787059743473623
0.000867937481973552
0.000902583134059104
0.000837382559312475
0.000837954892988096
0.000673916554204989
0.000859498707018766
0.00075581756195944
0.000751510603852039
0.000826660920516003
0.000730592272944669
0.0008226355507623
0.000687365076118084
0.000822173564597708
0.000957299063542131
0.000796221881802747
0.000734662914867854
0.000739801023677554
0.000754147720643583
0.000868151423982879
0.000688366634316107
0.000693256618512009
0.000794012382295094
0.000798729458229645
0.000811904607312502
0.000810451035922781
0.000660219028069239
0.000898937360377964
0.000888597439705976
0.000778342862354186
0.000802050230719
0.000654422447472963
0.000688994926645044
0.000765751726580111
0.000718981493617257
0.00074615048634245
0.000696579016498471
0.000714887261984425
0.000762820553577551
0.000721744893095562
0.000732915039857075
0.00078391943038363
0.000740667964948914
0.000705493960978263
0.000792568451767636
0.000698147645434682
0.000650247858242802
0.000794455444124769
0.000755386160985916
0.000731928320585179
0.00064914017586884
0.00069040735586867
0.000728492804193708
0.000856731611826229
0.000790088008024886
0.000866565517192598
0.0007074749441103
0.000785387473047568
0.00074943918764086
0.000729801300191495
0.000797786860531422
0.000878139370157105
0.000787960325900609
0.000800851549722655
0.000743210591732788
0.000733029443775684
0.000741386605781936
0.000772913012311922
0.000810640558900293
0.000921929113994325
0.00074581888590003
0.000851265104308552
0.000689305188163666
0.000814560266683307
0.000787511987437351
0.000878961267735682
0.000622909955176744
0.000738087032417545
0.000776727486981907
0.000684324322229568
0.00069585555446527
0.000823701449153458
0.000874608660426152
0.000691100590246957
0.000659060455483215
0.000762841530522367
0.000814041204499794
0.000814438441155647
0.000654039433841574
0.000694381743549606
0.000763743804911691
0.000701697053798445
0.00075476361621028
0.000803768781007133
0.000777720844274813
0.00074519887565423
0.000719995487448851
0.000749653210612862
0.000772551989811565
0.000784910000420107
0.000730165628421947
0.000674959557879254
0.000755609110732229
0.000824754775827683
0.000717194853060051
0.000762611179388814
0.000731357398870619
0.000811605416769171
0.000818472298829373
0.00083957762021927
0.000700215007447737
0.000776151533348786
0.000734874910627004
0.000837127133741514
0.000730050813544509
0.000731670919588837
0.000863025238550735
0.000745227445336001
0.000729076001501154
0.000775070811501497
0.000791596292371001
0.000749608528003997
0.000751420141469992
0.000779060095923189
0.000735343730138686
0.000826546772404619
0.000806259430553518
0.000777476090724643
0.000795547242148058
0.000827125026008274
0.000917002844136113
0.000705006025699479
0.000844953944734921
0.000671703455703625
0.000685715268751236
0.000756735232438615
0.000717321689277471
0.000766438840576341
0.00077862154103431
0.000829382728439706
0.000770423324173616
0.00078431940324984
0.000723531846640848
0.000690304587352829
0.000715253547164724
0.000709609878572588
0.00078175722881807
0.000700645870577227
0.000689453345888953
0.00085271111382068
0.000751634243043968
0.00080222477776656
0.000728869662714829
0.000812781873430211
0.000838344206235041
0.00065696155976126
0.000702716745796974
0.000806021803331511
0.000742299114777779
0.000725504750144304
0.000778195205574696
0.00082857360674679
0.000766533919617537
0.000741042836876883
0.00100674155167525
0.000884443468578127
0.000829545233467352
0.000634920128937303
0.000793309179582813
0.000704106526014306
0.000832416766692229
0.000711755373644878
0.000759557999061923
0.000803468508234451
0.000692124226886039
0.000768283079319412
0.000747655309351039
0.00082648803226422
0.000817643061109248
0.000883937846597239
0.000890150177564777
0.00075668587434937
0.000789285299772935
0.000738702422016584
0.00078086308415183
0.00079333816680624
0.000742360650557559
0.00082632139837634
0.000771655399963576
0.000643072432078465
0.000803653632416072
0.000833884679295566
0.000777647918062186
0.000850557513247245
0.000703443922893469
0.000751933823561037
0.000707725341835946
0.000717478823708622
0.000704957206440943
0.000729619983312401
0.000797913636923112
0.000648973803134301
0.000793292536926953
0.000755902943709372
0.000852367184879036
0.000802813580538259
0.000706536679327046
0.00125342685262842
0.000862585618224527
0.000791247597636008
0.000734944854619589
0.000803043324117851
0.000842942783196112
0.000775653949526612
0.000860185124860244
0.000847167620295268
0.000859337945304137
0.000831431141648129
0.000784901014239602
0.00083405092050286
0.000741882077271652
0.000853846832914529
0.000862355652786293
0.000877496239704468
0.00102522610141901
0.000891688491812728
0.000794683135685137
0.000776834594760729
0.00098727781067753
0.000752833370428215
0.000814650523521215
0.000661262474859468
0.00081645743015448
0.000739375582274991
0.000836611254707348
0.000738417824616548
0.000771787234908533
0.000792855681402352
0.000791052324566296
0.000820420249875463
0.000763749410897042
0.000723413126206856
0.000919434815119982
0.000782926914046424
0.000797170971964696
0.000870442226716564
0.000643794249925651
0.000757143222546117
0.000731682348643973
0.000687794182633804
0.000825126340836963
0.000853106142239955
0.000848013206561382
0.000838825476750842
0.00072822788384565
0.000851457955901667
0.000775194206721119
0.000873193487656475
0.000760800252202623
0.000698790498675398
0.000768448585631089
0.000782179378604255
0.000811646414043893
0.000909694673868034
0.000746906336672545
0.000689717155785452
0.000806599696927892
0.000823749417104501
0.000816788359118157
0.00086058087208982
0.000847918008581565
0.00074477103637631
0.000659937418497772
0.00061923380081317
0.000807536759688999
0.000657711042066792
0.00091326137078523
0.000810024928036909
0.000814075455122123
0.00084617197297748
0.000878139895469889
0.000736362881797364
0.00068691928906183
0.000844326853206354
0.000803914622315318
0.000792718932828448
0.000840642443554346
0.000802280155123555
0.000874748477780897
0.000880369786208059
0.000889047110029376
0.000852187399701404
0.000800530336198992
0.000825626264894199
0.00087465328386648
0.000791924709516875
0.000789379023098919
0.000833244181858968
0.000695324684856861
0.000752928654091638
0.000807633213097448
0.00072692904470846
0.000769052630247541
0.000810634430576407
0.000770066878331919
0.000789549483382343
0.000852212396149835
0.000720431878677221
0.000820586601457362
0.000755597986881918
0.000817278019808545
0.000853774388826281
0.000863885399126764
0.000805942715482642
0.000748313845992731
0.000821096101085447
0.000712593274504826
0.000857087933492981
0.00080484214596908
0.000631845697519595
0.000813590407773439
0.000962843901636026
0.000930107828750249
0.000795871986146198
0.000800130944875981
0.000755360412819214
0.000760570095985659
0.000704241172577418
0.00074326884667972
0.000841789917838387
0.000798667728407709
0.000953018947901824
0.000747570742799751
0.000820218291410973
0.00084690390004109
0.000792775187160798
0.000831343856984403
0.000884431681800398
0.000748851231043551
0.000727133694094848
0.000816518128085315
0.000836880693423919
0.000908000192073861
0.000918495261773472
0.000853049040572932
0.000935102291476927
0.000878112929080386
0.000874640032816773
0.000879369062002705
0.000875726900596322
0.000766158422864195
0.000808569941814901
0.00081736259922778
0.000757293658910071
0.000851757218356268
0.000822155360428301
0.000841377281872142
0.000719336799245564
0.000806927438610269
0.000918592302085958
0.000782385640950203
0.000995692252744951
0.000851112881626592
0.00080450258839474
0.000966577620426158
0.000869277248944334
0.000794056500612704
0.000876175167752009
0.000783405707041657
0.000788419078804294
0.000786559966034468
0.000848117220151221
0.000886090575401073
0.000946083969910951
0.000892349796701386
0.000810740976109243
0.00086454549242238
0.000818570956051146
0.000960509450998406
0.00088664584277639
0.000927214805439843
0.000923804089929343
0.000869762399441444
0.00100380458216087
0.000836935334409211
0.000933331146565501
0.000927513571529327
0.000981303338613866
0.000852460955296296
0.00090806775482303
0.000914930446352735
0.000860719370300547
0.000744474998327346
0.000879881684196744
0.000940728726580269
0.000903537978828828
0.000990017194024581
0.000969027426159337
0.000897395607385021
0.000996680882510187
0.000950594621079718
0.000941272070095777
0.000927486286647074
0.000926708965446308
0.00101123505407647
0.00107461434857388
0.000991581751723609
0.000877110629600022
0.000891603272449251
0.000855509883175876
0.000955186603507559
0.00105736122813114
0.000973218990104434
0.000929209499800787
0.000853408515066483
0.000927959871148868
0.00106408234829119
0.00098277692113325
0.000760061878358063
0.00091024575515637
0.00088021567428845
0.000979723496881868
0.000919289247530364
0.000939327769817173
0.000830628274458248
0.00100708523228927
0.00102973163436365
0.000903183554742592
0.00107701161633601
0.00088124309208791
0.000884805845192298
0.000827424121477949
0.000910918578812373
0.00109049514762239
0.00101777893032489
0.000859857496544993
0.00108681679184651
0.000985405629166234
0.000910094792451109
0.00105955277509036
0.0010456769173767
0.000977378568173698
0.000993444803199932
0.000951325623742906
0.00100097572089958
0.000896784943598009
0.00110118692790146
0.000984181682374057
0.000942903454236071
0.00103357974482905
0.000845074977591601
0.000943607665945989
0.0011716074445912
0.00103264779112954
0.00119440428297159
0.001222811999472
0.00111337410416499
0.00115910729156915
0.00155048212386034
0.00128982199023829
0.00126429169954377
0.00133995907988552
0.00142773348618427
0.00155133793155693
0.00104809522219043
0
0
0
0
0
0
0
0
0
0
0
0
0
0
0
0
0
0
0
0
0
0
0
0
0
0
0
0
0
0
0
0
0
0
0
0
0
0
0
0
0
0
0
0
0
0
0
0
0
0
0
0
0
0
0
0
0
0
0
0
0
0
0
0
0
0
0
0
0
0
0
0
0
0
0
0
0
0
0
0
0
0
0
0
0
0
0
0
0
0
0
0
0
0
0
0
0
0
0
0
0
0
0
0
0
0
0
0
0
0
0
0
0
0
0
0
0
0
9.31013299677684E-07
