0
0
0
0
0
0
0
0.000974753896440021
0.000899411276114167
0.000718309037739628
0.000577821726210325
0.000480470232003262
0.000335438775568615
8.03612928023512E-05
0.000102635182395928
9.602359512126E-05
9.48684732550788E-05
0.000156317391469701
0.000236161833390894
0.000186683767606475
0.000175523052155898
0.000216346682839775
0.000176930418462535
0.000174685292672501
7.97902506885215E-05
1.72960429618449E-05
5.10623524189738E-05
7.40824585877771E-05
1.3223150411723E-05
-6.87331724626344E-05
-0.000164671964083975
-0.000173086079918309
-0.000232156251788761
-0.000267399940163407
-0.000285373770674205
-0.000270103533945259
-0.000194571787679952
-0.00011608695116486
-3.7791140886921E-05
1.1158884368624E-05
-2.8673025374969E-05
-2.80699904820849E-05
1.06302170222094E-05
-2.93596161342778E-05
-4.04476574949325E-05
-0.000124738756256014
-0.000178102391475733
-0.000128378431050776
-0.000129088218712026
-0.000247821658555674
-0.000222275650823459
-0.00020149489554222
-0.000213662828350038
-0.000155690329940725
-0.000209236189241844
-0.000203152488842417
-0.000187422193911249
-0.000180437051627969
-0.000205083063031032
-0.000181326535200868
-0.000266495293460973
-0.000293276775140808
-0.000315385622775714
-0.000284364658462751
-0.000283737578752804
-0.000370330533197691
-0.000334786829865927
-0.000309897768432239
-0.000331497562479361
-0.000363455647058359
-0.000407613366284829
-0.000439859469950154
-0.000367017782002736
-0.000375160119783291
-0.000350247874685441
-0.000288019134012703
-0.00036188138396068
-0.000281637399094828
-0.000352799835144704
-0.000339646571538278
-0.000364237129633463
-0.000353735070908538
-0.000371163887858361
-0.000253458063740616
-0.00029103813226889
-0.000187934157538573
-0.000236978124489661
-0.000273660395976341
-0.000245359136296764
-0.000222330516948069
-0.000222662308783408
-0.000216068952567489
-0.000229689975636519
-0.000203480190809587
-0.000155213141048903
-0.000194891955474139
-0.000175076721503446
-0.000226312182206006
-0.000221937564505689
-0.000204843728264333
-0.000182636237803925
-0.000163638544761007
-0.000175960106658623
-0.000220477981881867
-0.000192711325701489
-0.000180322462058872
-0.000177552807612264
-0.000164011449550536
-0.000122973456008305
-7.31663534271932E-05
-1.18472865517316E-05
2.71363644934249E-05
-1.43514540958501E-05
-7.18559751299302E-05
-0.000132306606233086
-0.000184268831239594
-0.000202978689350096
-0.000240683416573769
-0.000290120734572156
-0.000256065450814464
-0.000209470754698926
-0.000218345259190457
-0.000269474246585206
-0.000268122789276443
-0.000270983545695416
-0.000220369428136496
-0.000286841060033746
-0.000242348970051984
-0.000243019189806809
-0.00016135658140269
-0.000211919236584033
-0.000215569688976663
-0.000221204807318974
-0.000213844680537591
-0.000277141670091093
-0.000234134751549856
-0.000278015964242876
-0.00024606907557734
-0.000244044729313425
-0.000282631622865534
-0.000263003945162579
-0.000267908252839932
-0.000247449026466194
-0.000226179049924966
-0.000239510069244053
-0.000213174721479289
-0.000247968862292467
-0.000233446773950422
-0.000172163825062134
-0.000201811605807737
-0.000186978415776551
-0.000149787727575727
-0.000177843443527998
-0.000132093083705479
-9.58725276394385E-05
-0.000121205053393841
-9.60458884468218E-05
-0.000109192520648071
-7.39109347562386E-05
-3.09629968125526E-05
1.75346940459153E-05
4.82358807374669E-06
-5.45210970821819E-06
-7.89360471812365E-06
-1.99923121599609E-05
-5.01626832557853E-05
-8.58825917070855E-05
-8.40180881025223E-05
-0.000101823447965425
-3.36332082423899E-05
-3.34731600879569E-05
-1.59944246230332E-05
3.07256363643973E-05
8.7716438634047E-05
4.62385394187551E-05
6.22675343779732E-05
1.85306233126055E-05
4.04385830279048E-05
3.55965252103057E-05
-2.12334070375088E-05
-3.17839061564713E-05
-3.27474029189767E-06
-2.73910772869803E-06
-1.56058296487134E-05
-1.22825706091262E-05
8.9010300824896E-06
3.187579563294E-05
8.26067005794419E-06
-3.45353719873527E-05
-1.46694713829081E-05
-1.3211254709281E-05
-2.64693183327765E-05
-2.75135242553302E-05
-2.86006662761531E-05
-3.17782053390229E-05
-1.40559291404469E-05
-3.86086571262627E-05
-3.15557135283264E-05
-1.73306756904819E-05
-3.37692500877402E-05
-7.06918501946264E-05
-6.91619906286904E-05
-7.66770279521114E-05
-7.9345682256667E-05
-0.000115526722468976
-0.000124988585498042
-0.000120820423343694
-0.000118146751968845
-0.00015118786875182
-0.000145990089251026
-0.000130569881461198
-0.000104733150654295
-8.50933607660198E-05
-7.58415051482572E-05
-5.68853657509088E-05
-5.21710978854764E-05
-6.94938279889021E-05
-9.3352621872622E-05
-7.34511450536456E-05
-9.21205479275013E-05
-0.000101106133212492
-8.74881044283687E-05
-8.81257424817639E-05
-3.5159573318034E-05
-8.17511534803192E-06
-3.66788558498644E-05
-6.61515580902745E-05
-3.52600420136015E-05
-9.40215492407503E-05
-6.08363729284687E-05
-8.03456718034056E-05
-7.89940211026597E-05
-2.98233599335182E-05
3.38784497133153E-05
-2.47948382268647E-05
-3.00257608477984E-05
-4.69155909742115E-05
-4.98103297097991E-05
-9.36908881297061E-05
-0.000111984056398896
-0.000174579507994731
-0.000179350561112133
-0.000178475299107071
-0.000194362880147354
-0.000231268465425524
-0.000142390105540557
-0.000192876927554639
-0.000173338248449699
-0.00012832534302821
-6.14216747011602E-05
-6.84061534741766E-05
-8.56822126926871E-05
-0.000149916402930219
-0.000127248140168918
-0.000145368586071662
-0.000109994475762558
-0.000120400725852707
-0.000105103592010785
-5.15170515963138E-05
-5.33288029749675E-05
-4.75269083189853E-05
-3.70228428767761E-05
-8.6045858020619E-05
-9.34328198157819E-05
-8.47916414670344E-05
-0.000104507904407203
-0.000103850693189673
-0.000101328516815705
-0.000111261218125782
-0.00011093535876291
-0.000127340886661745
-0.000130914933149438
-0.000128165135092098
-0.000142323812442282
-0.000127703455127397
-0.000109598856251832
-0.000150516183857128
-0.000163436394326387
-0.000151758436657787
-0.000140650278750425
-0.000173784738076691
-0.000197509493366941
-0.000185869096114657
-0.000125819287125946
-0.000139311413300556
-0.00013524463735717
-0.000150994156819976
-7.91561182380909E-05
-7.41045088431033E-05
-0.00011638035682464
-0.000140697113312501
-5.98221820549655E-05
-7.01717550315036E-05
-0.000128875394597404
-0.000190059288648928
-0.000140330871171726
-0.000108470124555317
-0.000108610147034471
-0.000120462226686
-0.000146606072522819
-7.06413548676127E-05
-4.80995885534095E-05
-7.30454085740835E-05
-6.85657193314012E-05
-5.5070448804359E-05
-8.64730901118109E-05
-6.1868843189304E-05
-2.60488834860894E-05
6.29581114708223E-06
-1.39112077981755E-05
4.51413401488803E-07
-9.66350409148546E-06
1.6461509761464E-05
4.24395714807406E-05
4.37684126174861E-05
5.11809942812949E-05
7.34749293498988E-05
5.62170522803083E-05
9.0928996053078E-05
6.71030971744445E-05
3.7299694834101E-05
-1.20544470094618E-05
5.33165319210401E-06
-1.33900174480597E-05
6.80145477347562E-07
5.94325555924817E-06
4.92946531018234E-05
4.85268516019654E-05
0.000110612457107618
9.03429577689759E-05
0.000102908476854946
9.12441406408022E-05
2.1324888167461E-05
6.03873622825435E-06
8.20963783819659E-05
3.09382951766837E-05
5.2075773097437E-05
4.14297436955313E-05
8.4022537341815E-05
0.000127050301404084
0.000126240314649944
7.19692310487679E-05
5.47130736570839E-05
5.84068144795082E-05
2.28478064071909E-05
-5.88609936566236E-06
2.47103897099392E-05
-9.06223273893334E-07
3.40345165170922E-05
7.75471017696401E-05
5.94168755048028E-05
0.000110314101038915
0.000112216689811679
8.10164206156811E-05
0.000128952821247423
8.79939409757196E-05
9.04865562490347E-05
8.87035694204069E-05
9.55428154751937E-05
0.000104693359265693
9.15323494011458E-05
8.12416646851982E-05
0.000104266692761092
0.000163241264940445
0.000110750515042922
0.000108463118867059
5.77243049973515E-05
0.000115466414477513
0.000128217380998175
0.000107272363013606
7.00361370165982E-05
0.000124700213311906
9.91367526523706E-05
0.000149358477762409
0.000145309979908384
0.000150941426069223
0.000170824828637406
0.00014307976744177
0.000156014108176532
0.000206021853921098
0.000198223106154466
0.000126231731139391
6.52585785477252E-05
8.43796270407747E-05
8.30923803256634E-05
4.92358559466453E-05
3.36666782241497E-05
6.70441014289652E-06
1.60067180935004E-05
1.06081832759853E-05
-2.3323311512022E-05
1.00503865605157E-05
6.70828830865687E-05
5.83321826525145E-05
9.55292916973627E-05
0.000126529514830314
0.000144057982199848
0.000139096625698087
9.81835102509821E-05
7.96509991927548E-05
8.48949878649961E-05
8.28445450057802E-05
8.56543187785461E-05
0.000116313785435709
9.73236160075828E-05
0.000111012844580962
8.35282743473558E-05
8.1422996474557E-05
7.04761724314147E-05
2.58132288291828E-05
5.07508034246723E-07
-2.26700794015445E-05
-3.52900614695009E-05
-2.4007363949074E-05
-2.05292989294942E-05
-3.75184618794654E-05
-1.98208411476479E-05
-1.07390502048792E-05
7.32745941675842E-05
5.51007090346018E-05
5.53255533856979E-05
6.49797294042545E-05
8.40321815757161E-05
0.000103983089444815
9.48599509230938E-05
6.77046259562306E-05
7.69170460616652E-05
6.9406175334153E-05
2.85098611472575E-05
2.42581001145802E-06
4.51285729157978E-06
1.90061525012542E-06
-4.77478433638898E-05
-6.61933327203246E-05
-9.28150686827201E-05
-9.31338810484022E-05
-8.62031527519695E-05
-2.88633165364993E-05
-4.83449445587396E-05
1.85452393145018E-05
6.80159008668898E-05
3.95067052740136E-05
5.78911827865807E-05
5.09727962400172E-05
-6.25104025701761E-06
3.80317235611405E-05
-1.10742427493037E-05
-3.41031796108781E-05
3.41372433368768E-05
-2.37901237233213E-05
-4.00587305941727E-05
-0.000111934644464123
-0.000123788249843808
-7.63810219983171E-05
-6.86912716609603E-05
-7.72327201898383E-05
-1.75107235424312E-05
-1.95194751306709E-05
8.02613007061623E-05
9.41411563192789E-05
0.000100593939485683
8.12200407328452E-05
4.60928400726124E-05
2.61933189786412E-05
2.66078960571066E-05
9.51684802573515E-06
-1.97549690078163E-05
-6.38967790402218E-05
-2.89530105263039E-05
-2.7360112625369E-05
9.85821949877768E-06
5.40541569518783E-05
4.04721053713663E-05
5.55570393505997E-05
6.52031759363427E-05
5.45514868370492E-05
6.96476496491325E-05
4.95458507831272E-05
1.85113179751986E-05
2.99004696989799E-05
5.09303802115292E-05
2.20586960611873E-05
5.07472700361551E-05
4.80108771245341E-05
3.95013441494272E-05
8.79498717774581E-05
8.34978358182229E-05
4.85743808787023E-05
0.000133843854292052
9.42357692537605E-05
0.000126711759033187
0.000143120306999151
0.000133618756657909
0.000126690878360213
0.000124172713364215
5.40087923605457E-05
5.40225638983858E-05
5.65703922617469E-05
3.99846815186949E-05
3.18487907195139E-05
5.41599272606071E-05
7.28492125844282E-05
7.51634970874106E-05
4.67867769465097E-05
3.82670296075846E-05
7.04406209537737E-05
7.39763020595951E-05
3.66925898887029E-05
3.68263255737998E-05
4.28032433100823E-05
7.02446157764852E-05
5.62933012438874E-05
3.65507003392115E-05
1.42987722492297E-05
2.51517709525204E-05
3.67878337839811E-05
7.73827540145531E-05
0.00013329008892058
8.49836558737848E-05
9.13964741136927E-05
5.39396403486784E-05
1.47424163439984E-05
-2.33849213262005E-05
-2.0108461094183E-05
-7.06097738375108E-05
-6.52443768147741E-05
-6.65221158572273E-05
-6.89737043265077E-07
6.71367761014803E-05
9.16773038469867E-05
3.96596946296562E-05
3.65856101624755E-05
6.07260242563247E-05
0.000121644598908229
8.86687948309579E-05
8.05173378524912E-05
4.84320136048113E-05
4.46998287138437E-05
4.26626167073845E-05
5.57286836382793E-05
1.61706426741622E-06
5.4764145740766E-06
-1.31266365206508E-05
4.28828746337811E-05
8.4448539404884E-05
6.78483472185433E-05
4.92900457212389E-05
9.25515998563032E-06
3.16549566486521E-05
2.64382918202444E-05
-1.52823979976998E-05
-5.7622935688736E-05
-2.52366991295549E-05
-1.49222426171438E-05
4.93145536271465E-05
-1.16637357588644E-05
5.53071633258379E-07
3.18184364466935E-05
2.6318913997943E-05
5.47595773745368E-05
6.39469657284829E-05
1.07990730665591E-05
4.07675734914879E-05
3.77644614571125E-05
8.38683000949927E-06
8.66790110113344E-05
7.28415999519412E-05
6.60322133454692E-05
9.96364553229453E-05
0.000123706931871041
0.00010968788728916
8.49260158738716E-05
4.09742552722818E-05
2.69040817827048E-05
4.49207018392219E-05
1.9841472146557E-05
3.36799050400198E-06
1.20142209210962E-05
3.37789704007931E-05
1.15133821694619E-05
6.49401591426124E-06
-1.66929978842178E-05
-9.03839834459393E-06
-1.1271797576789E-05
5.91065405575457E-06
-6.15680867186676E-06
-1.10966172638116E-05
-7.02026827646141E-06
3.22016063924161E-05
2.819398197667E-05
-4.15072990271159E-05
-4.46031921562786E-05
-2.29196004805205E-05
8.54620963891479E-06
5.98584241639393E-06
-1.33938966613511E-05
-3.43193391903392E-05
3.93955427786502E-05
5.10443500177231E-05
3.10613308038168E-05
6.07097135041618E-05
5.47661273219197E-05
-7.25890294284849E-06
4.86380341563898E-06
-4.18347425453105E-05
-6.37068299911036E-05
-3.81582115981478E-05
-8.71570742603745E-05
-8.0968017430039E-05
-1.48925035265936E-05
-7.54479743249937E-06
4.01318559104913E-05
5.71305245277068E-05
6.96331241290819E-05
5.60744838202902E-05
2.38310578326367E-05
3.3140420024471E-05
4.1106404278388E-05
5.25849779157869E-05
6.7805361583919E-05
6.2695398802246E-05
9.00128777792098E-05
0.000125085729722178
8.0391205819871E-05
2.89628738630486E-05
2.44428056155304E-05
4.1946441546493E-05
3.82860917356407E-05
3.37875785184235E-05
-5.2818089861969E-06
2.75986324086735E-06
3.16007364527692E-05
1.73220663796084E-05
-4.1364707819581E-05
-3.62755097411501E-05
-4.19818762415772E-05
9.98508906481381E-07
3.27047015956607E-05
5.78014847938718E-05
6.09163510350544E-05
4.46735645404536E-05
6.57504339568987E-05
7.26564039633522E-05
6.45205793449706E-05
5.93306339110824E-05
4.9026011994371E-05
6.60248673343441E-05
9.77013154284465E-05
5.5427633098731E-05
5.17045455324122E-05
4.76243367263353E-05
2.70497004347376E-05
2.37102617562001E-05
3.37347463021165E-05
4.73492899988746E-05
6.5105421156977E-05
0.000103374642487772
8.03816904237998E-05
0.000105985477927448
0.000108120997542116
6.90610070265636E-05
3.31494695578426E-05
4.53991199247613E-05
2.3390443363265E-05
3.71768147547851E-05
1.15879694189089E-06
-8.7671064696561E-06
4.00253063629129E-05
7.23387658505482E-05
-1.3050445891348E-05
-2.19639661076586E-06
1.82749166567796E-05
2.8575009232511E-05
1.9444664810389E-05
-4.99057987400578E-05
-7.00029654988451E-05
-4.35827832616986E-05
-6.37474760123302E-05
-6.66467233360764E-05
-3.46041126305261E-05
8.41588651511749E-06
2.29040772105463E-05
4.75662260284551E-05
7.86212513912267E-05
7.38267528808637E-05
5.92614347910269E-05
1.79527600029047E-05
-4.77498089584257E-05
-4.32440181953158E-05
-3.86068866702087E-05
-5.15140976903194E-05
-7.06439506831244E-05
-4.57110248419135E-05
-4.6610224486822E-05
-1.19675434361218E-05
-5.76614387731261E-06
-7.34070575597534E-06
1.96906648258996E-05
3.8086399383244E-05
3.00720333097827E-05
8.30163580227597E-05
9.73238724210482E-05
0.000141121011485501
0.000102053724861051
9.21320871984967E-05
9.28271017135359E-05
8.55986092532395E-05
2.77236348353431E-05
1.05491973625534E-05
-1.21934223161032E-05
5.82390218144651E-05
3.26355077303028E-05
2.23112023212721E-05
2.75446037098398E-05
5.72519196704953E-05
4.57633226035006E-05
1.4364954697873E-05
-8.06644017600131E-05
-2.48928170942099E-05
-1.67285222767864E-05
-4.19246882955647E-05
-3.33346598894799E-05
-5.18371565850057E-06
9.06297446657069E-06
7.73705870165473E-05
4.21033194770897E-05
1.5469200286364E-05
4.83105863340065E-05
8.07526721423298E-05
6.02449642205255E-05
8.00643324779986E-05
6.07025121175641E-05
7.31933571079141E-05
0.000116191634661133
7.24908309274103E-05
1.84720278139959E-06
6.80434658763142E-06
-4.24907995505982E-05
-5.13578942297839E-05
-4.21906539499378E-05
-1.64450792962868E-05
-2.00827282571745E-05
4.49488478507177E-06
-7.6286674174813E-06
2.00634661044091E-05
6.0998754107442E-05
1.72845112865065E-05
-7.14550754789943E-06
1.15223631623223E-05
-9.23147088624778E-06
9.76980092926007E-06
4.66308222033161E-05
2.16307094966849E-05
5.87363419214361E-05
2.85100292880976E-05
1.18238632788119E-05
4.21709313116849E-05
2.76617899523748E-05
-3.676978222642E-06
-2.43048066561332E-06
1.2053283958941E-05
3.82958157548632E-05
4.85170524227855E-05
1.6810695968007E-05
-4.53673551276914E-06
1.16556829162566E-05
-4.99163337080407E-05
-8.08925214692721E-05
-0.000132722978012
-0.000119477434151422
-8.47749780288001E-05
-5.67992484045416E-05
-6.14614906649218E-05
-2.18756289154453E-05
-2.83080483226703E-05
1.04208947386925E-05
2.45744675329353E-05
-1.81334568053342E-05
7.48410648994528E-06
2.49379229534952E-05
1.9673077024369E-05
3.39929509012348E-05
1.39169575177354E-05
3.9687676152347E-05
9.5338051284028E-05
8.75085020091776E-05
7.73983031075061E-05
5.56140583963476E-05
7.44754531258441E-05
6.75643995989816E-05
-5.36803978834374E-06
-4.61565884792347E-05
-4.70574824554634E-05
-4.52277308341639E-05
-3.56805535086868E-05
-8.20860316167921E-05
-6.48702794452434E-05
-4.40018889227556E-05
-1.13576609123348E-05
-4.01888643964863E-05
-3.41225470569839E-05
-3.9859590631183E-05
-1.83598368807372E-05
-2.10712783127467E-05
1.5614489754591E-05
-1.58513294014629E-05
-2.42014596597249E-05
-4.0327391195614E-05
-1.05462889469846E-05
2.52751830037526E-05
3.30649948784642E-05
2.67372768928089E-05
3.49046731167158E-05
8.43620726010459E-05
8.54119018797232E-05
7.18105910916117E-05
3.01288319071276E-05
5.1815599083144E-05
1.22710305144724E-05
3.47124910992262E-05
3.47304845619243E-05
3.99170625591171E-05
4.75815124967334E-05
9.17969665684661E-05
8.09096596767579E-05
9.58155486270853E-05
6.22665899486211E-05
6.2984375379501E-05
3.21428912301424E-06
2.60754372061439E-06
-3.98906891180672E-05
-5.62608849777515E-05
-5.47205425779074E-05
-5.23109225871049E-05
-1.18197211715692E-05
2.70045859958133E-05
3.13702069998775E-06
-1.36692533627161E-05
-1.49129997371688E-05
-8.78295142888843E-06
3.6270461598728E-06
-3.77380134748189E-05
-1.3903300391047E-05
2.12864580218425E-05
5.97802005299633E-05
5.33736618747683E-05
5.64586658373368E-05
7.74706383346582E-05
5.16018498948982E-05
4.63656146236904E-05
5.55510103631719E-05
3.51796615752276E-05
2.94101173294877E-05
-1.57887329509027E-06
-1.4572758067539E-05
-5.96720642628119E-06
5.30980664997287E-06
-2.18274167039405E-05
-8.91491890997349E-07
2.68401778038122E-06
6.61656304109154E-05
1.69804385756628E-06
-1.07274713969091E-05
-3.19425940173252E-05
-3.45334837909213E-05
-1.41649221235888E-05
5.05407922196647E-07
-3.71206019164237E-05
-6.6763739210325E-06
2.21410055370102E-05
3.32976885787244E-05
7.66970526528304E-05
1.75951393207744E-05
1.68549197347179E-05
-1.3294929287725E-06
4.87327375846708E-06
-7.72420484114091E-06
-7.93159235328178E-06
-2.02908920068542E-05
-4.58845020960391E-06
8.79027411894533E-06
4.52596753500749E-05
3.24542336991093E-05
2.07138330413685E-06
-2.20294961380796E-05
-2.17599164776535E-05
3.02109155933548E-06
-1.20268617264341E-05
-1.4978783147889E-05
1.66847990230088E-05
6.3632232335185E-05
8.11672825211175E-05
6.02341233498568E-05
3.35139338891668E-05
4.58409655877462E-05
4.19331213935622E-05
2.80260595276476E-05
1.14975228317707E-05
-6.0582749901543E-06
-4.2999091760742E-06
2.66731060934651E-05
1.30100931607468E-05
1.60485725587098E-05
6.40693160464275E-06
-2.85765016090383E-06
2.00395367547152E-05
3.38250621182671E-05
2.705125129078E-05
2.69064671673478E-05
4.39132363629002E-07
4.20030421445434E-05
8.02972746805921E-05
8.9466252307117E-05
0.000102548934121148
9.22731771427678E-05
7.02076189094304E-05
7.23136500231232E-05
0.000132616917470334
0.000104199488633134
7.89312452888846E-05
4.18046568577026E-05
3.85190326785632E-05
2.58990086650734E-05
3.93832723050505E-05
-2.68512138736303E-05
-1.89491473851103E-05
-1.48153901445277E-05
-1.35361916134598E-05
3.33722419975357E-05
2.81441462062991E-05
1.16773714172023E-05
5.24122711614097E-05
4.90984726783596E-05
1.60099030331856E-05
5.93412264963682E-05
-2.11598757083754E-05
9.72518688300594E-06
1.33176625824873E-05
-4.96833741471654E-05
-6.0051207195721E-06
-2.50874179830501E-05
-5.73075832774801E-06
1.41567044416057E-05
7.44559481807864E-06
-3.55100475829871E-05
-3.34400889861021E-05
-8.09379535108509E-05
-3.122779104396E-05
-6.33550447340405E-05
-9.09183334715579E-05
-3.0966907782157E-05
5.01400572447105E-05
3.24730998472455E-05
2.58414882088929E-05
1.30007565856685E-05
-9.16120161164384E-06
4.44752178799405E-05
-4.6432799644633E-06
-6.09511467753198E-05
1.91206577580097E-05
-3.86802605778814E-06
1.59617248755158E-05
3.06625096634596E-05
-2.33566197838599E-05
-2.7965065249994E-05
2.77491922407361E-05
-4.06206854028946E-05
-4.26784791911308E-05
-5.99556027450723E-05
-5.57504340025324E-05
-1.45223661006997E-05
5.87562399439285E-06
-5.47406372646261E-06
1.279032238779E-05
3.81794106236605E-05
4.99935175378984E-05
4.37997459118428E-05
4.27514140917774E-05
3.68590051885275E-05
1.31485288828773E-05
4.57903278447071E-05
1.90342538893208E-05
2.36177620951536E-05
-2.64256842187383E-05
3.55761207751839E-05
2.40748810143128E-05
1.25272911458175E-05
-2.89022741756643E-05
-3.04532635158294E-06
1.1852012418728E-06
5.46409026836287E-05
-2.79199897992827E-05
-2.96128179042631E-05
-1.95016947544101E-05
-1.84751190641747E-05
8.17719028221237E-07
-3.35757671892506E-06
-2.41393108767441E-05
-1.86709668957656E-05
-3.21280200747712E-05
1.35560826587935E-06
-4.82576503518807E-06
-3.50996134962832E-05
-3.10897376299485E-05
-4.28345062320889E-05
-5.86014679057394E-05
-2.40129160642847E-05
-4.65037237859025E-05
-2.7822846890743E-05
4.13150662875883E-05
4.91980461595577E-06
1.34267799538924E-05
8.74749155232631E-06
3.73958066289124E-05
2.67648254592154E-05
1.42259682454591E-05
-4.76078852794416E-05
-5.68194807101914E-05
-2.31151394425811E-05
-2.87958655983962E-06
-4.11317976617173E-05
-5.56277573185928E-05
-8.02718392520469E-05
-0.000104765570569743
-6.1150045423652E-05
-7.94811953635633E-05
-6.54765802464251E-05
-5.94549898857272E-05
-6.76533447198982E-05
-3.76505798894529E-05
-2.35009452093562E-05
-1.79425250658282E-05
-2.08365242286835E-05
-2.58793361391792E-05
-5.1530900600045E-05
-4.02084593805771E-05
-3.42959087368082E-05
-2.18665005960331E-05
-4.60265048356488E-05
-5.18088125095343E-05
-1.10692983851962E-05
2.54614094519609E-05
2.44274112270836E-05
-3.83262929309578E-05
-5.00589398034858E-05
-4.84173371989359E-05
-5.01193667322662E-05
-0.000115999705073571
-0.000132520002460103
-8.82909393449035E-05
-4.3189757927026E-05
2.27663092265434E-06
-2.99515323293622E-05
-5.20353404884932E-05
-5.912835733707E-06
-3.82884086350728E-05
-4.7545683008755E-05
-4.84355381107127E-05
-0.00010559771610358
-6.8060222402765E-05
-7.71461216937248E-06
-2.94964209182191E-05
-8.87729986822344E-06
-3.9438792811762E-05
-3.23432789319752E-05
-1.4612535404637E-05
-9.02148096638934E-06
-2.86679743815284E-05
1.0368142918533E-06
1.34097013820788E-05
1.01719647761286E-05
7.28510202140567E-06
-1.96913844436846E-06
-7.49646219565152E-05
-0.000113717274662073
-0.000143687121371566
-0.000155974556628806
-0.000127023352273099
-0.000164200929874226
-0.000113043884552661
-7.85923823819097E-05
-7.59286482603888E-05
-7.49498551835023E-05
-8.98216694107855E-05
-8.84532320968074E-05
-7.37676219305219E-05
-0.000118562630572849
-8.49157414786383E-05
-6.99504124399875E-05
-6.94496694501347E-05
-6.20326046720554E-05
-8.04665723604192E-05
-9.23658587576653E-05
-0.000104548717824422
-8.05771855138992E-05
-6.22966197563616E-05
-4.23722016120014E-05
-6.24621780228159E-06
-3.93960023375904E-06
4.32168739160738E-05
-1.05139507417863E-05
-0.000128659256336733
-0.000269103810394655
-0.000318763395654849
-0.000339592467181723
-0.000325307990828465
-0.000337772009540568
-0.000246417883237368
-0.000132276207630687
-4.95361634146267E-05
9.82973480292576E-06
-2.17757098101228E-05
-4.99058174895233E-05
-2.65037790773549E-05
-6.43499858852629E-05
-7.57710341442891E-05
-2.41679663941341E-05
-4.58799243192886E-05
-3.3689934566663E-06
-1.45481511139867E-05
-2.93047482536398E-05
-4.906610107426E-05
-6.20110450096843E-05
-0.000120024036035638
-0.000130472920258626
-0.000108153385540025
-9.06377752606224E-05
-0.00013310563705231
-0.000105925699890908
-0.000124959161956912
-9.6200227617188E-05
-0.000105002863143287
-7.91548896235432E-05
-8.94799594339731E-05
-6.27591564626264E-05
-7.29207420687963E-05
-6.57299391100594E-05
-3.47718395887897E-05
-1.55940847061733E-05
-7.16394615578376E-05
-7.16786954234117E-05
-5.82030548886455E-05
-3.25085341525017E-05
-3.71939678657863E-05
-4.39509669415895E-05
-3.544764856944E-05
-3.26856150941117E-05
-4.06210884611469E-05
-7.41329510977728E-05
-3.54601108718817E-05
-3.77842537417723E-05
-4.28387369463053E-05
-5.4622355593105E-05
-7.88661882725101E-05
-8.14454987951105E-05
-7.67666629006479E-05
-7.05483470691171E-05
-6.43734997358323E-05
1.24145083496315E-05
5.45296881031122E-06
5.05437492895071E-05
1.47922024035984E-05
4.74521005109847E-05
2.34381025447138E-05
5.10196457014219E-05
3.42804737690082E-05
4.05432656952594E-05
-2.86817914648692E-05
-2.1179665624491E-07
3.12683045144857E-05
1.70986724114912E-05
-1.70818774220986E-05
-7.69204587602874E-05
-6.61712116182679E-05
-1.12390624988649E-05
4.92014680117997E-05
3.50749944585133E-05
8.30571599101475E-06
4.69200901657171E-05
6.13223053824697E-05
7.30271604251678E-05
6.70424461372103E-05
7.93647520461969E-05
7.87570556321338E-05
0.000125105688783489
0.000132010164062549
0.000131049338813438
0.000107033727298911
0.000119977590313083
0.000106767257040446
0.000133828995344123
0.000118584065744997
0.000104092531760927
7.32756978492584E-05
8.33572136045924E-05
5.52053376366171E-05
3.16015879269536E-05
-8.92433787065815E-06
-3.5469296577866E-05
-3.699766270773E-05
-2.07060355891878E-05
-3.17983023999985E-05
-3.17500486263914E-05
-2.73275694554399E-05
-5.39968913380916E-05
-2.36734137590999E-06
-3.58435902123508E-06
8.03047299861128E-06
3.84262954191783E-05
7.0935322533251E-05
7.33415561298951E-05
9.01943532152232E-05
7.63111688077281E-06
-1.3454091551903E-05
-2.60033239551188E-05
-3.57665298913871E-05
-0.000100355857923603
-0.00011609729121007
-9.58608564718687E-05
-2.84742815986536E-05
2.43611001252935E-05
9.52497695856637E-06
-2.70268822956827E-05
1.52273507562588E-05
3.48101905700105E-05
1.24420592550093E-05
-2.90844504248315E-05
-8.05019022198421E-05
-8.44402032262074E-05
-8.23224331638498E-05
-9.02182845939708E-05
-6.75898540708442E-05
-9.78859950735092E-05
-7.36967108005721E-05
-5.4876165936294E-05
-3.81630541857853E-06
3.35807290120202E-06
8.48031294169882E-06
3.38227952091047E-05
6.35530686573678E-05
8.26077174301881E-06
1.48291814800559E-05
-3.60538948630119E-05
-2.62298047829731E-05
-3.013273963918E-05
-0.000125651811668525
-0.000114082531444906
-6.26255769008597E-05
-6.05092331963834E-05
1.54413275529573E-06
-5.10441483035037E-05
-6.54321462003403E-05
-9.74020025949869E-07
-2.20213109073792E-07
1.48550521551825E-05
-2.89691063985253E-06
-4.83688258761672E-05
4.46010655919431E-05
6.19416725674344E-05
2.82573693283093E-05
1.89458340921639E-05
2.58141213857928E-05
1.42958412774726E-05
1.82331763772671E-05
-1.62797260015377E-05
8.00702332436866E-06
1.97111366167588E-05
2.4823822458763E-05
-1.20157032126945E-05
2.24976781133083E-05
2.90680247272324E-05
1.87586154777986E-05
-1.66734193740113E-05
-2.22218415132028E-05
7.9553011177101E-06
3.85632631392788E-06
-5.4646540303576E-06
2.00895564467546E-06
7.37455265938043E-06
1.95944639762948E-05
2.93348312480496E-05
5.25267864838678E-05
7.37408897601588E-05
4.38525968459099E-05
1.18818988629042E-05
-1.33932702942058E-05
9.72658741324294E-06
4.01000203106214E-05
-1.75297604376233E-05
-1.74002260056298E-05
2.85195384311742E-05
7.48943122088129E-05
0.000101437132673488
4.84848892641968E-05
1.29614175543113E-05
-8.39309627237032E-06
6.16870142673879E-06
-2.95698943884954E-06
-2.85073418874754E-05
-4.24346520822079E-06
-1.03115525867005E-05
-2.60382371739923E-06
-6.75899479513026E-06
2.16104856665274E-05
2.11803181887706E-05
5.64457930717575E-05
1.93430658012768E-05
4.90408102767623E-05
3.52039148109173E-05
8.52345842726866E-05
7.22340491678725E-05
4.48500306479718E-05
2.7014219763466E-05
1.86508210174697E-05
5.71552854500588E-05
6.36534978607721E-05
5.72299664659814E-05
4.26865284962298E-05
5.89868024284533E-05
4.00605586249331E-05
4.08114052469154E-05
1.63541612158157E-05
2.31578815901399E-05
4.71275423056592E-05
1.62735820980264E-05
2.13343238628646E-05
3.82379688091927E-05
5.25658986926277E-05
5.43805941954063E-05
3.8821768303054E-05
-1.52431387641797E-05
3.45797551406847E-06
1.80545368183094E-05
1.80539722514041E-05
-1.13454342479694E-06
-1.91701484410558E-05
-1.81193494733865E-06
1.19364534269667E-05
2.11941099701798E-05
2.18212800890364E-05
-1.48025839885477E-05
2.3835585621723E-06
2.10812207463482E-06
-6.43745429081849E-06
2.07617792649877E-05
1.46597801815708E-05
-4.67986922255109E-05
-1.57182503984385E-05
6.35920369213605E-06
1.93609657444975E-05
2.18193771001603E-05
-1.64417525531744E-05
3.13179432539132E-06
4.44175353390464E-05
3.79953354873373E-05
4.57779305788888E-06
-3.25119304942454E-06
3.65623921954427E-06
2.58520863719396E-05
2.94514018739951E-06
2.42531088733603E-05
1.49087170896318E-05
1.98705230088433E-05
5.39928057103491E-05
3.21078602266779E-05
-1.87322576944113E-06
-7.10742529262441E-06
-3.51274283658163E-06
3.18818736618672E-06
1.13139011315093E-05
8.63001871894855E-06
1.69396738050785E-05
7.3913224917582E-05
4.36117550737841E-05
2.04089437542565E-05
1.54327241381443E-05
4.124886741912E-05
3.38240092698966E-05
4.45514476233898E-05
3.83010531929567E-05
0.000101167152866603
0.00012084932666425
0.000101061414489215
8.93479576585667E-05
5.67426118355239E-05
2.5805078830625E-05
-5.74667712158024E-06
-3.79946227482513E-05
-6.18769059204549E-05
-6.85570437031132E-05
-7.02611785041573E-05
-4.49052980608645E-05
-3.24571231233077E-06
6.00897490562036E-06
-6.64925313698272E-06
-7.54896662286201E-06
2.71085828791471E-05
5.30830932051339E-06
-4.05099338179409E-06
-2.34153722725379E-05
-2.10027022985603E-05
9.62068132494473E-06
-1.82485777555811E-05
-4.74180678628131E-05
2.4802398727734E-07
1.72719212288791E-05
1.57971254274053E-05
1.60883433952783E-05
-3.58372236696487E-05
9.20980809253705E-06
2.98163034958847E-05
4.1913170465459E-06
-3.04582056123129E-05
-3.91688207251359E-05
-7.53847746750653E-06
-2.03945167600602E-06
9.2828100727213E-06
3.99560279365471E-05
3.17573035495741E-05
5.96057922352358E-05
4.98605125937195E-05
3.16541653895616E-05
6.23081889944679E-05
1.89867959637228E-05
-3.94773665444477E-05
-1.28594140969274E-05
1.639248214667E-05
3.54137183010602E-05
-1.95819404536499E-05
-1.97587804855731E-05
1.08882369028144E-05
4.47102322286541E-05
4.23864958399882E-06
-3.93725128505945E-05
-6.27954172269619E-05
-3.6146102206773E-05
3.79543895365712E-06
-2.32752403677293E-05
-7.83214832302128E-05
-2.31313625663785E-05
5.08317642940638E-06
1.32938637046273E-05
1.95525062162873E-05
-3.64754295290048E-05
-3.65753503845391E-05
2.98565975478494E-05
-3.40703038325593E-06
-3.66505583761363E-05
-2.55273816425834E-05
6.68859543242866E-07
1.99926407481434E-05
6.49585014379574E-05
2.41890638557591E-05
-7.55005300274422E-06
1.09566536187516E-06
6.08251987988282E-06
-2.58895014015216E-05
-2.25800026718674E-05
-1.45608199462971E-05
-1.32428995721266E-05
4.2114194350263E-05
9.35142953560363E-05
0.000107935234547959
8.46713266328548E-05
6.61905866799926E-05
3.32478115271221E-05
4.27869304149839E-05
3.48784200479991E-05
-3.67589679979096E-05
-5.34523769530419E-05
-2.01968401537562E-05
-1.21096175649017E-05
-3.36817982731413E-05
-5.91276059198153E-05
-7.66528404923017E-05
-6.50245665133577E-05
-4.19908008201203E-05
-5.81673651202174E-05
-6.1507740084781E-05
-7.56786207826116E-05
-4.48743283197463E-05
-7.60080320459279E-05
-0.000104825899209787
-0.000123844481360224
-9.19866056061343E-05
-9.35252811735008E-05
-7.98875796507011E-05
-7.36409326124363E-05
-5.96851918229878E-05
-2.28272069736326E-05
-3.41402847118471E-05
-5.37734318582596E-05
1.65124740987423E-05
2.07914459530273E-05
-1.80704704286224E-05
-3.31473274319298E-05
-3.38596047494926E-05
-7.57192321451451E-05
-7.01326052930136E-05
-0.000143238641949369
-0.00012156657916565
-7.37094806454532E-05
-3.72923065036023E-05
-9.98564241121468E-06
4.19245815962216E-05
6.11945517832346E-05
3.93247542193932E-05
2.38568603426706E-05
2.08214589176061E-05
2.92815848934959E-05
-8.83974851670619E-06
-9.10954959570375E-06
-4.89875249146516E-05
-6.89514157366015E-06
6.44875731341674E-07
-5.40544203440312E-06
-2.43794559821723E-05
1.8528178545266E-05
1.1243010097695E-05
2.1604397661175E-05
1.66309890270763E-05
1.7016196190566E-05
-2.00482633107861E-05
2.01640284721545E-05
-1.29740274618917E-06
9.74105039592353E-06
-3.68555325920581E-05
-5.60488352053485E-05
-5.09496123971674E-05
-2.07558981743579E-05
-7.7630930465408E-05
-0.000102423898539156
-9.82405574272769E-05
-3.32177161052826E-05
-1.08666538389137E-05
-1.63780412912784E-05
1.66063950499364E-05
3.1534922916601E-05
6.32571553238691E-05
7.43937597733689E-06
2.30252172086745E-05
1.15874659040671E-05
-1.51780619356945E-05
-3.762214875962E-05
-2.28053977238073E-05
-4.15193109826077E-05
-1.01978726123501E-05
-4.36786048424104E-05
-7.43874208115587E-05
-4.68716430464667E-06
-4.74219870210759E-06
1.04874534004954E-06
-1.58555085533624E-05
-6.53960297279723E-06
-2.8633158078302E-05
4.03322016169412E-05
6.33251565739373E-07
-1.71309749110719E-05
9.05555677455181E-06
3.3287043369531E-05
-1.48746395241166E-05
1.38235800839004E-05
2.91497703856194E-05
-1.57295335593473E-05
-7.68706365414744E-06
-7.89921784655675E-05
-7.49414342915817E-05
-1.83547153193287E-05
-6.56350011053698E-05
-0.000109673295030883
-4.91702733939562E-05
-4.24072297857081E-05
-1.81810054331211E-05
-5.37089317686392E-05
-6.71060189183174E-05
-4.15963407535653E-05
-1.25995028409107E-05
-3.30897446472025E-05
-2.27776539456116E-05
6.12356888109461E-06
2.94805567934341E-05
7.91511477073385E-05
0.000127439594235667
0.000109582967145665
0.000120248714134319
8.18404991494073E-05
5.04562023731392E-05
6.68775220824166E-05
1.14771823973294E-05
-2.661996623955E-05
-2.73460056744034E-05
-4.17401459199558E-05
-3.39900360320753E-05
-9.45082681116684E-06
1.51869986891477E-06
1.30102995878855E-05
2.93400618723953E-05
-1.83281453586751E-06
-3.54719298086769E-05
-2.35162982826142E-05
-4.76818566090349E-05
-5.61607267280916E-05
-2.47467952478187E-05
-2.62328007173722E-06
4.03758564841979E-06
4.97044437981663E-05
6.91583828337897E-05
8.21215880292802E-05
7.89394957977774E-05
4.11152650690121E-05
9.41177261782153E-06
-2.27133188989051E-05
-4.48879797668534E-05
-7.62690059481626E-05
-0.000107436103820832
-8.66171808351461E-05
-6.29548929772373E-05
-6.63425944746625E-05
-8.03327753845474E-05
-4.43839001606831E-05
1.58040311074501E-05
1.2759606988987E-05
-6.49062741143144E-05
-3.58116681873319E-05
-2.64966931013234E-06
6.85436130042978E-06
-1.76691678350825E-05
-3.81301993976071E-05
-1.26006772981295E-05
2.07963881859579E-05
-1.8323751230999E-05
-6.05704782306739E-05
-6.08066299073607E-06
-5.92204625074397E-05
-5.67900312552122E-05
-5.31916459931514E-05
-8.29305376365504E-05
-4.42222562646533E-05
-4.94533281270096E-05
-4.92413548099226E-05
5.67188767839864E-05
3.27009615577238E-05
4.70059815098586E-06
2.84925939625524E-05
5.08603667500668E-07
-1.41817298065608E-05
-1.41062365231192E-05
-9.87563195933886E-05
-8.41034998298019E-05
-4.59702552105865E-05
-5.49248142532148E-05
-7.58822155167081E-05
-6.66895846994652E-05
-0.00010770957489352
-4.20847390315033E-05
-7.07791224489108E-05
-0.000100525242081032
-5.88509877941116E-05
-5.43030846388962E-05
-1.35409264166164E-05
8.20865776838186E-06
-4.5440092564331E-05
-3.13241329580817E-05
-3.73207702740587E-05
-4.73726501287057E-05
-2.53668847893408E-05
-4.11572158105832E-05
-5.51687521497758E-05
-4.1855323672213E-05
-4.13949600052187E-05
-5.27106065825217E-05
-5.71075613554713E-05
-9.56212834420941E-05
-0.000139211199916318
-9.99485329518198E-05
-8.29217748248709E-05
-0.000114651524961246
-8.34532290557547E-05
-0.000138875569695679
-0.000135080025237077
-0.000158271346419418
-0.000183842681192843
-0.000172017534772401
-0.000158654901836712
-0.000166747936940154
-0.00014388406438236
-0.000146750975204264
-9.79198819258331E-05
-0.000121233875834251
-0.000151356484462126
-0.000133073053350087
-0.000127291915839527
-9.75794995534926E-05
-7.62638239960592E-05
-5.07808264783361E-05
-7.41778660183271E-05
-7.84802584972679E-05
-9.82839247343909E-05
-0.000114937472422232
-0.000132801942611476
-0.000149739353023808
-6.99600289718411E-05
-0.000104364159235984
-8.09974469654858E-05
-7.70691294691242E-05
-8.84557497461399E-05
-9.82718504876099E-05
-6.94941950393121E-05
-0.000186403863263733
-0.000126920452830121
-0.00015426501652855
-0.000150005788044805
-0.000122885828080979
-8.83949670652895E-05
-8.79909354453439E-05
-7.10595436108363E-05
-5.82969378482308E-05
-1.37638064397058E-07
5.01415988718617E-05
1.95486124848309E-05
1.33944262092678E-05
3.33702764819022E-05
8.66351951728254E-06
2.70452772013729E-05
-1.44562502293623E-05
-4.33369137009158E-05
-4.97063466234073E-05
-5.70829298769451E-05
-7.75099495132406E-05
-4.80423603567629E-05
-5.42175595998611E-05
-0.000104587749996485
-0.00012918636358286
-6.12774455794941E-05
-6.87767759503679E-05
-9.60721436642482E-05
-9.80429117047289E-05
-0.000103469762072778
-8.18484894155251E-05
-5.02529802503756E-05
-9.17227240503568E-05
-6.57329702812979E-05
-5.24966698292007E-05
-6.98985038414703E-05
-8.4210837834373E-05
-6.27668762940988E-05
-7.26709105151305E-05
-5.57442490138586E-05
-7.09597389790925E-05
-7.21699798345363E-05
-5.33858896049319E-05
-8.76806618226333E-05
-6.02548164554848E-05
-5.41987620003215E-05
-6.25734832992234E-05
-7.35496618172157E-05
-5.50427054547992E-05
-2.63410861316614E-05
5.247440483799E-05
2.24917344352894E-05
2.04974474877691E-05
8.44415011335281E-05
7.65972673430322E-05
1.17538683749449E-05
-5.38442273394349E-05
-8.17063827364788E-05
-5.31512471924192E-05
-7.36105348127445E-05
-0.000116687991419657
-0.00010250816245606
-3.20357473461573E-05
4.84522383919066E-05
4.66809306091826E-06
-1.0216146400479E-05
1.91307086271175E-05
1.65199134652057E-05
-1.0988961809091E-05
-4.25638696696582E-05
-9.28259133956735E-05
-7.06045607751701E-05
-4.90729278132102E-05
-8.08515628003962E-05
-0.000117109939384647
-6.26396947302735E-05
-9.49329001605652E-05
-7.34451818285329E-05
-4.79291743972907E-05
-3.82832970491824E-05
2.00458908821983E-05
3.28105288255449E-05
4.21716573404893E-05
9.67073332131121E-05
7.69803396633404E-05
0.000104220243451214
6.48427202495002E-05
1.86013278879864E-05
2.69886245427031E-05
1.73179659416575E-05
-3.40705772526148E-07
1.81263090214267E-05
-3.4379072754903E-05
-3.57378744124378E-05
-3.77589516625459E-05
-7.28050237144154E-05
-0.00010165080923806
-8.18695962288302E-05
-0.0001003331942783
-7.93993150688343E-05
-6.12479829398566E-05
-5.96825078012337E-05
3.95708022293291E-06
1.61201076005636E-05
-1.16894767176722E-05
-2.31725798638346E-05
-3.09137951469034E-05
-1.44838101024106E-05
2.0592690667876E-05
-2.84440947250067E-05
-3.84653891564739E-05
-1.96370009289404E-05
-1.31113272989901E-05
3.89846386436057E-05
3.71267251914209E-05
1.56573439775851E-05
6.31079645324649E-05
7.7951415124345E-05
5.58367717897969E-05
3.61758693751235E-05
2.5107859855999E-05
5.72157552350344E-05
4.38341659723807E-05
5.24714067902694E-05
6.51992219045421E-05
8.06150226307735E-05
9.58722088253706E-05
4.90033263381751E-05
5.88505622807328E-08
2.79293969504398E-05
2.08283204510245E-06
-8.16581946911276E-06
-3.98856670285212E-05
-3.68990474519267E-05
9.74250880959601E-07
1.74267236413697E-05
-8.66033806348785E-06
3.96089547992776E-06
-1.21325117391434E-05
3.10546529074793E-05
3.79831661574368E-05
7.125271840095E-06
2.31292089723609E-05
6.21598190850103E-05
1.29208069708266E-05
-3.28491730302118E-05
-2.24239068163426E-06
7.51665230508582E-06
-8.87787427905021E-07
-1.39692266715763E-05
-4.89665091558433E-05
-7.42653626350854E-05
2.10039234383766E-05
2.20641441330823E-05
2.49089812833602E-05
3.54217760442706E-05
-2.10186297882474E-06
2.63877282944212E-05
6.18495107501624E-05
1.80834216398062E-05
-1.56177761733406E-05
-2.61563085579469E-06
-2.59014737006075E-05
-5.04582240610852E-05
-8.47798284230178E-05
-2.74679536372036E-05
1.32844336271219E-05
-5.16558909117447E-05
-9.07061806477016E-05
-2.15301496018618E-05
6.25767509833555E-06
8.26156082749416E-06
-2.93160915312641E-05
-8.14209508624591E-05
-5.44252603084666E-06
2.15261986278353E-05
-7.37264586862713E-05
-7.41408989011608E-05
-2.00487965108588E-05
-1.86010625914546E-05
-2.8786009345251E-05
-3.77596490237534E-05
-3.19296982186646E-05
3.39273566849503E-05
3.91391936071002E-05
-8.81919627258225E-06
8.28796236070755E-06
2.35812803248206E-05
5.99063905789879E-07
9.39040222268716E-06
-2.16681551034315E-06
6.96172604482473E-06
-3.0254006045898E-06
-1.6105909046991E-05
-1.69420934896558E-05
1.17715320091972E-05
6.88602962452875E-06
2.26073738786366E-05
-6.91739988690003E-07
-8.70855343933498E-06
-4.3789154258562E-05
-1.80359705827967E-05
-4.93474213142205E-06
-1.88970707978223E-05
-3.16243150250132E-05
4.77194184106873E-06
1.73958660427633E-05
6.3161449587518E-05
4.25360957695551E-05
4.3753869352613E-05
2.8327298306141E-05
1.44543799278324E-05
8.32023627260468E-06
4.84443784194291E-05
3.37874759097197E-05
3.70313074504829E-06
6.48802245521108E-06
-1.21316519012389E-06
-2.28696907720544E-05
-1.46753836058174E-05
-0.000160001122294212
-0.000160955013051468
-8.59357483934123E-05
-0.000134556227660825
-8.29477394233879E-05
-1.3540915312283E-05
-4.06215485914431E-05
3.25508041542824E-05
-0.000115996818246396
-0.000155324862802973
-0.000118166095990076
-0.00012732683064576
-0.000144903779611957
-0.000160649763761771
-0.000101336378238218
5.25883520396363E-05
0.000105895126264899
3.16126860506418E-05
3.66519028927997E-06
6.64336709597807E-06
3.86963900987752E-05
2.46186690658448E-05
1.40236959812634E-05
-6.90469211506866E-05
-5.31738430599663E-08
4.24779775886885E-05
-2.33751263289567E-05
-2.01726968883426E-05
-5.11069725257531E-06
2.46046105828188E-05
9.41045445743692E-05
5.67569823133715E-05
6.08740876395457E-05
6.99972018774453E-05
1.7825462430078E-05
-1.67138387038593E-05
-1.90883966696811E-05
-9.118590419896E-05
-9.00860457121996E-05
-0.000119526343486614
-6.33513024396205E-05
-2.43639066699278E-05
1.38107020038897E-05
1.5124232649073E-05
6.10385910025651E-05
6.77046408951795E-05
9.06841145396111E-05
7.96006904922202E-05
6.70517888961606E-05
5.4906145456228E-05
3.65549307014134E-05
4.58986365797162E-05
3.73418212313838E-05
-4.8756585763771E-05
-5.55707116084123E-05
6.41449375838951E-06
1.48437782296214E-05
4.4377974157595E-06
-3.8630950240818E-06
-3.4313588180511E-06
1.35554569503079E-05
1.1910297956656E-05
-2.31889454006717E-05
-5.26709543199935E-05
-4.87169659624815E-05
-6.87338586212989E-05
-3.51631889958521E-05
2.03219279235031E-05
4.32315880836559E-05
5.79132847157392E-05
8.28934899423061E-05
9.45425139950182E-05
9.51540737641871E-05
6.67138948364827E-05
6.14990829044728E-05
4.06531265377769E-05
1.66492255307864E-05
-4.39024507288409E-07
-2.42250491636956E-05
-7.80576411755968E-05
-7.53840576375402E-05
-0.000111259664706942
-9.05594468851297E-05
-8.7267233088987E-05
-0.000107003356696984
-0.000153818078193475
-6.93976590609696E-05
-7.99968393186854E-05
-3.63637580729358E-05
-4.41726817604742E-05
-5.36469239708104E-05
-2.50559403532581E-05
4.14994245651776E-05
1.25957808301075E-05
2.30604731971903E-05
3.56022522054052E-05
2.33771226226252E-05
8.58487287990321E-05
7.18044330572703E-05
5.83271091594434E-05
6.77456320870356E-05
9.40562384268131E-05
5.80989049624681E-05
6.39782627975686E-05
-1.34713535130253E-05
1.35677310553417E-05
-4.2914672228636E-05
-6.28131358169324E-05
-6.15424851286766E-05
-2.02178733642041E-05
-4.4738794956085E-05
-0.000109675253020361
-9.6366312991325E-05
-3.73704861773447E-05
-2.9009633288822E-07
-4.05385523020665E-05
-7.09793788132783E-05
-6.58711836231503E-05
1.92598800662657E-05
-1.95412206869675E-05
1.26643520289899E-05
-4.07481557084456E-05
-4.5564602693637E-05
-1.33826145071923E-05
1.4703642401706E-05
1.62369794227165E-05
3.43985275372044E-05
-7.06760609373973E-06
2.82997989240894E-05
0.000108012401849357
8.20920578743487E-05
4.51363999332491E-05
-2.48407580684525E-05
5.62528232085173E-06
1.78121117579651E-05
-1.25500705233377E-05
-9.23902398716331E-05
-0.000176468734663557
-0.000113933596437822
-6.0000574492926E-05
-9.53626837462691E-05
-6.79866678607905E-05
-2.0546296478618E-05
2.19919578414248E-05
8.6500164653485E-05
4.03254386756556E-05
8.43700961545053E-05
5.95699861998687E-05
4.03457815513804E-05
2.89903793091242E-05
1.97720501408134E-05
2.22255025135598E-05
5.59157351954219E-05
4.32642276843966E-05
7.29358004919585E-05
9.30635834271864E-05
6.13013529023464E-05
7.71623492652959E-05
9.28396491807852E-05
6.24440565012206E-05
5.47340759523152E-05
5.63399447436065E-05
6.72546232433092E-05
3.28628513227432E-05
-8.80859303749779E-06
-2.56009681094544E-05
-2.67132227409046E-06
-9.57978654430156E-06
-3.57063188860456E-05
-6.26732421137476E-05
9.49415564623144E-06
6.03366844876762E-05
7.0897930713606E-05
5.90879633827138E-05
8.00135571922576E-05
4.73484570141431E-05
3.80741421500058E-05
3.43662484951345E-05
2.79592990087536E-05
2.97887980080824E-05
3.0953870562375E-06
-2.27929335969519E-05
6.73031557449749E-06
-8.22822985979235E-06
-1.83899278852637E-05
-2.78910647971494E-05
-4.5031463845671E-05
-5.53810453351553E-05
-7.05270212816969E-05
-0.00010031985087736
-6.99629496381048E-05
-8.6995762945852E-05
-7.00857961834819E-05
-1.84560174962824E-05
3.18894633188996E-05
5.66616572630134E-05
9.66142917180216E-05
9.30702234020652E-05
7.39233135438664E-05
5.85243024366658E-05
3.21494955907497E-05
-1.01028395662613E-05
-4.78724998642853E-05
-1.30464873028911E-06
-8.39157333904245E-05
-1.85425142889866E-05
-5.47385016057241E-05
-8.06785796253072E-05
-5.17901497779467E-05
-2.00858825204982E-05
-5.02463286896477E-05
7.059202913931E-06
-5.67616627415643E-05
3.42301636540739E-07
6.5610379287388E-06
-2.73053605465201E-05
-5.97361876625631E-05
-5.62478478128024E-05
-4.56062123060714E-05
-2.01854769358763E-05
-3.69699400156157E-05
-2.50466382633713E-05
-5.27321450223651E-06
3.89216579740509E-05
2.45424480604648E-05
3.16518687405957E-05
-1.87668972110127E-05
-6.2112906621457E-05
-2.16963522408947E-05
-1.01008255259196E-05
-1.94884115866075E-05
-1.69292870618105E-05
-1.89795933912375E-05
5.44812210436714E-05
7.5529099412169E-05
6.33070522600249E-05
4.16772374135761E-05
7.30428472677721E-05
-9.73646285883684E-07
7.65008455746882E-06
-8.07104169487642E-05
-8.03483015870787E-05
-3.64377269867111E-05
-1.69197320201066E-05
-3.00038417452477E-05
3.3583473336547E-05
3.5660405135968E-05
0.000112661784963469
0.000129850633401735
5.83152277776321E-05
4.19401994244514E-05
3.86239926363471E-05
5.0624780649054E-05
3.92572353141738E-05
7.39879161717267E-05
3.85402687897407E-05
4.59277682357441E-05
8.36396059152879E-05
3.93474845804493E-05
2.41717023445391E-05
4.02130780741001E-05
-2.87323786529787E-05
-1.43185884598068E-05
-2.49921543034827E-05
-0.000116449924226216
-9.07030838757387E-05
-0.000117578124190399
-9.49123822059301E-05
-4.18170354742796E-05
2.97243875857111E-06
1.30587633871415E-07
2.77420108279261E-05
3.93594609359827E-05
9.76804908367022E-05
9.62240036719572E-05
8.1954152665985E-05
4.87773914981817E-05
5.05870094637946E-05
0.000131631155665511
0.000101138917827471
6.61656502102578E-05
8.84032821847598E-08
-3.42983109975466E-05
-1.94197020292659E-05
-2.26819398319952E-05
-6.49197085203958E-05
-4.58604236461892E-05
-3.43545164808783E-05
-1.46685940338974E-05
-7.12910438920565E-06
-2.77223500455076E-06
-4.22144532953022E-05
-0.000135094221336186
-0.000120232506677595
-0.000112013790984359
-9.82230002455381E-05
-8.38582620365898E-05
-9.72754601132644E-05
-1.42542665131509E-06
7.18794465572692E-05
5.00812100684976E-05
2.65830461691796E-05
6.06919150435709E-05
8.47776886124029E-05
5.34379695399784E-05
-8.38416472903046E-06
5.21064829133195E-06
1.73050227579424E-06
4.14649326043066E-05
-3.62065213381518E-06
-3.98091246923076E-05
-4.82278456208447E-05
-3.86057219688386E-05
-2.75921957636556E-06
3.930014574038E-05
-8.58152229284687E-06
-4.39316860759981E-06
1.7426088354468E-06
-2.2398704480231E-05
-3.09349435669294E-05
-2.98946651205619E-06
-3.65797373599377E-05
-1.86623869534131E-05
-2.97237359733227E-05
-3.34731641331371E-05
3.96581766254794E-05
6.88608600497635E-05
3.48430665875428E-06
2.35160045221421E-05
1.56355071707582E-05
4.24285197549659E-05
5.77815581096144E-05
4.95932862089227E-05
5.06013228949429E-05
8.77901519331047E-05
5.38655491767301E-05
7.60194225954718E-05
3.74267139569187E-05
4.56477050519378E-05
4.4392470762118E-05
2.32771068165544E-05
-5.47586461348087E-06
3.0873318092157E-05
-5.77666420520275E-05
-9.11041514520603E-05
-9.4560548540404E-05
-0.000113208649181965
-0.000162575654798938
-0.000128118054359863
-0.000159805901830623
-8.10240112742052E-05
-2.34862073012301E-05
-4.44159635947458E-05
-2.00800079646858E-05
5.06007420741455E-05
2.81569866491155E-05
3.49172106342417E-05
3.04342490841123E-05
1.11187245396228E-05
2.64843964766185E-05
5.02947652367515E-05
7.70289500786183E-05
7.32561999804784E-05
7.47587556319276E-05
0.000121086851982148
0.000118019864150512
0.000107616146627051
0.000101275342599305
4.96340970469555E-05
1.30863904583717E-05
-3.96288762281977E-05
-8.32160081998167E-05
-3.87594197754103E-05
-3.19007645155315E-05
8.50566457661867E-07
-7.79420733052287E-06
4.23183021900151E-05
8.26289629648915E-05
8.97337880085077E-05
8.19461688718875E-05
0.000109828084777706
5.59010070458444E-05
7.05814144567683E-05
4.780040639288E-05
5.27976585072061E-05
4.19764442072299E-05
1.31701953963347E-05
-2.69566172221043E-05
-3.35471173192253E-05
-1.63970725311013E-05
-1.97922780010423E-05
-4.36495873005676E-06
-1.32925218789346E-06
7.80706038757024E-06
3.59810958066676E-05
-2.44005160450938E-05
-6.31429136543564E-05
-8.71127933571081E-05
-8.28697144081325E-05
-4.8617805801738E-05
-4.83170418315336E-05
-6.61390338313637E-05
-3.73795234944122E-05
5.87523171283012E-05
0.00010489020631624
6.92397221601635E-05
1.26334279091732E-06
1.851700120713E-05
-6.24979439744414E-07
3.12439793585975E-05
-6.30006499271982E-05
-1.28674443098457E-05
2.02255296931071E-05
8.16491535371278E-05
6.89644735983746E-05
9.25433855571879E-05
9.37749891511086E-05
9.67086285405793E-05
2.28900607675923E-05
2.86608107220904E-05
-1.0180089154018E-05
-9.11848229510442E-05
-7.55739517436816E-05
-0.000107673116483617
-6.24763550060913E-05
-4.84375855767091E-05
-3.318883196858E-05
-1.8840092950323E-06
8.33512206526163E-05
5.72300895607392E-05
5.56808638932555E-05
4.96649960844009E-05
5.55102755811002E-05
2.17344853713674E-05
-4.84504424209688E-05
-3.07902666529738E-05
-3.3787655066885E-05
-2.80726601473E-05
-6.06111341458415E-05
-8.15912952090603E-05
-7.78547699692401E-05
-2.09684626274695E-05
-6.64018985075068E-05
-3.89704069209301E-05
-2.15103036544635E-05
2.71243227849744E-05
2.45865475651333E-05
-4.22938677417129E-05
-4.29251232730084E-05
-1.63196421065315E-05
-5.25200009544425E-05
-4.18583919493652E-06
-6.15671804236055E-05
-4.73264317356047E-05
3.63751807318861E-05
4.65025895408827E-05
4.50270242917747E-05
7.90994919927886E-05
3.58060152676458E-05
3.45224556187334E-05
1.05216823400121E-05
1.29356100750516E-05
1.15949989506467E-05
2.79998744456378E-05
2.75942709463439E-05
1.97790078950846E-05
3.76403224110036E-05
4.46410535459167E-05
5.62672548889256E-05
-1.30083219213034E-05
-1.54894666222068E-05
-3.36300812275473E-05
-3.55782293335258E-05
-0.000130343400816157
-0.000117385716328522
-0.000147241682229458
-0.000137132818311056
-0.000157413085410167
-0.000134165259947917
-0.000118023158102668
3.61440815822423E-07
1.80598247344539E-05
6.50876007323558E-06
6.02055123286175E-05
0.000117535527830285
8.25960566961316E-05
9.80590531859898E-05
5.37796093929371E-05
4.27210645618673E-05
4.09893891835959E-05
4.86950561970653E-05
-1.50195718426897E-05
9.70022585376509E-06
1.64212644862112E-05
8.6445662661261E-06
4.36205458615835E-05
5.53294984049826E-05
4.78941563637048E-05
2.96819089263465E-05
-2.27185755256112E-05
-5.38788713123272E-05
-1.0637432889849E-05
-8.29643579904449E-05
-8.97435280139774E-05
-9.04147846899337E-05
-2.13360209530215E-05
2.89109033215999E-05
5.52450356945175E-05
2.42988880421222E-05
6.54010941643369E-05
7.32401420023964E-05
3.36108965326562E-05
-1.34405081496481E-05
-2.03017180801289E-05
-2.54804605770339E-05
2.08910204714911E-07
-1.88918029975899E-05
-4.96001855153274E-05
-6.95246607422295E-06
1.84901449104187E-05
3.74850150230439E-05
4.56433765859657E-05
3.0864472302212E-05
2.84734809308698E-05
4.22997429049864E-05
3.09889176718571E-05
3.0745388451746E-05
3.074154193321E-06
8.0782397819939E-06
-4.12830754359959E-05
-6.87231134603602E-06
3.7441641924269E-06
7.22076489384105E-06
-8.12031216987338E-06
2.08179266836218E-05
6.02420433380008E-06
6.28747563403745E-05
3.90017206495931E-05
1.82441178788862E-05
-3.72125485335987E-06
1.68009354175582E-05
-5.96418659313354E-07
2.53992909646055E-06
1.01778699848395E-05
2.67838203216617E-05
4.8523315735008E-05
3.84932836907806E-05
1.48770873876133E-05
1.51485565692798E-05
-1.25835331589526E-06
-0.000101861475278454
-0.00012100847188922
-7.97740920249707E-05
-4.4402770347252E-05
4.19965579674108E-06
-1.78448868385994E-05
-1.06795136672528E-05
6.6521987435293E-05
6.30029212330982E-05
3.42101196567218E-05
2.74331647655869E-05
-4.21907372593771E-05
1.86954921537048E-05
3.38575638285007E-05
1.88064079902112E-05
6.06372604390886E-05
6.31304708179097E-05
6.18819646872087E-05
8.02839980831226E-05
8.52109220199724E-05
3.06931646425402E-05
7.23955112752208E-05
4.09825593623925E-05
-7.75594190169972E-06
-1.11520787883174E-05
-1.12872212746316E-05
-0.000115752434759254
-9.06840396529006E-05
-7.99505209172377E-05
-9.1477123499083E-05
-3.9026731026672E-05
-1.11107327218073E-06
-5.96194615055433E-05
-3.42992489942861E-06
-1.30184087723486E-05
-4.61678778317114E-05
-4.92138379212914E-05
-4.95292763350661E-05
-7.28160245660298E-05
2.91793816246623E-05
3.62284840795763E-06
1.93136541358355E-05
7.25803361930847E-05
6.14652704537226E-05
6.85384929801469E-05
5.4323466181702E-05
2.01977345183334E-05
4.07779595411635E-05
4.12585686614927E-05
4.6013543749508E-06
4.73897484166979E-05
3.22782790085978E-05
-5.48943972843524E-05
-3.89359818682631E-05
-3.86550843849617E-05
-2.42358526287603E-05
-9.59095770766488E-06
-5.40822211885384E-05
-0.00012114169416707
2.18189063634746E-06
-8.34722603909839E-07
6.32090738857495E-05
5.72404320497849E-05
1.89004197207468E-06
1.38275625001842E-05
0.000116588967817744
8.45963046224403E-05
6.82965597086173E-05
2.59280892234524E-05
1.4873261372526E-05
4.31617666822151E-05
8.77265157111933E-05
5.82558728975159E-05
5.77069930718737E-05
6.47930308088545E-05
2.44626921532048E-05
1.91451439299142E-05
5.82234533964964E-06
-0.000108878547606003
-0.000110208179738648
-0.000111722996153116
-0.000133018784714612
-0.000117509002211604
-0.000102650534880736
-7.20536210550133E-05
-6.64915439053229E-08
-7.81506248496054E-06
6.17900967359238E-05
8.3683461011585E-05
8.37118174405389E-05
7.49612098217964E-05
7.15238559003493E-05
8.99560780475472E-05
8.4830529289964E-05
2.91482861386449E-05
2.27307414861092E-05
1.91757736262887E-05
8.7489985817965E-06
-4.75943526645618E-06
2.39121913437555E-06
1.19075364284717E-05
-3.16103059981911E-05
4.13085504911995E-06
1.52671918668712E-05
-5.02301090446303E-05
-4.25719951365277E-05
-4.84002141868595E-05
-4.13354760935109E-05
-5.55501355735593E-06
-2.37903093112305E-05
-2.58651155125435E-05
-1.0345101291264E-05
6.17819594674462E-06
-2.97915112572402E-06
-4.30659018043445E-05
-2.95037817115838E-05
-3.77647841981207E-05
-3.54030455397019E-05
5.94724688123818E-06
-2.62063111861114E-05
-1.19631852557603E-05
9.45610563791676E-06
-6.53403781952795E-06
-3.77025933370618E-06
7.54722205181934E-06
5.99546385201366E-05
7.50881138974825E-05
5.25959960972253E-05
4.15720318641554E-05
2.16541098120912E-05
-2.98175511912743E-05
-3.10727889835823E-06
-1.34428484354296E-05
-1.44642350461488E-05
-8.3740568245026E-06
2.6147431161185E-05
6.39920174654073E-05
0.000105864043891459
4.53906797404693E-05
6.38342242397159E-05
5.3128850043414E-05
2.1427640105629E-05
1.00960400354206E-05
5.53421776038637E-06
1.61248675898779E-06
4.10775202532642E-05
3.30465901698639E-06
3.78497702011015E-05
5.52507463186141E-05
3.26858301810725E-05
2.95428441653866E-05
1.65171678741786E-05
4.82562497533675E-06
3.22642376905233E-05
-8.1149073217811E-06
-7.67232872527835E-05
-6.64635202112731E-05
-7.75089066334112E-05
-6.03216627641613E-05
-5.72821375706356E-05
-4.64271738924278E-05
-1.6430484338934E-05
4.25631170885648E-05
6.63384903827958E-05
1.85637794706446E-05
4.2801471945691E-05
4.30653004730985E-05
2.31433214139511E-07
-1.93187183978553E-05
-1.13636590457506E-07
2.19275125594938E-05
6.9407869538776E-05
6.17568304212188E-05
3.33962244800017E-05
1.68317559799099E-05
1.91412618814833E-05
5.66557713884538E-05
1.66228231831986E-05
4.2601572721907E-05
-5.3600719892028E-06
3.65220790586992E-05
-4.70231245970521E-05
-4.02073054803957E-05
-8.5559962617415E-05
-7.14195594542782E-05
-5.31522401342917E-05
8.31207621509564E-06
-2.94578469190208E-06
5.03657298880412E-05
6.50129298079489E-05
3.57367546088572E-05
3.75852614993037E-05
-1.67317878697786E-05
-1.87868987077754E-05
-1.80802670793212E-05
4.15982218559393E-05
1.27978350007344E-05
4.60509861218761E-05
1.53547257193124E-05
2.42258908119505E-05
2.15952186502831E-05
2.72501443543279E-05
3.65003782463865E-05
6.1427765361077E-05
7.67745412234883E-05
4.88136347297974E-05
4.39362071523898E-05
-6.20052471166617E-05
-6.36447377410047E-05
-7.01717396558427E-05
-8.07237161517902E-05
-8.43786624580126E-05
-4.36098384325634E-05
-2.47984294180645E-05
6.08038865337521E-05
0.000106112232195874
0.000103455386476183
4.04616151966706E-05
6.06974579435345E-05
6.05383984961858E-05
5.07112163008445E-05
6.13861217497926E-05
3.67478701993061E-05
6.23232587375207E-06
6.6113385608226E-05
5.67317981726717E-05
5.8249636314989E-05
7.43914566538808E-05
2.86005446016749E-05
-8.16482984531575E-06
-5.05836463014905E-07
-2.94937779053662E-06
-2.44922376629234E-05
-0.000109938430859657
-9.67860290889939E-05
-8.77339054610795E-05
-6.46459581931168E-05
-4.25899484011335E-05
-4.71061337208974E-05
-4.17783869692485E-05
4.6807753510636E-05
2.26279694533236E-05
1.68394094133996E-05
-7.01439984338051E-05
-6.07111562316238E-05
-8.36997684110965E-06
-1.86977417329212E-05
-2.50275164853315E-05
-1.41195708962534E-05
3.0302485094879E-05
9.49917088181067E-05
9.7596557011657E-05
6.1514200212033E-05
7.83328820824001E-05
6.02556318759993E-05
4.17607387161044E-05
5.40132716491458E-05
5.90911502278444E-05
2.64045034065784E-05
-3.1217991639782E-05
-3.06081202343276E-05
-1.35982112040128E-05
-1.15313856026757E-05
-3.9462200061669E-05
-4.97985326993452E-05
-2.1368940860788E-05
3.42672985859688E-05
4.67006540300271E-05
6.3627620418021E-05
9.21247280886522E-05
3.19358010594932E-05
5.68347640837707E-05
2.72161975167028E-05
2.46420957292458E-05
2.79398447478281E-05
7.12821643053477E-06
-1.51199723841922E-05
2.90888724526634E-05
1.14855229390908E-05
2.21591595504976E-05
3.10661744569347E-05
-3.10263139446682E-05
-2.88526994769902E-05
-2.82211637107133E-05
-6.88977684302407E-05
-2.78720236768333E-05
-2.89905314723536E-05
-6.01466555106284E-05
7.95148289222194E-06
3.86501859558737E-05
2.68228035362376E-05
7.9415965914678E-05
5.72958111295096E-05
8.10975494002316E-05
9.14420511169512E-05
4.44374401353401E-05
-2.31489859866517E-05
-3.25613254793031E-05
-2.88530849991622E-05
-6.30679348881699E-05
-7.11073305785601E-05
-0.000103633453941426
-5.75242450077748E-05
-2.96137741988866E-05
3.18903359629494E-05
3.67052686868988E-05
4.0995377836197E-05
2.07947626365508E-05
5.06780276715457E-05
1.03756978977211E-05
1.61381291228886E-06
-5.31807379526334E-05
-4.87921385664785E-05
-2.05619224301175E-05
-1.21862902803306E-05
-1.34528663080475E-05
-6.04408200186174E-06
3.12837187623098E-05
2.94666787727796E-05
-1.16990859892348E-06
-1.11407105216602E-06
-4.06410030049499E-06
1.66820063528747E-05
-8.76022733156001E-06
-1.08331389866221E-05
1.42939567781462E-05
2.64933036699508E-05
-3.28433044374056E-06
-7.21230277319704E-06
-1.15876175295021E-05
-5.37699210131475E-06
7.74205478240491E-06
-1.25279392181384E-05
5.98117858726804E-06
4.25905654470121E-05
5.27678053843739E-05
-1.90434227535057E-06
1.81775737828629E-05
-1.4427139983285E-05
-1.35470497952917E-05
-1.60732080496626E-05
-2.42443355306578E-05
-2.41052104794435E-05
4.42476457674646E-06
4.25221300407572E-07
8.48726937257453E-06
3.49339669890669E-05
3.89500306317397E-05
2.47790654580376E-05
-6.75868514860547E-06
4.26505855036447E-05
5.95750313327809E-05
9.9949459878248E-05
8.63098520440188E-05
4.25689985602363E-05
7.31430494495393E-05
0.000103498761600169
6.29057839506041E-05
5.42716355202833E-05
-1.80166129939123E-06
9.19523965085923E-06
2.25007728606081E-05
-6.82046643360452E-05
-6.19176091460686E-05
-4.1009512542533E-05
2.82308934495528E-05
3.18464939457251E-05
1.36358757497116E-05
4.6228368886708E-05
0.00013785075294377
0.000100759765326523
3.04960451225139E-05
-4.23473643135961E-06
1.03592065388107E-05
2.46240594075722E-05
-1.66145071157384E-05
-6.4627582950625E-05
-9.50452873531135E-06
7.06721518878596E-05
3.80530368071321E-05
5.67898257561156E-05
4.63313046788984E-05
9.24018592887719E-05
0.000112626667262282
9.87638653523683E-05
7.7151232447417E-05
9.78217295450856E-05
8.43023010265115E-05
-3.46794185901225E-05
-6.17538305318648E-05
-6.80438883489361E-05
-7.38036638376487E-05
-3.78769084403498E-05
-2.36360208813719E-05
-2.46309669493867E-05
0.000103384406877167
8.56444264029783E-05
9.98895051154182E-05
8.80325167836061E-05
6.39760109749984E-05
2.19158136346868E-05
5.44825920577453E-06
-2.68026092443283E-05
3.76777282362084E-05
3.09337981038354E-05
4.34130333619018E-05
4.72757340972922E-05
6.35938547783003E-05
7.0954585205103E-05
7.52557562056597E-05
8.52819683658237E-05
4.30322145372078E-05
4.70717326015879E-05
-7.93695235252357E-06
-5.12344692732059E-05
-4.1894849508371E-05
-1.46096387910279E-05
-8.68214616177877E-05
-3.58490003445424E-05
-4.29273530837139E-05
8.36646512775601E-06
2.90870139024194E-05
1.8067909890725E-05
8.70000857477593E-06
3.00265758854529E-05
3.98673067055839E-05
5.01421823154062E-05
2.87681256621863E-05
1.19843257168792E-06
-2.92114802014659E-06
-3.74203473208878E-07
-3.29519527063947E-06
-1.36352083410494E-05
-1.40410032703117E-05
1.57917451398631E-05
0.000100658579307485
0.000105870068303492
9.96284413753671E-05
7.51889758061165E-05
3.29099309695532E-05
-6.13132817651533E-05
-6.07854284265518E-05
-8.60372991851616E-05
-6.29809696517266E-05
-6.49012232843786E-05
-2.85441989576065E-05
2.24780245712028E-06
8.35658385984471E-05
7.9700777720815E-05
6.03606616949875E-05
6.07460157543668E-05
3.72688073933251E-05
2.11628103136207E-05
5.9386384293607E-05
6.08946769803764E-05
-1.96840037284912E-05
-4.82487886180594E-06
-1.75151234866995E-05
1.26264613447312E-05
1.52610043982074E-05
-4.8848715255765E-05
-6.77902560781321E-05
-5.96890535028182E-06
2.65403512691737E-05
2.1655008247489E-05
-3.17271877961992E-05
-6.89866358117032E-05
-2.90116576002722E-05
-1.0086369683598E-05
2.29967367878848E-05
-1.52104387289284E-05
-9.18402453777994E-06
3.65354437398374E-05
6.23198544858166E-05
5.63244280836813E-05
5.25636507359866E-05
5.760590925668E-05
9.02698125370861E-05
9.89997833925868E-05
8.49228011881201E-05
0.000103052499220606
5.1799233743553E-05
5.80967569860407E-05
6.12439925035668E-06
-2.63915476795627E-05
-2.3596976827143E-05
3.02627588099737E-05
2.94329241415078E-05
6.77783469353018E-05
6.32958746186511E-05
9.73694051239474E-05
2.78789209936335E-05
2.99671511566654E-05
-4.20274785189815E-07
-9.16867952478032E-06
5.03827801695794E-07
-8.36416666565434E-06
-4.02228239470753E-05
4.56598574220887E-05
-9.59314650944526E-06
-3.93080792551271E-05
-4.23638610537402E-06
-8.10973910048829E-06
-3.35206695508392E-05
1.65949476893008E-05
-1.5371661128039E-05
3.07791777898783E-05
7.13157352800777E-05
2.10545995538473E-05
3.44265688554364E-05
6.09841076250378E-05
2.5583952486344E-05
1.70245027047279E-05
1.91120283774607E-05
2.34546480176578E-05
5.80040239343535E-05
3.69730919929566E-05
-2.02861860547443E-05
2.49772895929442E-05
2.4427855212327E-05
-4.51837321976945E-05
-6.71303338464955E-05
-6.06013150712646E-05
-1.91926468201371E-05
6.59153267455607E-05
9.72515807288069E-06
1.72817885534329E-05
8.08859927879493E-05
8.16149751980084E-05
4.59523851871804E-05
1.58237453889413E-05
-1.40198433771198E-06
3.73321309372354E-05
6.04054574333439E-05
-1.88806551934038E-06
-2.36762167574974E-05
-1.12643534815033E-05
-2.37596082246429E-06
-3.82409495398594E-06
-4.67349230990144E-06
-9.39578087792306E-06
4.98101495883932E-05
8.25280367744126E-05
1.10805089899976E-05
-1.59047495341646E-05
-4.07078932894893E-07
1.97124545361532E-05
3.13989734331838E-05
2.85999903987288E-05
3.22417253259897E-05
6.25534480575606E-05
7.63869436572685E-05
8.04437777299982E-05
3.53425247844642E-05
3.33034038436939E-05
3.78325749767161E-05
4.19485591665064E-05
5.71409356406385E-05
8.368000077565E-05
7.35262769482629E-05
8.04789711040763E-05
1.77713980782958E-05
-6.6603006620345E-06
3.94134146287065E-06
3.36663159476109E-05
1.21919415072696E-05
-1.76468287956135E-05
-4.91280664549434E-05
-2.91833519807122E-05
-5.1416752016022E-05
-6.84343808506649E-05
-4.27321565112109E-05
-3.74642777836957E-05
-7.65519430274373E-06
1.53658917306907E-05
5.87202071776415E-05
7.41199764987226E-05
7.0007996386028E-05
4.1914849174142E-05
3.39230473837528E-06
1.17547156610181E-06
-2.05922261863446E-06
-9.69550475501863E-06
1.78794581023051E-05
-8.93930518324532E-06
4.15753970955205E-06
2.37175089073188E-05
-2.87932475083593E-05
-2.83161664992052E-07
-9.79143960027716E-06
-1.04295797943193E-05
2.75174848582826E-05
8.18604665329968E-06
2.26063473005923E-05
3.32070923287252E-05
3.96188677646061E-05
3.0546324379485E-05
4.10209722686213E-05
2.02385097105401E-05
3.74206454704522E-05
1.93246193256183E-05
8.41019951085284E-05
6.07637827022074E-05
6.52600594548204E-05
6.3612526940542E-05
6.00076877539085E-05
6.59927502868447E-05
0.000108923773187675
5.42470971419391E-05
2.91996643864813E-05
2.00057936419185E-05
2.02699299165352E-05
2.576790402409E-05
3.4303577426413E-05
-5.74592649515207E-05
-5.59836689932315E-05
-2.36177967391296E-05
-3.74818739234445E-06
-8.44899025340419E-06
-4.33361904155527E-05
-0.000120404323440647
-9.94572815047399E-05
-7.42247133404667E-05
-4.42924742663399E-05
-2.76895025848447E-05
-5.49489186509918E-05
-2.05773718589345E-05
2.00582370397195E-05
7.26741186876129E-05
8.99210607104847E-05
2.36062570891811E-05
1.84831924469159E-05
6.86524491097939E-05
7.64092331666003E-05
5.34397933983146E-05
6.45975467850205E-05
6.4264687079329E-05
6.98958895689223E-05
4.71177995745526E-05
1.06173038917074E-05
-6.55845204961125E-05
4.22281602179815E-06
-2.16937246299657E-05
-2.93634284632127E-05
-4.21084330415888E-05
-4.66443139715722E-05
-7.48005036392391E-05
-9.02170965157913E-06
-3.55575574665037E-05
-6.69432729115314E-05
-9.69723732254689E-05
-3.42658811197622E-05
-3.83904091789596E-05
-6.22411495576464E-06
-2.45219515603801E-05
-4.42210212595134E-05
1.21631196447822E-05
2.40529607857973E-05
2.01610382154937E-05
2.09229537025945E-05
5.81226518956805E-05
9.80560482575854E-05
7.78712053037396E-05
6.52951596675552E-05
9.65132003941058E-05
5.761636935517E-05
0.000115453104231728
2.56462137757847E-05
6.15926077826533E-06
3.6161545674113E-05
3.41747833358157E-05
1.62501951169143E-05
-3.28279893100462E-05
-8.11086676422083E-05
-1.66062834402731E-05
-3.46232857556473E-06
9.840958397534E-08
-2.66743239791825E-06
-6.15024226447655E-05
9.63986611211179E-06
1.57251762382203E-05
-3.30330949326965E-06
3.22595913287886E-06
4.06098108619557E-05
1.53067960081997E-05
7.97720440258354E-05
5.87132368017436E-05
7.752345280821E-05
8.87955867293053E-05
7.92471038646539E-05
2.82236480967657E-06
2.51749300269735E-05
-3.13473852118971E-06
-2.14523408567426E-05
-3.65111146524866E-05
-4.90576734634215E-05
-5.51353297458686E-05
-5.20331261328836E-06
-4.85474419211836E-05
-3.31113477813333E-06
2.80866380902212E-05
3.4583667566896E-05
6.13854656791448E-05
6.80476247001726E-05
4.44246794851586E-05
6.9754270488318E-05
8.54703244417934E-05
7.28357122880496E-05
9.75404435139902E-05
8.06539663568685E-05
3.56683573857924E-05
4.59075212205183E-05
7.48957443542664E-05
5.13216358421429E-07
3.64819420802879E-05
-3.21911740862821E-05
-2.17152861042707E-05
4.17150589340938E-05
-1.47308785446986E-05
-4.98850055984459E-05
-1.54210171954292E-05
-4.71943444363337E-05
-2.11912824686134E-05
-5.9417286884024E-05
-0.000141667081653835
-7.97190629990197E-05
-8.88740357133533E-06
-1.76407372261398E-05
-7.80227393475354E-06
4.39870839829944E-06
6.52466433712628E-06
8.34309894589315E-05
9.63415877447217E-05
9.19047088885119E-05
7.90291789051344E-05
6.14802927470451E-05
7.16299894650416E-05
8.82140715884788E-05
6.41858495804633E-05
3.48830924438444E-05
3.87450112454602E-06
3.44737551011393E-05
8.17920296308942E-05
5.34508711318519E-05
6.42094790450734E-05
7.70165709633581E-05
2.36387307427683E-05
1.56198752674632E-05
-1.96475194875613E-05
-8.99463722112306E-05
-0.000136493091777047
-0.000138123128409173
-0.00014117910873478
-0.000124608365839306
-0.000138578213387504
-0.00012600149891595
-7.12542324458616E-05
-9.40348496959922E-06
9.23511996016264E-06
9.14481789642593E-07
4.45319996229439E-05
8.79336058594877E-05
0.000102086206864053
8.6206901699066E-05
9.97685219707366E-05
6.76454940452347E-05
8.63988463199361E-05
9.14849124155209E-05
7.22359710591884E-05
3.62651933627306E-05
2.43672654942202E-05
7.30659809978169E-07
-2.6012171133186E-05
-4.7325694176004E-05
-6.16770525082585E-05
-0.000145745405524212
-0.000110306215729854
-8.66576735277127E-05
-6.21014880851445E-05
-1.93611396357459E-06
-6.15369334364371E-06
1.97626764560162E-05
0.000109312657093996
0.000122363830277182
0.000121117055903436
8.86028336368205E-05
8.50189052931464E-05
7.57612982209313E-05
8.33316447281394E-06
2.37827998177065E-05
1.38898858006422E-05
-2.24612210731945E-05
-5.67136408142522E-06
-1.1528038277061E-05
-1.52150114782791E-06
7.88110943039563E-05
3.92103122192347E-05
4.24737230620194E-05
4.70504207487533E-05
1.95886669312873E-05
1.01398820258497E-05
-2.38697587406435E-05
-2.98832884865753E-05
-4.86882844684583E-05
-4.76880563580022E-05
-3.9073619259194E-05
5.32979303353319E-06
2.39537333600082E-05
2.97917409341498E-05
5.2989254909571E-05
7.05483416951536E-05
2.25577106637023E-05
3.79610109447545E-05
2.29122909756803E-05
-5.86007295724086E-06
4.52833291851059E-05
-1.00645789239888E-05
-1.02835889438888E-05
5.11343532578548E-05
2.97932500779962E-05
-1.08372064542537E-05
3.50834810029911E-05
-1.88164723763012E-05
-3.56480284041194E-05
-2.55715067686199E-05
-9.0531950931875E-05
-7.4993951782277E-05
-0.000104535109750249
-0.000132403908246014
-8.70526731041901E-05
-4.88908871512233E-05
-5.12783632248076E-05
-4.20171533889957E-06
-1.23142244290425E-06
3.93660606379431E-05
2.27679560730169E-05
5.70788102827124E-05
1.83995467199473E-05
4.91563387786753E-06
-9.58989027036252E-06
1.51054041173296E-06
2.56819316782716E-05
4.29514877417181E-05
-4.94432851055728E-06
2.96386611156681E-05
9.81426037350488E-08
5.31446063578594E-05
-1.3921154439555E-06
-1.82700987781501E-05
-1.52483839993418E-05
-1.55443066204171E-05
1.90503144386341E-05
-7.57006641530879E-05
-0.000154604700817662
-0.000106119556229341
-7.9547663792779E-05
-0.000107396577914345
-0.000124568319440706
-0.000161261592939942
-2.49706268163104E-05
-3.01127806505449E-06
2.0247771302062E-05
-1.37192285116379E-05
1.40275993416959E-05
3.9677615148333E-05
4.27952001426756E-05
7.22377164303724E-05
3.23398530706753E-05
2.87588366472419E-05
2.64336554102753E-05
4.92702948046709E-06
2.02315727672535E-06
-1.61192687684954E-06
-5.42968150307447E-06
3.08490081637011E-05
9.71243309383594E-06
5.39294327137021E-05
0.000106553373275376
1.92899808387123E-05
-5.31990962598332E-05
-8.23183542125522E-05
-5.97721486075449E-05
-7.77044383167889E-05
-0.000111614647986268
-0.00014992663983926
-6.66139714282337E-05
-7.12260827392392E-06
8.86323049227287E-06
-1.71530527724122E-05
4.64541479392552E-05
3.04904207250934E-05
-1.29506417768281E-06
4.01149729952344E-05
3.39357139439134E-05
1.54095269685214E-05
3.3746052880645E-05
-1.65837610897675E-05
-9.59255395505514E-06
9.71211491924542E-06
-4.17871562099269E-05
-3.5975808674844E-05
-2.67810667862301E-05
-2.6949028557151E-07
-2.22629981152616E-05
-3.78595057756044E-05
-0.000102059627116226
-4.31920762841593E-05
-4.4713740806996E-05
-2.01734172687413E-05
-6.13948582976918E-05
-3.92706157379206E-05
-1.57529341357789E-05
0.000105652259314773
7.15160728661663E-05
9.72155568650414E-05
8.24376063483949E-05
0.000131989640394564
9.56857833287004E-05
8.74774540833555E-05
5.70882317240663E-05
1.7355620083354E-05
9.94799833829365E-06
-1.0411956427418E-06
-8.12496983635666E-05
-2.13303259183666E-05
-5.45564556957416E-06
-1.9502167219735E-05
1.08284891566427E-05
1.70072578498314E-05
-1.01832898124449E-05
-3.46933410075164E-05
-0.000119642473919061
-0.000124359961983396
-0.000125652292003388
-5.87563347180268E-05
-6.49793569120793E-05
-6.06969633178381E-05
2.01164364021614E-05
7.9185532944755E-05
0.000106314848696693
8.89768900433427E-05
1.52883639943547E-05
2.38262667789587E-05
5.14328867786531E-05
8.78640736454542E-06
1.36407198387074E-05
4.5105962521568E-05
1.34248268632733E-05
5.11668328390489E-06
-9.61734615228328E-07
-4.26404136588766E-05
-1.64493387012827E-05
-5.17172651346863E-05
-0.000106560366259581
-6.42115170721596E-05
-7.86501800280054E-05
-0.000149328540097415
-0.000141678725293653
-0.00016600172297669
-0.000126232112062559
-0.000137305484524803
-0.000124274019349404
-0.000108803855896611
-6.37495934927071E-05
-4.61667236224169E-05
-3.22999099218077E-05
-1.59668244962696E-05
-1.28936481150341E-05
-5.6078412398121E-06
-1.47162630124099E-05
-2.83070396652319E-05
-1.88409653626033E-05
2.58114678920849E-05
-2.06238104359182E-05
-4.22497624395541E-05
-6.68177388981501E-05
-3.30187890459769E-05
-8.5232492176233E-06
-2.94461435813015E-05
-5.806519193671E-05
-3.56678465595343E-05
-2.55896778698006E-05
-0.000123389950371282
-0.000125909924007084
-0.000158581042823145
-0.000139898741575247
-0.00014120953968188
-0.000135958516713877
-0.000181950449670633
-6.63860746512011E-05
-4.48998931090347E-05
-4.68391495203653E-05
-8.81186009337799E-05
-7.67800855501535E-05
-8.99746055296991E-05
-6.6808365193945E-05
-6.70182830214721E-05
-9.10366897101403E-05
-4.69072532636054E-05
2.03175069470537E-05
-2.75316537872467E-05
-4.93816864590336E-05
-8.50119631702589E-06
-1.67274104509359E-05
-2.54816679529636E-05
-3.84984053576876E-05
-6.39027424157443E-05
-5.47180815285442E-05
-0.000132207752710178
-0.000118284424753682
-0.000195576488683463
-0.000205637779389079
-0.000196413082649304
-0.00017625182264732
-0.000151037853949055
-4.46682996809154E-05
-9.79027571973397E-05
2.25302758848326E-06
1.31628330298372E-05
-7.23545701954672E-06
-2.70421139569072E-05
-2.06104383782419E-05
-4.89614227640785E-05
2.09521068992375E-05
-2.28956047511088E-05
2.21003485748954E-05
4.66345534188039E-05
5.01805650990483E-05
9.36774400530811E-06
4.83047058143675E-05
3.77155374290049E-05
-7.3765538922467E-06
-3.40307788615529E-05
-4.60420687319668E-05
-6.63276865336094E-05
-3.73892927692544E-05
-5.42049729425457E-05
-0.000117588599657114
-3.12302982702371E-05
-5.18055528410053E-05
-5.21007483185971E-05
-1.69624861790022E-05
-2.33714630465113E-05
3.42618643914253E-06
7.65411649412026E-05
7.64826277377059E-05
7.23589978002313E-05
6.14696932597294E-05
2.58123051589305E-05
5.75915928250372E-05
4.01085457609429E-05
-8.91212936546324E-06
1.46695708627122E-06
1.62555415146178E-05
4.52927281005814E-05
4.14329151211577E-05
-2.0913450488187E-05
-2.06124703935009E-05
-4.49758153654151E-06
-6.95701075634188E-05
-8.8740199871079E-05
-6.38599426691733E-05
-6.2197262367392E-05
-7.54427901711508E-05
-7.67382033671941E-05
-5.98308037377479E-05
-4.78121305135062E-05
-3.34443671270206E-05
-3.78905254551168E-05
-1.35943661972352E-05
1.34729731472216E-05
3.68492416258961E-05
3.93589570723507E-05
6.36737248925354E-05
5.37703316383428E-05
1.70696997173112E-05
-3.64990700398154E-06
2.23807739575351E-05
2.22294076489267E-06
-1.26834420156336E-06
-2.93254521605314E-05
-4.78981494389946E-05
-4.93236463487898E-05
4.29463819617375E-06
1.20469537931811E-05
-3.5330162855541E-05
-4.18893654293072E-05
1.85748652662247E-05
2.16266226107878E-05
1.03366550021894E-05
-5.26839860183329E-05
-3.61966667835472E-05
4.1429175560613E-06
-1.29725109148887E-05
-7.84688140239147E-05
-5.93536351669422E-05
-1.86865852596309E-05
6.27523842310887E-06
-3.29737823065823E-05
-3.14596399623806E-05
-3.71131319281658E-05
-3.50734688929978E-05
2.555555822683E-05
1.60011032470272E-05
-1.22309697653449E-05
-5.21545686791417E-05
-4.08891166907734E-05
5.38047430369714E-06
4.44272991428745E-05
1.17025692688473E-05
-5.30273329898401E-06
-3.98824064489439E-05
3.0261265120511E-05
1.1822696881713E-05
-7.77307908916342E-06
-2.34797291300608E-05
-0.000106222703142568
-9.62480072792113E-05
-2.38807535165991E-05
-8.95915315822064E-06
-1.51113016662036E-05
1.81940687573571E-05
4.05801264129918E-05
8.57377378573462E-05
9.65805509398318E-05
5.78467816639169E-05
3.40769791371986E-05
4.82262171388362E-05
2.74267877625844E-05
1.82545648468613E-08
2.24434764189853E-05
1.21719387644003E-05
-3.42989524496149E-06
-2.12512988463271E-05
1.72667362142806E-05
-2.17824166442818E-05
-2.23494218745847E-05
-0.000119342237799256
-0.000104182960828098
-3.70933482299761E-05
1.8734290143723E-06
-4.25317733124938E-05
-9.31544052679202E-06
-4.28815216963285E-05
6.11941665743076E-05
2.94783415482311E-05
1.56420498889975E-05
4.52556000770433E-05
6.51698906215328E-05
3.94714295229257E-05
4.03896753250062E-05
1.86134297496192E-05
6.2774525275085E-05
3.53711215855217E-05
-1.34048714846346E-05
-2.33763978949505E-05
5.26604011495834E-06
5.14425125328584E-05
0.000107556818193722
6.60449024668596E-05
6.46063304800931E-05
2.85472521444807E-05
-4.50017276643758E-06
-8.36430415833468E-05
-8.79084825913577E-05
-0.000146955164203887
-0.000152107072153567
-0.00011570037823122
-6.71701379575721E-05
-7.11779385948238E-05
-6.05538996716991E-07
3.17495374790847E-05
7.20296996338381E-05
7.57209394352417E-05
2.36243420470716E-05
-3.47226399040665E-07
1.43403073447199E-05
1.4784349371854E-05
-2.50370069212578E-05
-6.82366245058152E-05
-7.72008246912047E-05
-4.36181167197921E-05
-5.34062601359374E-05
-2.72595107865113E-05
-4.82416360567835E-05
-0.000114471744452786
-0.00010815942761804
-9.78391471360169E-05
-0.00011104955048469
-0.000215888575871648
-0.00018596777624571
-0.000184930565973239
-0.00011388087302995
-0.00010939666992483
-0.000113058006138576
-0.000133891511802049
-3.31152790509192E-05
-5.21535586384495E-05
-4.37216574102943E-05
-4.76301093562895E-05
-2.8342908253629E-05
-4.88788570892012E-05
8.40665086978995E-06
1.50295394614624E-05
3.97319038151285E-06
8.79678111613502E-07
2.42836372162918E-05
-1.02834438147268E-05
6.39209493498277E-05
2.20955764192214E-05
2.72375336955371E-05
1.80237760972559E-06
2.64885825099031E-05
-3.63585018534713E-05
-8.90273307247338E-05
-0.000126577207070963
-5.68293544547957E-05
-4.36342769957658E-05
-3.40520877360779E-05
-1.80206243002398E-05
5.17011549379227E-05
0.000123000295868979
2.42703743059308E-05
-1.18785191981556E-05
1.09683526448115E-05
4.29542473479184E-05
2.72874643807544E-05
1.49792677472401E-05
9.84584114262483E-06
9.83029149734722E-05
8.67195682717365E-05
5.5222019316416E-05
-4.52448726374697E-06
1.34360457206922E-05
-1.94871107647934E-05
-2.06218905657218E-05
5.42727457726845E-06
-5.13491190037129E-06
1.14581257116556E-06
3.91354267592239E-05
-9.65877287431974E-05
-5.85456470443508E-05
-9.60332577337924E-05
-0.000132469047901136
-0.000137020752729851
-0.000155424705016796
-0.00012716773520994
-1.01279907535565E-05
-8.82752487585938E-05
-8.27690124160011E-05
-4.04139680947338E-05
-4.46857604664449E-05
-3.37289592616293E-05
-1.82778358823822E-05
-4.75253053391204E-06
4.52194517806494E-05
6.47448702464797E-05
4.13833303661106E-05
5.3035266902161E-05
5.28600051136344E-05
-1.18905482145946E-05
-5.04476446148365E-05
-2.88266856404657E-05
-2.63603510864694E-05
-3.83290440548401E-05
-4.56597993139821E-05
-0.000126939704559657
-6.8825675598933E-05
-5.90835276923212E-05
-0.000142650652411863
-0.000144328002884948
-0.000120907589667369
-0.000108477842446686
-4.80674067789633E-05
-9.74009089821297E-05
-7.36915487244162E-05
2.83892188097688E-06
2.80590675839218E-05
-1.24739894856807E-05
-7.39629693591716E-06
1.62254706250346E-05
2.53833349342361E-05
-2.94096728827365E-06
-2.52573226583182E-05
-5.65708174398354E-05
-4.113372769375E-05
-5.53830831765392E-05
-4.23938613592575E-05
-3.82854305406078E-05
-3.12524935540365E-05
1.27909023955377E-05
-1.54444812755833E-05
-5.81303647243694E-05
-2.82480689117781E-05
-2.16017378079009E-05
-5.26549354137798E-05
-5.54101680232389E-05
-7.15220138525684E-05
-1.25434129718528E-05
5.18330443351421E-05
3.65221768253898E-05
-3.75938423510532E-05
-1.57849394786882E-05
-3.7276411521095E-05
-3.64209779618401E-05
-2.16641105097561E-07
-1.99887502287489E-05
4.10895437935414E-06
6.59446581105446E-05
1.26517641277747E-05
5.31130391571928E-05
2.19383481433721E-05
-4.26693061688391E-05
-3.76081024657787E-05
-3.44358911469859E-05
-1.93080272328067E-05
1.58582291788425E-05
2.49700675597069E-05
-3.07391751843269E-05
-2.52097089207668E-05
-5.48375541075794E-05
-0.000101784161332146
-0.000130384815937417
-0.000104760741827572
-0.000167208443993701
-6.60281516520808E-05
-4.41383707896315E-05
3.70085869671357E-06
-3.5399907600619E-05
-1.37674259621179E-05
-4.76236946927512E-05
-2.87993968078073E-05
-7.65362462278296E-05
-9.98227546872041E-05
-0.000103000742378419
-7.11865433027067E-05
-7.2390869343444E-05
-2.01151116945031E-05
-4.5463469166645E-05
-8.85729510387661E-05
-4.24613682358053E-05
-5.33042562902211E-05
9.530372369354E-06
5.18930396600783E-06
-6.28361809276086E-05
-6.56008632829255E-06
5.77900498264776E-05
3.23106254534404E-05
4.36988272393551E-05
2.67635822101829E-05
4.33534348569308E-05
0.000107781586292111
9.87071365963984E-05
0.000123434890555005
6.64579854882114E-05
5.27820533022538E-05
3.73354834923613E-05
-6.63218382926201E-07
1.23663724015191E-06
-6.07429532255047E-05
-6.16553676072208E-05
1.91174217705273E-05
2.58886166196481E-05
1.75086048615124E-05
3.2351221333204E-05
1.35453056693948E-05
8.25440165102966E-05
6.5353132157429E-05
6.65210140162039E-05
-8.30602168588013E-06
-5.52619686942377E-05
-5.31367669194323E-05
-5.68856545590169E-05
-0.000116309180011005
-0.000134277178467563
-0.000164077123200113
-8.67358878738246E-05
-1.12463902399684E-05
-4.7816644140414E-05
-5.78927320689346E-05
-7.00395323900388E-06
-3.33280589228474E-05
-1.99765255548553E-05
-2.99638044920916E-05
-8.42270268952542E-05
-1.91004914099146E-05
-6.92059338004849E-05
-8.00273265677944E-05
-2.37608998351235E-05
-1.00449923691906E-05
-1.90275216793155E-05
3.65705840868979E-05
6.58902631758417E-06
4.97632754656044E-05
7.62044775083931E-05
-1.15775356604891E-05
-2.95250276355895E-05
-2.09986724929576E-05
-2.74357754472499E-05
-1.41643073105305E-05
-2.93829892349287E-05
-5.91706841126494E-05
-3.0905932378929E-05
2.23212980695026E-07
-1.13343409488466E-05
-1.80854348414919E-05
-3.43072365113486E-05
-2.57083422819066E-05
-5.24833531935626E-05
-1.65257972320855E-05
-8.24545959215101E-05
-5.98109643874724E-05
-6.22315959007951E-05
-0.000113026130716193
-6.44490359403662E-05
-1.42225696987114E-05
-2.50109009075562E-05
4.77065202854448E-06
-1.92045386349276E-06
-8.12097534323821E-06
5.90848459761555E-05
2.01744590596215E-05
-2.74932817031779E-05
-1.40207510798867E-05
1.23343776525209E-06
-6.26867227351754E-06
-2.72523056335192E-05
-3.35170957677217E-05
-3.71079414720101E-06
6.49717888663918E-05
7.90892362511875E-05
8.17003763308056E-05
7.00247172418956E-05
9.75752596909408E-05
4.43472225861625E-05
6.55145159284877E-05
4.05675384546278E-05
-1.02348587348789E-05
-4.70207102245479E-05
-1.47541887648659E-05
-3.84338103322839E-05
1.12526571368346E-05
1.42344693795499E-05
-2.02677411364322E-05
2.36017167296892E-05
3.82793911354455E-05
5.38326646888101E-05
-3.56084255343969E-05
-6.4845606294993E-05
-9.80685449451868E-05
-0.000132207545243062
-0.000161841742242911
-0.000110676569308208
-0.000144880798672099
-2.79280044734757E-05
-6.27182431934771E-06
-1.78480139513212E-05
4.10942460177014E-05
9.39700074344077E-05
3.80203934112461E-05
-2.66535281331222E-05
-8.92782479401964E-06
-1.08742927914736E-05
1.83385234098344E-06
1.33473185663998E-05
6.66480729492606E-06
1.31503857804684E-05
3.99509669567529E-05
2.17231390176609E-05
4.15687169451055E-06
2.25128014317012E-05
1.17939249718088E-05
-9.72201575020751E-06
-9.59913584982888E-05
-3.63872535785354E-05
-2.72807035032199E-05
-7.91243945159142E-05
-8.88692731368155E-05
-3.8133178068114E-05
-5.37146954135001E-05
1.79965107927161E-05
4.30675761738506E-05
8.16927709532354E-06
4.03931512859894E-05
3.10236156850405E-05
-1.43081796229357E-05
-7.78461658198289E-05
-2.25192173543401E-05
-8.2536231884142E-05
-0.000103429776697317
-6.463056965779E-05
-5.0062339647139E-05
-4.07283935152567E-05
2.38224427513275E-05
9.06694213200089E-06
1.66469379314002E-05
3.55922445454026E-05
3.87328077777856E-05
5.37029818004529E-06
-9.70566795569004E-05
-7.85629310581929E-05
-0.00013105415579521
-0.000112707167161014
-9.10728085177582E-05
-0.000100332642943783
-7.30852846997842E-05
-1.60981816804174E-05
3.37761188309127E-05
2.43856997092638E-05
2.32377616407992E-05
-1.33649275763969E-07
2.93394972574828E-05
2.34687616571436E-05
1.31603195158143E-05
-6.63446766406921E-05
-0.000102743054933149
-7.99732155754341E-05
-0.000128496640611467
-0.000128809150801835
-0.000119146003249592
-5.61218830139419E-05
-1.98385916063801E-05
4.83517309250194E-05
1.51550612212316E-05
2.94418350947769E-05
-6.79984374799166E-05
-7.47650313993782E-05
-9.92940210377418E-05
-7.71099516564896E-05
-8.98513386415377E-05
-7.76928585332348E-05
-4.51123418888685E-05
2.57348131185663E-05
-5.39784578464329E-06
7.97913883194624E-06
-3.25684258188816E-05
-3.81791336780875E-05
-3.4300134494158E-05
-2.28027942766491E-05
-9.09973226044688E-05
-5.27190774204132E-05
-5.13580788047327E-05
-3.91611474805603E-05
-3.34261195497776E-05
-5.43728914509285E-05
-7.33756971284533E-05
3.24021394524619E-06
-3.34006476656003E-05
-4.32260041307188E-05
-5.98033331540781E-05
-6.31779368818049E-05
-7.25452276793381E-05
-0.000108044615301028
-9.87877594767549E-05
-8.77275792404912E-05
-8.59124121487026E-05
-6.45662742612641E-05
-6.30436086911312E-05
-2.5930578798888E-05
1.58665326550866E-05
-6.22640914354845E-05
-8.08273058460147E-05
-0.000117829981478972
-0.00014960936217831
-0.000165788913442287
-0.000180890866147023
-0.000183280883487178
-6.48517336207898E-05
8.29702373761865E-06
4.54701417010506E-05
3.64751833898397E-05
7.22637769447039E-05
0.000125040284811493
0.000177187714360775
9.89320578344251E-05
4.58151595804942E-05
3.91528558171727E-05
8.46260966757572E-05
5.02105870013643E-05
7.11494666634212E-06
-3.21858917368789E-05
-1.72350350937519E-06
1.45226830088062E-05
8.87855395951514E-06
1.95753433745554E-05
4.83354857814296E-05
2.06341426673694E-05
3.77716547491846E-06
2.84265080283068E-05
-1.88885575222182E-07
2.06121577429409E-05
-1.52023499020345E-06
-6.84339058010573E-05
-5.22435184145671E-05
-4.29965354489196E-05
-9.8028849654495E-05
-5.77119045437094E-05
-5.49905302122838E-05
-8.8353535313835E-05
-3.58701941178077E-06
-5.27927262432238E-05
-5.37883790819279E-05
-1.25309086723079E-05
-9.9959853572423E-05
-0.000151782035679976
-0.000141027981717912
-0.000156563791357441
-9.75396733228356E-05
-4.82762761286994E-05
-8.73514928761587E-05
-7.27553730901904E-06
8.01218779103282E-05
7.24349174527019E-05
6.01119679239296E-05
5.48639136575103E-05
3.34583238682846E-05
4.49594438510433E-05
1.66935882970937E-05
-5.50205836816081E-05
-2.66927932903222E-05
-3.43923509867459E-05
-6.26050138682964E-07
-6.45691960340725E-05
-6.55044768445087E-05
5.72535368586693E-06
2.90835541029748E-05
5.29885917597694E-05
5.49875559521471E-05
-6.53745563822493E-05
-3.52094237050284E-05
-2.28337063132039E-05
-7.26406881149733E-05
-6.44443167775832E-05
-9.29713297807409E-05
-2.32856907239478E-05
5.45962152156884E-05
5.75766424962989E-05
5.71518210385024E-05
6.85012117641039E-05
5.68708744107296E-05
2.00346629169563E-05
-2.66976098739286E-05
-6.02316330925099E-05
1.04912643100162E-05
-7.11856248109639E-06
-0.000114543766602035
-0.000114718093538532
-0.000100183370188001
-0.000126280167425212
-4.48235976084384E-06
-6.24756459279213E-05
-4.45270396781953E-05
-4.15490072097173E-05
-3.13796028765366E-05
-9.76506999662509E-05
-5.77326762059302E-05
-0.00016015178652119
-0.000175891934921937
-0.000151132973823249
-6.80987988857222E-05
-5.8823031854693E-05
1.88593968387849E-05
-7.48234851363974E-06
8.17158628133892E-06
2.49114320959031E-06
2.72233288650112E-05
3.33046561165758E-06
-1.51905876333602E-06
4.22882538316216E-05
4.00622715491769E-05
-1.41732089096565E-06
-2.95932973706952E-05
-0.000103034677058129
-3.50882215592271E-05
-4.60451737080561E-05
-6.17621436573646E-05
-0.00011553427662254
-0.000101018422896654
-8.87876022964018E-05
-0.00012240215510236
-0.000192208142190842
-0.000207114797190224
-0.00017422656456744
-0.000145700890627555
-8.27452849307706E-05
9.85518736390509E-06
1.18216009024346E-05
7.37228767976302E-05
8.57191476763964E-05
3.6521866006544E-05
0.000103089974754026
-1.96366327300354E-05
-6.08710821888913E-05
-2.93580390841739E-05
-5.57180463299E-05
-5.12316022176386E-05
-5.38664871861319E-05
-9.14906620676589E-05
-3.73650438422907E-05
-2.62801598300286E-05
-6.63092406863997E-05
-5.51297095483134E-05
-3.38893599865141E-05
-3.11244628194235E-05
-3.22086949135486E-05
-2.64889951594414E-05
-0.000137787089763752
-0.00010406684037407
-9.01825902691791E-05
-8.03922597430296E-05
-7.53642980963763E-05
-5.52868942558997E-05
-7.85334304516128E-05
2.15846754208647E-05
6.49193770790717E-05
2.83111472393024E-05
-1.70147992365373E-05
-4.05096964732652E-05
-6.31915084883547E-05
-2.87897298244799E-05
-1.04494151738309E-05
-2.51457286958938E-05
-4.11909332045996E-05
-1.67987138003549E-05
-4.9411981807857E-05
-2.32877439337346E-05
-5.81091251023359E-06
-4.66505003565087E-05
-5.29921211133705E-05
-1.12219997696857E-05
1.70502591439224E-05
-4.61324110838252E-05
-4.23326694107118E-05
-6.91421419394167E-05
-2.5110629171586E-05
-5.47692025251465E-05
-8.79437344652324E-05
-0.000121670007936701
2.81393254573332E-05
-4.64628197934061E-06
1.24798052150615E-05
-2.23592592438999E-05
8.39920137528286E-05
0.000103031991158623
0.000111614850629494
8.70234572725573E-05
0.000116775102707381
0.000117025351710417
0.000145954090288439
7.96641894809554E-05
9.28372563947416E-05
3.51951544604263E-05
1.8787872195663E-05
2.97899618168003E-05
-5.30154608800709E-05
-9.54678001391819E-05
-0.000111194766060274
-0.000180398260840756
-7.86274977672637E-05
-6.28841155407505E-05
-9.27390477600488E-05
-3.35280403660259E-05
-2.20858463312833E-05
-5.59470020229835E-07
6.93007185868795E-05
7.46592593180185E-05
5.91659924227941E-05
4.09341826226355E-05
4.41499537341389E-05
6.11717627056025E-05
-1.18562254952052E-07
-7.88116156556099E-06
-0.000116963749583052
-0.000113086538574448
-8.20628174261868E-05
-4.05967045549936E-05
-3.44720091838628E-05
-1.34853421808941E-05
-2.39023410128022E-05
6.98458526357869E-05
0.000126325080185239
0.000102433860450767
6.87888495899554E-05
-6.81409419737383E-05
-2.03339345992318E-05
-4.43141054421576E-06
-2.98044057649549E-05
-6.65192795381655E-05
-9.5242277385637E-05
-7.23313919960342E-05
2.41630307752852E-05
4.8690463646773E-05
4.82158454523222E-05
2.75397823120969E-05
6.59947191091152E-05
5.01413675022484E-05
5.00709148486613E-05
9.93358640859642E-05
5.62669366583017E-05
5.25730728506659E-05
5.00590964487252E-05
4.22514516879876E-06
3.81420315206368E-05
3.77753576841309E-05
-1.34515027193594E-05
-8.71749492619074E-06
2.50797083103377E-05
2.96509043267142E-05
3.16491466088645E-05
-7.1921493270774E-07
1.4942265723631E-05
6.78788180276253E-05
7.73563988703825E-05
3.38328366322127E-05
6.61978589647696E-06
-1.83336658419956E-05
7.36268090450844E-05
3.83001034843671E-05
2.90381560628379E-06
-2.41087125975081E-05
5.27396828036865E-06
2.15824303699889E-05
-3.11010784016615E-06
-4.24527101245477E-05
-2.72507075950493E-06
-3.05824736757234E-05
-7.08357601431958E-05
-9.51101925937517E-05
-4.03803960489864E-05
8.66998841515465E-06
-4.11632384903259E-05
-8.68082896077243E-05
-1.46606338568249E-05
3.68105476637127E-05
-6.8437313863412E-05
-0.000127814777462538
-0.000170342549957664
-0.000106777566087359
-6.68238538749889E-05
-0.000144915788183619
-7.90452561942301E-05
1.73914685770823E-05
5.85248517949216E-05
4.6793597549674E-05
9.33455523757581E-05
9.01927037044852E-05
0.000141195454165356
0.000100590590914915
8.08099651510011E-05
4.05960910641896E-06
4.12729660319415E-05
-2.96475511868825E-05
-8.76827643056873E-05
-0.000106975477936143
-0.000115710236103512
-7.17692927583204E-05
-5.00599982482046E-05
-9.53621468648136E-05
-6.42225141684806E-05
-1.99418940149719E-05
-7.9549083729459E-05
-0.000146192211058046
-0.00017350000570178
-0.000160358856752008
-0.000140600376719824
-0.000159410753273053
-0.000223146573176113
-0.000219302384869411
-0.000142334992262026
-0.000108553253599982
-0.000127236830269415
-0.000122964326902493
-0.000168198133385459
-0.000161875909055403
-8.463603865251E-05
-0.0001370659518611
-0.000213678738526381
-0.000215228300830262
-0.000194479053524546
-0.000162658627889687
-8.04913517519593E-05
-0.000135417421444184
-9.67966684509522E-05
-8.6603168172212E-05
-8.78277514224427E-05
-3.32062454743231E-05
-9.23443143337377E-05
-0.000119183493290213
-6.1590559297195E-05
-9.28755358308661E-05
-3.0933769854643E-05
8.91184583271682E-06
-9.4047576604649E-05
1.05318175132134E-05
-7.52165860884996E-06
-4.27110648834124E-05
-8.70192392509877E-05
-0.00017746112879101
-0.000199845163208488
-0.000150180567793288
-0.000164389576063314
-0.000185583109634197
-0.00017640199224975
-0.000114835838728058
-6.17619684045293E-05
-7.37573559504615E-05
-4.56152736463612E-05
-6.56538495566042E-05
-5.75726493073409E-05
-5.40150954100129E-05
-6.76528091171354E-05
-8.03210430030365E-05
-0.000134013635015258
-0.00012106655857788
-0.000102767833533963
-7.42221035821622E-05
-6.35843509193094E-05
-6.40653811640782E-05
2.4407842845598E-06
7.25231551683755E-05
5.64545252762512E-05
2.37309919218893E-05
2.75577737444277E-06
-2.30119404079775E-06
-5.50697202564037E-05
-0.000114207494866266
-0.000127905274661816
-0.000117365778250973
-0.000105445216582189
-7.60910884298622E-05
-0.000107591991866916
-5.89886011292588E-05
-4.71207295445269E-05
-4.29730410886708E-05
-0.000167767843353372
-0.000153644831901152
-0.000192126637175444
-0.000160731191071146
-0.0002865054617366
-0.000239729252193181
-0.000210382583419265
-4.96702222166226E-05
-5.68920725930514E-05
1.15472364226771E-05
-1.35088575374444E-05
0.000112425084834862
5.97684546336761E-05
4.94422950012782E-05
-3.40348251023733E-06
-1.77145345011883E-05
-4.44863664981897E-05
-1.44832669549451E-05
-9.84180001670805E-06
-2.48608011458524E-06
5.3134170609184E-05
1.94703161680592E-06
-7.78206288471494E-06
-1.32232506009353E-06
3.2113264757013E-06
1.60638462032145E-05
3.36387141169552E-05
-1.70954448435025E-05
-9.50004373695798E-06
9.44025559752589E-06
-9.99167258952867E-05
-8.61950199686512E-05
-8.57091826793713E-05
-9.51054959315449E-05
-8.21463370887767E-05
-2.46437567170158E-05
-4.60577015034682E-05
8.60750813466914E-05
3.328381028132E-05
7.72570811620742E-05
5.87807880518843E-05
5.27408108557284E-05
2.84766055066779E-05
3.97857707033999E-05
-2.22157418253079E-05
3.13112690571697E-05
-4.49485705899737E-05
-2.84382865138241E-05
-5.29705056386725E-05
-5.46320675884815E-05
-5.29862293640685E-05
-8.51610484098171E-06
-3.23255358105888E-05
-1.73074466915529E-05
9.19766719118322E-06
-4.49594230952475E-05
-0.000123538412881412
-0.000166502502017841
-0.000178449157971704
-0.000143304926049918
-2.6853752892116E-05
-2.79751535239351E-05
6.90980769873172E-05
0.000175736910705918
0.000203198579379666
0.000176720468086604
0.000138171501406653
7.95552347061415E-05
2.735856868222E-05
3.44606866426884E-05
-3.87722154255025E-05
5.38835124015909E-05
7.61290254565297E-05
7.80807970709981E-05
2.66638591541754E-05
3.1186147891848E-05
1.84568211784289E-05
3.97030712167319E-05
-3.40753444216532E-05
-9.91923991125762E-05
-0.000123487353720134
-0.000243563268236789
-0.000320951895003526
-0.000282561793961433
-0.000267876536209053
-0.000307090795218985
-0.000174281900253327
-0.000217169147804721
-0.000110007168445124
-4.62985031385502E-05
-0.000160337120694803
-0.000146092228401632
-0.000101069789279933
-0.000215162748800498
-0.000163401087370936
-0.000147962624010932
-0.00012600299373306
-5.74663183737569E-05
-8.96149706777424E-05
-8.57766517645461E-05
-7.87470609575474E-05
-0.000104642653565369
-9.11647219336793E-05
-9.38431725554362E-05
-0.000125161855189126
-0.000108550819816454
-5.23868151491121E-05
-2.28453037260921E-05
5.71809319861575E-05
7.32733358282515E-05
6.59900404501971E-05
8.81239645299815E-05
8.88720683930372E-05
2.86523049571684E-05
0.00010982390162441
3.85218717310883E-05
5.47801048331544E-05
8.7904198206761E-05
8.76398734069193E-05
0.000101720192324263
5.90543793279292E-05
6.68724957108895E-05
0.00010133140212293
5.98881354566323E-05
4.61488754894869E-05
0.000108910016876756
0.000121894491182578
0.000195793295588332
0.00016589950833354
0.00015980854075654
0.000187421144490274
0.000151595575097915
0.000109107517358525
0.000165767020543105
0.000193851845258488
0.000212638093629354
0.000221668255763799
0.000259281185848527
0.000294066857567774
0.000322386091251131
0.000331938024020704
0.000370400717360211
0.000298671733572166
0.000294707755030273
0.000236343511369349
0.000237912744808493
0.000183053072180927
0.000100457989261643
0
0
0
0
0
0
0
0
0
0
0
0
0
0
0
0
0
0
0
0
0
0
0
0
0
0
0
0
0
0
0
0
0
0
0
0
0
0
0
0
0
0
0
0
0
0
0
0
0
0
0
0
0
0
0
0
0
0
0
0
0
0
0
0
0
0
0
0
0
0
0
0
0
0
0
0
0
0
0
0
0
0
0
0
0
0
0
0
0
0
0
0
0
0
0
0
0
0
0
0
0
0
0
0
0
0
0
0
0
0
0
0
0
