0
0
0.00375768503565707
0.0032228769615516
0.00417396719607937
0.00346006346043834
0.00482274639771827
0.00218078868175611
0.002055264023951
0.00195039663486182
0.00155584396824975
0.00180883755513553
0.00164287754015154
0.00150669232722549
0.00172552671831098
0.00156674097184248
0.00162025859755341
0.00138460128837962
0.00127405786619877
0.00140578780398962
0.0014837641792363
0.0014813861827093
0.00133087376948015
0.00172430844434774
0.00146152598825963
0.0013567182941862
0.00142002375334621
0.00132418226349417
0.00134792366690503
0.00155445745456947
0.00160626272011743
0.00144452111847357
0.00157244837650334
0.00135470058976886
0.00115352980504502
0.00116938398951694
0.00137353460720781
0.00131292135209316
0.00124879769560425
0.00113529249939634
0.00125072887750036
0.00131005749669803
0.00133016920809303
0.00112651142613149
0.00110468550463609
0.00105224388505903
0.0013263456432933
0.00123888694891863
0.00130890481191925
0.00124004483084149
0.0011801884070521
0.00132415577673299
0.0013203766504248
0.00143803410675156
0.00120625954278007
0.00116182577574051
0.00119341618434066
0.00120517011297076
0.00132726084790633
0.00128562806833966
0.00103791002095086
0.0012664427894146
0.0013896841830575
0.00155364920410351
0.00124024558114256
0.0014482755943291
0.0013526924034994
0.00134198036635864
0.00106174986495214
0.0011589844100637
0.00152260273400241
0.00126957458057889
0.00132088619698754
0.00115009781267997
0.000992565806346773
0.00112686313999094
0.00110931940270718
0.000983467818355124
0.00120972905707718
0.00112859679716699
0.00133500865499076
0.00105415023333434
0.00113923230194552
0.00121700051651123
0.00110503189815865
0.00103665411739331
0.00116721810396693
0.00117992946358106
0.00111213951883543
0.00119160551911794
0.000959320764025008
0.000994689697677031
0.00105648577546164
0.00110363959980671
0.00116005021393231
0.00124135906448433
0.00108424758198754
0.00105555591743677
0.00108084039571836
0.00108092806638597
0.00112466247404468
0.00117439649594586
0.00121684225620622
0.00153211042115941
0.00110464246761051
0.000996363584775532
0.00083670021681114
0.00108645983939129
0.00106563370651456
0.0010083355092426
0.00101262422160774
0.00113028378284056
0.00105059870254553
0.00117542695394602
0.000986733446668776
0.00153710820498803
0.00117260386295714
0.000870909649600679
0.00106985095548437
0.00108460501053492
0.0012241535421559
0.00127807564670069
0.00105899562598557
0.0012853397763742
0.000981022761813174
0.00104437283882311
0.00121587429082926
0.00199424785295562
0.00123883661608035
0.0019188045625621
0.00124248173437047
0.00104139740548926
0.00102169974000513
0.00118082972586613
0.00109422573033165
0.00112939260943157
0.00112835131539836
0.00106567349770119
0.00100410943862267
0.00108212349269279
0.00112995223157281
0.00111068198016407
0.000931598456372846
0.00104184282286287
0.00113426038121455
0.00110409378900889
0.00103295094729691
0.000981117969903088
0.00125996274279329
0.000974757683893464
0.00101269482627671
0.00131048108371572
0.000955732534437896
0.00085269005938428
0.00112832191095518
0.00106024304924632
0.000899403026235227
0.00102226528418918
0.00113849097791692
0.00107487669331144
0.00102561368511418
0.00107884547639547
0.000982607310011916
0.00111150288259294
0.000935490744714954
0.000996962952591232
0.00101593157658796
0.00136878864060929
0.00105543217052667
0.000982991837215397
0.00120813652266655
0.0010396976161372
0.00111965942349044
0.000828174350970229
0.000913283588725532
0.00100123234622231
0.00111646628021341
0.000914935617564925
0.00108940596506108
0.00124392708512087
0.000954955436549472
0.00097550313898284
0.000955735985016469
0.00105626541194324
0.00109009840949375
0.000937823168451554
0.00100586751139636
0.0010623571264162
0.00107640387561995
0.000859636419438429
0.00106731181209368
0.000916583065235047
0.00112346596388492
0.0014890730857573
0.000965446635612277
0.000917263324400056
0.000993867099009826
0.00110090318560091
0.000996617934838158
0.00111733017902268
0.000924052775976994
0.000813674272925883
0.000926252465170322
0.000812992529097187
0.000985835704037911
0.000830251412773316
0.000956159131269522
0.00109729625047596
0.00113056660844023
0.0010782139666854
0.000816395779738878
0.00102580340151091
0.000935387064254751
0.00103612783593516
0.000984528669195716
0.000890614439024112
0.00111332695887676
0.000804775837992165
0.00114336832581501
0.0013404964197942
0.000894426582764739
0.00115482629995451
0.000972934147650628
0.00103532870295028
0.000907948544437255
0.000982645684443194
0.001078527402302
0.000957720465032546
0.000857119344651055
0.000931420180719529
0.00118972938075634
0.000860924964776401
0.000721739938710589
0.000937224409719197
0.000894251560434423
0.00105160319010045
0.00104584881177611
0.000766291250636507
0.000873862905600274
0.000886128767063182
0.000895137741987755
0.000849600695660223
0.00104290808641275
0.000951310351865637
0.00072852261553602
0.00128958432643902
0.00107650010953359
0.000864387290547492
0.000898468238324675
0.000859780370954627
0.000913595977974765
0.00101234620514176
0.000928464922779586
0.00109673644524374
0.000859314805656845
0.000896792519901363
0.000852952100794582
0.000739889286659162
0.000942521200731046
0.000899092236464938
0.000882079652494253
0.00105290962439805
0.000961935803347646
0.000999705999883952
0.000966926741101385
0.000927156401393224
0.000817611044848697
0.000718827242754726
0.000818682526592255
0.000900609777168075
0.00116158291999753
0.00100274616358196
0.0008380484407183
0.00085508835373359
0.00078641655952837
0.000903609401584303
0.00086280683733047
0.00100701085593997
0.00102291431107602
0.000925199506728409
0.00100439120248605
0.000854790274147704
0.000887597132985527
0.000950435523180491
0.000974121214348548
0.00103814868146059
0.000977162715247214
0.00083783367815487
0.000841235548556982
0.000941752201528019
0.000765525688322693
0.000905815128720714
0.000831732996554383
0.000707675264998828
0.000744175510312928
0.000965654304882253
0.000922220565838642
0.00090494532468434
0.000840398864337468
0.000775949955885421
0.000845420541163772
0.000742837024891581
0.000997757556462155
0.000806331269147391
0.000863001792101647
0.000753802760191616
0.000837947108402717
0.000790748213445981
0.000816707784577858
0.000790198763444605
0.000788356294826336
0.00089457372676263
0.000799347291400775
0.00110534632728205
0.000843860588220885
0.000881237029270637
0.000877168335326314
0.00109658929651537
0.00104230523116089
0.000860536506539356
0.000784548055703093
0.000811159833134473
0.000920127396867633
0.000939876429462314
0.00152595561712772
0.000914749301131834
0.000683790450051076
0.000875796209018445
0.000934310516597095
0.000748048215224676
0.000771205795405634
0.00080484170553466
0.00089267763011977
0.000993430682696488
0.000754648178190016
0.000804641628765723
0.000972491746169384
0.000752014654382803
0.000937328573900244
0.000819847153173564
0.000985210502212326
0.000780915068471235
0.000823909354411484
0.000884002765023036
0.000922438416686592
0.000863514019241628
0.000899562229278537
0.000938971168294773
0.000857450415211048
0.00106408540395557
0.000851096467884444
0.000841712546250909
0.000919082770067923
0.000877643753722367
0.00106332441735353
0.000894159300342819
0.000914886583276906
0.000828073122241009
0.00110850649942176
0.000919128547584539
0.000965658167092695
0.00089992355752782
0.00108294664889977
0.00111851171081249
0.000896120796565673
0.000944465157834306
0.0011539203044128
0.000820170621885726
0.000705866476931688
0.000966920114861354
0.000933070388462551
0.000917412347542906
0.000860747426951338
0.000889690088809764
0.000893480499099904
0.000824843458086099
0.000821279454983023
0.000836102062478448
0.000830518815885973
0.000824116236548424
0.000746245356836035
0.000726044557110125
0.000807718339531356
0.000942994463935016
0.00084933366360184
0.000791175318452092
0.000871365691549008
0.000745381011834454
0.00101545049135876
0.000936040277129664
0.000788872820737893
0.000878193349219206
0.00193285183330937
0.00102407949108242
0.000863907205701536
0.000857471189614004
0.000923313161831977
0.000920442470632273
0.000915025902413279
0.000929000540942301
0.000872209505057006
0.00086390316567431
0.000728500916785984
0.000873867349306482
0.00095401641372278
0.000848474979899547
0.000801882596944711
0.000912915044984577
0.00117382018527916
0.000889840387907515
0.000893190944659419
0.000927471354249441
0.00110487481191673
0.00104775507296073
0.000920370651548696
0.000846074049946711
0.000835439163743396
0.000846182902714669
0.000907981112338124
0.000782552285455704
0.000947127682773676
0.000866235438892879
0.000757776033099395
0.000802618363659147
0.000931035223851129
0.0010042587134959
0.000844207828787365
0.000856976555840915
0.00105238870893306
0.000900913159843491
0.000907812126655221
0.000842671172845377
0.000970093449067699
0.00107943658196963
0.000895688259196876
0.000855047871213083
0.000851226276955025
0.000815309495838132
0.000750251159950485
0.000866307185555187
0.000903521843503114
0.000806743298315713
0.000901947097954386
0.000899281183844893
0.000869039424248716
0.000781083130201726
0.000904351915702681
0.000860225421129837
0.000902351156284914
0.000970943070783542
0.000795514779847898
0.000804248522580999
0.000822890780485253
0.000981231703378607
0.0008403790166585
0.000885446250758845
0.000936778328949445
0.000774357923687342
0.000879020611966885
0.000800330100172218
0.000852725469411068
0.000812114722684777
0.000762365271576468
0.000945392706025434
0.000838401244430429
0.000932345147860198
0.000885836348601031
0.00085926108580383
0.000888813312125307
0.000831931398301243
0.000822048876032991
0.000765823545170027
0.000798704844962779
0.000899828649346983
0.000897178423681556
0.000820759796851487
0.00068453843825717
0.000970253683272588
0.00107696523264887
0.00076052974565006
0.00096101224207661
0.00118985910125522
0.000798076996643408
0.00077272751872652
0.000794426397216825
0.00133332495172046
0.000877807745521181
0.000811932148441876
0.000909521527823604
0.000926454986337418
0.00079832536105345
0.000878433653769637
0.000877698200395362
0.00074534703496096
0.0007494925991711
0.000845230911539878
0.000797797910665093
0.000870416607464174
0.000835294431523187
0.000994980605651302
0.00102395287770762
0.000720255631481038
0.000762416898432427
0.000846933013292423
0.000801873729257784
0.000768845112909143
0.000798306319989493
0.000912664302153352
0.000765890706758934
0.000831054124495726
0.000854477219337018
0.000868765269774645
0.000847090953821698
0.000843227519308734
0.000871760743519918
0.000878781427032194
0.000933857532714713
0.000882421023515905
0.000779397548353664
0.000770821290660858
0.000903274677133663
0.000805726336154755
0.000748182713553113
0.000978848127414173
0.000738209756836413
0.000796574800535872
0.000708230892526181
0.000922305906713279
0.000678709695619789
0.000907269128571224
0.000981554279010336
0.000720592985599409
0.000904530513543178
0.000685662047553098
0.000828504690217735
0.000736851208748586
0.000780679543419152
0.000943993211035657
0.000655636815364313
0.000914854226287631
0.000747175648278279
0.000866019311685171
0.000839267334664392
0.000986121156365002
0.00103499046492119
0.000873379706629443
0.00085063796681727
0.000893067088091097
0.000946160139920289
0.000868518158937524
0.000896102095151901
0.000800243926520004
0.000978779155559852
0.000794092407201955
0.000873394503101747
0.000856328079620515
0.000924998803336177
0.000945959289441059
0.0008405252595732
0.000847376064244325
0.000827949153204549
0.000785614978900025
0.000785254804431688
0.00087842205632368
0.000787656228106183
0.000845980003556764
0.000781745993401712
0.000683600430860703
0.000978736096023114
0.000908484554260083
0.000933384393762412
0.000993915107120424
0.000793646385693904
0.000805725522995777
0.000799940884997536
0.00075730113789373
0.000777053840668331
0.000991497976597012
0.000828564722369738
0.000893682342204617
0.000866121734504551
0.000770833967158312
0.000826845747932219
0.000801932263044313
0.000919994778015279
0.000692958684426022
0.000857973527107936
0.000895072734595368
0.000765787885680573
0.000795058537832033
0.000782303262299967
0.000874647203594696
0.000925497049428241
0.000836338265004356
0.000922053268975803
0.000916495875406605
0.000926760365257966
0.000896160823981335
0.000839569410499789
0.000818035080748577
0.00102123688299551
0.000885485608714106
0.00078829797549515
0.000812774511506788
0.000765288463324209
0.00114570466916222
0.000778385239764591
0.00083789017555577
0.000804116700292528
0.000869928944289629
0.000804145783131784
0.000834446995247641
0.000786877053684854
0.000784629632882328
0.000730975662156562
0.000705270188282365
0.000893420329642439
0.000895013011337381
0.000935051135123803
0.000841169277247222
0.000678079717846615
0.000854078426161177
0.000790041477684101
0.00098696612510397
0.000855218210539261
0.000885812385322807
0.000831027877938137
0.000887399873201175
0.000780922162289934
0.000792585571130285
0.000835809408846605
0.000798430907457622
0.000840387772517216
0.000928374410794941
0.000838391900260347
0.000867570728224488
0.0007168505743146
0.000884902083337128
0.000721711927212168
0.000661451105829862
0.000814397101424688
0.000764112223561289
0.00087224728809543
0.000787752422082565
0.000771812081953107
0.000855935348131426
0.000678625707485575
0.000754342324764629
0.000753517070237102
0.000708064860489664
0.000884768261391108
0.000960421480514848
0.000734667032776204
0.000708965417092731
0.000763301574339988
0.00085077832664539
0.000829752660527936
0.000842675389038368
0.000886917908446584
0.000803973000482486
0.000679858202394721
0.000799323147659439
0.00092425472344862
0.000863359629709842
0.000678165847838875
0.000745355360120583
0.000846692770250232
0.00081905318060911
0.000982216121176957
0.000744396671216254
0.000776349630019302
0.000872936646895119
0.000675958502428441
0.000855651926112945
0.000768902461326357
0.000748722493271247
0.00079570501592625
0.000889228811609151
0.000820523524912392
0.00112225772730133
0.000752462459997064
0.000865290965544506
0.000773866354290982
0.00117523194248243
0.00077761609994629
0.000849326344360949
0.00079192340837065
0.000738404066949598
0.000858849297530669
0.000851308710870754
0.000794749170596811
0.000840816278805659
0.00076964673829572
0.000860560687629718
0.000842594656500443
0.000828672299011073
0.000830625284007018
0.000802933348916699
0.000741889289271502
0.000900990301734528
0.00094107200547847
0.000935531338828543
0.000841812291204923
0.000842024717221152
0.000952597865569562
0.000955470165713641
0.000802608802795694
0.000888130594647918
0.000868950260653249
0.000861560018666197
0.00078882308536722
0.000749036366688201
0.00156452567022904
0.000891727020051673
0.000760998723930323
0.000858892961172121
0.000706712597361339
0.000761133302804918
0.000858036776426379
0.000812288256569217
0.000931032142251347
0.000709315022829519
0.000905537206643458
0.000800070080233882
0.00109892962925218
0.00102249085389952
0.000871318675805392
0.000898886008817726
0.000678815132556871
0.00115737618483074
0.00111323101885353
0.000811925695964526
0.000793372272041281
0.000844861639669964
0.000774129981747034
0.00090625436831607
0.0010627964574732
0.000849634810256188
0.000885830630384389
0.000821402799553194
0.00073354680214064
0.000817056401880436
0.000874020485671724
0.000830700569782033
0.000807041266996291
0.000755681675174947
0.000767649895727838
0.000672172714391595
0.000821238271640878
0.000855724629269495
0.000823632037648709
0.000869338244862754
0.000766631408561442
0.00106589972420152
0.000830016664366147
0.000827120746630316
0.000715031782136218
0.000777332777179468
0.000827695099752927
0.000877938976416046
0.00084748426057124
0.000888319618827478
0.000880771486193268
0.000798138486788351
0.000789248962708244
0.000857279997008876
0.000921166575243615
0.000842071936618176
0.000729566805748336
0.000897489664618586
0.00093631124563554
0.000936807916545893
0.000919037052492599
0.000941081842198387
0.000846014173084567
0.000851065649652247
0.000921583691804201
0.00087336665862185
0.000951618256013694
0.000825061225394697
0.000976512949824655
0.00094448689451682
0.000838428579392508
0.000800539922387522
0.000850919852465231
0.00107163145073681
0.000788927177298817
0.00067503687161289
0.000765432339933974
0.0009709326761173
0.000789266918772926
0.000936882931137183
0.000848329703974532
0.000928257737948871
0.000769708866209938
0.000993018017161706
0.000854910093811692
0.000825315280993195
0.00117646258879773
0.000801896406169192
0.000790601739489981
0.000943776828447154
0.000695999199274191
0.00089755678122602
0.000846699587672143
0.000777541567623802
0.000712398418016258
0.000886388081151402
0.0007479599542399
0.000821822052724217
0.000859808917956299
0.000898815491734548
0.00082218520570547
0.000766626276269177
0.00095507777816052
0.000778665009516272
0.000790231480301215
0.000880779933530195
0.000700675660440787
0.000790117543960187
0.000868767042907672
0.000876239249723209
0.000926118748431547
0.000764306790551897
0.000725076825309696
0.000893594726531634
0.000751507467154268
0.000869722992960498
0.000802475100316771
0.000741046986124916
0.000823761447946153
0.000743366582215654
0.000881770886827247
0.000784631206243575
0.000909621175315471
0.00092551113227041
0.00073523136304716
0.000808476422561788
0.000864145439774013
0.000911778921242056
0.000900488393310942
0.000716418632736939
0.000897356351894782
0.000847164015447383
0.000827404205075284
0.000761203937090801
0.000886951839143417
0.000991788345333598
0.000971355591408857
0.00104841160828438
0.00110056523309057
0.000900634524498213
0.00115572844454184
0.000928813360759594
0.000975739081130944
0.000877214258968068
0.000859182002248324
0.000827971761171084
0.000910942696379032
0.000772100708385207
0.000735593771241203
0.000789956458575637
0.000859681899003743
0.0010165043113124
0.000868298469518587
0.000772066717072259
0.000826248075333262
0.000665124312944217
0.000809324833129006
0.000965755761208739
0.000863327004800851
0.000814169823047541
0.00113481316020982
0.000855786046283968
0.000910999257367325
0.000764835626883862
0.00075888030469388
0.000743409487930407
0.000788948403422165
0.000866251335144256
0.000966702211511624
0.000799150327897675
0.000672017767841693
0.000847170168508699
0.000725481068210134
0.000873125269393475
0.000826527397598941
0.000918699455234795
0.000791588551415936
0.000824682036960099
0.000884227159748605
0.000847742673452857
0.000741397456831028
0.000883473001393795
0.000797478169736788
0.000854082738375881
0.000734997069608216
0.00074083170022779
0.000806430017950963
0.00083912999762509
0.000783446197691189
0.000830225713620082
0.000763365339951614
0.00086179214739653
0.000768137246262071
0.000964827186053294
0.00075199128340098
0.00081741383005491
0.000777943092086187
0.000855222770868125
0.000919816281523854
0.000835509784547003
0.000862024245333724
0.000886003775434127
0.000805728057826921
0.00073623945494819
0.000771802396589297
0.000936925808033737
0.000855718940377765
0.000678392538134172
0.000696768694311245
0.000793721400495193
0.000928407013828314
0.000708892750286264
0.000915939166519704
0.000810092270979003
0.000685596695118921
0.000736403719408322
0.000833379971465262
0.000762113667643027
0.000877057625036522
0.000917970764557173
0.000929741837502274
0.000802625805327329
0.000793369150177173
0.000942443687267845
0.000855507226338389
0.000716858735027405
0.000913123132659919
0.000802194169118702
0.000777004104339213
0.00081943624503017
0.000865734268833748
0.000779543230869815
0.000719540676044036
0.000850047479000444
0.000786347295875394
0.000922269368122302
0.000880727140163705
0.00094314020842956
0.000760889449591647
0.000742140315265067
0.0008689179242302
0.000822069344495824
0.000868486086803074
0.000768705184828794
0.000773092403137218
0.000889754797533537
0.000930357823848819
0.000866675296012044
0.000787738324203558
0.000914279601785989
0.000776044776457701
0.000773024417385532
0.000845240103592054
0.000836858699763188
0.000889548326038489
0.000649196214755803
0.000635331992249589
0.000835409546119673
0.000928661503877966
0.000869630824030168
0.000823938241034956
0.000812825987073962
0.000810203365426367
0.000861811892683519
0.000791521279947584
0.000683930223697305
0.000795520164423783
0.000885889284923058
0.000812586493142695
0.000800372508540836
0.000782626232708438
0.000769403741758857
0.000989232473981337
0.00086498635119955
0.000874351348936549
0.000866783792693163
0.00097067181450413
0.000836539425152768
0.000878409317932678
0.000819358169191947
0.000740656449595653
0.000699380355139324
0.000709714309024898
0.00069367531280368
0.000693092008176035
0.000778451973354118
0.000773745949373372
0.000723827474033282
0.000711305431799866
0.000683440611748557
0.000605719953105213
0.000720256569136837
0.00075962477129071
0.000809846850589866
0.00077361124415406
0.000736972313296739
0.00075188261218473
0.000703959628617872
0.000802857723287196
0.000689615374342716
0.000645026416704762
0.0007678719855449
0.000730072443752007
0.000701971322062588
0.000755861144300715
0.000870122408185757
0.000755498385795292
0.000881286840149655
0.000884116501790404
0.000754046989342819
0.000699902682461099
0.000694143399684054
0.00072394529834229
0.000983639937750233
0.000831834266742657
0.000711353048450127
0.000764056304526791
0.000776345013079118
0.000988967161640261
0.000744919625162051
0.000781090290424603
0.00083376720308842
0.000771567563691604
0.000789278158356466
0.000756594464551577
0.000853943898770618
0.000802801964233855
0.00111795481438569
0.000755399507883996
0.00088993001737215
0.00068133043171873
0.000804246347968201
0.000852227626655167
0.000916606725820174
0.000760710590620614
0.000844738830433314
0.000990899185145725
0.000711575561008732
0.000925702632614669
0.000837842757369512
0.000818202391841539
0.000767078926442965
0.000882361365480707
0.000881972957511281
0.000799905732041935
0.000862142932088837
0.000683168676351342
0.000835140142809452
0.000787969379441536
0.000943890184518919
0.00085299644631276
0.000967822447796143
0.000822379752856316
0.000884885319795723
0.00080852324114931
0.000860353010553466
0.00075966202932094
0.000753377275062377
0.000696717661175713
0.000820097785962077
0.00091337734001675
0.000874197380002142
0.000775579265610897
0.000842179491691612
0.000885833897124069
0.000891629525893343
0.000860204354000815
0.000830397935955278
0.000771129329149434
0.000791435598190103
0.000724053022463199
0.000784291685644282
0.000901031845419661
0.000716627630326192
0.000817352388742817
0.00087787043246499
0.000863230679361933
0.000811021435425736
0.000734301481136621
0.000826524042553677
0.000760738398267382
0.000764966429252266
0.000773273292307918
0.00084488931409254
0.00074332104995306
0.000908537709550934
0.000797295348798772
0.000723803551442074
0.000681047056255987
0.000880422877698906
0.000739982199147002
0.000579579466716889
0.00084009725114781
0.000768398676423015
0.000731358032366578
0.000766892452831313
0.000712574441053703
0.000779693534093318
0.000817075130159471
0.00084043164120345
0.000751800003355361
0.000765108246240005
0.000822608187017206
0.000762444091361945
0.000707203861292086
0.000748190135318003
0.000927270965182815
0.000791927980901032
0.000919179339974696
0.000778495730627786
0.000822832890283999
0.000678675215110611
0.0010066339822171
0.000979311381649875
0.000884797740034902
0.000832982631827802
0.000716503166724397
0.000767875649926506
0.000796447004502093
0.000769515642763967
0.000811822889907971
0.000836908118470184
0.000849514878295204
0.000847317246923908
0.000857967085034085
0.000825961624519156
0.000891215057536318
0.000830437032456777
0.000888207620422778
0.000875140516638238
0.000835579014544659
0.00102438288420856
0.000771764238666385
0.00087852592662181
0.000698910786716279
0.000824701222391896
0.000817198598658636
0.000816132008109347
0.000875114281390526
0.000765508246014809
0.000773986704404608
0.000785286027580614
0.000962500208607988
0.00085826472475671
0.000844289671579272
0.000827816384256565
0.000835156582508118
0.00074230626795176
0.000840557428821666
0.000736758726373546
0.000910062971206818
0.000745568609477337
0.000864538190399425
0.000928921456680881
0.00079023042760729
0.000777483199061871
0.000879699495244395
0.00080560616818625
0.000873464298380254
0.000830224677637698
0.00076315991879155
0.000756119341512481
0.00081006629092748
0.000780387366962167
0.000788808234689896
0.00078204569607264
0.000756844954421855
0.000865119022423866
0.000724097424398709
0.000714925940825905
0.000866894089860411
0.000745676713623876
0.000720251039668235
0.000714857431330321
0.000814356351572898
0.000884458552559026
0.000863845023135507
0.000824279050588346
0.000879577688280952
0.000699519722664197
0.000913167563430696
0.000683575613897834
0.000739234502263528
0.000827807668537544
0.000687486826931726
0.000717918011860912
0.000936419783109171
0.000712067581082514
0.000687775126595428
0.000787423772988373
0.000841370050970644
0.000690475686766304
0.000923518409703048
0.000790818885990136
0.000725010221730747
0.000770987718054465
0.000943709858083252
0.000767289752948861
0.000750634889455054
0.000757890578386056
0.000774790094342792
0.000749266795373513
0.000678379464852499
0.000661348130363377
0.000736985151954977
0.000747131090183258
0.00089265229858651
0.000736574510267912
0.000679950016559555
0.000714060859961979
0.00081844165457217
0.000778369054499846
0.000734028707273484
0.000893501921456508
0.000842097563424922
0.000787572263099844
0.000828737382533303
0.000732928435190802
0.000840844265393277
0.000974641514114398
0.000585257779995869
0.000817605506802229
0.000781613195731337
0.000850998450107238
0.000705984083688494
0.000758317646114421
0.000811687468788875
0.000811467332243911
0.000791968714182993
0.000867581661074526
0.000888379735141734
0.000691748651753056
0.000744148149833274
0.000671326569203335
0.00087202401993927
0.000722599647046488
0.000806667237742876
0.000702145311384083
0.000830692453861664
0.000803757172777017
0.000835695757194955
0.000863708533744858
0.000721996000978567
0.000774915055353722
0.000771061446625864
0.000751307510845817
0.000779079173828432
0.000705013500037543
0.000979659987377448
0.00079186975879118
0.000913069689031415
0.000716426548912292
0.000877032684955041
0.000813585871893828
0.000769926706717907
0.000807732460618011
0.000856033843925836
0.000795839404807601
0.000915883142896937
0.00115292727899549
0.000776680445061594
0.000779126299964955
0.000795411769029071
0.000748206847495075
0.000752579947048992
0.00074561612314819
0.000805084415023376
0.000688750054968471
0.00089327027209622
0.000750226499692813
0.000696213817174966
0.000741392349501379
0.000816942838653619
0.000743219167515978
0.000682821232294688
0.000837877795861931
0.000758740009355094
0.000838872348555685
0.000784081077614047
0.00077536544918601
0.000807310862533088
0.000833713167535638
0.000725389269338015
0.000770482603184011
0.000734805113941144
0.0007860271857565
0.000780904292747179
0.000970377064615747
0.000773095470824567
0.000798400873306766
0.00079819683960004
0.0007732820269172
0.000770295586578635
0.000825807668587445
0.000768440990406805
0.000855556238929253
0.00074310067600162
0.000789365777917454
0.00086927943910107
0.000819848227648189
0.000937301774721493
0.000868452483200269
0.000779994854180121
0.000788772564582919
0.000757000501886288
0.000779564795754683
0.000839895743078931
0.000770565359419924
0.000738925315777457
0.000920715571731166
0.00078424971783487
0.00084615746011405
0.000825164367544112
0.000868025096980359
0.000691980715254308
0.000752158003352367
0.000746770920719071
0.000814577825059752
0.000733556859546897
0.000713423284101077
0.000808207434798638
0.000718875352115631
0.000764275802657865
0.000777883279600517
0.000879261934668248
0.000805421344387814
0.000687203791237178
0.000705283374620451
0.000746889774759638
0.000796592609360013
0.000616502998119406
0.000695149590020345
0.000781071062601799
0.000619903282367813
0.000859275034548086
0.000778489562640259
0.000732664782804474
0.000797217910683565
0.000683428432915274
0.000821347063933194
0.000833474020430559
0.000732886975177305
0.000784544361500722
0.000748805197448735
0.000742572245852739
0.000801961404545557
0.000761537327463988
0.000760948103056926
0.000758523537532353
0.000877839760837238
0.000743977181860373
0.00082199768711144
0.000813718359393487
0.000786823928603676
0.000704161643677928
0.000847721973824327
0.000707358829537922
0.000843952388277458
0.00085765788733151
0.000624570082510189
0.000776884481217017
0.000696767636433724
0.000774807527739035
0.000727876358959821
0.000669014382581369
0.000715061868109396
0.000669725248042528
0.000711182262539007
0.000952479348794288
0.000667882933981491
0.000790626270310776
0.000746042760930011
0.000726863628964197
0.000761923740424894
0.000749243277650688
0.000975675569485319
0.000861204021362531
0.000900088361506453
0.000739983474671767
0.000789141504106771
0.000786380664650652
0.000792183109383933
0.000768678993224381
0.000725156990271945
0.00086217123815721
0.000733535351575974
0.000713560156546671
0.000871189510479485
0.000750097280237952
0.000655393464510884
0.000690078290151845
0.000567218428425927
0.000833294297699387
0.000749497677389661
0.000853823742971665
0.00077691753158832
0.000682167756658526
0.000750751350045397
0.000679699055063009
0.000783242677576652
0.000754393208738814
0.000827095989778123
0.000648174672563326
0.000696677707804414
0.000602129998937801
0.000738059987981076
0.000757038925184025
0.000725818001086572
0.000684868268526516
0.000804662468456736
0.000766830584943352
0.000746951293671441
0.000679727478336738
0.000802878976264565
0.000838757280289128
0.000797977780781777
0.000801960315980571
0.000720145794800144
0.000694428734679571
0.000799631854798567
0.000751001205282694
0.0007174576745672
0.00072131852067375
0.00066351199168485
0.000756445500603528
0.000792748882672495
0.000832183437483534
0.000942027391537052
0.000717980460499841
0.000626686842948362
0.000793312590896502
0.000855872493500862
0.00104304412029492
0.000768906724722635
0.000785317868657334
0.000763767867567057
0.000751331656434795
0.000756197332051332
0.000739690313312425
0.000714146345844971
0.00074002160750246
0.000938671142155918
0.000808639468526265
0.000680251232206632
0.000720514487731834
0.00072962360309686
0.000601226179242982
0.000623125949279505
0.000814289662321212
0.000828480620068977
0.000800223552919543
0.00079168362458737
0.000864664873920225
0.000734582196844944
0.000789302667992858
0.000906970335714422
0.00074587614283276
0.00078656643133609
0.000698583032927879
0.000711865476246448
0.000772010858966556
0.00131328527949917
0.000803664330605943
0.000640744672560361
0.000717613481497048
0.000761063154660868
0.000677135042417718
0.000738024025163954
0.000715540523342846
0.000691036493188222
0.000769989722045224
0.000735389057952178
0.000827132354463154
0.000746160271927004
0.000790060913975947
0.000820879477418138
0.000835063035059706
0.000809842217468855
0.000710763389587343
0.000899670975955305
0.000766315320330712
0.000725405546378396
0.000826981219700394
0.000724077543977647
0.000749639944597229
0.000817493798012514
0.000823826507022843
0.000809449292561252
0.000821149306677807
0.000928368831480019
0.000789869492698412
0.000612454893935291
0.000661207682858387
0.00063268371974306
0.000722215028713038
0.000746053670846213
0.000877290719253706
0.000690333624637341
0.000696410077414668
0.000687350030404105
0.000617330387372512
0.00091221384867297
0.000708210094656132
0.000810177520670459
0.00090640136722557
0.000658998517749093
0.000748902093362445
0.000776163342518998
0.000642019426194141
0.000758231113238867
0.000751291703407696
0.00100614016476975
0.000693936391670278
0.000642621926188906
0.00081805043581069
0.000668821022799702
0.000703464149447045
0.000768386501085983
0.000778621457140074
0.000706830869473973
0.000653930263386217
0.00067088462489815
0.0008244172066055
0.000753432552824386
0.000737996862480589
0.000667439619292968
0.000713052272323233
0.000741641784992111
0.00076955997189275
0.000847868633758632
0.000668295968668648
0.00068779085283305
0.000916860270109736
0.000712649422407245
0.000676521237363946
0.000731354526104196
0.00100887294859115
0.000712685878170265
0.000713086537211473
0.000694946491168717
0.000759240338106679
0.000707665805805393
0.000839323398246518
0.000678671815819854
0.000769125634528227
0.000822172100213384
0.000897179122320447
0.000608616698257324
0.000857853016706116
0.000794960906461852
0.000728838571225442
0.000899298350506768
0.000703093499911921
0.000745846492607893
0.000796201529547971
0.000719036545014938
0.000710748318009587
0.000650597782450598
0.000737847784508536
0.000743567842030987
0.000842818003864549
0.000738241969793187
0.000909860341367632
0.000778058962659529
0.000850429123671725
0.000767335383374742
0.00072958453356191
0.000658952730374646
0.000717239949411229
0.000715161694347903
0.000910572578591833
0.000877917664512973
0.000734183141258104
0.000817439380049568
0.000882474422801753
0.000665743077955326
0.000687155051665274
0.000686340670491003
0.000863477455169437
0.000914129842732311
0.000701821329860645
0.000803474521994792
0.000724489612402538
0.000770522374626909
0.000591020127786288
0.000655598865902405
0.000674699917791181
0.000761050997873748
0.000649124231384479
0.000735204316652847
0.000726564713693916
0.000705277320813541
0.00104475112100291
0.000637622312379095
0.000871721555774046
0.000683270615346244
0.000716602700012237
0.000859317671851637
0.000881982214730684
0.000686031071479803
0.000836463824817116
0.000781273227553676
0.000710088100185268
0.000634642110470388
0.000717541255616851
0.000722398141500593
0.000879390184011991
0.000840660011996747
0.00070975975350239
0.000723605527238173
0.000664456354772306
0.000730951683551984
0.000733491070586756
0.000678306745253995
0.000697948634458983
0.000640283632386352
0.000661599696606082
0.000742575961293184
0.000648968791239861
0.00061258271133666
0.000740466642621624
0.000687922120698882
0.000604678474680215
0.000747490124339644
0.000854252756200038
0.00088737479529532
0.000725662529672133
0.00063674637328863
0.000932921654441704
0.00082754687140408
0.000848032587933628
0.000800781890461013
0.000802744202720958
0.000758982103081943
0.000670491926556765
0.000824156124481162
0.000964148266810216
0.000726784638307386
0.000882899259995904
0.000806519142402724
0.000707435789290599
0.000820312283613478
0.000649046920512574
0.000794766060858247
0.000773975096059624
0.000724097776452236
0.000698969395668008
0.000832582558564192
0.000696565987860755
0.000732913606018156
0.000744832115823245
0.000877590380157439
0.000804612838155955
0.000660595331148631
0.000658173429782252
0.000910400565054215
0.00088812868166834
0.000782031782368707
0.000833582634976992
0.000721582450198702
0.000868917802410617
0.000831345942128207
0.000786859756774812
0.000751843829896763
0.000724828782039436
0.000832796687808692
0.000884379520888917
0.000736197549369661
0.000862354213052409
0.000778850395061572
0.00080051688387648
0.000682086322179128
0.000811676977804094
0.000772718824130612
0.000759304818446758
0.000881746347593011
0.000680961368225464
0.000804762994599023
0.000633527431170112
0.000709318666435601
0.00084900459203528
0.000728242404643066
0.000750883387709333
0.000853157152056921
0.000764785097293663
0.000653172048588062
0.000638068789764171
0.000705575758219446
0.000780347843430563
0.000795262893188106
0.000805972224487629
0.000665583595633727
0.000777167820545865
0.000701953749091139
0.000818654180064054
0.00072564055715713
0.000761794941684031
0.000728610572868648
0.000649315306716526
0.000708080353734334
0.000670311331231151
0.00073567063419589
0.000692644009280913
0.000735230086403422
0.000809627325940955
0.000719008154629848
0.000823769245139106
0.000700755630139067
0.000820102353205426
0.000759639257144241
0.000768894595414723
0.00080762121519638
0.000695180735236818
0.000934977721093684
0.000864724711123305
0.000767967550825208
0.000717801963819067
0.000896038489716691
0.000671845870711492
0.000845374771767862
0.000788360760963852
0.000797145407507528
0.000812146642399441
0.000663205096359049
0.000664109553637362
0.000858136580421731
0.000723455045677894
0.000824502115147926
0.00071508885546426
0.000734767417917287
0.000763936977772757
0.000896906389812021
0.00072898056046094
0.000700532911180478
0.000684679000705042
0.000755755667980066
0.000659316262627844
0.00112886002710097
0.000744216351356055
0.000754313856802544
0.000941669847764904
0.000700569899431287
0.000648505554152027
0.000767034954549008
0.00068483919213779
0.000702124337769964
0.000870222230963334
0.0007801122440083
0.000713563216668783
0.000737085868870571
0.000755967380922888
0.000743186367395531
0.000883662584171138
0.000777309879219151
0.000799778909082673
0.000727790251923003
0.000809357733103702
0.000761482231906979
0.000817944429369382
0.000763936514541012
0.00098228206845499
0.000682926352939452
0.00073497370719141
0.000830386951556401
0.000772366065145948
0.000705199289895575
0.000678376505837785
0.00103207133378038
0.000838820193457188
0.00070528303334339
0.000772699927503399
0.000737851119351149
0.000706752638394387
0.000812718103732093
0.000682494120137059
0.000675944216889509
0.000678842596157183
0.000810943661966264
0.000708741376885643
0.000733797213481501
0.000825469268228963
0.000626680817007157
0.000829678377293071
0.000910059566028864
0.000672768024443634
0.000782400629506223
0.000735446946394103
0.000676555057664451
0.000735888799865908
0.000740153148948778
0.000839883667170135
0.000781413680278357
0.00064440169728094
0.000716807052584761
0.000801148414639776
0.000784287832055825
0.000866882017051902
0.00080727255568742
0.000954667713530732
0.000656252606458348
0.000794150200891808
0.000737876241623499
0.000673898609611046
0.000720171466092927
0.000694132741261609
0.000772844406268917
0.000740793434151814
0.000902079087527989
0.000794966286017478
0.000742230179149085
0.000708148809591626
0.00088959937649074
0.000733985186532128
0.000678174685447121
0.000786176193972262
0.000952480264174608
0.000791907692876694
0.000715147793627773
0.000704662914633295
0.000819848982737491
0.000789121525638193
0.000771847172798887
0.000833911532777283
0.000801683768416025
0.000659998968607279
0.000617415358362642
0.000757795775459756
0.000821464084420721
0.000712240385431174
0.000823918151472592
0.000792126066508409
0.000759496966050984
0.000567540586819888
0.000771024851245434
0.000862784086289825
0.000577598844465621
0.000745471744893133
0.000805349842022108
0.000993408286847749
0.000803794855921316
0.000633970646040391
0.0007138442759384
0.000796348479996383
0.000704512498462185
0.000736500392713407
0.000885114365617341
0.000732760569325
0.000673285374065207
0.000674751908218153
0.000711759647054329
0.000884824410298897
0.000669464201905464
0.000705321746605871
0.000822247160666681
0.000616258218797951
0.000740665438808448
0.000568607079457082
0.000746487824700189
0.000803881031183088
0.000788263802145367
0.00083002576047124
0.000598540256450443
0.000591399603705425
0.00071821426870361
0.000817347644099214
0.000882040343067185
0.000853789881794554
0.000776691683297675
0.000672673675025488
0.000846723558362598
0.00084618680855477
0.00084522815017804
0.000720323026275947
0.000671472124336595
0.000711377466681651
0.000627718927605701
0.000698349420106667
0.000832348171673812
0.000637319827080805
0.00081280298561621
0.000690327020152453
0.000768576871204777
0.000695697405640583
0.000721205787760048
0.000693747220417322
0.000618550757954076
0.000683368889495542
0.000632656062469994
0.000831469687000247
0.000761695810362499
0.000783513594881684
0.000774519057108172
0.000804115587271755
0.000607987457623918
0.000693410072555716
0.000717389396859967
0.000705517574389587
0.000701907319769261
0.000662454603789245
0.000684980377391064
0.000771575019205436
0.000753931214583157
0.000684275963097459
0.000802605084060733
0.000635017963664138
0.000818531926414987
0.000765408161440016
0.000787731755305267
0.0006996906624769
0.000766163998900136
0.000686851866510636
0.00100548920934549
0.000720305454182752
0.000833656904537267
0.000899382917921246
0.000844859363069362
0.000729018553879393
0.000780507252732002
0.000741919006492281
0.00080683930462767
0.000701194996228718
0.00084211377386853
0.000793138713070927
0.000717498254618754
0.000695342588027553
0.000738388511262715
0.000655014640316718
0.000735973755048559
0.000913124136101463
0.000864532067600485
0.00095838736424668
0.000789348236796918
0.000763406061376556
0.00082121686868674
0.000877982474170011
0.000791092054091973
0.000800797126611384
0.000885072536135107
0.000799461758269694
0.00075691462646094
0.000704313378839373
0.000770575436337433
0.000715748078788162
0.000722016351744451
0.00080087448578131
0.00081406715496662
0.000799680752076977
0.000824206058825794
0.000676328103649687
0.00081671301723963
0.000715955805442187
0.000759332887140626
0.000719884446225649
0.000742860858448666
0.000772331255091901
0.000850266126357254
0.000701206472971583
0.000632731077327088
0.000740547020648821
0.000808813821425037
0.000842566847989545
0.000727161293441689
0.000722365262132452
0.000645141019478444
0.000620608961045925
0.000718745149895606
0.000643630963485006
0.000758376871187528
0.000723820287489606
0.000769474945334829
0.000734752176712322
0.00070455205046172
0.000828015018188463
0.000807983967344628
0.000690809073484321
0.000786776751927881
0.000738019735400494
0.000817723965984833
0.000782263891508103
0.000787868620981697
0.000741396827353149
0.000594989368716295
0.00075302788851136
0.000778279501870062
0.000731442706977917
0.000733943302109761
0.000651133839224184
0.000822819270207229
0.000715072240471442
0.000710168308376549
0.000813709737692253
0.000633872367981607
0.00072207419953694
0.000667156733917654
0.000756253846080853
0.000758304400708649
0.000696601608735213
0.000610299199071381
0.000718668696999881
0.000687713007234049
0.000724396460484935
0.000709605379015249
0.000778793988085007
0.000690069181803708
0.000679368331993177
0.000719562401430159
0.000794441292349701
0.000703855709638621
0.00074264268872063
0.000876369890015514
0.000793826795508099
0.000845031407768066
0.000854713316835606
0.000712245939743083
0.000817360318679191
0.000941088969513058
0.000748733219621886
0.000757506468681725
0.000761684497895739
0.000711450674068486
0.000856854077136566
0.000801476920601653
0.000780998763163899
0.000761484690860301
0.000660982957247015
0.00072399849408985
0.000743287550153402
0.000730513222218461
0.000722766777376658
0.000683151932470624
0.000662758900099209
0.000924345374048314
0.000755444722286712
0.000673851842903953
0.000714330721624047
0.000713332713094078
0.00074462603973493
0.000700479970959151
0.00061870311230081
0.000734924615842593
0.000666332706804364
0.000805092025021778
0.00069699043410192
0.00069098149542439
0.00064655870243445
0.000618567687020538
0.000900231060915019
0.000644801805495355
0.000670406761829571
0.000722729252376729
0.000597544602645252
0.000729305634741156
0.00068389209106288
0.000602970509897209
0.000735233194881318
0.000718613054517812
0.00187254182416809
0.000851929099419619
0.000659656626734281
0.000847386470676039
0.000766658414689837
0.000635276673832193
0.000791325853963887
0.000815287892943373
0.000663192961013969
0.000826926188015008
0.000792080300542556
0.000814938934283521
0.00071169310900256
0.000752014054879202
0.000705127751269315
0.000687262551189947
0.000905103287413014
0.000726606567482433
0.000726675923010438
0.000778655014018096
0.000660317419766644
0.000742932055692747
0.000642195695592713
0.000737140627055639
0.000739952530626113
0.000743261101464845
0.000703740948413365
0.000652480082695028
0.000727734102608895
0.000733969721923872
0.000699457640416208
0.000872665529705315
0.000762510290919017
0.000770766582786844
0.000788574941482841
0.000650169449622064
0.000671165469636663
0.000809786896261875
0.000799806629314967
0.000770997049435707
0.000738133517464478
0.000740487776932293
0.000789684231300098
0.000648521922957101
0.000717481701946053
0.000825438934608531
0.00073028104132988
0.00082561340284877
0.000777828856343175
0.000748276079540932
0.000789751662328983
0.000776840415800209
0.000725991578789819
0.00073832889109607
0.000804835798673297
0.000733191553817754
0.000750999532122076
0.000778798639840801
0.000878161871033165
0.0007433488496116
0.000773932093621562
0.000730931793738778
0.000752692110660954
0.00106713525401243
0.000805364703513757
0.000761647498553793
0.000774886933561506
0.000663456841711059
0.000709879126108203
0.000675226701829976
0.00062949212004684
0.000810313283464415
0.000654147869482154
0.000685776737567559
0.000953429073021801
0.000854568325268799
0.00083397470498981
0.000785712500880223
0.000730179517947578
0.00101263769877552
0.00074182600139536
0.000832435121815096
0.000965501472692451
0.000851870743203373
0.000720284577496612
0.000684057569270831
0.000635879098548332
0.000605094783617516
0.000654505320064023
0.00074672024201226
0.0008008562606429
0.000698825999954128
0.000644982032286123
0.00070604114258249
0.000762982594746447
0.000955879966096488
0.000665454808584554
0.000604597295737767
0.000712375126245856
0.000780527260755667
0.000716477527710642
0.000673572217625151
0.000663730631146979
0.000731565292322847
0.000642648346065048
0.000689379123119531
0.00072080089307979
0.000827465688164222
0.000911600431115401
0.000660591053326909
0.000627781401302909
0.000806517549383857
0.000861889800636771
0.000712093528576686
0.000744535116941668
0.000733179303583055
0.000817520458000607
0.000655260741711439
0.000758238051052524
0.00066193461222291
0.000908043627095956
0.000620734144908232
0.000790603009535727
0.000833377640311346
0.000637934756596525
0.000778007587590761
0.000736661944749347
0.000671355772929555
0.000668058666815555
0.000952902305186212
0.000732366988909879
0.000814692836709635
0.000650353933916081
0.000730255444956408
0.000613711208030197
0.000772235812881807
0.00078265225977772
0.00096017350601218
0.000708657728241358
0.000775681332132729
0.000796255404415323
0.000740360833365565
0.000739853457174619
0.000821532109602113
0.000757633926388987
0.000748274567148733
0.000616472215501378
0.000814276979431387
0.00077999033338232
0.000998438972781462
0.000702517323982458
0.000699262340998723
0.000625929037884806
0.000637120488108206
0.000684833670364945
0.000809111999614399
0.000872912981611432
0.000794785048934056
0.000698924070549029
0.000639340143711294
0.000709111496167849
0.000694094559394625
0.000700131261658739
0.000795882759616999
0.000764389042232182
0.000863850376811241
0.00083236340229368
0.000769710132662326
0.000867636188313364
0.000722536359133616
0.000775227871200069
0.000692509043887819
0.000771002113773144
0.000830723413709849
0.000641811343214727
0.000641753394759664
0.000835622023824663
0.000656156909464421
0.000620787853271631
0.000644559954109847
0.000707631308741101
0.000563626407071072
0.000762476708052339
0.000724327212397466
0.000797181370398594
0.000580563950299375
0.00067695658397353
0.000582716417490561
0.000812594741915942
0.000658011969195958
0.00067410406738334
0.000661350859547676
0.000594626833678777
0.00085417975260225
0.000761118881702653
0.000802513690261654
0.000838351105992444
0.000854834615344157
0.00077643974009961
0.000770865285030368
0.000776719299145524
0.000728295853077037
0.00113413109863941
0.00089804300515608
0.000664930445280785
0.000675922388308858
0.000809658499887679
0.000760878635833631
0.000742965336974459
0.000640405969100601
0.000728659021134259
0.000621345693111629
0.000801133479393849
0.000595198889365866
0.000740187018432071
0.000708698220691011
0.000660963307206445
0.000575787635882485
0.000962463935471557
0.00061922443558998
0.000825483015529773
0.000765573647151226
0.000730159956846551
0.000693400078379882
0.000602946280542555
0.000642768533432175
0.00074706997632004
0.000603656422386153
0.000689900789021751
0.000762099920031551
0.000630845549632034
0.000661083184333143
0.000667518743602644
0.000650711938242639
0.000806676240783875
0.000641957799209928
0.000581600738937054
0.000584768501254334
0.000699381081578808
0.000767040547940329
0.000647785590773215
0.000820038473058268
0.000740517295891023
0.000728688174325817
0.000780426164314823
0.000666114125551889
0.000696221071334443
0.000687911385536933
0.000475225593114689
0.000680098620285939
0.000536191071386577
0.000681410060890151
0.000686048383348965
0.000682598012131829
0.000709903795158739
0.000693792728715854
0.000844165009366858
0.000715580130377165
0.000788061776852394
0.000730536778146935
0.0007126725989481
0.000691066062068687
0.000714201650543513
0.000702669241194477
0.000761625363127437
0.000698946006556587
0.000661231631864455
0.000634147579479743
0.000724702312205622
0.000837797723779138
0.000656468461721064
0.000727715483183498
0.000622011512344439
0.000752614264129776
0.000708106048150043
0.000670921700594368
0.000777111273900998
0.000675596482154252
0.000588485702438629
0.000608596744670122
0.000647783272331955
0.000537291946993903
0.000676448817880479
0.000599123079292064
0.000726761926381724
0.000806384408214313
0.00081004942598168
0.000747633900292796
0.000689777053307657
0.000707412164221898
0.000709307773054963
0.000750955510236223
0.000771166194024726
0.00065818411408243
0.000730873948655834
0.000780851088862161
0.000714769534676396
0.000705408170910631
0.000773780356617866
0.000738794054946424
0.000662075745628553
0.000587476784391686
0.000712326291654863
0.00064271857656171
0.000759553964694069
0.000696369888084686
0.000646860031997193
0.000740864646145434
0.00067267376885585
0.000679047598402981
0.000828426127908728
0.000675373672155242
0.000746534462352653
0.000727118116377348
0.000572310357173785
0.000701580273428719
0.00073804404064347
0.000715661850084109
0.000659065588449968
0.000818484876631607
0.000675962275072509
0.000618973616605213
0.000684551748399588
0.000582830091096818
0.000672444765497836
0.000620269532730415
0.000758721807595887
0.000689454197381459
0.000709384496213212
0.000743952034495054
0.000702684489939667
0.000767312428222775
0.000708633555268506
0.000707179506687366
0.000786815769918722
0.000724094963217573
0.000656327043660242
0.00063985203471021
0.000732558981174451
0.000774357569934207
0.000668537100037534
0.000740579568831539
0.000682023462871095
0.00064397282948877
0.000739490513588485
0.000818976494368947
0.000722173074895875
0.000674200607633793
0.00065214085609461
0.000676060382106221
0.000697394147160833
0.00080050036526128
0.000734055662232281
0.000873972623014121
0.000793972006772251
0.000670229296925757
0.000665975682772984
0.000621970375977522
0.00069159137710966
0.000836331530763444
0.000803437930576927
0.000740354548262655
0.000680071275768582
0.000777321629442239
0.000699196687649163
0.000733216704305963
0.000676137089951825
0.000618346400326582
0.000623578438001128
0.000649600560338699
0.000657266341438862
0.000666341685098514
0.000711640793221596
0.000599705317713519
0.000673786249464813
0.000625952306722842
0.000714473772568574
0.000678774003252765
0.000697904962963083
0.000714549674110976
0.000681445840608873
0.000656549409850426
0.000736635928955135
0.000635916749660611
0.000767938143995215
0.000697199436704045
0.000680907434327497
0.000739544136885142
0.000784291750205058
0.000637935898530091
0.000686202560326468
0.000668752035288256
0.000624297759341898
0.000753599145170924
0.000736796347094781
0.000754712489797632
0.000772013917847046
0.000789709012066781
0.00078124633983268
0.000717502218268749
0.000661128428551778
0.000739045647121125
0.00067211289721199
0.000689294199120214
0.000758213281956818
0.000699588081831944
0.000742466545428668
0.000619096502414582
0.000675660546160045
0.000613104800523694
0.000720700759661436
0.000642609546386706
0.000726654284042497
0.000705778473233851
0.000714908916197061
0.000699255619824614
0.000661268409304601
0.000546512078439483
0.00072507323987823
0.000742947241699844
0.000854798998631693
0.000773980692113444
0.000665200065144402
0.000686535457629942
0.000691336778062318
0.000690607138968432
0.000820786603112703
0.000775333286553259
0.000753890505736442
0.000669328884901834
0.000719609239195582
0.000671013250845878
0.000597837377026872
0.00056025231350834
0.000837616206132811
0.000651311652216046
0.000670579966152045
0.000727530266255266
0.000661039383397495
0.000703722352857401
0.000683994856058012
0.000629638460394398
0.000614325409710405
0.000839538456473439
0.000808640843769305
0.000696101206939059
0.000649792260072536
0.000765552008065331
0.000806394665177616
0.000806797753166892
0.00075681811734616
0.000822573349695333
0.000664657924432956
0.000711447020314232
0.000772612764392462
0.000692945168067891
0.000660024799550755
0.000754299976069118
0.000679822838545413
0.000762208098910297
0.000656679312659024
0.000672428720311003
0.000617018460950213
0.000707448240265095
0.000611242967865898
0.00068936538797744
0.000804532152625628
0.000675173760247251
0.000588792910043046
0.000744557240815619
0.000770050509922784
0.000738108158515411
0.000740223815473704
0.000662929619697582
0.000639115497175045
0.000681479935763968
0.0006292658006424
0.000712691487918124
0.000728938325242115
0.00064073075183458
0.000600997277526678
0.000626974924759853
0.000660441305885923
0.000579914159754827
0.000711597450870659
0.00066272427741265
0.000676505462018347
0.000667203426131331
0.000858899419343385
0.000718511138171118
0.000631880750800447
0.000638087778237582
0.000632142345370777
0.00063414534683273
0.000697398722208918
0.000676306669009054
0.000719981639858875
0.000670523561423256
0.000858416520068489
0.000740264809644563
0.000812471510638768
0.000637765537628101
0.000570830108840686
0.000699745241870049
0.000683370093185334
0.000782898582736578
0.000665105450376083
0.000711813443005977
0.000690087782663723
0.000724252483553317
0.000717032324319206
0.000648635903382659
0.000716811398251817
0.000686592736001958
0.000737585217141778
0.000740652498328138
0.000618252994348544
0.000704326506519382
0.000641715116859148
0.000654503819149251
0.000593146718747675
0.000767450602548964
0.000666305832279867
0.000715054529139105
0.000713827441392484
0.000700733406455815
0.00061014443661507
0.000627714576804977
0.000614443657073475
0.00061877929221921
0.000670235592158564
0.000631884320663628
0.000591197838892812
0.000592482850377379
0.000619979537601323
0.00061934738119803
0.000639005147702222
0.000592379488254989
0.000659743903463238
0.000801901806481263
0.000624424155255937
0.000695694926942255
0.000581186380625592
0.000637359598170326
0.000793846823494666
0.000578735625964541
0.000690033884034596
0.000802913884900513
0.000698163101342
0.000686122211286364
0.000709999297745864
0.000660728643640341
0.000653223648148712
0.000731341596624069
0.000670505579866636
0.000681635179420254
0.00065249479078553
0.000679731292114627
0.000575826342882834
0.000703138476798182
0.000728029092529734
0.000605301355423438
0.000778757645551015
0.000667485710956153
0.000690665209709865
0.000791925534808719
0.000613957684442506
0.000663672592370334
0.000608083205252853
0.00073584853245549
0.000757700200410454
0.000596341641977069
0.000838114372185105
0.000666717408744364
0.000794730453227871
0.000779934915625749
0.000745158716953431
0.000695174967236559
0.000753120141878153
0.000645572548878601
0.000585210328769218
0.000757580232816035
0.000631751145020771
0.000791865417983497
0.000709081014943334
0.000634292835294906
0.000724376461894243
0.000634872975463285
0.000665751703021481
0.000752437125585238
0.00060250408506518
0.000639369223142227
0.000605884276995292
0.000676354527826483
0.000651504095173861
0.000610868313749213
0.000816937701951936
0.000745465199916856
0.000792733276867719
0.000630847510157276
0.000766943019429332
0.000692273740979392
0.000742806633217763
0.000664730860504339
0.000605861619827602
0.000651786642938564
0.000628349898096546
0.000522518525659695
0.000602351692452855
0.000696335293223136
0.000727314579034942
0.000697998393646169
0.000597639485671288
0.000613559180028422
0.000558325467294465
0.000717689658677729
0.000713502208368931
0.000645892660451445
0.000696946698242808
0.000567387026756756
0.000726077012375028
0.000626466439327733
0.000688888017085167
0.000766436874854345
0.000600022497021758
0.000701987527011512
0.000799541063947376
0.000559341873190894
0.000750874973608172
0.00065957610297486
0.000826910732057704
0.00064655715115897
0.000628182732125991
0.000668026207970268
0.000727411117934867
0.000647360676565171
0.000626672575279254
0.000752382721961681
0.000708693286002517
0.00057432578995564
0.000738701855304254
0.000643713065803549
0.000651971367350162
0.000649127320692512
0.000687545203492561
0.000576701962094492
0.000603917665176
0.000701352446408351
0.000710065271265258
0.000848208342269603
0.000667829222693453
0.000652806036292119
0.000698997056546374
0.00062577397045587
0.000561120541969616
0.000732983432893358
0.000717857923931243
0.000646723473903891
0.000614385477283737
0.000679934599020073
0.000645697466108185
0.000567611197411748
0.000614284947472888
0.000631567218968149
0.000635224534664303
0.000586326052344033
0.00074133214717502
0.00066497818655083
0.000688870547461095
0.000636216850880269
0.000750701298462543
0.000578737936380245
0.000754990647743938
0.000622275846075571
0.000572431901981839
0.00063844258664891
0.000686650382898719
0.00076248898068553
0.000650000691866548
0.000640360435748578
0.00075188937685832
0.000999790555595583
0.000691769640395444
0.000606071119069537
0.00066983441894867
0.0007635268426547
0.000697046612675838
0.000737375901616008
0.000637402630718107
0.000617387964239546
0.000634826345380821
0.000589920248566624
0.000731708281435529
0.000584900171582511
0.000852054822159446
0.00064117693438082
0.000604661498674761
0.000590234903159396
0.00062005108980603
0.000651054133276586
0.000736500942247749
0.000700893232649034
0.000666228951120712
0.000677650156714646
0.000696416163275402
0.000707465167140394
0.000797567585491101
0.000745534491424638
0.000589651462091662
0.000587352919609241
0.00061546579453588
0.000776916782210501
0.000683708398549418
0.000712173076355999
0.000676321870019475
0.000636824348865297
0.000668547044413254
0.000668529927522238
0.000920691753639514
0.000728596028485702
0.000674309264467271
0.00063748986634162
0.000867891336909051
0.000574222040703492
0.000600366090623334
0.000869276210028542
0.000686099256196844
0.00057837811419834
0.000695210950604458
0.000790328335309207
0.000676546079143267
0.000714014754688894
0.000601602111458056
0.000647421891746924
0.000756291251490188
0.000560203669994773
0.000634508816108383
0.000654752887874029
0.000543775460189331
0.000663473626064372
0.000637598571769191
0.000632180646885933
0.000722636104864961
0.000713486848870139
0.000634657836170595
0.000666906421830999
0.000720475591390649
0.000790788038148632
0.000739837836773517
0.000864252423557777
0.000644792899488461
0.00062199451200173
0.000624098676656083
0.000656153099224277
0.00075251122255877
0.000681155810033276
0.000607256595213899
0.000636492472640333
0.000628126022262095
0.000699971819861133
0.000649235066908755
0.000704542010572642
0.000636848154023975
0.00081264305102051
0.000737998939640971
0.000671276794852996
0.000657300313087198
0.000702367805808067
0.000723574216705131
0.000781939445547415
0.000601596353212692
0.000636533589737019
0.000632831150188921
0.00063253574253831
0.000691437694564384
0.00076495674895956
0.000678803744620783
0.000781653173681675
0.000916262507495468
0.000837054418373371
0.00070487951952736
0.000633941999110629
0.000757909397618746
0.000666941740976557
0.000678453936078483
0.000639727196058906
0.000650208238429857
0.0006884854333267
0.000629732986982385
0.000687105622424301
0.000691642568022059
0.000624465006496162
0.000518031458440934
0.000782174698964279
0.000595514444439622
0.00073529337698063
0.000774374120772347
0.000657553421375652
0.00080235346004315
0.000634079180344907
0.000757445345109057
0.000746615962130292
0.000775146705325312
0.000577647628565604
0.000755341576564373
0.000587493579853489
0.000660865206887537
0.000760627985812751
0.000688309659768944
0.000620348528267841
0.000609933623900524
0.000739984795445908
0.00063256482635194
0.000742491308978069
0.000758931985548294
0.000680876707279024
0.000758971289616832
0.000684678055933505
0.000680705212330473
0.000646717776017665
0.000714974723756508
0.000698458657758447
0.000717438934242914
0.000678119634663566
0.000561163796706491
0.000595157226678601
0.00058903392660849
0.000722062953361381
0.000793872909146554
0.000851695177265611
0.000718217270815635
0.000573978619073609
0.000628571887377292
0.000792541805771452
0.000779387551551867
0.000552012770622872
0.000516498550892431
0.000749238023105831
0.000844966327112662
0.000735360061982376
0.000657200145220892
0.000671720837985987
0.000666581314400084
0.000674788479519891
0.000748050567532026
0.000765639126113667
0.000570174601928345
0.000663667786948889
0.000678887814540986
0.00068563489288023
0.000718545411328066
0.000664950783136863
0.00064491667647686
0.000583035877657123
0.000574247522245938
0.000741816428953762
0.000626548563719722
0.000774732193499759
0.000778007153890889
0.000743080528951782
0.000674456255353901
0.000652013235722145
0.000622525926578502
0.000735044797249045
0.000717578673082905
0.000645464497234047
0.000823278487932409
0.000680119582545928
0.000788025261437852
0.000862067621031191
0.000688065308016756
0.000750443574905719
0.00076873005288029
0.000698263302083183
0.000883261678426417
0.000731778366796441
0.000674223215775381
0.000648339869089141
0.000679167929667577
0.000599655566025391
0.000747765873805474
0.000748349033437364
0.00086793510809169
0.000658966982968437
0.00064014835101583
0.000660669804437864
0.000731810589997225
0.000580828560961852
0.000730702023260959
0.000666682205806255
0.000775783662376557
0.000796125867502167
0.00066506895976524
0.000719167574659398
0.000712024854338365
0.000720443461543337
0.000724863185410146
0.000834588112383029
0.000691909232869839
0.000636313472652872
0.000919781242940348
0.000858204173242765
0.000802605122996869
0.000724116062933098
0.00059293083783177
0.000722533525061001
0.000672278867068938
0.000772273223046982
0.0006255680769069
0.000783524650782408
0.000784953547489997
0.000663868021256235
0.000670317277965043
0.000788173766117859
0.000702445733430705
0.000650594420429506
0.000902248970030379
0.000681367610963054
0.000749019151459723
0.000623668888614163
0.00063894691264148
0.000631768973766042
0.000766070285032949
0.000739519920662017
0.000627325367693718
0.000710857513939859
0.00068144986803564
0.000714740675358463
0.00082397246031798
0.000720083396328582
0.000740617559102522
0.000762876165096992
0.000932129342062583
0.000882669516579181
0.000764124702513964
0.000618356525492437
0.000735795839013748
0.000605767361247265
0.000703480176991486
0.000822676870535865
0.000745746177405512
0.000610439370781679
0.000771207706352615
0.000753830152294614
0.000671992793034145
0.00082743645915463
0.000687849669860781
0.000729667007027877
0.000764138764909849
0.000774927865009972
0.000662371283315531
0.000791583510065356
0.000647441224063566
0.000645048046899379
0.000663866305554372
0.000693120548163407
0.000800083569472843
0.000664781095707978
0.000647272374494986
0.000757256025987851
0.000705413446773102
0.000631396249915569
0.000739391694701167
0.00116807386607852
0.000739931178405861
0.000711112819480998
0.000678916156813449
0.000659245002016358
0.000630994346606775
0.000592980534966884
0.000737816842617958
0.000741548753085856
0.000624695703512896
0.000734187402963181
0.000767698795805395
0.000695669761037216
0.000691954720557821
0.000591907874241761
0.000684992705604368
0.000750577460299673
0.000657211651298083
0.000659505965796617
0.000706734715701238
0.000707403426381417
0.00078197254234616
0.000699100121444529
0.000661259160791634
0.000786135824730455
0.000677396508888829
0.000736829245925582
0.000730863149434548
0.000621370937566006
0.000663362919579899
0.000581829345578478
0.00106395807962614
0.000956127358893597
0.000623799392201483
0.000747907381508331
0.000709748065999212
0.000707074462203645
0.000927006389620339
0.000806357747362261
0.000938910646980325
0.000838571114560062
0.000698818282758687
0.000705580873547071
0.00083202902894108
0.000754857233764255
0.000749592813363795
0.000764983784516665
0.00071269858912122
0.000717590483509714
0.000756238367409403
0.000677253059961652
0.00076572457519824
0.000875305161348356
0.000823588862668132
0.000837233763262873
0.000717468873074635
0.000727014385877511
0.000698458625403015
0.000761294302339633
0.000686143082968592
0.00097010562176726
0.000733988514694183
0.000606301181445928
0.000715420241279897
0.000799251000577361
0.000757225724562135
0.000943106694516382
0.000636911585324103
0.000666035311379406
0.000703743568889296
0.00091465381685615
0.000697466774076426
0.000605215092259298
0.000603545902038283
0.000700351062458941
0.000705516748224405
0.000593611971170677
0.00062118088771957
0.000706918455380224
0.000691886321370033
0.000712826670394157
0.000620477047205212
0.000649101665712264
0.000765534485497383
0.000815438940307871
0.000879555056100432
0.000650546828125862
0.000720262554513946
0.000756384808984684
0.00069339311908941
0.000806348521972923
0.000734546011304728
0.000865761573676992
0.000665108169506487
0.000766303383818886
0.000716483172120191
0.00077223450868746
0.000701640905205078
0.000667702701963068
0.000686449544570823
0.000789022501463316
0.000743540052644384
0.000786137648060505
0.00075729106435035
0.000911478830403721
0.000674730377386158
0.000724509156122321
0.000700348365634663
0.000699412585109672
0.00069334574441481
0.000768760775666663
0.000805002135862745
0.000802364709310977
0.00068282374273507
0.000803769320393505
0.00065698387867136
0.000833596500172713
0.000633388915217863
0.000624902445285809
0.000734928475904264
0.00068741383928053
0.000797464451667404
0.000720247765800313
0.00069409226554943
0.000791711383050933
0.00072421612110808
0.00065408234539553
0.000705701369089693
0.00061365365250425
0.000698215634352714
0.000763801431262262
0.000795118290555731
0.000815248910563785
0.00064516623150073
0.000680148467804356
0.000725530829044822
0.000798201643625333
0.000695773433799297
0.000723615957384907
0.000715142995658203
0.000745025944392319
0.000908436509808957
0.000749851452009641
0.00073621630195363
0.000688890921888159
0.000644503941373752
0.000668290864153893
0.000644765834817323
0.000780650726029156
0.000617136957749829
0.000718921545821671
0.00075994586930572
0.00070335535840427
0.000754325891543284
0.000707225061496204
0.000667383200011673
0.000750656290200628
0.000622050823167529
0.000632704852959562
0.00068708472947865
0.000758864230113835
0.00081031167486331
0.000644920684740439
0.000692604451761371
0.000762202968986287
0.00066144520146778
0.00072504780352544
0.000700816300754912
0.000818497692466565
0.00075420162532675
0.000760524103094942
0.000657128638004682
0.000743197179830936
0.000723650041049586
0.000714263272035239
0.000735077465117781
0.000801288458859197
0.000842974185583678
0.000682043135964833
0.00074503673824546
0.000648410748839717
0.000801375175803291
0.000642173872863556
0.000719710723127073
0.00078022278214213
0.000741728381651196
0.000845085246394316
0.000835763912130729
0.00080111289832835
0.000659661228335208
0.000777769013286284
0.000706843909243175
0.000744536082240691
0.000779572637315747
0.000768069122527734
0.000786348341085405
0.000754608813782214
0.000856136486205023
0.000789329191917376
0.000776692885545069
0.00080760027778664
0.000808488133039207
0.000702836859120738
0.000684323969046977
0.00084369421332814
0.000604631775018005
0.000691738033900323
0.000709794216495377
0.00075069671637421
0.00069900050008601
0.000884869791959659
0.000775970786640801
0.000789027554457668
0.000654120829948662
0.000776953576131495
0.0007106762192339
0.000751793852142739
0.000700807143846089
0.000613972590248133
0.000681629354193909
0.000639484997643636
0.000736644280200304
0.000753455785783809
0.000658393916968697
0.00076456073631209
0.000651896542009057
0.000798227197256047
0.000717693642225354
0.000778054223488547
0.00071851063318437
0.000743699521488116
0.000776793211571355
0.000910789915598897
0.000674476957838499
0.000742620411962132
0.000754678632561944
0.000600034522009103
0.000687546732748319
0.00075350960110328
0.000635784468197371
0.000693188383969688
0.000792164067948633
0.000699777238648079
0.00080293460196783
0.000642759356467398
0.000616687430584312
0.00080670432850808
0.000713509609222429
0.000622472219957206
0.000746444770436672
0.000734014899869416
0.000829426891648766
0.000789046141577127
0.000812728431240118
0.000813102044290989
0.000659459836526473
0.000632153351495538
0.000683538417156781
0.000712278367705728
0.000842695299300443
0.000696433698649648
0.000677203206715014
0.00064756649934782
0.00098481209615414
0.000746495850532091
0.000913717643333886
0.000718909660151543
0.000764893363929773
0.000746208988008366
0.000747741808238535
0.000778089544874576
0.000756520531260665
0.000707467946163591
0.000722460360429262
0.000800001259043338
0.000729039391606244
0.000741410172099568
0.000794391584975826
0.000759263412867381
0.000697911446594805
0.000762000739669539
0.000758477401005583
0.000777258971756763
0.000713142465510285
0.000676963245649463
0.000737573714382289
0.000721377615769469
0.000663148112748487
0.000802711650427401
0.000783543049746011
0.000639156879983822
0.000820666052052048
0.000778893395498114
0.000678450812675754
0.000688989687260012
0.00084155444246562
0.00074990335130264
0.000571782506442792
0.000645208192831809
0.000688459743379566
0.00076590209986665
0.000845677963104161
0.000788140434661195
0.000628488025797738
0.00085705406073514
0.00070284392356026
0.000834088273147837
0.000958201831746914
0.000765201142289635
0.000836037554661974
0.000695961056025638
0.000672088730808254
0.000631428982910714
0.000740791731026991
0.000749384959083248
0.000788316209920692
0.000775250604419055
0.000764259695931376
0.000777360615206693
0.000735363268004809
0.000869302537305302
0.000774219909751449
0.000646307692820331
0.000759358321904697
0.000685885189794096
0.000664965093584903
0.000725229360201691
0.000747474794913155
0.000600034282266877
0.000746546586624491
0.000745531059807007
0.000678382530182625
0.000751790061395382
0.000651252506048617
0.000761443000301507
0.000898358441962463
0.000677856747416853
0.00070390581135006
0.000682109875886428
0.000704527222719426
0.000655820069453186
0.0007104370263112
0.000883016906489056
0.000674982027003703
0.000685093307034572
0.000841967853314028
0.000753864367080826
0.000752240535204508
0.000848315482757884
0.000812496264034304
0.000797111459688716
0.000766039186162585
0.000738407332132276
0.000801996769006458
0.000597845519006305
0.000673687401485886
0.00073117458796614
0.000619897998816197
0.00058643580916322
0.000617893736640777
0.000748128123398423
0.000699147128384591
0.000971451051004978
0.000656229515636584
0.000813211817713957
0.000726434581229804
0.000722628677311326
0.000770594516218151
0.000678382748586607
0.000764826973078655
0.000646101096275277
0.000758279607047532
0.000735281377615933
0.000722322810371139
0.000720327033428486
0.000745232390362162
0.000556705129789357
0.000722947494806453
0.000642616354462725
0.000714840439467851
0.00067915962286143
0.000625767439581478
0.000892274251358426
0.000684922757153119
0.000723928336209457
0.000644518112672218
0.00067247663822684
0.000580574537589207
0.000728564193849855
0.000641846075120139
0.000606173552654197
0.000728917486904012
0.000697750946920171
0.000673468583380475
0.000675258160390579
0.000730193948364715
0.000854905041180087
0.000643289753522094
0.000734814305933051
0.000921887680311546
0.000715888478068513
0.000740070571964194
0.000753603841619857
0.000581810282726882
0.000732707684100084
0.000821907530607903
0.000858598506428908
0.000657540861822146
0.000861378261157468
0.000730797021496398
0.000723923675451824
0.000606658297063807
0.000714039837180755
0.000707747184545589
0.000724971627266272
0.000730360308315669
0.000658192345335509
0.000725165101457051
0.000686180983892056
0.000667840761279399
0.000739234315807901
0.00064720906524544
0.000718049637301466
0.000626778809125499
0.000779901386987664
0.000745264332220666
0.00076499293564458
0.00094543603057943
0.000713062953103613
0.00079553301172607
0.000790660509386007
0.000781680573066756
0.00073702845591135
0.000715802117437225
0.000852896115884441
0.000630194642593029
0.000678993763663493
0.000772844424169671
0.000756845592749535
0.000804834204134253
0.000714394589252363
0.000634423381397892
0.000769088333009585
0.000643023169055292
0.000753752959379152
0.000769392336016771
0.000689232823135714
0.000715005410344153
0.000759761058498588
0.00100341213018783
0.00065722113244527
0.000689302369403407
0.000747580586634521
0.000734771549765846
0.000804942667997429
0.000758062593759704
0.000688990417081145
0.000788646628875827
0.000663667306771844
0.000685218638545113
0.000664739384475894
0.000958637331098412
0.000740548828340051
0.000782459158478535
0.000819572198428059
0.000807059229536076
0.000681129506118218
0.000759266249639443
0.00067717582711397
0.000703315365011845
0.000758813768201675
0.000683351513823762
0.000811040497074327
0.000702655405707057
0.000658582511679255
0.000847680992947755
0.000836775274843362
0.00199562877692166
0.000766226500690029
0.000824989599364026
0.000719195332170494
0.000857786201316888
0.000739013140224186
0.000878416675529817
0.00097385772274356
0.000797708809868369
0.000880532302870313
0.000728350099250683
0.000893234128262723
0.000985481223229398
0.00072293527322324
0.000750744316286986
0.000733181636470632
0.000859082162584852
0.000690823857883558
0.000884713007605201
0.000811432890182864
0.000895053634631331
0.000788586550345196
0.000632301257188805
0.000777517498358783
0.000687707295686692
0.000831831827539947
0.0008135608861074
0.000873873635123163
0.00063902250758969
0.000720209973224346
0.000763498096033097
0.000798106945673969
0.000806269331877326
0.000752690029110554
0.000684837808706881
0.000781439633354617
0.000746023986376942
0.000763472330019117
0.000674291806788055
0.000719079396539594
0.000775149344146269
0.00071783375810846
0.000833701163303975
0.000774835313226506
0.000885014110360658
0.000671935037655219
0.000775886454421746
0.000741430807464031
0.00067468130841261
0.000726310186371933
0.000780803393922817
0.0008115840571601
0.000724830384217969
0.000777185267879728
0.000867874559164126
0.000728597219026298
0.000789731274396726
0.000755016837597984
0.000765916289716372
0.000782044623561623
0.000712667082622371
0.000812890805022926
0.000694787244607598
0.000712578905670996
0.000847185448434162
0.000768354640809601
0.000836894092170486
0.000706359944680383
0.000743553311713465
0.000743040439059435
0.000721965468674328
0.000826954446885973
0.000687524891648212
0.000721111016339321
0.000666420439892696
0.000667965825653187
0.000673613055696489
0.000729491488715734
0.000833039932737318
0.000662590081121133
0.000607188713951124
0.000618269020761835
0.000679579309228911
0.000653702981781104
0.000675688236348911
0.000735937156993153
0.000902804435054924
0.000860786409058413
0.00072250793465144
0.000735765592279559
0.000752480358200928
0.00126251708851492
0.000962854602237003
0.000671361769810999
0.000705077803501348
0.000794504588502188
0.000778615940536712
0.00082135499762878
0.000816867424551957
0.000660808936096012
0.000823307457963583
0.000773699227838415
0.000821281824987935
0.00072117967380772
0.000712924272511548
0.000611751238174311
0.000689519313298824
0.000708827540530149
0.000755950142582744
0.000810405667673417
0.000711335374990509
0.00115479815346566
0.000953355087486122
0.000827934445493754
0.000686179665500892
0.000749163858590121
0.000902484351308652
0.00080587966868807
0.000755230234696542
0.000780162093755746
0.00101081588649495
0.000806093958321714
0.000859891049059668
0.000807503054933068
0.000901495186965071
0.00081012550747679
0.000873353904885906
0.000631150282769857
0.000722685850959172
0.00069630000025602
0.000794768184281133
0.000843222967414055
0.000839908640139654
0.000725619886545887
0.000713555623557167
0.000625991635458145
0.000869316312329802
0.000835557453775107
0.000980562559143669
0.000765126631822423
0.000916889833726529
0.000992229480574073
0.000719343619057373
0.00081667196882433
0.000742856911165716
0.000741315518323687
0.000792261970866608
0.000871956460807703
0.000947564175531668
0.000719733307641455
0.000783544326382776
0.000815063038051421
0.000766913697760419
0.000700742663298068
0.000872794190588194
0.000909172116399124
0.000767503950705064
0.000730726271505994
0.000665539983302633
0.000741313137929368
0.000941540699733818
0.000774526994737094
0.000894878933644054
0.000701828628356622
0.000807815755418556
0.000789209352002903
0.000715634688787826
0.000655911365079038
0.000740757522404228
0.000708058306377412
0.000732346580289495
0.000807364525457805
0.000757042496774745
0.00089574657454891
0.000706409589789297
0.000666282685875431
0.000731164587018582
0.000698563784304195
0.000713452066211211
0.000683251767214028
0.000882029933317484
0.000677919813873628
0.00080378889846583
0.000724861114450989
0.000823607730744368
0.000833620182595757
0.000839476363619396
0.000807008219997342
0.000798492445992759
0.000786312745576481
0.000688336108445688
0.000735717099132759
0.00071892032217228
0.000650834161932435
0.000684161799250278
0.000785369364520742
0.000758734255629521
0.00076198530027091
0.000700477851533382
0.000760557628960427
0.000866975688888821
0.000767950169617613
0.000726746854769538
0.000754692144543345
0.000639600117178794
0.000762898016434633
0.00076908438126358
0.000709774000086644
0.000767488662365206
0.000699743099342292
0.000792958973648497
0.000741681277243272
0.000853539266998359
0.000635297425036183
0.000700476596130291
0.000804623914541138
0.000703449103990203
0.000740360122753044
0.000742951835415242
0.000867815966991442
0.000676479144507007
0.000726637856269261
0.000758530161891153
0.0009876632606426
0.000763799794127085
0.000738246848155929
0.00081769181641875
0.00079971488984794
0.000786387441911674
0.000752991541126843
0.000775911251575454
0.000709044219131874
0.000732996605245727
0.000655944032251147
0.000723981776436752
0.000761364385550991
0.000926352146997335
0.000731942804031291
0.000797352326548002
0.00069688435398181
0.000744596047473965
0.000752893730310805
0.000783485231849478
0.000875120390303904
0.000742779940058669
0.000761194349931874
0.000840691018848955
0.000654305852893269
0.000942667627089249
0.000782300204595303
0.000678835495894072
0.000703502203988659
0.000703999982940843
0.000647715434932834
0.000725476107871378
0.00073963029738247
0.000648023151751058
0.000698196536887743
0.00084298181397801
0.000781450837024365
0.000805750709095073
0.000880844918833362
0.000739730167290719
0.000706745814468354
0.000760636695422192
0.000923233087805492
0.000736785277941573
0.000862181001325377
0.0008488102994608
0.000817172415703541
0.000687047640217464
0.0007595902817133
0.000700150869030389
0.00089313419262439
0.000819777583489378
0.000711237411666648
0.000734255472376557
0.000843695669179066
0.000760641114281023
0.000674945064844311
0.000614530881513112
0.000675575525187358
0.000866884061953407
0.0008593816940369
0.000689206610369075
0.00076531123768585
0.00090556998968025
0.000714863330161802
0.000704449545526819
0.000823137453403045
0.000711405674207624
0.000655638982572346
0.000698741304350057
0.000667857126618271
0.000731875624887683
0.000855521218208434
0.000791159699104078
0.000771828263093826
0.000998176099966278
0.000749358643798566
0.000732131232614231
0.000787175025384801
0.000916663015281861
0.000662058183536812
0.000701064935220913
0.000880942592314336
0.000691145588140612
0.000761650685021462
0.000739454836053298
0.000776468250697953
0.000791872706330321
0.00080025403369726
0.000875443973958889
0.000795775824723647
0.00074222939498157
0.000890177331941732
0.000747067768247907
0.000768541697702961
0.000769569470532665
0.000862010643529691
0.000884877831387206
0.000849857216142429
0.000775150210858022
0.000908984734125299
0.00271927057886209
0.000898849676110039
0.000932166798060755
0.00091041359539533
0.000691355015716961
0.000765961370560059
0.000700894553866762
0.000688058393978661
0.000696325993737834
0.00072186672109709
0.000759918737965143
0.000881151654963587
0.000771275547781476
0.000821017592952674
0.000816049982920201
0.000817727666293145
0.000858257547149112
0.000724313853680482
0.000802594532551502
0.000799106767227181
0.000747943922111345
0.000723887908721531
0.000784464243661926
0.000742457113094666
0.000758596500593668
0.000718208679462636
0.000721453236870867
0.00103724351084947
0.000843074075969857
0.000837876766348138
0.000924004677935934
0.000723724374263698
0.000791167777261779
0.00086630133931664
0.000723040733826595
0.000726637415047424
0.000783188259225963
0.000864364916668891
0.00087461761019396
0.000890483106204978
0.000839877653822293
0.000695713782000544
0.000852674477612566
0.000957392435154914
0.000864559598371103
0.00134204521180354
0.00079490225180192
0.000672203634551644
0.000829028460123543
0.000881178586897402
0.000848835138583781
0.000738461731093663
0.000953513353559958
0.000766220851979219
0.000751356200629878
0.000887478915406131
0.000768843498546013
0.000872465664483308
0.000875806770420178
0.00067661220958303
0.000858681249837709
0.000763507098732771
0.000874065184126565
0.000811418414620658
0.000737683581433792
0.000760653949233439
0.000815311404415981
0.000804158938962592
0.000782814781786491
0.000739135114918169
0.000753325210261433
0.000712502911555013
0.00086147232556294
0.000787404359755339
0.000985574587964036
0.000718828303562961
0.00082414644351802
0.000691104399410779
0.00072031621257756
0.000731419292401869
0.00087711950523879
0.000786948176982338
0.00071597839947696
0.00074648493252033
0.000783385097757752
0.000790547357558354
0.000899170045761127
0.000808011212707597
0.000739086409317556
0.000873245551699704
0.00102612675156247
0.00074303057823411
0.000780645253944908
0.000811468029833961
0.000836800558009932
0.000823156205155728
0.000841348330531876
0.00101719488640592
0.000860957607252274
0.000919843367264542
0.000699969435979567
0.000876101424550173
0.00074118505247938
0.00079729515324239
0.000909060725354232
0.000701287914843153
0.000945914109914446
0.00112001107475493
0.000869972476787718
0.000767985264959979
0.000777471438027389
0.000776487176480876
0.000693965687831777
0.000823721247352139
0.000737229200500896
0.000857049069822957
0.000838517850472452
0.000782524055290393
0.000855081668526105
0.000764203747684484
0.000741286508362221
0.000876109514566022
0.000944982700787699
0.000889631260826478
0.000880411630266667
0.000806146509824621
0.00089425648479251
0.000807377304894185
0.000914136106696207
0.000734201369421132
0.000756629752070299
0.000735489320584411
0.000854935969651757
0.000920058553229585
0.000804196738369296
0.000704505607303143
0.000775892814722576
0.000744818112153845
0.00066957505469301
0.000938679150335616
0.000796997392124237
0.000808385292177412
0.000788121712402045
0.000920806257694298
0.000757948935928347
0.000908694480727376
0.000854845347291104
0.000922100290701777
0.000829949469683823
0.00096662708726865
0.00092708470019376
0.000907045983639203
0.000836566037289321
0.000914719567626658
0.000847311028644502
0.000698650438358095
0.000733622719129955
0.000909856198996026
0.000792854564064483
0.000908852049100666
0.00066470598519746
0.000744289699246808
0.000821484591896788
0.000772799966889734
0.000778207731432683
0.000710182137047019
0.000794502558035748
0.000857100527019325
0.000896397203263585
0.000775586555792197
0.000759726504991777
0.000766710793933763
0.000856350757491517
0.000848421087342418
0.000774749133536391
0.00073305560916573
0.00061710659069721
0.00079791949189992
0.000801979890992051
0.000877588045389506
0.000818250333856725
0.000880409669453318
0.000783957368182266
0.000922809241642404
0.000867382260224935
0.000688693067545413
0.000897768657898118
0.000872916947962905
0.000781918877613869
0.000934122025856141
0.000788623929891308
0.000761226469910282
0.000710433008506575
0.000717301197813162
0.000756383050917427
0.000769160489098245
0.000699442772825243
0.00073549034646211
0.000699459715850673
0.000774476599299983
0.000780993985482526
0.000834813128689266
0.000828558628697524
0.000860881495471067
0.000792363855646659
0.000799939278789077
0.000922716697069124
0.000715267256229743
0.000715552759126833
0.000811116053785262
0.00082996050085013
0.000817017179670835
0.000990816576657108
0.00079135497444186
0.000844706460295583
0.00084616180273503
0.000824523301917332
0.000820534259235407
0.000782947587845722
0.000745504637613394
0.000815260290178735
0.000782251497588473
0.000758198768653275
0.000899677030343634
0.000731840684037348
0.000950442496426888
0.000798063878064817
0.000847777173604373
0.00083012757186403
0.000789059608211654
0.000803060898365104
0.000850566481257327
0.000855609651046233
0.000792628907089015
0.000816777090862186
0.000847405488272761
0.000780057958451727
0.000745857868068896
0.000798056470900502
0.000744860762638266
0.000924434398496624
0.000644360737149743
0.000912658813244165
0.000759899478809217
0.00081955640601943
0.00076534123042847
0.000743052146816838
0.000814876096108043
0.000717321362739408
0.000753871884547741
0.00069715258463144
0.000879358246664455
0.000784441800773193
0.000716042140353884
0.000868159619660684
0.000769584398516728
0.000807816360284165
0.000872570785163961
0.0008533733261205
0.000755044958596502
0.000850270147682467
0.000769826873907196
0.000763192950683787
0.000840195612570781
0.000825265029607226
0.000785790675657013
0.00078282191813331
0.000755053245690255
0.000753845101217535
0.000730842042522169
0.000846389535805194
0.000721349613580711
0.000837406032850735
0.000756378179109209
0.000797198719194012
0.000668567941795995
0.000882361467155766
0.000693563696538582
0.000781954372727608
0.000751496191426935
0.000677208008607458
0.000788753081463971
0.000850683995466132
0.000785691464213559
0.000700329315698184
0.000689680798366316
0.000746084335295348
0.000701629775625803
0.000716216340437801
0.000740712599595184
0.000924423453757234
0.000803527252227627
0.000753573373344916
0.000686419530604802
0.000837912637150347
0.000843948401059753
0.000818197378446818
0.000700922443534983
0.000694444748869477
0.000754032619122363
0.00087082176904739
0.000828308661937437
0.000826880631542846
0.000722752773404104
0.000635682377776474
0.000664007802982603
0.00073680851555296
0.000796768945227683
0.000733628387479327
0.000778901995678856
0.000766948512709897
0.000755862055447679
0.000847266566496738
0.000770396732901786
0.000765954843165011
0.000824745677214365
0.000707351832198901
0.000671875242447008
0.000745748781567262
0.00077828042447674
0.000732550832561395
0.000815378117027158
0.000788631858482084
0.00078818553019493
0.000877058905310838
0.000762501021613853
0.000682106260180706
0.000839615642316393
0.00086845357529674
0.000810142547617801
0.000830005314468052
0.000815903811817969
0.000778304476223188
0.000730832174511173
0.000824903879932695
0.000767120709626582
0.000931007999587144
0.000805664888334888
0.000867227390537209
0.000805897997174343
0.000879368708111542
0.000946406448550226
0.000802382844686871
0.000797468492536459
0.000722635056707293
0.00068418256642913
0.000893796315913244
0.000891330295581874
0.000809679169886123
0.000849421370706722
0.000879305076568898
0.00074376043615005
0.000956458458591272
0.00079678138977221
0.000894032027612613
0.000879449966818034
0.000822309681565589
0.000859383654591003
0.000797514279154907
0.000638089828567795
0.000863054257405654
0.000793956628154615
0.000950245798002285
0.000888875941967882
0.000922437605853391
0.000796271858650735
0.000840151234095917
0.000852216718632602
0.000831607845448528
0.000853323317184276
0.000975227244900438
0.00081526909973295
0.000744706264359086
0.000799782693428848
0.000868740914337739
0.000759856763419628
0.000805272176096671
0.000829392509695806
0.00071868486650294
0.000741315476074856
0.000840604245046733
0.000965431296711214
0.000675289845667139
0.000783199887067073
0.000813125003294481
0.000829837512769837
0.000782872179206246
0.000823751020055823
0.000791360217797924
0.000757573199773984
0.000782459153783852
0.00085047261944633
0.000825001255697194
0.000783764401572383
0.000925055810843721
0.000796088733271655
0.000814753645488684
0.000749478631687862
0.000817259585748919
0.000943054482867804
0.000843293882117302
0.000857778902706146
0.000777481715469247
0.000865301073724024
0.000821189706830216
0.000826626162615207
0.000882564355540881
0.000706294544406836
0.000798503332808567
0.000972500366803015
0.000780013422994655
0.000796480740347125
0.000865115706229657
0.000796169032213425
0.000760256960482805
0.000788494339175021
0.000693299214127675
0.000836898407828346
0.000882464172773253
0.000742484058888336
0.000760927617211759
0.000689137744004844
0.000729633726596963
0.000716426196840877
0.000954247046746066
0.000861592295331313
0.000774030713309398
0.000840706761722064
0.000718631798398746
0.000883104065805591
0.000775319027994196
0.000726379324497138
0.000871962513550829
0.000761015222461543
0.000900085018340584
0.000856932440171876
0.000740277098960521
0.000744328057444196
0.000845836728413639
0.000911283008899157
0.00088434727214012
0.000732877918539564
0.000853956712781867
0.000816607010213096
0.000837809467796069
0.00068922894293368
0.000733856624215443
0.000755699815554388
0.000877553350250813
0.000854102456448586
0.000916196107391956
0.00083937085740387
0.000798103694626331
0.000851626321919683
0.000776836280537345
0.000768339176224908
0.000999400857919023
0.000911890303020508
0.000813530376390775
0.00103678204613521
0.00089285054467728
0.000935576126005143
0.00091092928979067
0.000896156198903321
0.00085778620663831
0.00100136638244292
0.000816570743486911
0.0007501565355763
0.000870035840354172
0.000950855109023584
0.000843865456509016
0.000855466779894325
0.000838099826997493
0.000694544775262256
0.000939589776868816
0.000900886433576842
0.000939542772688935
0.000867410511415671
0.00083149930913321
0.000895195960697691
0.000800375018800994
0.000959905806519928
0.000930792266154993
0.000858521231772269
0.000866251789880522
0.000772420911837361
0.00102590150328309
0.000935679425139364
0.000975425458263893
0.000887079365485462
0.000757979108675808
0.000859026366637874
0.000870346896953956
0.000874795415157831
0.000989219182031543
0.000825803038228449
0.000788736995948089
0.000967276975026959
0.000796242041482437
0.000887381363664659
0.000900848297340174
0.000775240070326845
0.00077118731801675
0.000708463218515308
0.000992556700549469
0.000849491760401843
0.000689002578141859
0.000902936742358848
0.000765293331197113
0.000732162531571392
0.000774912859043008
0.000902367220053931
0.000828539615313911
0.000837231677252342
0.000755803930017199
0.000796729533893582
0.00106315649097589
0.000868701513433437
0.000887009763746983
0.000812692853311121
0.000882794433643666
0.00082963283015981
0.000867261725650838
0.00101294496470614
0.000969975795921679
0.000960052746471923
0.000819094595791861
0.000951399620723286
0.000823185920265049
0.000869100885009771
0.000845731773826731
0.000792844960352097
0.000813568456317336
0.000849638796668706
0.000872865384612196
0.000945836042787952
0.000825036573905542
0.00139569718418404
0.000980619228014124
0.000955299591961346
0.00084494401691176
0.000802913098422952
0.00120619623346869
0.00100754058471327
0.000913259322683901
0.000956402870040881
0.000975363370538561
0.000977573669848742
0.000975581817659062
0.000891446652467825
0.000887266125235147
0.000917241745321687
0.000770368517272449
0.000867629442399088
0.000873087616451626
0.000850480640220154
0.000845564056890505
0.000808953010071217
0.000830132015677038
0.000769691176585937
0.000920108109835162
0.000906428616403887
0.000966671562815058
0.000934220278684306
0.00109905816011826
0.000949096770468906
0.000896325639208785
0.000920368313547891
0.000967633996998682
0.000980855211204156
0.000926448914171606
0.000946051177327391
0.000863073157834958
0.000990859165331027
0.000922134195120602
0.00102132097151576
0.000933589713227387
0.000955744031498534
0.000933731771045714
0.000955784156944962
0.000991365758764736
0.000912131196381139
0.000792770937443379
0.000845500884248286
0.000857273709141018
0.000876001125418796
0.00105300243119774
0.000923179158843219
0.000824097450133481
0.00097953469853827
0.000874632470175631
0.000796839652524844
0.000805021618832803
0.000833461649953924
0.000901434571330239
0.000863573556882755
0.000833243278026104
0.00094695268553658
0.00095111329565632
0.000879390971376778
0.000976999586054601
0.00091492432280451
0.00113455951091574
0.000784728206673826
0.000975414067014545
0.00106126698571943
0.00106222488352908
0.000984483474540712
0.000987389902955106
0.000970170260465744
0.000944755644211405
0.00102225015673085
0.00085653588090028
0.000938739992770537
0.000910102109246451
0.000936087413141471
0.000917751458459243
0.000929878723376062
0.000904161746405079
0.000920391649678964
0.000908674620143039
0.00098341095842419
0.000898511274847168
0.000935168003875446
0.000883554771982599
0.00101108105708731
0.000812696150710927
0.00077396785527898
0.000947933879198456
0.000797017883510108
0.000965617350635681
0.00101618341902018
0.000951905196289019
0.000937520530764987
0.00105101352544328
0.000852440552181754
0.000771954015532168
0.000960048747345067
0.000888395177131966
0.000878624245646039
0.000929666798561874
0.0010002925020183
0.00112288427042426
0.00097363139916718
0.00099829087255868
0.000901892190567601
0.000871869215050376
0.000864694324078428
0.000849264993943823
0.000891232933216288
0.000910452912956857
0.000930790625255433
0.000912579824092878
0.000930801240013562
0.000949594062690702
0.000925809911962367
0.000995309177225562
0.000935486154387352
0.000915958780402748
0.000882651818404371
0.00101203053998375
0.00102270612049773
0.000988097818734951
0.00106629871873165
0.0009791308382623
0.000973944329306127
0.000968040426896793
0.00100288769634774
0.000939657615561683
0.000859168028410451
0.00095900658610928
0.000908600420399688
0.00102074586959603
0.00105171725468683
0.000978570587503991
0.000968650237735177
0.000834434444334184
0.000946552172646089
0.00096015649281453
0.00115506746565052
0.00101578764214503
0.000919518559508759
0.000965499525247394
0.00103045799778492
0.00106683422591924
0.00113252899150528
0.00102260631709323
0.0010308075584127
0.000954565926683088
0.00103099512711205
0.00104986478583048
0.00110430779845989
0.00110627796543407
0.000988947022575635
0.000946141376937049
0.00107881632407399
0.00105974450566877
0.00120187674567086
0.00108105036016159
0.00102229296065723
0.000890598507499016
0.00115356815405972
0.00105873374621393
0.00123835911749742
0.0011100089844721
0.00116566638362341
0.0011031987814277
0.0011218332978048
0.000984984742611739
0.0013583208733122
0.0013483705495905
0.00164999160144349
0.00135994909269655
0.00142178556509909
0.00130195427313494
0.00160261537170549
0.00130923472930458
0.00149695701670928
0.0014338963085067
0.0015984586771204
0.00173542758810316
0.00169195247293651
0
0
0
0
0
0
0
0
0
0
0
0
0
0
0
0
0
0
0
0
0
0
0
0
0
0
0
0
0
0
0
0
0
0
0
0
0
0
0
0
0
0
0
0
0
0
0
0
0
0
0
0
0
0
0
0
0
0
0
0
0
0
0
0
0
0
0
0
0
0
0
0
0
0
0
0
0
0
0
0
0
0
0
0
0
0
0
0
0
0
0
0
0
0
0
0
0
0
0
0
0
0
0
0
0
0
0
0
0
0
0
0
0
0
0
0
0
0
0
