0
0
0
0
0
0
0
0
0
0
0.000130621617248178
7.1876709453901E-05
0.000202210179855199
0.000362831893346567
0.000402349588352302
0.000422712550158994
0.000373297898299927
9.99732263412582E-05
6.96719318577358E-05
3.39018259407552E-05
5.34630993115144E-05
0.000130537906507556
0.000250388389258872
0.000187744740446372
0.000144251473205677
9.97923411019744E-05
0.000100975847950971
0.000117532272640264
0.000124232790691962
0.000155958074000392
9.60532320138497E-05
4.83150138368412E-05
-2.01799076017907E-05
3.81935890825822E-05
0.000100327652886657
0.00018972217241301
0.000181321593273066
0.000175058742100472
0.000138331060334957
8.80958971632976E-05
0.000143397001107912
9.19361746989182E-05
0.000130815192544505
0.000147644431666063
3.82011264677009E-05
3.02762217825982E-05
-2.707501843871E-05
-4.91524193104621E-05
2.59730847125612E-05
4.15532334146686E-05
4.08001492653057E-05
7.54186379065726E-05
3.33539697452463E-05
0.00011378573134345
0.00014454366750551
8.53901208218906E-05
5.83302177649348E-05
9.92215541434879E-05
1.57371722527638E-05
-8.16369269923435E-08
2.44201194369718E-05
3.01518975176608E-05
3.05616996681753E-05
-0.000102273064578889
-5.38715583118846E-05
-5.30346221057603E-05
-7.70725618650018E-06
1.66201037744303E-05
2.48840350606862E-05
9.06671417537094E-06
-4.62543655858112E-05
-3.88620291573911E-05
-2.55216230774888E-05
8.89835791999459E-05
1.45129477360842E-05
-5.08213649893131E-05
-2.39717866842477E-05
-6.86080844986555E-05
-1.37132082238356E-05
-4.66285986632431E-05
-0.000132188772518224
-0.00021275787582239
-0.000237511599360364
-0.000292481160424783
-0.000312421155326985
-0.000179296871475867
-0.000268917629602252
-0.000289291530408296
-0.000312115111306187
-0.000274986231896941
-0.000203011443700693
-0.000122258199439304
-0.000136543446662908
-0.000177338605256545
-0.000128120604941357
-0.000170007491519611
-0.000115391589200889
-7.66108303225366E-05
1.58197313690444E-05
4.02825483074421E-05
-5.4335563793781E-05
1.55218196094179E-05
8.28033368167578E-05
0.00020042311499887
0.000207079069583049
0.000121286588221667
0.000126829330625409
8.49682215971492E-05
-1.06827408988571E-05
-6.68858103956319E-05
2.62924662571785E-05
-7.24059047763497E-05
-0.000113665153519324
-0.000282298371574608
-0.000304162646430361
-0.000267645856767447
-0.000301773337616567
-0.000281571538945879
-0.000283921972023525
-0.000315826006827123
-0.000389443158290592
-0.000450152525219018
-0.000408168978339554
-0.000360012532803338
-0.000330889596943134
-0.000371197472955685
-0.000388664950463613
-0.000381151275438579
-0.000400445647378595
-0.000314546220756451
-0.000238580328432804
-0.00018576408625809
-0.000197982819722774
-0.000167653331373557
-0.000173068804045852
-0.000124731157374722
-9.09602964346304E-05
-3.85374292674364E-05
-0.000101001456247567
-0.000158736836237255
-0.00014124640090629
-0.000143116049935318
-0.000118134995017547
-0.000144547126704074
-0.00016852978067945
-0.000208543217551842
-0.000201646146876254
-0.000281391326419702
-0.000230296869087376
-0.000248633708595596
-0.000251835785087489
-0.000209654052889705
-0.000261698431506292
-0.000260851453382772
-0.000198828216358673
-0.00015000057551374
-0.000194723293839185
-0.000153098947285505
-0.000118608494933714
-9.88427492544996E-05
-0.000103120159092272
-8.43871557141232E-05
-1.95638037346731E-05
-1.25908725050824E-05
-4.50219773916763E-05
-1.43503847018411E-05
4.48273910065315E-05
-1.09170417289406E-05
-3.84255913315987E-05
-6.16009484549245E-05
-5.39558436105223E-05
-0.000127252728572608
-0.000213513237110983
-0.000247058404259977
-0.000217897022000606
-0.000188425118157582
-0.000215748329934101
-0.000137146862822346
-9.45672988302178E-05
-0.000108631641549745
-0.000162897594339419
-0.000175373046554432
-0.000107288609685283
-0.000117909409572347
-0.000164692608646036
-0.000186322979830391
-0.000196836482086093
-0.000270858316683379
-0.000328328790337134
-0.000318459966550041
-0.000190875323116844
-0.000229492229422981
-0.000234261267986662
-0.000217108107963178
-0.000271764189834697
-0.000272973045673398
-0.000229326171949735
-0.000189193700031823
-0.000146374903810485
-0.000101334864809169
-0.000195579656054272
-0.000127510291112248
-0.000127428801376351
-9.89091204979833E-05
-6.9911477220234E-05
-0.00010993285656443
-0.0001310779666647
-0.000143662015285448
-0.000193854978609165
-0.000157859953627162
-0.000173258197545254
-0.000120611289178513
-0.000148508720233469
-0.000131902931549036
-6.99549859230472E-05
-6.43757161939591E-05
1.26753009638843E-05
-3.80411154084161E-05
-3.36239637548735E-06
-9.21223259327887E-05
-8.58060372905477E-05
-0.000131654595790441
-0.00013046320931961
-0.000166729024900111
-0.000137484845136093
-0.000126532054550129
-0.000218397109938815
-0.000152474903330173
-0.000115164765141614
-5.54670511728201E-05
-4.48589359502075E-06
9.60875702119992E-06
-2.71302584415221E-06
2.17823001347332E-05
-9.69308161677945E-06
8.62981441244379E-06
7.02677170287711E-05
6.99709479940565E-05
6.79779994235896E-05
5.94730509657382E-05
-3.43986134453156E-06
-2.52029883469087E-05
1.22912689197005E-05
-1.97643911798823E-05
-7.7836417635126E-05
-0.000106930893926915
-0.000133964687977103
-0.000104145114282644
-0.000159040610275991
-0.000142341831846817
-0.000127349416927339
-3.83157606872019E-05
-0.000143351587875262
-0.000116071666303893
-7.29744674673058E-05
-6.01600322605273E-05
-3.76029464053499E-05
-3.41930498213476E-05
-3.62885541356516E-05
-3.8066641872605E-05
1.27032452572033E-05
-1.44801915473183E-05
8.23287741021757E-05
7.99142755095983E-05
4.03454799534569E-05
0.000108941729447517
1.71035566960646E-05
-3.3149358817484E-05
3.26788836679485E-05
1.12721519072354E-06
-3.58242292193543E-05
-2.06555352795031E-05
1.05934868965483E-06
-1.40329204900556E-05
4.72195203824675E-06
-9.26994061582131E-05
-1.22183444797039E-05
7.88877106696986E-06
-2.55704885083906E-06
1.80448285300173E-05
8.41681631436502E-06
-3.04751407940323E-05
-6.45166689646727E-05
-4.35556830966595E-05
-1.26735205278602E-05
1.50096252253491E-05
-1.70758453650205E-05
-2.11563849757415E-05
-7.24645042220494E-05
-5.31094025458191E-05
2.63555901323412E-05
-2.07074919607085E-05
-0.000117678409825498
-0.000238004470424551
-0.000269076924917804
-0.000289510660671398
-0.000244029596402043
-0.000314998609687711
-0.000252427474218319
-0.000317834298660927
-0.000422763387398645
-0.000426203918680736
-0.00034267615782759
-0.000189223139025282
-0.000152191847986668
-0.000148844312350387
-0.000166752320379088
-0.000103152052191697
-0.000128679270896878
-7.14672712252262E-05
-5.03126475400494E-05
-2.60038410033346E-06
4.40384650628046E-05
1.4090293875769E-05
3.55942790640391E-05
8.7086230630395E-05
2.69697063628123E-05
3.53762970947262E-05
2.36365968828454E-05
5.20493452021702E-06
5.13087743520867E-05
4.12548605844714E-05
3.42096150493699E-05
9.32748691752673E-05
2.5096439275204E-05
-3.16171972727909E-05
2.99702896738067E-05
8.73377423938332E-06
8.1920412687077E-05
5.36878765882981E-05
-2.64077413375873E-05
-4.13229261675298E-05
-5.64957381650027E-05
-0.000123842151818876
-0.000138752191786346
-6.00056952384968E-05
-7.61233723913704E-05
-6.3279237347499E-05
-0.000150308491548035
-9.87053518296934E-05
-0.000127863152381677
-6.88890072950476E-05
-7.29248507850588E-05
-8.39119308103503E-05
-5.63863786868958E-05
-0.000132147899144001
-9.82946669882469E-05
-9.8627232026634E-05
-0.000108992040331728
-0.000106061991023227
-4.77896567082017E-05
-0.000115491330823133
-0.00011674301533356
-0.000100524004309952
-9.77984568082707E-05
-8.94934867040884E-05
-0.000124114558158354
-7.72396426886209E-05
-4.72230126955697E-05
-9.19046473478528E-05
-3.35542293389147E-05
-3.55528559820436E-05
-8.81276385943676E-05
-0.000105964443164345
-9.45245151513313E-05
-6.36215683423527E-05
-5.69355172521141E-05
-8.2006091262101E-05
-4.5032203812071E-05
-1.0354453524764E-05
-6.07683226655603E-05
5.5214484169808E-06
1.35030563746721E-05
-1.732116668613E-05
-1.08826847388793E-05
-4.45085263742034E-05
1.53906957448489E-05
5.98247645761915E-06
-1.26990969515005E-05
-5.67482310984546E-06
4.25357355760087E-05
9.96802548409503E-06
-2.16577412515364E-05
4.05205463225003E-05
2.73983381750491E-05
2.47170210039316E-05
-4.45599939607458E-05
-1.80018701276565E-06
-2.51561574761592E-05
-1.75696485645151E-05
-6.36307220699046E-05
-9.50055807696725E-05
-7.07852239052185E-06
-1.32685558289688E-05
1.85232685144894E-06
2.34889061276315E-05
5.2773376428567E-05
4.86633308832231E-05
3.42979691037255E-05
-4.64449256933899E-06
3.07556675823553E-05
3.89219596345931E-05
-1.18704404671099E-06
-2.79810494958723E-06
-3.04201261919585E-05
-6.82333687758215E-05
-8.45757643260905E-05
-0.000156122400699725
-0.00010189801435772
-7.67019985323E-05
-0.000106998906509179
-9.51403069124392E-05
-8.98273279244603E-05
-9.17385984606635E-05
-7.85675007061806E-05
-4.53692736973624E-05
-1.10242127705292E-05
-3.29566422180131E-05
-9.55994889855298E-05
-9.93980628325062E-05
-8.0618111093436E-05
-8.29732940730331E-05
-0.000115928399317168
-0.00015562383161569
-0.000135216369784896
-0.000101214929213352
-0.000116119760082457
-5.73033396958833E-05
-4.9541004942506E-07
-2.54066290616182E-05
-2.17353007201967E-05
-2.91031166497144E-05
3.86822750382419E-05
5.09647255822414E-05
3.88639260686971E-05
-2.00051392240386E-05
-2.8764370166152E-05
-1.52715007197492E-05
-6.35441398944522E-05
-7.55043560962338E-05
-6.52667327591988E-05
-2.68719048863707E-05
-5.71091560280411E-05
-2.79928813201663E-05
1.99241623352995E-05
6.09329424710338E-05
-9.3097659751351E-06
2.86323185801455E-05
4.23654983876191E-05
0.000101916580079218
5.54205878375316E-05
6.95726702127448E-05
7.21718231320778E-05
7.98341619149453E-05
5.8988956944388E-05
3.55669642853157E-05
9.80673649329329E-05
8.66654398344962E-05
0.000107986406407376
0.000109427307251039
0.000103246074874563
6.78942642257118E-05
7.22339865742818E-05
8.50192524125027E-05
6.05113552320229E-05
0.000109483879274849
8.72538124519491E-05
1.90359759984031E-05
5.37088140896251E-05
2.40668107078587E-05
4.70673700047038E-05
0.000127728048596383
0.000115534968086236
9.47384715651951E-05
0.000118654463478001
8.43349041942568E-05
9.5694002763381E-05
0.000125116796568533
5.38371113278662E-05
7.59855743690989E-05
8.02944144624887E-05
-2.10548710431241E-05
-2.58785658558551E-05
-3.10921235694862E-05
-7.9304739932852E-05
-8.86950418767581E-05
-8.08754923711286E-05
-8.24853812578675E-05
-5.05725936155254E-05
-0.000108705107295687
-7.77877846499723E-05
-6.62146710073676E-05
-5.75388920362142E-05
-0.000100490532111831
-4.27608726537039E-05
-4.88609319097582E-05
-4.51788598695223E-05
-5.2153775092568E-05
-7.77416143769147E-05
-8.28425758434593E-05
-0.000106001386162833
-0.000152009834931195
-9.28535518377957E-05
-5.45182407045649E-05
-0.000102401829186943
-6.53818821967534E-05
-7.5296246575762E-05
-0.000109759690354728
-0.000113360740723544
-4.92514088051333E-05
-7.40240162870585E-05
3.32318363918867E-06
-2.53015237640777E-05
-8.45631408433612E-06
-3.25188443377317E-05
-2.76916800099803E-05
-5.69460283763065E-05
3.24543237488291E-05
3.56656350875594E-05
3.47115798224478E-05
5.81858293807695E-05
1.38270510903611E-05
1.34881932215488E-05
2.94888799332071E-05
4.75317405300363E-05
2.0081605010078E-05
8.52854430684365E-05
5.22624654766381E-05
9.56464770524385E-05
9.00066320297539E-05
9.73513260728463E-05
0.000118809921489932
5.14514303053677E-05
1.28561647906987E-05
3.6349333591149E-05
1.98726974140314E-05
-1.86903510136155E-05
-7.44006087580412E-05
3.37385751548841E-05
-2.6322788127461E-05
-8.2032134212164E-06
-7.12392407379021E-05
-7.27881473902488E-05
-6.35306390568192E-05
-4.1544474190144E-05
3.1811793311518E-06
-2.55157526596583E-05
4.06236716872425E-05
-9.32876966513316E-05
-5.31971745405762E-05
-8.09641829233791E-05
-4.51748108607943E-05
-3.41742485942232E-05
-2.33554023529473E-05
-5.68925679893424E-05
-8.30711805902722E-05
-2.42048439650827E-05
-4.5766314732314E-05
-4.23816461437481E-05
-4.4739550815106E-05
-7.72137922107204E-05
-3.05499508287134E-05
5.08527678874285E-05
5.70830121568053E-05
4.43664093685396E-05
6.66826314383024E-05
-2.5301981471179E-05
-1.14082102456228E-05
4.75715998230729E-05
3.33076839512065E-05
4.87359468656281E-05
3.48790298659295E-06
-3.31649221030881E-05
-3.70786280376008E-05
1.20989693593955E-05
-2.84603117209956E-05
0.000141918191072526
0.000101898462836039
4.20003936491298E-05
7.1527629448096E-05
9.71271029702488E-05
0.000117354691787829
0.000105260139327563
0.000116252753803856
8.51290436569585E-05
9.06638375724589E-05
-1.48123635466703E-05
2.95425078121266E-05
1.10387215325968E-05
3.50089411964409E-05
2.51644244007867E-05
2.20527935729828E-05
6.17992733297567E-05
-9.68886623130968E-06
3.6229636846708E-06
-3.64551668749144E-05
5.29323942057367E-06
-7.11704054311022E-05
2.46579951580755E-05
-1.21740490187605E-05
-3.52924921231231E-06
7.79934639842265E-07
-2.96296283147576E-05
4.49550169071559E-05
2.7375476370558E-05
7.50199047888539E-05
3.85917247382981E-05
0.000109027728827512
8.64183241178097E-05
6.0579563003201E-05
5.30027378759961E-06
-2.35795923001718E-06
3.12639630252806E-05
8.09332729469133E-06
6.18281559438408E-06
7.04788519325738E-05
5.32152328732391E-05
3.61668011019911E-05
3.29638094996912E-05
4.58428939381452E-05
8.32484243248563E-05
6.67208594805217E-05
9.71118438207145E-06
-2.58032965346863E-06
7.81258028140212E-06
-4.16399789036019E-05
-2.98194102592294E-05
-8.85839724399319E-06
-3.58025554815138E-05
-7.62174616420608E-05
-5.92325814567436E-05
-4.14460162369052E-05
-4.70842256251571E-05
-6.47543164115729E-05
-8.56269714809824E-05
-8.16837245345931E-05
-6.03875588796576E-05
-4.7305223191308E-05
-7.28329367551439E-05
1.67468606916741E-06
-7.13679697668925E-06
1.10255203480884E-05
1.45475957404261E-05
6.61640788178996E-05
5.04796922568085E-05
9.93069289360739E-06
-6.97674206951066E-06
-7.89382659714393E-05
-7.45034848162913E-05
-8.28517865710072E-05
-4.76582749342389E-05
-4.02452607944736E-05
-5.42310149945072E-05
-6.12065538129338E-05
-7.4506670388623E-06
3.17093026873442E-05
-1.26182335652354E-05
-1.65063159535221E-05
4.65310771121488E-06
-2.94982094168061E-05
-1.90354128411064E-05
-5.65724506209506E-05
-2.01572370838658E-05
-2.9787279345034E-06
9.72673156321366E-06
-7.99994765965366E-06
3.53165008887684E-05
8.01874536113888E-05
2.84839781917497E-05
0.000112100871132487
6.6391179658933E-05
0.000140452556571175
0.000161336528117669
0.000107677321314739
5.35163300967001E-05
3.26834975550381E-05
1.67515784262859E-05
1.91539793527732E-05
6.59741240500011E-06
-9.23971183243333E-05
-5.18509827320461E-05
-9.24899604622222E-05
-0.000102859893538746
-3.73919890408189E-05
-8.19416043083238E-06
2.70915186725744E-05
4.96706157406491E-05
7.23057796528536E-05
8.39430506240486E-05
0.00016358309037549
0.000115057643816433
0.00011833182536894
0.00016301137967292
0.000120938805476733
7.7691616324375E-05
7.71084871983548E-05
4.72433761483502E-05
3.06965025037597E-05
5.08092520821583E-05
2.27356359008631E-05
3.52261153080281E-05
2.25026541002961E-05
-8.07732334693184E-05
-0.000107221105029671
-2.26097502985176E-05
-4.82393162464198E-05
3.47259702346808E-05
2.78039484713027E-05
1.286997221832E-05
-3.73076426525587E-07
4.56574324271206E-06
-6.21190223747108E-05
-9.16995338447994E-06
4.32026521247552E-06
-3.76765055607351E-05
1.3266019621633E-05
-2.79939837231672E-05
-3.22408380196821E-06
5.82000278671818E-05
0.000191132588408306
0.000197008142925973
0.000240435661395066
0.000187291119701525
0.000190954511286467
0.000222226092559227
0.000204841486489397
0.00018981660585145
0.00016397320416018
0.000134408576716748
-2.08876059836169E-05
-4.59341696836875E-05
-3.26527307572746E-05
1.61681188154765E-05
1.59961586004467E-05
-1.44820246712966E-05
5.9851255148969E-05
7.43945838409249E-05
5.58904633195038E-05
2.19501955933731E-05
8.88327871253162E-05
0.000102312844384095
0.000145925833323649
0.000126132366244448
0.000100168816178789
6.54836900931022E-05
-1.84940561438293E-05
-1.5587059095723E-05
1.42047232229489E-07
-4.14387519040592E-05
-1.61284238385456E-05
-4.08016388280107E-05
-4.26599888252196E-05
-1.29599560110877E-05
1.12035506210289E-05
3.36448497759111E-05
1.21481666011845E-05
-1.35468101279667E-05
-7.86286527913835E-05
-3.907868532889E-05
-0.000133627030337683
-0.000115549533135225
-0.000172941666711764
-0.000167831258590178
-0.000183920640452488
-0.000206801665084787
-0.000184579408883757
-0.000191613863394608
-0.000185528323273182
-0.000171951426888434
-0.000194524348372019
-0.000241246663173892
-0.00023289206699149
-0.000270198687285314
-0.000301007070381034
-0.000286253832507061
-0.000301916352284546
-0.000290728886331369
-0.000280309962596518
-0.000316012634206448
-0.000281905089340207
-0.000263010850015351
-0.000269129966175969
-0.000265914066691786
-0.00021612656618819
-0.000225694195171918
-0.000220832708418869
-0.000220225396008405
-0.000143476566244391
-7.90151845355183E-05
-6.03928515590496E-05
-5.05729175804597E-05
-2.55037904070017E-05
-1.4012002789379E-05
-2.08188010539912E-05
2.58320411171379E-06
8.31698327568583E-06
3.66533751275583E-05
2.93441098773616E-05
3.04059321403727E-05
5.10796003718664E-06
1.67707427252133E-05
4.53411853896445E-05
3.73740509968867E-05
5.09879959060669E-06
3.09025998188129E-05
-4.94966999442575E-05
-9.62676168242643E-05
-0.000178336631122458
-0.000214501522004121
-0.000179379700503013
-0.000241417448435576
-0.000253157455426274
-0.000277510125747752
-0.000242942965036942
-0.000267824368632222
-0.00021458997730888
-0.000227722457320738
-0.00020402050176266
-0.000201662573312467
-0.0002288688428878
-0.000122497354951133
-0.00020447578825448
-0.000173370344724665
-0.000211814908207938
-0.000182605177654064
-0.00011822312767858
-0.000106295968048372
-0.0001432392880252
-0.000111274282835289
-8.12333265770725E-05
-0.000155646026523734
-9.24490400386216E-05
-0.000100458280434409
-9.80533437557924E-05
-0.000118193739919151
-0.000200320861839296
-0.00015248438490536
-9.16752164991568E-05
-0.000119602493832413
-0.000128650015446057
-5.89095618395578E-05
-5.43324270267565E-05
-4.51718179990067E-07
3.04104113637553E-05
3.54213697121512E-05
8.23097691462331E-05
7.04082544749031E-06
8.23337747964607E-06
8.09940343891395E-06
1.58754936001981E-06
-6.41689285601983E-05
-0.000113447363263332
-0.000141518088133458
-9.04828460148354E-05
-0.000106382104116288
-0.000145030247428461
-0.000117696749335747
-9.08273161215361E-05
-0.000106604017250525
-0.000122660924209799
-6.23921496554489E-05
-1.61313841061282E-05
-1.71195404905098E-05
-8.40048561517839E-05
-7.7444998400623E-05
-4.32587772749147E-05
-4.76478452419604E-05
-0.000104728029957226
-7.9848936807031E-05
-4.82345173993023E-05
-0.000140624783413667
-0.000143661297471668
-0.000140029326315487
-0.000129574186741097
-9.81492513863103E-05
-8.22430081335508E-05
-6.14009467100361E-05
-9.53522107629726E-05
-7.83328035210118E-05
-5.12894682057474E-05
1.87694020035004E-05
1.70158009859161E-05
-1.7642437944524E-06
-1.68448321951822E-05
-0.000104783438930866
-0.000157085044664484
-0.000121457891243529
-4.30009043216712E-05
-7.90548517129971E-05
-9.66650583939049E-05
-7.71001979428509E-05
-8.43962675126336E-05
-8.3347283137374E-05
-2.10209075856402E-05
4.79748544600653E-05
4.73065744952535E-05
2.609341128533E-05
1.45596629160278E-05
7.20890577034134E-05
1.30955045977219E-05
-4.61494979894039E-05
2.06635905552305E-05
2.11395029210747E-05
-1.29492779612199E-05
-2.02223775436562E-05
2.75432647760723E-05
6.77178452142696E-06
-2.2446522856757E-05
-4.6262725787747E-05
-4.11066986623939E-06
1.39787153744552E-05
-1.62498260328725E-05
2.54103339122506E-05
5.4138868028025E-05
-1.3184394234705E-05
-1.30291827756717E-05
1.45608894905007E-05
1.58507415941706E-05
-1.88705549063595E-05
-3.10521145164234E-05
-3.91760679472278E-05
-3.10932054218785E-05
-0.000110199064371045
-0.000173977699438681
-6.86317498990825E-05
-8.45851513457433E-05
-0.000115241456747317
-0.000103790985918866
-0.000102743648282114
-6.76726379721162E-05
1.79290307586292E-05
-6.41641605072111E-05
1.93137762509548E-06
3.47474784065094E-05
-5.06013136233405E-05
-5.93574365540374E-05
-6.91780947844827E-05
-4.57237345215274E-05
-2.85724837965621E-05
-5.16371784933357E-05
-0.000120512917668491
-4.98160568241522E-05
-7.22349693085277E-05
-6.05463734642903E-05
-5.45998264368259E-05
-3.1781969250237E-05
-4.45165206659465E-05
-2.3672431799577E-05
-2.34466119466851E-05
-7.18966673599278E-05
-7.79040118898246E-05
-0.000148435582262135
-0.000138078584083313
-0.000132611135713301
-0.000136235468011036
-0.000140462672800578
-0.000145425499758369
-0.000208833096718966
-0.000208034250995025
-0.000126195241744313
-0.000110499415213455
-5.31108433011605E-05
-8.94709722587409E-05
-0.000102115246005356
-0.000120349287417078
-0.000129618712416027
-9.93109383746331E-05
-8.42489283579734E-05
-7.74598266521656E-05
-8.85067839562966E-05
-8.89882870691846E-05
-0.000116487593881532
-9.03305955722642E-05
-6.39497862501509E-05
6.9044931770585E-06
1.37384017718659E-05
4.64822049358642E-06
1.91738597913763E-07
2.03503167345363E-06
-7.42110749062793E-05
-5.58736976292929E-05
-4.2636094778618E-05
-7.18637635253208E-05
-0.00012648849815466
-0.000169364822649886
-0.00016422308742191
-8.47150161382118E-05
-1.33093054106018E-06
-1.64504072863402E-05
6.72240937059992E-05
7.63386949674704E-05
5.49215361020276E-05
8.62753426589225E-05
0.000129588274398188
0.000144022353859888
0.000140648254124836
5.96272229465948E-05
2.20742115507346E-05
1.77708684421302E-05
-1.42257447918506E-05
-4.51150099017653E-05
-3.97985036854107E-05
-3.00913553960864E-05
-7.0728347479241E-05
-6.45889749238587E-05
-7.01828884073938E-05
-8.45490871774552E-05
-7.93040123521087E-05
-0.000112420947969948
-0.000103641647481685
-0.000101524059567594
-0.00010836394562085
-0.000135789116786351
-8.81010643448135E-05
-7.8434435094401E-05
-8.16503023345988E-05
-8.16864771616288E-05
-9.73097019802165E-05
-5.59266827266261E-05
-2.80512402519212E-05
-4.59703926300374E-05
-1.93224153499563E-05
-1.02647352207781E-05
-2.89773394379627E-05
-2.14498515316786E-05
-3.48817984341939E-05
6.7580024138952E-05
7.20641527407786E-05
6.76890947378345E-05
8.31452272687715E-06
1.07814761017858E-07
1.97388448289219E-05
1.25506783306907E-05
3.00603692580179E-05
-6.11767369699121E-06
1.5996442091164E-05
-6.88950189567628E-05
-0.000116866188188101
-0.000140130352800809
-0.000118090840168218
-4.85488712349693E-05
-0.000132703349823029
-0.000127587759083558
-0.000124633551994221
-0.000149243387800227
-0.000179350142020347
-0.000124502578319942
-0.000108470068424788
-9.47956782520788E-05
-0.000132285901487541
-0.000156014950611255
-0.000105581826001598
-8.54375972015763E-05
-0.00012155961761072
-6.92074206782977E-05
-7.12125605476915E-05
-0.00010384370512724
-8.77676877662392E-05
-9.11023284427353E-05
-5.59031306464837E-05
-6.60124750408511E-05
-1.72707096798385E-05
-7.88130144397564E-05
-4.40069885201894E-05
-3.91756343595427E-05
-5.78964278312728E-05
-5.94871734288908E-05
-2.47908652632473E-05
6.0637797622584E-06
-6.87937084223984E-06
-7.4698749178489E-05
-0.000163033346038827
-0.000152087493660588
-0.000183443523018466
-0.000242407776614122
-0.000243417450435145
-0.00027183159962367
-0.000350165511809649
-0.000473435314114678
-0.000523118723742082
-0.000491799874534823
-0.00047237260690178
-0.000492203692928007
-0.000431874886577138
-0.000437479149356752
-0.000423123234540502
-0.000411928096960289
-0.000417629715371689
-0.00031052628731415
-0.000236654225842761
-0.00021964475310867
-0.000207636114900797
-0.000156089396215664
-0.000137015136848059
-7.40275851844344E-05
-5.56622047627896E-05
-8.81398705123711E-05
-5.03860938225666E-05
-8.19446732816197E-05
-0.000100014278930113
-4.57102821125573E-05
-6.75342511238703E-05
-3.6202990213438E-05
-0.00010727248035601
-8.98885237571553E-05
-4.61196202529144E-05
6.34755888536601E-05
9.06188480064396E-05
0.00012020660561525
0.000103628883751883
1.66830239232436E-05
9.93513648254227E-05
6.84000514331112E-05
2.29246194301241E-05
-3.25679445475024E-05
-4.13812946353406E-05
-9.05962845868926E-05
-0.000145237170147969
-0.000146564356438137
-8.13542458539428E-05
-1.69190617273391E-05
-5.82373007356323E-05
-9.94190058145344E-05
-7.02766742390304E-05
-3.86883537010888E-05
-8.24000233135276E-05
-0.000110885042044499
-8.90432021645579E-05
-3.62762459392318E-05
-0.000131698085330279
-6.61311793125441E-05
-5.34209206485173E-05
-3.45292376696928E-05
4.1853555016293E-05
7.58927052934506E-05
0.000135611327624551
0.000149687110534582
0.00013322912279618
6.98014815743925E-05
0.000150709737946022
7.5849479975443E-05
0.000107108991655396
0.000119372995988549
5.26082996807904E-05
4.48234845044103E-05
6.60352130255632E-05
4.5123207839475E-05
5.11179882223511E-05
0.000104376621028697
0.000109419010361608
0.000102952567690813
7.45163613081133E-05
5.66690379909453E-05
6.1499604174927E-05
3.67297197716091E-06
-7.06069622141148E-05
-3.44747782857113E-05
-8.56509111503961E-06
-4.57313490232857E-05
-0.000122336018240851
-0.000160165965468849
-0.00013797667903469
-0.000111406882806439
-0.000122099384784152
-7.27688247534715E-05
-1.66267323950533E-05
-4.13968307840985E-05
-3.93740251251399E-05
3.35932098173914E-05
0.000109684182551907
0.000148028091356104
0.000152871673141128
0.000267263831716829
0.000270369551795605
0.000237167330256509
0.000192741245873251
0.000226943065616562
0.000237069841577121
0.000138188742771502
0.000159733833210988
0.000170479270110441
0.000106931768912451
-5.03118792274358E-05
-1.14881584595246E-05
3.36522264867677E-05
4.86589947332088E-05
3.47644944229791E-05
-2.12589200963466E-05
4.45702440135036E-05
1.72351261364196E-05
2.75123359494273E-05
4.51095140548495E-05
0.000123965466349135
7.71956563698369E-05
5.3361284847215E-05
2.41310481282707E-05
1.46747124761219E-05
0.000105833037484257
0.000110185685925547
6.20722273941936E-05
1.25203005917797E-05
1.30992475623396E-05
-5.40816361387271E-06
-1.19729502795958E-05
-9.13267260896003E-05
-6.25677085814228E-05
-4.88623996302072E-05
-0.000127108619787798
-0.000146413217902047
-7.85364853156271E-05
-3.94044710949012E-05
-7.57488378743339E-05
-6.58671669735274E-05
-6.78405094487782E-05
2.50571588193365E-05
4.35415023596453E-06
-1.61695577321442E-05
3.55551629842541E-05
-1.78248954453005E-05
-6.50158019313316E-05
-9.24330984014386E-05
-5.18015653402797E-05
-5.54528855694718E-05
-6.09986704009689E-05
-6.0743836694721E-05
-7.53434607571971E-05
-7.79240816120655E-05
-3.98885651540463E-05
-1.34818888853254E-05
-6.53013613863964E-05
-4.95651882334034E-05
-3.13338720525686E-05
-4.17395478963583E-05
-2.32414817761924E-05
-9.19858306189543E-06
-5.1348113890602E-05
1.30941343631689E-05
-7.9424151388305E-05
-0.000110873114590338
-6.78686869998955E-06
-4.23052738706285E-05
-2.2390145419399E-05
-1.30479942210547E-05
9.25212622000292E-06
-5.42338142076042E-05
4.95220904989335E-06
-8.80070641314858E-05
-6.67401195391942E-05
1.0807512721395E-05
-4.70435041790532E-05
-1.8859129112468E-05
-4.62028353329543E-05
-9.697587509657E-05
-7.33648127607373E-05
-4.16002806274845E-05
1.28598229113044E-05
0.000110876201929078
6.73757158294466E-05
5.98304706335923E-05
4.44738966816652E-05
5.84264434277863E-05
2.41854762480607E-05
6.44743027744322E-05
3.64089261128791E-06
1.32264827191948E-05
-3.87273626526248E-05
-0.000117064709808487
-8.72404130872168E-05
-0.000150638757285446
-0.000114281297162225
-0.000119812642853177
-8.24119383203793E-05
-0.000117752601416762
-0.000125632658139462
-0.000210083034024416
-0.000135326814814306
-0.000113229529021359
-0.00010317445742778
-0.000145366216573418
-0.000214324777664698
-0.000228150622969032
-0.000253818553217958
-0.000197805813839834
-0.000328304139907447
-0.000263995961300559
-0.00035338357667014
-0.000401050860379396
-0.000301942321385531
-0.000227433647047065
-0.000187756052457491
-0.00018948696786957
-0.000234185718893509
-0.000250258309613819
-0.00011385152841994
-0.000139647556868484
-0.000150314427606696
-7.5757464931611E-05
-0.000152873729625551
-0.000166863536942307
-0.000127125030405743
-8.85975317792244E-05
-8.22290977287058E-05
-0.000112251218474493
-7.54920495530434E-05
-5.08072572345238E-05
-3.18747056638609E-05
-5.94921947907889E-05
-5.66483311554812E-05
-5.79446988168034E-05
-7.52296665951087E-05
-0.000120177518399382
-8.12297395208365E-05
-5.85745936227371E-05
-5.32925792819236E-05
-3.80458137589986E-05
-0.000145549491210337
-0.000121814716301528
-0.000149171037346369
-0.000164404840671215
-0.000206411078000036
-0.000137813354403543
-0.000146070432251742
-0.000136006590311832
-0.000164439358162947
-0.000168360793258186
-5.37287924292984E-05
-8.83141723629622E-05
-9.19444752063733E-05
-7.47777133457438E-05
-5.35000211070214E-05
-0.000124101101908022
-8.84284923010888E-05
-0.000130699148625271
-8.0960730441858E-05
-0.000122139530387553
-0.000112782584041026
-0.000108649596427899
-0.000119887371008415
-0.000100850344828944
-9.25570245999388E-05
-6.63549410923338E-05
-0.000149955058971744
-0.000115036285118558
-0.000125002852586224
-7.74492716238158E-05
-0.000124827938004148
-0.000116053410661527
-6.91847608529405E-05
-0.000181726315385628
-0.000195698604789566
-0.000207637625012578
-0.000108607449809627
-5.13074868283099E-05
-8.3190488100125E-05
-9.67234581132299E-05
-6.37487633492706E-06
6.86551701347887E-05
2.49691444474104E-05
6.7425247738849E-05
7.51680975479291E-05
0.000110643590696492
8.98021835813989E-05
-1.09862245679573E-06
1.00824186442609E-05
-1.08276875203866E-05
-5.6832992977234E-05
-0.000136933116464906
-0.000124965725254918
-7.39932485790278E-05
-1.52027451005476E-05
-8.37473609570414E-05
-9.21124818355E-05
-5.82183706341413E-05
-4.01378288742631E-05
-6.29626890405821E-05
-6.34529379053522E-05
-5.61247165955993E-05
-3.58995348338788E-05
-3.31302816751438E-05
-6.38729750201104E-05
-0.000146578723253012
-0.000162367538049652
-0.000143073314804327
-0.000167078716974118
-8.01737956515184E-05
-0.000128818208465833
-0.000146998324874884
-0.000128955752779323
-0.000159866558843143
-0.000117135492347742
-7.23524268085125E-06
-2.28008690117302E-05
-7.5472828839231E-05
-1.82561337431406E-05
-4.08378848258132E-05
2.01064324256858E-06
-2.22569411959899E-05
-2.71366052975E-05
2.39367167237427E-05
-7.9733156880553E-06
1.98852055532263E-06
8.5299554625228E-06
6.71061746196913E-06
-5.85854218326766E-05
-7.21098704766721E-05
-7.85263099632658E-05
-3.88815746736862E-05
-2.80431565755045E-05
-3.79001346355017E-05
-8.83648523034925E-05
-7.59185232411469E-05
-1.61890023116837E-05
4.88383887498454E-05
3.88112698197764E-05
2.43184285124287E-05
0.000106752853564037
0.000152441293658008
0.000178589623539689
0.000142359858781965
0.00017965840473129
0.000168596220780326
0.00017390976707221
0.000120349113541607
0.000141652316445187
0.000141430756437625
4.91568306621176E-05
-1.87558941241849E-05
-5.7341521185022E-05
-4.13362997128368E-05
-1.33534792258236E-05
4.59856126176204E-05
6.89941838461468E-06
-5.12314986314504E-05
-3.12777630872375E-05
-3.61295220108715E-05
-1.49429001705627E-05
2.7943490432775E-05
4.61176068970877E-05
5.79491747526061E-05
-3.28982866026838E-05
-8.95676222500387E-05
-0.00013472090570048
-3.10866011388392E-05
-0.0001271501427374
-3.28009257362585E-05
-6.71505587152074E-05
-0.000138058766075731
-0.000188406989021511
-0.000170857328245882
-6.13226095540742E-05
-4.585048428991E-05
5.52500234518241E-06
1.07138615079987E-05
0.000100395201232095
1.06903640338402E-05
0.000112345034903536
0.000131860969704162
0.000170789377656145
0.000137271498062495
7.92137272690921E-05
9.22535464245664E-05
8.40272509892103E-05
4.6011607894555E-05
7.83377072088827E-05
5.85861294969832E-05
-4.98238079305251E-06
8.45142005947017E-05
6.49890564331214E-05
0.000107990055026183
9.67320065078493E-05
8.51805346792383E-05
7.79704262882135E-05
9.22817422716377E-05
1.214643195841E-05
7.06406471642999E-05
8.33868267394899E-05
-3.55649971099917E-06
-3.4139172879934E-05
-5.86101505562636E-05
-2.53532801729009E-05
-4.57962250491526E-05
-3.83296916455089E-05
-4.52437196541706E-06
2.23417768265138E-05
3.003136589731E-05
-1.26414715344592E-07
-1.68084446051295E-05
1.71913822828713E-06
-2.06098471414183E-06
1.9547936613437E-05
-3.45544141268333E-06
1.78416035319606E-05
-7.5270654973727E-05
-2.03707830624988E-05
5.89992313058236E-07
2.57386981018627E-05
0.000124624236154622
0.000166191491666053
0.000126508082177358
5.60310058728709E-05
0.000120882992221377
0.000101468494387347
0.000142174004677568
3.426432320977E-05
1.89201423584873E-05
-2.58355135398039E-05
-4.08452275751578E-05
-7.23752074030194E-05
-6.86956585990565E-05
-1.58652223525144E-05
-0.000144350743604427
-0.000143061282478927
-0.000152062481311894
-7.47342892066363E-05
-7.27493874570305E-05
-3.21598929712068E-05
-9.11588808998744E-05
-9.37019524473149E-05
-4.53014637571332E-05
-6.08518655047367E-05
3.29336036069771E-06
-1.80103239096532E-06
3.52513470116514E-05
5.42564095495253E-07
-8.59858549231014E-05
-9.60887532601451E-05
-7.67552814236148E-05
-7.87120981012526E-05
-7.31817488096647E-05
-9.75967640760168E-05
-5.24378069657084E-05
-1.44079325468447E-05
-5.12184947261081E-05
-2.18779824010845E-05
1.62291742704994E-05
3.29562597111568E-06
3.69624135357091E-05
2.56809502035048E-05
2.92268531400175E-05
6.05838970015992E-05
6.57846098714945E-05
9.15028092179348E-05
2.79038140220742E-05
1.77242497106458E-05
-3.87259670571671E-06
5.59499846456096E-05
4.0430969735608E-05
4.74056584915235E-05
9.78072611457734E-06
-1.34179503375246E-05
-2.62531055478514E-05
-7.0769655860292E-05
-1.35504155257486E-05
3.02859924938578E-05
0.000106080225399866
6.23675678018449E-05
5.16917519459173E-05
4.40711918415174E-05
5.14698146219263E-05
3.22240378415664E-05
-1.95468497016009E-05
-2.97892432169705E-05
-1.33778749596441E-05
7.0830411355947E-06
-3.32557366890161E-05
-5.15281122035568E-05
-3.3702270479248E-05
7.74851256408864E-07
2.13686960715906E-05
1.94433985303726E-05
6.09029544389048E-05
4.17435982416959E-05
6.41521462626543E-05
-1.7978236217243E-05
-6.10051901534003E-05
-0.000121225157787834
-0.000156299948958321
-0.000131599627377619
-8.53338135533955E-05
-6.1880260131389E-05
-0.00013438409089858
-0.000102672064968302
-0.000145380465112949
-8.84192390027409E-05
-7.4202225140567E-05
4.66838949927015E-06
1.42176284582994E-05
-1.0990963604888E-05
-5.41969555325303E-05
-1.94430946829119E-05
3.67641284657027E-05
-2.23723886430159E-07
2.07554676489416E-05
1.00505195950906E-05
4.68152186887129E-05
3.22192906455932E-05
4.45738902513533E-05
0.000123275530735129
0.000100137907238136
5.43364015446498E-05
4.93235323355603E-05
4.81234298628431E-05
9.6813223077921E-05
3.23151097837465E-05
-1.92659316544477E-06
-7.33126638450369E-06
-5.03464156787286E-05
-0.000176819980937355
-0.000138168680030977
-0.000122977962894069
-8.13908100624657E-05
-7.12311115204044E-05
-0.000116728681237767
-5.40720011891777E-05
-5.70099464498192E-05
-2.99335184356256E-05
2.8664009048421E-05
3.35934065741697E-05
3.29592511100228E-06
9.16189776523851E-06
2.93721959220836E-06
5.91099287533489E-05
4.16750591485293E-05
4.54719545082138E-05
3.17460647007704E-05
5.35620182231003E-05
-3.58916573103122E-06
3.62334598894849E-05
5.76625256912043E-05
0.00010615920172391
8.44945255908459E-05
4.2126661304009E-05
5.80094057783418E-05
5.45116834821779E-05
0.000115173653248308
9.75256749193067E-05
0.000102018800840586
9.766689802075E-05
9.33411822736888E-05
5.36965611991882E-05
4.47246239908795E-05
0.000128013542816561
0.000138711815480462
0.000148897234817669
0.000117651671323526
5.87082784534972E-05
0.000114874788875337
0.000116584226835241
8.24353268794319E-05
0.000105426894398389
0.000142191696815432
0.000136050786443899
7.36470721338517E-05
6.20710315646163E-05
0.000110360827482059
0.000171138813840131
0.000143938083936903
0.000133392103494151
0.000176875816044003
0.000155103325662617
6.67923176055205E-05
-2.8793380063248E-05
4.4950223518153E-05
1.37899398190207E-05
-7.5284986616713E-06
7.78987671928E-06
2.40998030564895E-05
3.01214755863245E-05
1.30410410651449E-05
9.01703014598704E-06
8.65099363014305E-05
7.62475787837416E-05
-1.8317620542418E-05
1.20672227400105E-05
1.55316339753076E-06
7.55975643894395E-06
6.30307338326991E-05
3.47219986739261E-05
8.6745151445009E-05
5.15605488998729E-05
2.54093709659546E-05
6.23370178724961E-05
0.000169388463927861
0.000153201572212398
0.000160568923173229
0.000143598096596456
8.65865048668853E-05
0.000169965939078146
0.000110735854651191
9.2878947124223E-05
0.000121907585578208
0.000147516472632351
8.36596845396581E-05
8.43504348880319E-05
0.000123623370286762
0.000100587584970663
0.000107771587256884
6.62634394043798E-05
0.000105185579020416
0.000121413438961775
0.000113304719676791
7.64312191442589E-05
8.74866854871176E-05
6.20705467466493E-05
-1.42009175561903E-05
-2.60899242887294E-05
-5.4235423533658E-05
-8.84478891570293E-05
-6.71473749691241E-05
-2.37325775666839E-05
-2.05594176178391E-05
-3.15102127915319E-05
3.30189765953136E-05
2.37282013803415E-05
7.12731475064199E-05
0.000130752603293359
0.000158240145834757
0.000193954977672815
0.000114221688650851
0.00010030745207531
5.74715656988201E-05
9.04541867831132E-05
5.23800724349716E-05
3.20574176860981E-05
-6.57980730376378E-05
-2.32827434220178E-05
-8.4208788303647E-05
-0.000137012828547083
-5.31485555828605E-05
-1.95339769895122E-05
2.73206857121148E-05
1.47575084026585E-05
6.10779263620301E-05
9.0649344238031E-05
0.00013863687886316
8.03296283867043E-05
0.000125195965350951
9.54891442514975E-05
5.44054866907411E-05
2.20328918246493E-05
2.43954872939931E-05
5.22020508296735E-05
4.64801585724422E-06
2.94521604910715E-05
-1.0622606680301E-05
-2.46944413779713E-05
-4.87029088181606E-06
5.22257558353371E-05
3.40473178054201E-05
5.58425350902582E-05
1.40219239461051E-05
1.4344778115217E-05
-1.40836511990057E-05
-3.26685231983401E-06
4.96538248192049E-05
4.46224381117842E-05
1.61062017345408E-05
4.97944222825259E-05
9.13948989929774E-05
9.28276247191762E-05
9.82162981843197E-05
5.79314950289759E-05
4.71450346034446E-05
6.58014599695988E-05
8.72920166867985E-05
0.000110896216917416
9.37646818477774E-05
4.87881180925334E-05
-2.70832324455342E-06
-2.94338842975335E-05
-3.50093165310411E-05
-3.37758159785989E-05
3.5668058832137E-05
2.69633624390988E-05
1.78696971803043E-05
2.83429201248571E-06
1.48522876164383E-05
0.000130997536522605
0.000145127697349149
9.30807194310437E-05
0.000149046526838609
0.00014145571529068
8.29253030335404E-05
6.11562679088364E-05
0.000127801420527957
9.73160591279452E-05
0.000104309866667936
6.12535163271829E-05
5.48367584668703E-05
7.11636966417515E-05
5.17942770001048E-05
5.71027254412571E-05
7.56122707118315E-05
4.43023987842997E-05
-2.57340658310882E-05
1.48514036914624E-05
-4.06067837216756E-06
-8.05348763427127E-05
-8.78209361339527E-05
2.50344806881697E-05
3.47923553553693E-05
3.22066636768903E-05
4.83159820243338E-07
2.07313791062259E-05
-8.73971693340299E-06
-2.09473442985284E-05
3.58987163487262E-05
3.873279288536E-05
6.58840973481071E-05
4.00437123589824E-05
1.78083817111882E-05
3.60068327822358E-05
8.21532671643721E-05
0.000103108767608117
0.000145920625737893
0.000150599158232542
0.000158294241506701
0.000193404075439478
0.000213619413161423
0.000133955853468109
0.00016851770959466
0.000164027941087057
0.000264235869913658
0.000239750776376802
0.000207798396666863
0.000200238754491235
0.000178549944314285
0.000186846783318065
0.00014360451491773
0.00018333349038848
0.000133434367309274
0.000170031511116386
5.70757946186135E-05
0.000136939784755121
0.000145739726490668
0.000111987489220916
9.38062413717527E-05
8.36450638159145E-05
0.000145841107152954
0.000121764986582372
7.67906554624419E-05
4.95264640952005E-05
0.000135524557713332
3.58475637809266E-05
6.58095344545488E-05
0.000100036446805246
0.000103329865812828
4.60942192194447E-05
0.000345212940387747
0.000327083125941173
0.000346868866126224
0.000322450543763558
0.000210205771863285
0.000235597928540639
0.000235431078299916
0.000244743673589423
0.000229858855670974
0.000278106062164172
-8.9811483216682E-05
-5.75855475465291E-05
-1.43970531916306E-05
-8.23210410567607E-06
-1.14910262678372E-06
-3.50067932118913E-05
-8.9510470305119E-05
-0.00010558520176853
-0.000109929550374205
-0.000123439470567593
-1.26063131606745E-05
-1.35928107799348E-05
3.14772283175772E-06
4.39910995551952E-05
7.61719578988955E-05
0.000145352569833593
0.000155666469165623
0.000138374955075582
0.000170318567178384
0.000175739129053475
8.41037252709689E-05
7.6864397921879E-05
7.86663421685157E-05
2.99630304115208E-05
-7.94211720383435E-06
-2.57968573745471E-05
3.26845751677924E-06
5.52492137059681E-05
2.8498208389458E-05
4.60529739568096E-05
3.54456110477725E-05
1.84247161709138E-05
3.03121757183039E-06
9.75302327618728E-06
1.20243003952148E-05
-5.96301952745128E-06
-8.15873013393432E-06
-4.76372268661895E-05
-3.85207540899688E-05
-6.50063628054517E-05
-3.33932845294965E-05
-3.1374170695552E-05
-3.43530842106086E-05
-5.61740859218705E-05
2.38469337721886E-06
4.53414435457345E-05
5.65474391584678E-06
1.23206787522237E-05
-3.72656776852066E-06
3.02533452628059E-05
-1.17484693613608E-05
8.50907095710742E-06
3.95752858097151E-05
6.04847805631998E-05
1.05914005937177E-05
7.36558768795343E-05
7.77704172972323E-05
5.89933991138715E-05
0.000112287035358805
8.36817681651771E-05
0.00013380611184132
0.000178808182129508
0.00015023263542872
0.00015393603644911
0.000177933578972787
8.02706379251618E-05
0.000109479355036792
0.000128012296931957
9.92400376180693E-05
9.60343104217959E-05
6.28167942136496E-05
2.66783748356156E-05
-1.40291752222484E-05
-4.18052890566719E-05
-9.3596856494922E-05
-0.000113007119033406
-8.28828970528895E-05
3.25280983635805E-06
-4.1646175054256E-05
-4.47392928567757E-05
-3.96416870232027E-05
-4.87201452273944E-05
1.00944240652556E-05
2.75923790487041E-05
5.42527089507061E-05
7.52237781875126E-05
7.14495896824922E-05
2.17442323145743E-05
7.56310955282287E-05
6.47097988578152E-05
6.4890794599597E-05
2.95155395848763E-05
-1.29770492043223E-05
-2.01596952117345E-05
3.28773561393587E-05
6.66695689460028E-06
-2.61127446781146E-05
-5.78187901656773E-05
-7.35191556238679E-05
-3.90770169059429E-05
5.148125586268E-05
6.64499750950734E-05
0.000111393996269641
0.000148003873253801
0.000140227480379808
0.000175211368127402
0.000130140070059174
0.000107177742794097
8.04403305765136E-05
9.47726377103703E-05
2.99566845628468E-05
2.36121250016962E-05
2.31179105923047E-05
-1.00569402063781E-05
-1.3176276066294E-05
-1.72997794041537E-05
6.58281510088903E-05
6.1418321062873E-05
8.58034935785402E-05
8.71955129846467E-05
7.52307053213573E-05
8.57074034920946E-05
2.93518704414572E-05
4.86794455822975E-05
5.8928267090152E-05
4.98617038004287E-05
2.83277066670211E-05
2.38841380977508E-05
3.2009907028487E-05
1.81790531438679E-05
1.64200658545079E-05
-1.20924486660565E-05
2.03537551246511E-05
1.67489420114137E-05
2.02870714860049E-05
1.82462234607634E-06
3.24608957633002E-05
8.16807230142182E-05
4.81310704355059E-05
9.33504128011351E-06
-3.73507425798678E-05
2.36346520137314E-05
3.26370864196756E-05
1.33472283068538E-05
-3.69451322863367E-05
8.83758075210424E-05
5.06960325237863E-05
2.78535849121051E-05
3.00153476422972E-05
4.49981843051661E-05
0.000103570580811317
8.26281619503717E-05
5.86911709962103E-05
0.000116173220122994
0.000120185738709338
-1.11790054987709E-05
5.59851503077846E-06
1.05319690767451E-05
2.95665336511194E-05
3.39988622368189E-05
9.24672292112559E-06
5.97001488791848E-05
0.000144424162628222
6.13057594351647E-05
6.77964842810951E-05
0.000100199583035814
7.29007688812522E-05
7.71595586978464E-05
3.7353723737783E-05
6.69609181337589E-05
8.20478966856271E-05
1.72229563035458E-05
-5.38649636227876E-05
-7.1013348610672E-06
1.46511043717569E-05
4.12429176401362E-05
6.08583479933212E-05
4.1662741824908E-05
8.02518817118616E-05
4.95454587096388E-05
3.44101660204973E-05
4.69106186969252E-05
9.13460753161098E-07
8.89779253085824E-06
3.2661859512857E-07
-2.3794166343432E-05
-3.8479677793551E-05
-3.73372314278099E-05
-9.61019103405421E-06
2.80737218870145E-05
2.7675112541288E-05
0.00011208856218892
0.000152667814340593
0.000160052314540911
0.000141175914261345
9.42882194083632E-05
0.000110055922658821
0.000118529273363557
0.0001025370050415
4.37947662466227E-05
7.76148342514277E-05
-2.33215082916869E-05
-6.21155682050638E-05
-9.41213899989941E-05
-7.22536686192967E-05
-1.37792757742032E-05
-1.59341661777012E-06
-1.13247189097953E-05
-5.05747711359267E-05
2.00941033687912E-05
-5.83264530590552E-05
-4.05273119928897E-05
1.57359892703168E-05
5.16155591309182E-06
-2.5375210374395E-05
-5.68302889154465E-05
-5.87048423626957E-05
-4.18040225479392E-05
-6.34461108720459E-06
-5.99543819014017E-05
-2.67519262031461E-05
-2.0433804950212E-05
-3.50065785842437E-05
-4.21266289010979E-05
1.81092878330994E-05
4.56399175995821E-05
1.50349467648514E-05
2.22918789611951E-05
0.000124106359621321
0.000292719095471287
0.000260507206455988
0.000229245172250985
0.000249769529722723
0.000244565252688531
0.000183203130619314
0.000147654443687025
0.000220107071118392
0.000185114727156877
4.13476460861382E-05
-9.84109119690485E-05
-1.98021023165539E-05
1.75886189000405E-05
-9.78602349603173E-06
4.61799282585199E-05
1.76289619288867E-05
5.16166898506062E-05
-9.46716490608325E-06
2.16669273989217E-05
5.12403020214198E-05
2.13209885511462E-06
-2.43469524026531E-05
-2.53162953122878E-05
-3.03269333593408E-06
-5.59387181745023E-05
-4.73027342795743E-05
-1.69629988659798E-05
-3.02953828758679E-06
-3.07623301008967E-06
-3.43834127716201E-06
3.53967562426013E-05
2.36167151649934E-05
2.28503577719432E-05
9.87013862333608E-06
3.67236653713408E-05
4.98334808571636E-05
-2.73211538993955E-05
-6.95916828639153E-05
-8.86984920047933E-05
-0.000113080909131729
-0.000103322995441446
-9.73873919449826E-05
-7.98524680546541E-05
-6.42049850649902E-05
-6.0297725528105E-05
-9.99136537142994E-06
-1.89951070073799E-05
-6.47964653547746E-06
4.34285425842771E-06
2.46797522673204E-05
1.17819920113737E-05
1.14804630121266E-05
0.000146022355550614
9.49379783568656E-05
5.96845916879677E-05
8.31564723113568E-06
8.26124880682768E-05
8.17255398959452E-05
9.36896193103009E-05
0.000107393984080084
7.9046632356332E-05
7.01882666757097E-05
-5.19331835487793E-05
-3.79269533990617E-05
3.59179296604763E-06
1.81801053705747E-05
3.24212881146141E-06
3.76361300073283E-05
3.74078816923524E-05
3.1493912844545E-05
1.15617569588808E-05
-4.1806731436799E-06
-8.44724419293018E-05
6.82414706358697E-07
-1.14315703062121E-05
5.41226756142813E-05
2.61626337225444E-05
8.5077422820157E-06
2.07956267465837E-05
6.1866438141369E-05
0.000113128764624629
0.000160434653631094
0.000155642784266556
5.53824118570752E-05
8.55622129207686E-05
7.38484837275877E-05
8.25348362159045E-05
8.26744374422779E-05
2.7677708026088E-05
1.96720837946981E-05
2.29986022328191E-05
-7.18574473904952E-05
-2.44993312562525E-05
1.8876611914985E-05
1.85164746681151E-08
-7.15773426638494E-05
-5.26533710004181E-05
2.22151637110134E-05
5.14506730787642E-05
1.88310097940778E-05
-7.75945386466224E-06
4.92194568603513E-05
4.42075546989788E-05
-2.28931638140274E-06
-4.27552275909715E-05
-4.25001428587001E-05
-4.01238056409296E-05
-0.000110158524551735
-0.000101801550743355
-0.000112325841239796
-0.000116022509305527
-9.6243024495423E-05
-0.000102605821264426
-5.76153342225391E-05
-3.42879733673882E-05
1.39020113599672E-05
-1.62457627603009E-05
-3.96570552865321E-05
-7.04630767047589E-05
-7.65636174825709E-05
-3.93840230260063E-05
-7.808330145096E-05
-6.63130024873955E-05
-5.92016732288408E-05
-2.80108949752052E-05
-0.000111342305117695
-0.000103899309312049
-0.00010429605161695
-0.000113475738746155
-9.22299798973337E-05
-0.000112112135406922
-3.9912050151173E-05
-5.84614946792664E-05
-9.61591744303321E-05
-0.000141735220368245
-8.70617702415559E-05
-0.000127207205366479
-8.51344297756311E-05
-7.38611902579391E-05
-5.38638091351E-05
-6.10428864940993E-05
-8.36729346263211E-05
-7.14593422584276E-05
2.79781615816686E-05
6.23788283726321E-05
7.6655057810884E-05
0.000111140420564831
8.35103337768838E-05
0.000111689355720563
7.11783581742162E-05
7.23267046094266E-05
4.25980572684337E-05
5.18300166169291E-05
-2.17023864518549E-05
-2.22340336814526E-05
-3.37395404910165E-05
-1.3541720626014E-05
-3.36435052124358E-05
-4.04943695588038E-05
-1.70362796639804E-05
1.98015316195611E-06
-4.18356928223055E-06
-3.91738015952336E-05
-3.37503407476145E-05
-2.59256673804048E-05
-1.31349873672024E-05
-4.84106607992628E-05
-4.53188643851678E-05
-6.5644645367806E-05
-7.78391465149619E-05
-7.18629531680275E-05
-2.9882064983084E-05
-5.48382343267878E-06
8.32143657023591E-07
-2.7290027055619E-05
-1.76292912779842E-05
-1.67013550266426E-05
6.84847804574673E-06
-2.21055888336037E-05
-3.10549340316504E-06
-2.09414127686768E-05
-5.49127065787011E-05
-3.41313381135285E-05
-6.70306414559297E-05
-6.12174865055087E-05
-8.90679846682532E-05
-5.75458570145058E-05
-5.26548866023346E-05
7.45485075346936E-05
4.28451053666662E-05
4.88947353348917E-05
1.92121883813868E-05
2.27343417335655E-05
6.43067818211268E-05
6.77254775042327E-05
4.1864261717177E-05
2.86760264795029E-05
1.4403236084525E-05
-4.51429115913252E-05
-2.62768096256944E-05
-4.0133786565925E-05
-8.43024399848064E-05
-8.48554159075896E-05
-8.04001971935425E-05
-3.9842629118034E-05
-2.6934049322741E-05
-1.47748394403894E-05
-3.2423827970935E-05
-1.98295838273361E-05
-1.96533399339337E-05
-2.74402068571479E-05
7.10624017236139E-05
4.60627338267655E-05
7.63398713364324E-06
-1.82398159690367E-05
-2.85148115250266E-05
1.09828694744934E-05
1.86905515937422E-05
-4.20117743841131E-05
-3.43571603085775E-05
4.4655821679274E-06
-3.34707970509941E-05
-1.13650858801543E-05
-1.87939001642139E-06
-3.67357285361597E-06
4.20532157735201E-05
-3.0858009690782E-05
-2.22917490644005E-05
5.52345549536751E-05
-2.12267781614488E-05
-8.64949443230047E-05
-3.2301852186645E-05
-1.512362898164E-05
6.39441854352205E-05
5.51156856690283E-05
3.4593867947163E-05
3.35559898486222E-05
4.23402230746133E-05
3.6613948209054E-05
0.00010079964750162
0.00014141114313513
8.76100499404149E-05
8.85923638687008E-05
-9.33984173341827E-06
2.07223497515447E-05
3.32761272060532E-06
4.22472325376351E-05
2.14655129393954E-05
-3.30828136432578E-05
-1.59053662410949E-05
-4.60439129504064E-05
1.78082922668127E-06
-4.75699099368565E-05
-4.31867103432516E-05
-3.68803967418605E-05
-1.91112754040209E-05
-4.51349527257833E-05
-3.08631999709335E-05
-3.86678781083227E-05
-4.42643646757341E-05
3.29321244837152E-06
-2.56998882228972E-05
-2.38616902320019E-05
1.91133745754636E-05
-7.84405505501516E-06
4.51642725097074E-05
2.63056717992145E-05
-5.83713021954563E-06
2.0193188567118E-05
9.76810541175012E-06
-3.79744450721931E-05
-5.64506921171483E-05
-4.63196536359661E-05
-6.86879608847225E-05
-4.77330812193271E-05
-0.000119851061399903
-0.00011184581891704
-7.03805912086612E-05
1.07449881249176E-05
4.63000471344984E-05
5.64429393633346E-05
6.63575891579891E-05
0.000100329445686604
0.00011876494191989
0.000106186967338819
0.00014231489957199
0.000126272968150911
0.000173920950232447
8.93070726915964E-05
5.06292628644854E-05
7.9872865983468E-05
6.6652818325679E-05
4.84416075633017E-05
5.63351864667993E-05
3.46063993976211E-05
1.81553882334382E-06
6.16792652006665E-05
6.03504750530408E-05
1.86157050137036E-05
1.56026313580544E-05
3.53286574170913E-05
0.000108425118931713
0.000172191898155872
6.37002502755589E-05
0.000100942818944665
0.000116041851022818
0.000115551423145127
7.62347471241166E-05
0.000118348847419083
0.000139348363433775
0.000145425461655153
6.69546822652861E-05
7.92230862954378E-06
0.000130620344769708
0.000118872505597012
0.000161901844093592
0.00015132739968723
0.000132837762110775
0.000116697524481635
9.22684028506053E-05
3.8298701284084E-05
8.78745098229852E-05
9.35826840140428E-05
5.49573538402075E-05
0.000118408381426924
7.15793396689088E-05
8.16371094966043E-05
4.34857061081081E-05
7.97099944340704E-05
6.33123624351078E-05
8.10505477728385E-05
5.75993337326569E-05
1.49222931190485E-05
3.66563689884451E-05
-8.45300313169267E-06
-2.3148213624583E-06
2.20016440673314E-06
7.4022571233138E-05
5.42399594323551E-05
4.78973528848976E-05
6.57375095977356E-05
5.77919728813507E-05
0.000127956470025324
0.000102111870893782
6.23103483842837E-05
6.93570599693896E-05
5.92754538760432E-05
2.62882391658206E-05
-4.71759852578654E-06
2.90090341501169E-05
1.08903347350245E-07
3.34322165628735E-05
3.0123512789177E-06
-6.77675210827173E-07
9.73976406643258E-07
-2.61648316593859E-05
-5.5727193426824E-05
-6.00310340852179E-05
-2.70478042791765E-05
-2.62321654912316E-05
-2.70635740512256E-05
-4.23639006709141E-05
-1.12770366245478E-05
1.87396871285042E-05
3.66125836846327E-05
1.21817974860518E-05
4.64009871464296E-05
7.32050479416795E-05
6.52190013516061E-05
0.00019527294386977
0.000208691160377278
0.000188550038360475
0.000185459565572411
0.000158553781879007
0.000148333169447174
0.000180273428730172
0.00021489697640061
0.000187804962950753
0.000152761971207924
1.76672356130484E-05
2.15430200826177E-05
1.98251399543827E-05
1.03172670309697E-06
-1.7861574565519E-05
-3.28462677672502E-05
7.02552643821212E-06
-4.79043371162869E-05
-2.20149336842703E-05
-1.48147912690006E-05
-1.44692343088216E-05
2.46858417977558E-05
5.63104854465514E-06
2.83267172804026E-06
3.68567177252178E-05
7.08950876066675E-05
2.63734329543955E-05
3.7051486274942E-05
-1.83468291067265E-06
7.50493210457015E-05
0.000102497071158788
1.70978726985204E-05
4.74474076584511E-05
4.05662975426416E-05
1.66196166029644E-05
-9.29602764674917E-06
-1.69201734432513E-06
-5.16734630685228E-06
3.07125313101923E-05
-3.58351459774725E-05
-7.47820066163183E-05
4.08267669961177E-06
4.39336053947241E-06
-3.60908158727381E-06
-4.6223356504154E-06
7.84892396115329E-05
7.49836431771783E-05
3.58098800186261E-05
2.11763267598831E-05
6.32392710469156E-05
6.08368080435393E-05
3.07912494485153E-05
4.8037197001738E-05
7.17605815346953E-05
9.56019428925416E-05
6.16746072732537E-06
1.58148432289371E-05
3.70876766389066E-05
2.3362403453693E-05
-2.77307665028877E-05
-4.88521061772057E-05
-1.36553158546513E-05
-2.7824558831592E-05
-4.62761341024351E-05
-8.16438660967589E-05
-9.42413128785949E-05
-7.20951177606701E-05
-7.27751158837904E-05
-4.44747195220705E-05
8.47829372190621E-06
8.80712154264959E-05
